0.47196
0.23578
0.50989
0
0.06435
0.41601
0.45979
0.2912
0.23577
0.21543
0.23751
0.23082
0.40196
0.46419
0.38188
0.29092
0.17888
0.23447
0.39363
0.20872
0.23229
0.37776
0.30713
0.43401
0.02829
0.24217
0.42796
0.37583
0.2791
0.46422
0.45516
0.26521
0.23152
0.40133
0.25881
0.08267
0.23475
0.38931
0
0.37633
0.62888
0.08202
0.47303
0.27791
0.28028
0.22163
0.28238
0.28005
0.47341
0.59692
0.54605
0.40564
0.30509
0.46401
0.07784
0.43124
0
0.55167
0.27862
0
0.16056
0.58363
0.28221
0.43325
0.44459
0
0.47777
0.06465
0.13065
0.08099
0.34696
0.15112
0.15201
0.52097
0.26498
0.21142
0
0
0
0
0
0
0
0
0.0823
0
0
0.16084
0
0
0.2171
0
0.06267
0
0.06088
0
0
0
0
0.0298
0.1584
0.17849
0
0.06096
0.17488
0
0
0.2163
0.06054
0.0808
0
0
0
0
0
0
0
0
0
0.12658
0
0
0.04022
0.05294
0
0
0.28299
0.05856
0
0
0
0.15267
0.30646
0
0
0
0
0.07066
0.24807
0.17678
0.24455
0
0
0
0
0.06853
0
0
0.21431
0.21738
0.2178
0.24947
0.21474
0.06053
0.12334
0.06225
0.05953
0
0.2512
0.1788
0.21683
0
0.07341
0
0
0
0
0.33535
0.67493
0.12025
0.08831
0.02017
0.17766
0.08868
0.34663
0.08043
0.08132
0.26031
0
0.17749
0.07225
0
0.21761
0.82317
0.58291
0
0
0.7449
0.59604
0
0.08218
0
0
0.1129
0.16075
0.42941
0.08552
0
0
0
0
0
0
0
0.25229
0
0.25075
0
0
0
0
0
0
0.06199
0.12629
0
0
0.10952
0.39931
0
0.15326
0.17852
0
0.06064
0
0
0.06838
0
0
0.08158
0.17872
0.11145
0.21151
0
0.28277
0
0
0
0.76792
0
0.16797
0.24176
0
0
0.50851
0.2415
0.15338
0.0658
0
0
0
0
0
0
0.07025
0.01736
0
0.01746
0
0
0.32488
0.38038
0
0
0.26681
0.17479
0.15297
0
0
0.37461
0.12729
0.27245
0
0.24634
0.66383
0
0.3525
0.05658
0
0
0.22761
0.04312
0.28315
0.27873
0.0852
0
0
0.06497
0.07649
0
0
0
0.31398
0
0.0807
0.05933
0
0
0
0.12393
0.18476
0
0
0.06081
0
0
0
0
0
0.11711
0.17512
0
0.25712
0
0.082
0.41859
0.4821
0
0.65815
0
0.47947
0
0.06496
0
0
0.49307
0
0.1081
0.05965
0.06954
0
0.06378
0
0
0
0
0.15268
0.07672
0.06786
0
0.40503
0.02263
0
0.34674
0
0.02218
0.3206
0.37967
0.41777
0.43552
0.43605
0
0.11903
0.20043
0
0
0
0.32307
0.11875
0
0
0.06834
0
0.36086
0.1829
0
0
0
0
0.06639
0
0
0.0483
0
0
0.07469
0.06592
0.43924
0
0
0
0.24891
0
0
0
0.10703
0
0
0.07195
0.07294
0
0
0
0.07577
0.1459
0
0
0
0.07312
0
0.07544
0
0
0
0
0.12787
0
0
0.07706
0.07686
0.07207
0
0
0.18024
0
0.07393
0.16693
0
0.05695
0
0
0.16334
0.0887
0
0.04788
0
0.07517
0.02837
0.15332
0.23304
0
0.07557
0
0.84012
0.52796
0
0
0
0
0.13379
0.07612
0.17835
0.07346
0.38201
0.07181
0
0.0743
0.25125
0.146
0.35493
0.31936
0
0
0
0.22912
0.16721
0.02818
0.22423
0.14592
0.05984
0.23356
0.81478
0.24229
0.28927
0
0.0282
0
0.76447
0.5238
0.53141
0.22162
0.60422
0
0
0.14653
0
0.26383
0.10457
0
0.49076
0
0.08203
0
0.17266
0.53801
0.42345
0.15939
0.40822
0.45828
0.43566
0
0.08824
0
0.17472
0.06195
0.06059
0
0
0
0.26296
0.04022
0
0
0
0
0
0
0.14572
0.28135
0.24878
0.08748
0.58492
0.08139
0.16141
0
0
0.41844
0.07606
0
0
0
0
0.26035
0
0.04091
0.06531
0.41998
0.4686
0.07581
0.09265
0.21665
0.1544
0
0
0
0
0
0
0.17214
0
0.06104
0
0
0.26063
0.20024
0.07732
0.18921
0.18885
0
0
0
0
0.16844
0.1599
0.19935
0
0.07043
0
0
0.13092
0.18617
0.67984
0.29848
0
0.17262
0.21383
0
0.15308
0.12543
0.32641
0.2714
0
0
0.07027
0.07025
0.06525
0
0.06435
0.12699
0.18514
0.30776
0.26049
0.34659
0.26721
0.18488
0.19819
0.0873
0.08412
0.1546
0.07684
0.06359
0.06393
0.06328
0
0.06895
0.06286
0.12678
0.15781
0.15431
0.06295
0.06467
0.06351
0
0.06526
0
0
0
0
0.06562
0
0
0
0.07044
0
0
0.0686
0.06454
0.06483
0.06355
0
0
0.07
0
0
0
0.06642
0.06532
0
0
0.06486
0
0.22405
0
0
0.06645
0.02902
0
0
0
0.08684
0.02151
0.15844
0
0.06376
0
0.06314
0.06435
0.15803
0.22473
0
0
0.25049
0.0845
0.06417
0
0
0.08694
0.06359
0.09472
0
0.04365
0
0
0
0.1305
0
0
0.16269
0
0.08701
0.06577
0.06539
0.12768
0.2528
0
0.13112
0.28435
0
0
0.1797
0.19271
0.22257
0
0.06546
0.06448
0
0
0
0.34743
0.07196
0.19934
0
0.27321
0
0.38374
0
0.075
0.2465
0
0
0
0
0.14825
0.24391
0.07361
0
0.10565
0.07493
0
0.24291
0.07325
0.07215
0.15364
0
0
0.15841
0.27999
0
0
0.20714
0.21115
0.78084
0.4154
0
0
0
0
0
0
0
0
0
0
0.16735
0
0
0
0.1926
0.24441
0
0
0.79872
0.82595
0.21494
0.41352
0.23136
0.02059
0.53049
0
0.0654
0
0.06562
0
0
0.21489
0.26363
0
0.06526
0.3116
0.36481
0.19596
0.0643
0
0.1554
0.09001
0.08495
0
0
0
0.04699
0.13087
0
0.11036
0
0
0.02389
0.06557
0.13158
0.25033
0.08489
0.25047
0
0.1798
0.1307
0
0.08606
0
0
0
0
0
0
0
0
0
0
0
0.07991
0
0
0
0
0.32069
0
0
0
0
0.06757
0
0
0
0.17502
0
0.07227
0.07411
0
0
0.23258
0.33595
0
0.08204
0
0.08877
0
0.40041
0.08014
0
0
0.33775
0
0
0.36384
0.18977
0
0.30484
0
0.06259
0.06541
0
0
0
0
0
0
0.06203
0
0.66989
0.18895
0.06364
0.16317
0.16269
0.15873
0.32199
0.2726
0
0.08709
0.313
0
0.06421
0
0
0.06587
0.32141
0.50685
0.32089
0.47598
0.32143
0.07313
0
0
0
0
0.23374
0.07252
0
0.4881
0.23342
0.35548
0.08167
0.35897
0
0.3664
0.0878
0.07326
0
0
0.40662
0
0.08266
0
0
0
0
0.08314
0.21809
0
0
0.31257
0.42041
0.34574
0
0
0
0
0
0
0.01728
0.21628
0.26254
0.31113
0.06429
0.22045
0
0.44421
0.05584
0.15926
0.30374
0
0
0
0.2505
0
0
0.04261
0
0
0.02907
0
0.158
0
0
0.12922
0.15798
0.3887
0.37411
0.41419
0
0.02337
0
0
0
0
0
0.36533
0
0
0.07672
0
0
0.33736
0.31221
0.07289
0.4657
0.2345
0.0725
0.3027
0.08456
0.38255
0.57448
0.21858
0.34086
0.3204
0.06304
0.38346
0
0.10838
0.3193
0.05608
0.2899
0.08418
0
0.30208
0.71457
0.1585
0
0.24717
0
0.33867
0
0.02591
0
0
0.45979
0.37516
0.2322
0
0
0
0
0
0.15394
0.04998
0
0.05168
0.28152
0.24278
0.17336
0.02716
0.0658
0
0
0.0588
0.23871
0
0.02602
0
0.37026
0
0.06385
0
0.12177
0.06028
0
0
0
0
0
0
0.17954
0.28514
0
0.10476
0
0.37727
0.22036
0.06463
0.0649
0.07618
0.07609
0
0.23424
0.28328
0.38387
0.26637
0.21954
0.26504
0.04159
0.2851
0.15351
0.06301
0
0.41293
0.27305
0.34925
0.06241
0.15868
0.34748
0.3974
0.08482
0.31344
0
0
0.06548
0.08314
0
0
0
0
0.08479
0
0.08568
0
0.02909
0
0
0.06421
0.2235
0.25011
0.37449
0.06818
0
0.17934
0.4391
0.33933
0.30443
0.36476
0.18245
0.10865
0
0.13318
0
0
0
0
0
0
0
0
0
0.07225
0.07119
0
0
0
0
0
0.06614
0.07444
0
0
0.06546
0.0657
0
0
0.07704
0
0
0
0
0
0.07208
0
0
0
0
0.0715
0.07233
0
0.07392
0.07278
0.02378
0
0.1341
0.07474
0
0.24348
0
0
0
0.17409
0
0
0
0.2092
0.14803
0
0.13372
0.1337
0.19411
0.07488
0
0
0
0
0.074
0.12341
0.08046
0
0.26049
0
0.14952
0.37985
0.06258
0.12179
0.25852
0
0
0
0.06453
0.07192
0.25121
0
0.40579
0.26708
0.03003
0.07279
0.19272
0.28664
0.05315
0.21633
0.0578
0.11077
0.18115
0.08764
0
0.07834
0.07793
0
0
0.08341
0
0
0
0
0.37908
0.73067
0.4578
0.59477
0.26363
0.31559
0
0.23428
0
0.02682
0
0
0
0.17604
0.08049
0
0
0
0.0909
0
0.02172
0
0.05933
0
0
0.07983
0
0
0.05921
0.1532
0
0.06441
0.07975
0
0
0.06206
0.04097
0
0.12466
0
0.06311
0.11509
0
0
0
0
0
0
0.06371
0.12422
0
0
0
0
0.07086
0
0
0.06214
0.06335
0
0
0
0
0.06422
0
0
0
0.04722
0.06432
0
0
0.06339
0.31306
0.08358
0
0
0
0
0.06435
0
0
0
0.06456
0
0.08301
0
0.02117
0.06385
0
0.06389
0.0646
0
0
0
0
0
0.06351
0
0.06441
0
0
0
0
0
0
0
0
0.04285
0
0
0
0
0
0
0
0
0.02189
0
0
0
0.06526
0
0
0.02173
0.08659
0.06468
0.06398
0
0
0
0
0.20131
0
0
0.06406
0
0.22368
0.13629
0.06397
0.0648
0
0.07322
0.06529
0.07179
0
0
0.40501
0
0.17878
0.149
0.0805
0
0
0
0
0
0
0.24643
0
0.22188
0
0
0.05252
0
0
0
0
0.02141
0.36477
0.63267
0
0.31162
0
0
0.06425
0.2354
0.07673
0
0
0
0
0.12356
0
0.0221
0
0.29778
0.06582
0
0.41946
0
0
0
0
0
0
0
0
0
0
0
0.12205
0
0
0
0.47943
0
0.2766
0
0
0.40638
0
0
0
0
0.06223
0.0652
0.16059
0.1718
0
0
0
0.09863
0.25056
0
0
0
0
0.0522
0.0641
0
0.38665
0
0.22687
0.33987
0
0.07582
0
0
0.3879
0
0.57898
0
0
0
0
0.06562
0
0.07518
0.31335
0.06423
0.21269
0.42764
0.17101
0.17097
0.02104
0.22202
0
0.23637
0
0.23781
0.14673
0
0
0.07893
0.18553
0.08584
0.09186
0
0.08482
0
0
0
0
0.08264
0
0
0
0
0
0.19255
0.08405
0.42516
0.17112
0.19527
0.08147
0
0.07799
0
0
0.11507
0.0517
0.11415
0
0
0.31266
0.40514
0.08983
0
0
0
0.18546
0
0
0.36975
0.31396
0
0
0.21957
0
0.07863
0
0.05231
0
0
0
0
0
0
0
0.39362
0.31186
0.17094
0.36475
0
0.31428
0
0.08059
0.07839
0
0
0
0.15228
0
0.31472
0
0.2138
0.38212
0
0.08282
0
0
0.16712
0
0
0
0.20504
0
0.15345
0.21883
0.24836
0
0
0
0
0
0
0
0
0
0
0
0.08067
0
0
0
0.08401
0.07196
0
0
0.24721
0.16825
0
0
0
0.05075
0.24682
0.1482
0.19253
0
0.07326
0.08738
0.11009
0.043
0.18501
0.05682
0
0
0.60478
0.06405
0.08721
0.06454
0.21261
0.46812
0.16766
0
0.06527
0
0.06129
0
0.08102
0
0.07327
0.06402
0
0
0
0
0.06473
0.05958
0
0.08455
0
0
0
0
0
0
0
0
0
0.08675
0.06907
0.24116
0.01954
0
0.06603
0.12743
0.12672
0
0.41351
0.05795
0
0
0
0
0
0.17584
0.22086
0
0
0.03054
0.05916
0
0.08381
0.0886
0
0.61982
0.04074
0.72209
0
0
0
0.07378
0.05783
0.05889
0.08575
0.05937
0.07938
0
0.0976
0.10431
0
0
0
0.0815
0.0791
0
0
0.14008
0
0
0
0.46377
0.13109
0.07096
0.06442
0.06454
0
0
0.12882
0.06143
0
0.04327
0
0.17636
0.17677
0.2147
0
0
0
0
0.34577
0
0.21583
0.14653
0.24164
0
0
0
0
0
0
0
0.08299
0
0.08199
0.14845
0.05223
0.08309
0.31463
0
0.13382
0.06337
0
0
0.22018
0
0.14526
0.33693
0
0.47948
0.07165
0
0
0.22079
0.46305
0
0
0
0.347
0.26323
0.03003
0.05492
0.13329
0
0
0
0
0.07832
0.16775
0
0
0
0.06163
0
0.06519
0
0.23184
0.45381
0
0
0.42074
0.06825
0
0.08005
0
0.09007
0.09941
0
0.07996
0
0
0
0
0
0
0
0
0
0.0828
0.76028
0.0809
0
0.08388
0
0
0.0876
0.23408
0.5306
0.05098
0
0
0
0.0719
0.15336
0
0
0.31774
0
0.052
0.05548
0.08354
0
0
0
0.12389
0.13243
0.07292
0.06943
0.02753
0.08536
0.0652
0
0
0
0
0.07365
0.02898
0
0.23242
0
0.20611
0.21686
0.21309
0.11324
0
0
0
0.24102
0.05966
0
0.05543
0.04349
0
0
0
0
0.08236
0.15755
0
0.22512
0.06795
0
0.06941
0.0949
0.02429
0.072
0
0.09009
0.24908
0
0.16066
0.02159
0
0
0
0.06896
0
0
0.2145
0.07276
0.23528
0.19424
0
0
0
0.02159
0.16111
0.07151
0
0
0
0
0.5737
0
0.08822
0.07205
0
0
0
0
0.12973
0.15305
0.42981
0.15175
0.05213
0.02075
0.30127
0
0
0.15434
0
0.11336
0.08027
0.14663
0.25043
0.13273
0.06583
0
0
0
0.24547
0.19693
0
0.15874
0.62969
0
0.22198
0.16176
0
0
0.1847
0.30092
0
0
0
0.20209
0.50893
0
0
0.07968
0.02196
0
0
0
0.06555
0
0
0.78685
0
0.55658
0.13339
0.14851
0.22147
0.2464
0.35419
0
0.18577
0
0
0.05241
0
0
0
0.06009
0
0
0.3819
0.08614
0
0.15324
0
0.21884
0
0
0
0.33591
0
0
0.31512
0.15498
0
0.18502
0.08108
0.11009
0.08847
0
0.02441
0.04428
0
0
0
0.07214
0
0
0.02035
0.315
0.05994
0.09079
0.80977
0.17389
0.17576
0
0.08966
0.08845
0.28033
0.08912
0.47409
0
0
0.3139
0.25162
0
0
0.18523
0.02273
0.07766
0
0
0
0.17588
0
0
0
0
0.06556
0
0.12633
0.06325
0.1808
0.06537
0.25142
0
0
0.08939
0.46752
0.17494
0.06991
0
0
0.49033
0
0
0
0.1624
0.16188
0.30284
0.06559
0.15388
0
0.30713
0
0.1863
0
0.13318
0
0
0.05247
0
0.11558
0
0.25114
0
0.07014
0
0
0.05356
0.06871
0
0.1931
0
0.04713
0.13443
0
0.02874
0.07702
0
0.10245
0.06544
0.05976
0
0
0.38333
0
0.15253
0
0
0
0.0842
0
0
0.06438
0.05851
0
0.14372
0
0.06099
0
0.1587
0
0.13208
0
0.19301
0
0
0.08325
0
0
0
0
0.06811
0.42308
0
0.4305
0
0.02121
0.12397
0.37552
0
0
0
0
0
0.24962
0
0
0.19294
0.06247
0.12394
0.06572
0
0.06327
0
0
0.06539
0
0.35964
0.04328
0.06489
0.21471
0
0
0
0
0.49631
0
0.0813
0
0.07296
0.07509
0
0
0.0637
0
0
0.04696
0
0.08158
0
0.46308
0
0
0.24245
0.23069
0
0
0.36445
0
0.482
0
0
0.16998
0
0.31221
0.12981
0
0.47848
0.01757
0
0.14765
0
0
0.18863
0.06502
0.08119
0.27367
0
0
0.08885
0.10674
0.28833
0
0.43864
0.2859
0.08077
0.28372
0.09121
0.08141
0
0
0.1485
0
0
0.40195
0.15978
0
0.18102
0.08028
0.26402
0
0.2393
0.20635
0.09358
0.53127
0.21781
0.0394
0.06188
0
0
0
0
0
0
0
0
0.15922
0
0.11231
0
0.21504
0.18544
0
0
0.06348
0.34011
0.14026
0.11771
0.71421
0.15837
0.06562
0
0
0.07517
0
0
0.14958
0.25233
0.06508
0
0
0
0.10936
0.34894
0.31374
0.48241
0.06381
0
0
0
0.12158
0
0
0.07595
0.0656
0
0.26958
0.12645
0
0.04291
0.16413
0
0.05122
0.04679
0
0.30735
0.02348
0
0
0
0
0
0
0
0
0.05644
0.11342
0
0.31831
0.27734
0.44501
0.59482
0
0
0.14848
0.13272
0
0.06377
0
0.06383
0
0.07037
0
0.41285
0.0647
0
0
0.1881
0.07699
0
0
0
0
0
0.17876
0.06614
0.0847
0.0833
0.1417
0.19984
0
0
0
0
0.11751
0
0.06214
0.15192
0
0
0
0
0.08239
0
0.04112
0
0
0.08093
0.22405
0
0.07266
0
0
0.15319
0
0
0.06585
0.06352
0
0.07638
0.17569
0.25092
0
0
0
0.26305
0.21636
0.03085
0.24587
0.17356
0.07925
0
0.08778
0.0861
0.17765
0.51373
0.12431
0.40664
0.16541
0.23744
0
0
0.06409
0
0
0.06576
0.02185
0
0.23262
0
0.58787
0
0.31429
0
0.14876
0
0
0
0
0.06362
0.07584
0.16213
0.23389
0.38398
0.18546
0
0
0.37255
0
0
0
0.39779
0.0654
0.0817
0
0
0
0.37349
0
0
0
0
0
0
0
0.06496
0
0.38752
0.46634
0
0.2412
0.08232
0.23146
0
0.04325
0.23041
0.31263
0.30572
0.3967
0.0306
0.07518
0.08302
0.57929
0
0.06385
0
0
0
0.385
0
0.06081
0
0.50345
0
0.12801
0.0622
0.44523
0.4218
0
0
0.08986
0.48275
0.7743
0
0
0
0
0.06564
0.02961
0.13399
0.06564
0
0.05444
0
0.0514
0.69916
0.0798
0.07439
0.34585
0.19416
0
0.0742
0.24376
0.12586
0
0
0
0
0
0
0
0
0
0.38183
0
0
0
0
0.07275
0
0
0.14826
0
0
0
0.07576
0.13269
0
0.4187
0
0
0.05487
0
0
0.07617
0
0.3011
0
0.07597
0.40556
0
0
0.06799
0
0.13402
0
0
0
0
0.08469
0
0.24832
0.08494
0
0
0.28089
0
0.55502
0
0
0.06492
0
0.33414
0
0.22376
0.36848
0
0.16784
0
0
0
0.17791
0
0
0.46844
0.2513
0
0.27841
0
0
0
0.05984
0.02928
0
0
0.13669
0
0.40551
0.07513
0.06369
0
0.46613
0
0
0.15894
0
0.16081
0.06565
0.07043
0
0
0
0
0
0
0
0.0651
0.07321
0.17138
0.07414
0.46105
0.14687
0
0.24235
0
0
0.24791
0.12591
0
0.06787
0
0.38487
0.08856
0
0
0.28735
0
0.07281
0
0
0.07135
0
0.52597
0.06611
0
0.09105
0.09014
0.12397
0.27958
0.08516
0.07779
0.1564
0
0
0
0
0
0.36781
0
0
0
0.08092
0.06563
0
0.47873
0
0
0
0
0
0
0
0.28051
0
0
0.38017
0.06376
0
0
0
0.18506
0
0.16172
0
0.19067
0
0
0.06392
0.0282
0
0.17762
0
0.06204
0
0
0
0
0
0.05131
0.0522
0.17586
0.15478
0.14724
0
0.0867
0.08602
0.0744
0
0
0.34339
0.02688
0.06418
0
0.86527
0
0
0.15351
0
0.28064
0.33976
0
0.29855
0.22033
0
0
0.37817
0
0.12436
0
0.46246
0
0
0
0.25086
0.15964
0.07171
0
0.12664
0.3929
0
0
0
0
0
0.48166
0.14869
0
0
0
0
0
0
0.06375
0
0.14488
0.12171
0.15716
0.02092
0.31176
0
0.08697
0
0.07434
0.08962
0.12406
0.05536
0.26937
0
0
0.10315
0.11775
0.08268
0
0
0.06031
0
0.07731
0
0
0
0.15427
0
0
0.05362
0.08998
0
0.17462
0.05141
0.35519
0.07032
0.2828
0.45347
0
0.11802
0.12619
0.27255
0
0
0.12715
0.18499
0.10724
0
0
0
0
0.06404
0.02917
0.38666
0.21851
0.16072
0
0.3832
0.24791
0.06998
0
0.52924
0.31144
0
0
0
0.44583
0
0.02022
0.10775
0.13266
0.05553
0
0
0
0.19511
0
0.15123
0.12696
0
0.06406
0.08513
0.8009
0.18265
0.0662
0.41312
0.0755
0.46977
0
0
0.17576
0
0
0.08484
0.06104
0.82486
0
0
0.13144
0.1747
0.17532
0.40054
0
0
0
0
0
0
0.06473
0
0.1193
0
0.15405
0.07132
0.06973
0.06935
0.18662
0
0.36848
0.10956
0.24468
0.06453
0
0.07639
0
0
0.50705
0
0.06935
0.06919
0.02144
0
0
0
0
0.24976
0
0
0.23601
0.06495
0
0.23455
0
0
0
0.06013
0
0.17512
0.09522
0
0.06512
0.09106
0.07407
0.08157
0
0.29237
0.26789
0.1874
0
0
0.08473
0.12572
0
0
0
0.06566
0
0
0.08075
0
0
0.07155
0
0.37543
0.12186
0.08846
0.25289
0
0
0.50425
0.15913
0.06416
0
0.08542
0.06377
0
0
0.49524
0.10898
0
0
0
0.18157
0.08255
0
0.39294
0.24954
0
0
0
0
0.08572
0
0.22184
0
0
0
0.08314
0.45676
0.3631
0
0.06515
0.28895
0.07708
0.07102
0.08334
0.47761
0.30032
0.17357
0
0
0
0.02067
0
0.26886
0
0.13477
0
0.3822
0.08273
0.06636
0
0.06507
0.15577
0
0
0.08551
0.06079
0.1925
0.08167
0.02724
0.24508
0.24561
0.08241
0.26095
0.24281
0
0.07477
0.57665
0.18236
0
0
0
0.17703
0.20301
0
0.07242
0.0239
0
0
0
0.39146
0
0.26975
0
0.35773
0
0.15136
0
0.05669
0
0
0
0
0.30247
0.06409
0
0.12196
0
0.34617
0
0
0
0.20418
0.4187
0
0
0
0.0855
0
0.07579
0.08602
0.07931
0
0.15987
0.31131
0.4674
0.06499
0.04269
0
0.05927
0.41145
0.06421
0.06415
0
0.07101
0
0.09345
0
0.16669
0
0.23862
0.43415
0.07483
0.23686
0
0
0.15381
0.05338
0
0.17762
0.40425
0.0708
0.24323
0.20152
0
0.28796
0.02212
0.45948
0.0807
0.14854
0.06376
0
0.21597
0
0
0
0.24892
0.25759
0
0
0
0.4636
0.1581
0.27068
0
0.49632
0.21366
0
0.0757
0
0
0
0
0.19378
0
0
0
0.19255
0.2133
0.12465
0.28045
0.11286
0.3158
0.04119
0.06598
0.09701
0
0
0
0
0.2807
0
0.61804
0.41423
0
0
0.06526
0.05157
0.13703
0
0
0.06417
0.0991
0.22445
0.1511
0.47913
0.02854
0
0
0
0.23482
0.07601
0
0
0
0.06441
0
0
0
0.18466
0.023
0.06569
0
0
0
0
0.02746
0.01733
0
0.28025
0.325
0.47058
0.61525
0.2251
0
0.07136
0.4593
0
0
0
0.06195
0
0
0.07265
0.23172
0.48064
0
0
0.08204
0.1552
0
0.08321
0
0
0.06324
0.06328
0.30715
0.59742
0.0312
0
0
0
0
0
0.08676
0.22111
0.2719
0.06837
0.18361
0.07123
0
0.05912
0.06268
0.77543
0
0
0.20008
0.1757
0
0
0
0.15999
0
0
0.11212
0
0
0
0
0.16274
0.14568
0
0
0
0.06472
0.33892
0.35241
0
0
0.2726
0
0.12721
0
0
0.18183
0
0.51287
0.22722
0
0
0.29825
0.07078
0.15701
0
0.36053
0.0215
0.08273
0
0
0.08347
0.02426
0.22072
0.45702
0
0
0.06595
0
0
0
0
0.08328
0
0
0
0.14285
0
0.0883
0.212
0
0.0478
0
0.16127
0
0.18026
0
0.48923
0.20218
0.50777
0.15662
0.01757
0
0.15451
0
0.26979
0.31375
0.04285
0
0.40256
0
0.22198
0
0
0.50729
0.08468
0
0
0
0.25594
0.05957
0.08535
0
0
0.28531
0
0.20191
0.08797
0
0
0.26869
0
0
0
0
0.15774
0
0.1735
0
0
0.05226
0.13229
0
0
0.24473
0.25216
0.06519
0
0
0
0
0.70026
0
0.0886
0
0
0.08631
0
0
0
0.06379
0
0.40887
0
0.08988
0
0.22986
0
0
0
0
0
0
0
0.05215
0
0
0
0.41592
0
0.15192
0.31543
0.14963
0
0
0
0
0.07212
0.24761
0.08124
0.16103
0
0
0
0.28372
0.06408
0
0
0.12546
0
0
0.62081
0
0
0.23403
0.02895
0
0.06342
0.04249
0.06233
0
0
0.08658
0
0.39346
0
0
0
0
0.48723
0
0.15337
0
0
0.25668
0
0.22307
0
0.02048
0.16182
0
0.55506
0.13805
0.2549
0
0.22462
0.16258
0
0
0
0
0
0
0
0
0
0
0.08517
0
0
0.41221
0.1257
0
0
0.06573
0.08846
0.51043
0
0
0.40066
0.77498
0.08537
0.07165
0.15333
0.1586
0.06604
0
0
0
0
0.15774
0.07618
0.45674
0
0.0726
0
0
0
0
0
0
0
0
0
0.07345
0
0.57125
0.02378
0.06432
0
0.13581
0.02178
0
0.16972
0.14794
0.05907
0.02982
0
0
0
0
0
0
0
0.05952
0
0
0.13005
0.47423
0.14865
0
0.48713
0
0.07476
0
0
0
0.08286
0
0
0.44384
0
0.08628
0
0.15499
0.25378
0.21059
0
0
0
0.06621
0
0.14026
0
0
0.07227
0
0.06592
0.13178
0
0.144
0
0
0
0.1329
0.0865
0
0
0
0.34527
0
0
0.06483
0.22404
0.49352
0
0
0.2173
0.08106
0
0
0
0
0.06421
0
0
0
0
0
0
0.43452
0.15593
0.15236
0
0.04276
0.0658
0
0
0
0
0.1665
0
0.12444
0.87596
0.42591
0.51185
0.83387
0
0
0
0
0
0.04383
0
0.35286
0.21205
0.51127
0
0
0.31626
0
0.11079
0.24966
0
0
0.08094
0
0
0.07615
0
0
0
0.05118
0
0.19437
0.16281
0
0
0.40075
0
0.04375
0.06618
0.52827
0.0516
0.07326
0.23599
0
0.07218
0
0.07506
0.6987
0.08403
0
0
0
0.07597
0.0658
0
0
0.15516
0
0.31835
0
0
0
0.08038
0
0.05156
0
0.03021
0.18764
0.11362
0.19346
0
0.16361
0.08199
0
0
0.05135
0
0.14896
0.57204
0
0
0.3412
0.50395
0.02779
0
0.15309
0.06482
0.06356
0.07721
0.06625
0.68825
0.08381
0.06467
0
0.16208
0
0.33901
0
0.08276
0
0
0.05043
0
0.21883
0.1307
0
0.08272
0
0.21353
0.25246
0.09008
0.02545
0
0.07396
0
0.24248
0.02422
0
0
0
0
0
0.45333
0
0.37238
0
0.06386
0.41777
0.02892
0
0
0
0
0
0.27256
0
0.124
0.25224
0.0578
0.24534
0
0.15507
0.08322
0
0
0
0
0.37339
0.19723
0
0.06379
0
0.31996
0
0.09123
0
0
0.10936
0.22366
0.66203
0.11379
0
0.05993
0.15341
0
0.06391
0.66275
0
0
0.25151
0
0
0
0
0
0
0
0.1247
0
0
0.37172
0.04188
0
0.07523
0.05664
0
0
0.07097
0.12436
0
0
0.07446
0.24351
0.06772
0.05208
0.47898
0.12394
0.06396
0.36855
0.0212
0.06162
0
0
0.82294
0
0
0.08002
0.06436
0.06872
0
0.06917
0
0.17936
0
0
0.67962
0
0
0
0
0
0.07388
0
0
0
0.22722
0.12906
0
0.28108
0
0.39599
0.30833
0.15484
0
0.03505
0.08809
0
0
0
0
0.07159
0.34863
0
0.18965
0.44898
0.2465
0
0.12691
0.10588
0
0.16777
0.34072
0
0.45701
0
0
0
0
0.07225
0.08341
0
0.38502
0
0
0.2974
0
0
0.08767
0.08364
0
0.08716
0
0
0
0
0.02915
0.42994
0
0.0728
0.08423
0
0.37057
0.1801
0.0728
0
0.05247
0.26393
0
0
0
0
0
0.06447
0.30758
0
0.31064
0.25027
0
0.06536
0.04418
0.70883
0.08724
0.07422
0.0241
0
0.06502
0
0.12127
0.02994
0
0
0.05223
0
0.08459
0.02906
0
0
0.33695
0
0
0
0.20362
0
0
0.08399
0.07081
0
0.07919
0.15823
0
0.08162
0.15395
0.06085
0
0
0
0
0.39386
0
0
0.21502
0.78093
0.15763
0.09078
0.06217
0
0
0
0
0
0
0
0.132
0
0.22289
0
0.45864
0.13642
0
0
0
0
0.28979
0.07491
0
0.52778
0
0.0721
0
0.08293
0
0.44084
0.84386
0
0.40141
0
0.07433
0.10151
0
0
0
0
0
0
0.1541
0.15359
0.07111
0
0.14903
0
0.18003
0
0.0653
0
0.22392
0.06421
0
0
0
0
0
0.25157
0.2734
0.31422
0
0
0.62854
0.0827
0.06354
0
0
0.08613
0.53492
0.37913
0.07504
0.12542
0
0
0
0
0
0
0.48073
0
0
0.22125
0.07943
0
0.07399
0.07466
0.10772
0
0
0.07289
0
0
0.13052
0
0.31156
0
0
0
0
0.5096
0.04395
0.31396
0.22264
0.06104
0.04325
0
0.06796
0
0.17693
0.0636
0.10872
0
0
0.06486
0.43045
0
0.7321
0
0.12334
0
0
0
0.2743
0.04622
0
0.4612
0
0.06392
0.06596
0.13224
0
0
0
0.06587
0.06535
0.3117
0.50684
0.45689
0
0.08044
0.19316
0.06391
0.91586
0.24221
0.29101
0
0
0
0.13756
0.40016
0
0.13368
0.21646
0.08457
0.39581
0.06329
0.14578
0.06458
0
0.22493
0
0
0
0
0
0.14692
0.07391
0
0
0.18741
0
0
0
0.02196
0
0.12429
0
0
0.16182
0.43833
0.149
0
0
0
0.42227
0.08248
0
0.22395
0
0.59546
0
0.3815
0.02595
0
0.16103
0
0
0
0
0.14297
0
0.06529
0.10841
0
0.28405
0.06408
0
0.11221
0
0
0
0.4816
0.1527
0.06482
0
0
0
0
0.14029
0
0
0
0.12183
0
0
0
0.38492
0
0.3125
0.02223
0.15992
0
0
0.02574
0.12445
0
0.07417
0.08257
0.90702
0.44492
0
0
0
0.38801
0.0849
0.29845
0.51733
0.24297
0.50283
0
0
0.18928
0.14772
0.17435
0.2686
0.34649
0.21905
0.25139
0
0.07259
0.32054
0.06576
0
0.15324
0.11231
0
0
0
0.16336
0.22139
0
0.36937
0
0.2429
0
0
0
0
0
0
0
0
0
0.15847
0
0
0
0.1329
0
0
0
0.38384
0
0.48022
0.07002
0.4497
0
0
0.08629
0.21276
0.07761
0
0
0
0.19261
0.51402
0
0.76361
0.22408
0
0
0.08896
0
0
0
0
0.06833
0
0
0.15683
0.17747
0.32545
0
0
0.22436
0
0.3553
0.06209
0
0
0.05258
0.05188
0
0.2447
0
0
0
0.50649
0
0.15419
0.07515
0.14059
0.23412
0.48211
0
0
0.07392
0
0
0.06382
0
0.07564
0
0
0
0.07094
0.37951
0.31203
0
0
0
0
0
0.31331
0
0.53085
0
0
0.43993
0.45717
0.07425
0.0727
0.05238
0
0
0.42035
0
0.38134
0.34656
0.38677
0
0
0.19212
0
0.06573
0
0
0.08616
0
0
0.0659
0.08385
0.15257
0.07693
0
0
0.37977
0.34765
0
0
0.24646
0.27967
0.30254
0.19242
0.14861
0
0.3665
0
0.1584
0.21925
0
0.32461
0
0
0.06193
0.2119
0.53159
0
0
0
0.43601
0
0
0
0.8131
0
0
0.02105
0
0.12557
0
0.07388
0.07417
0
0.06941
0
0
0.27124
0.39355
0
0.08129
0
0.25555
0
0
0.62162
0.39612
0
0
0
0.50032
0
0.13535
0.11122
0.40432
0
0.15818
0
0.33435
0.14485
0.06488
0.77871
0.08569
0
0.12468
0
0
0.38677
0.02418
0.11428
0
0
0
0.3214
0
0
0
0
0.17428
0.29939
0
0.15977
0.06819
0.26405
0.22392
0
0.15968
0
0.06766
0.0774
0
0.44671
0.08062
0.17978
0.02042
0.10508
0
0
0.66979
0.34054
0
0
0
0
0
0.31471
0.07549
0.069
0
0.11307
0.24499
0
0
0
0
0
0
0
0.02655
0
0.13374
0
0.26399
0.20975
0
0.28392
0
0
0.02449
0.02808
0.06467
0.09234
0.05261
0
0
0.29496
0
0
0.08257
0.31629
0.072
0
0
0.06578
0.05988
0.07622
0.18759
0
0
0.14548
0
0
0
0
0
0.15823
0.17972
0.07538
0.38405
0
0
0.43115
0
0
0
0
0.05835
0.12435
0
0.07684
0
0.12615
0
0.06564
0.02108
0.47676
0
0
0.26387
0.08327
0
0.07541
0
0
0.06568
0
0
0.07854
0
0
0.29678
0
0
0
0.08427
0.21284
0.06468
0.08305
0
0
0
0
0.40327
0.12608
0.13395
0.35927
0.11749
0.14765
0.22578
0.19256
0.43824
0
0.32629
0.08067
0.21628
0
0
0
0
0.17125
0
0.08204
0.16074
0.23411
0
0.05566
0
0.17924
0.65647
0
0
0.0265
0
0.06374
0
0.51239
0.32285
0.7041
0
0
0
0.08755
0
0
0
0.08015
0.09012
0
0.08652
0
0.40209
0.14655
0.10838
0
0.3944
0
0
0.06447
0
0.63842
0
0.01754
0
0.11392
0.06621
0.07382
0
0
0.06461
0
0.3799
0
0
0.56511
0.12998
0.10994
0
0
0
0
0.39884
0
0
0.08364
0
0
0
0.07571
0
0
0
0.04833
0.06077
0.19188
0
0
0.15271
0
0
0
0
0
0
0
0
0.24091
0
0
0
0
0.15293
0.2237
0
0.08198
0
0.23256
0.19757
0
0.27835
0
0
0
0
0
0.26134
0.14741
0.21751
0
0
0
0.31299
0
0.28449
0
0.45296
0.4485
0
0
0.25114
0
0.31316
0
0
0
0.45009
0.32375
0.45347
0
0.13153
0
0
0.05127
0
0.12427
0.06194
0.41822
0.07025
0
0
0.11363
0.41263
0
0.13451
0.02419
0.53497
0
0
0.28157
0
0.02187
0.3957
0
0
0.17064
0.1259
0.0815
0.34721
0.28013
0
0
0
0
0.07511
0
0
0.23021
0
0
0
0.368
0.51717
0.07652
0.15912
0.22423
0.40183
0
0.12541
0
0
0
0.07928
0.5288
0.08163
0.21749
0
0
0
0
0
0.51783
0
0
0.41893
0
0.26364
0
0
0
0.06414
0
0
0
0
0.08052
0.0697
0
0.1635
0
0.35691
0.63748
0
0
0
0
0.07307
0
0.31021
0
0
0.52948
0.14736
0.08881
0
0
0
0
0
0
0
0
0
0
0.24065
0
0
0
0
0.08117
0.08336
0.08131
0.15394
0
0
0.0808
0.03834
0.07774
0
0.02128
0
0.08085
0.0442
0.15216
0
0.05935
0.07867
0
0
0.06368
0
0
0.08307
0
0
0.06401
0.06419
0
0.41541
0
0.16072
0.08025
0.14042
0
0.158
0.25278
0
0.1337
0
0
0
0
0
0
0
0.21534
0.25402
0
0
0.12763
0
0
0.02769
0.05337
0.51286
0
0.05177
0.07605
0.27218
0.1949
0.21941
0.07123
0
0
0
0
0.08574
0
0
0
0.07599
0.06371
0
0.06958
0
0.29942
0.19405
0.25346
0.13753
0
0
0
0
0.06973
0
0
0.34121
0
0.74988
0.24667
0.25003
0.1423
0
0
0.08541
0
0
0.1729
0
0
0.05435
0.25586
0
0.11277
0
0.19056
0.02825
0.30179
0.36902
0.05925
0
0.07148
0.56179
0
0.06512
0.08402
0.4031
0.08958
0
0
0
0
0.21867
0
0
0
0
0.07344
0.06111
0.14595
0.06929
0.04304
0
0
0.23203
0
0
0
0.02207
0.18097
0
0
0.29107
0
0
0.06281
0.13275
0
0
0.12406
0.16052
0.04413
0.197
0
0
0.06632
0.26365
0.39545
0.15241
0.0722
0.15377
0.12912
0.05729
0
0.08494
0.07885
0
0
0
0.06407
0
0
0
0.08423
0.24617
0.0647
0
0.02674
0.22152
0.07057
0
0.08233
0
0.32098
0.13131
0.07849
0.17546
0
0.17433
0
0.13177
0.18096
0
0
0.30542
0.0851
0
0
0.06238
0
0
0.1325
0.07117
0
0
0.21654
0.08487
0.08713
0.48552
0.16396
0.23791
0.27198
0
0
0.06485
0
0.08985
0
0
0
0
0
0
0
0
0
0
0
0.01913
0
0.07163
0
0.06219
0.17944
0.09
0.17665
0
0.17564
0.53005
0.15303
0.07775
0.06101
0
0.08429
0.45287
0.0717
0.03085
0
0
0
0.24638
0.04589
0
0.24694
0
0
0.17529
0.07083
0.17509
0
0.24561
0.52586
0.25103
0.15067
0
0
0
0
0.07239
0.43727
0.06482
0.09122
0
0
0
0.24716
0
0.13145
0.16721
0
0.06376
0.47368
0.28163
0.26197
0.06473
0.05946
0
0.24509
0
0.0816
0.08206
0.53348
0.12566
0.13992
0.05923
0
0
0
0.15276
0
0
0
0.1575
0
0.43583
0.33219
0.08679
0
0
0
0.07566
0.08101
0
0
0
0.13277
0
0.12493
0.31425
0.12675
0
0
0
0
0.07131
0
0
0.0201
0
0.23916
0.45848
0.16757
0
0
0
0.47522
0
0
0
0
0
0.30308
0
0
0
0.46237
0
0
0
0
0
0
0.19882
0.08099
0.31046
0.06481
0.38196
0.08462
0
0
0.08724
0.73628
0
0.48528
0
0
0
0
0.07472
0.18292
0.06491
0
0.12872
0
0
0.13404
0.07247
0.07146
0
0
0.08493
0.21598
0
0.07224
0.06358
0
0.08534
0
0
0
0
0.07329
0.02769
0
0
0
0.62187
0
0
0
0
0.06899
0.06382
0.07992
0
0.15251
0
0
0.22745
0
0.24872
0
0.94022
0
0
0
0
0
0.16563
0.12846
0.06977
0.41895
0.20399
0.0616
0.08644
0
0.15726
0.41888
0
0
0
0
0
0
0
0
0
0.19714
0.41466
0
0.23398
0
0
0.16016
0.06413
0
0.11917
0
0.07972
0.46582
0.4624
0.16852
0.07691
0
0
0.08704
0.21026
0.50974
0.45949
0.72912
0
0.06587
0
0.07132
0.31374
0
0
0
0
0.39938
0.08222
0
0
0
0.24456
0
0.02161
0
0
0.07544
0.25117
0.0701
0.22219
0
0
0.07256
0.10725
0.3566
0
0.25116
0.49606
0.78845
0.06433
0.35889
0
0
0.25134
0
0
0.51109
0.22408
0.13678
0.13384
0.08002
0
0.07156
0
0
0.05279
0.11314
0
0
0
0.87292
0
0
0
0
0.22352
0.13192
0.13317
0
0.24835
0.09292
0
0
0
0.02411
0.13148
0.04043
0.04377
0.08055
0
0
0.28196
0
0.30991
0
0
0
0
0.46673
0
0.2447
0.46711
0.33767
0
0.0712
0
0
0.51516
0
0.07301
0
0.08674
0
0
0.06382
0
0.33574
0.76394
0
0.08301
0.02292
0
0.26932
0
0
0.03466
0.28308
0
0.02409
0
0.33526
0
0.07281
0.02441
0.42215
0
0
0.06173
0.32902
0.0837
0
0.12948
0
0
0.06458
0
0.08214
0.1544
0.25031
0.06488
0.07235
0.12942
0
0.08405
0.168
0.42999
0
0
0.0636
0.08006
0
0
0
0
0.13084
0
0.0635
0.283
0
0.06519
0
0.07419
0
0.04582
0.09261
0.06338
0.10534
0
0
0
0
0.06497
0
0.59546
0
0.07533
0
0
0
0
0
0
0
0
0
0.19114
0
0.2151
0.06414
0.34693
0
0.38584
0
0.04422
0.2854
0
0.51489
0
0.24469
0
0.06405
0
0
0
0
0.02316
0
0
0.41709
0
0.07269
0.0712
0
0
0
0
0
0.06812
0.06485
0.06159
0.18162
0.41226
0
0.34228
0.30609
0.30688
0
0.50128
0.49333
0
0.07315
0.24192
0
0
0.0726
0.06372
0
0.0726
0.20278
0
0.45924
0
0.38144
0.25134
0
0
0
0
0.25143
0.39045
0.37411
0
0
0
0.06434
0
0.06682
0.22549
0
0
0.15513
0.47856
0
0
0
0.25273
0
0.07276
0.08299
0.06337
0
0.1619
0.07116
0
0.24611
0
0
0
0.07982
0
0.2323
0.07013
0.23951
0
0
0.41015
0.11673
0.53241
0.07204
0.05746
0
0
0
0
0.11116
0.3008
0.06132
0
0.11441
0.27087
0
0.38877
0
0.34497
0.06706
0.08898
0.3201
0.17988
0
0
0.14862
0.07256
0.04834
0
0.36094
0.2278
0.02844
0.10185
0.15828
0.05994
0.22396
0.30422
0
0.17986
0
0
0
0.065
0.39783
0.2462
0.22401
0
0
0
0.06632
0.25063
0
0
0.20139
0
0
0.27112
0
0
0.45343
0.31479
0.05251
0.06482
0.07468
0.25125
0.51688
0
0.0659
0
0.08101
0.38799
0.40333
0.2819
0.06594
0
0.0697
0
0
0.02897
0.06346
0
0
0.23457
0.24739
0
0.09047
0
0
0.06577
0.08418
0.30189
0.58045
0
0.12422
0
0
0
0.31546
0.18044
0
0
0.08414
0
0.16165
0.07781
0.23204
0.45397
0.0865
0.23859
0.14961
0.07521
0.34495
0
0.2997
0.19434
0
0
0
0.22398
0.0275
0
0
0
0.47976
0
0.11091
0.06521
0
0.07094
0
0
0
0
0.06992
0
0
0.17093
0.0635
0.02205
0
0.26341
0
0
0.05508
0.05175
0.24988
0.41376
0
0.08384
0.26376
0.13162
0.38568
0
0.24449
0.21505
0
0.22387
0.22569
0.14866
0
0.2194
0.06371
0.06476
0.07311
0.23461
0.4438
0.07217
0.05266
0.03514
0
0
0.04153
0
0.08335
0.371
0.06525
0
0.15614
0
0.3194
0
0
0
0.08654
0
0.06678
0.12875
0
0
0.07554
0
0.46206
0.51954
0.33524
0.06462
0
0.09479
0
0.14601
0.06136
0
0
0.24994
0
0
0.06635
0.53667
0.26411
0.12707
0.02727
0.06129
0
0
0
0.21233
0.27113
0
0.36552
0
0
0
0
0
0
0.3006
0.3944
0
0.30621
0
0
0
0.08584
0
0.10781
0.38097
0
0.06357
0.36928
0.02533
0.38884
0.06447
0
0
0.33616
0.7864
0.06679
0.17942
0
0.15371
0.25116
0.43935
0
0.24093
0.15702
0.49021
0
0
0.06654
0.08033
0.26688
0
0
0
0.07293
0.84844
0
0
0.45368
0.05982
0.02831
0
0.0644
0.23315
0
0.08688
0.42494
0.25458
0.02189
0
0.06435
0.07238
0
0
0.06626
0
0
0
0.25992
0.21099
0.08559
0
0
0.07311
0.08242
0.14378
0.193
0.26453
0.05148
0.10284
0.41123
0
0.07193
0
0
0.46697
0
0.08726
0.0832
0
0.06365
0.34535
0.06614
0.132
0
0.02396
0
0.04428
0.31282
0
0
0.44382
0
0.06874
0.07126
0.02384
0.08134
0.06211
0.26003
0
0.25971
0.41669
0
0.32028
0
0
0
0.22498
0.08259
0.08187
0.20085
0
0
0
0
0
0
0.85019
0
0.03502
0
0
0.65527
0.1701
0
0
0
0.08269
0
0
0.12443
0.36491
0
0.22219
0.18918
0
0
0
0.39485
0
0.07455
0
0.23719
0
0.04298
0
0.08132
0.15826
0.15959
0.05938
0.07671
0.39285
0
0.19238
0.14858
0
0.08001
0.34487
0
0.13045
0.0553
0.06486
0.11453
0.38198
0.28537
0
0
0.23156
0
0.643
0
0.15833
0
0.24204
0.15815
0
0.25149
0
0.08217
0.11496
0.33678
0.07437
0.07392
0.38893
0.29051
0.59469
0
0.36605
0.16012
0.79886
0.28856
0.08171
0.08195
0.2464
0.05221
0
0.08272
0
0
0.55247
0.0723
0.37455
0.07596
0.02911
0.37866
0
0.15183
0
0.20106
0.32122
0.39109
0
0.25678
0
0.26975
0
0.0801
0.18935
0.07069
0.08455
0
0.67187
0.2347
0
0.21165
0.08422
0.5873
0.06063
0.27054
0
0.07549
0
0
0.85549
0
0.22352
0
0
0.25125
0
0.15729
0.06537
0.1471
0
0.17778
0.08049
0.26456
0
0
0
0
0.12955
0
0.30921
0.42148
0
0
0.26898
0
0
0.44774
0
0.04408
0.25971
0
0
0
0
0.16007
0.08432
0
0.08394
0
0.45684
0
0.06379
0.34581
0.10043
0.0651
0.15727
0.24419
0.12005
0
0.06473
0.13264
0.70792
0
0.24233
0
0.26184
0.21781
0.23588
0
0.16951
0.82098
0
0.07108
0.33532
0.4982
0
0.37721
0.08079
0.12213
0.06444
0
0.3642
0.06638
0.42647
0.06432
0.07015
0.06347
0.41708
0
0.21185
0.32953
0.12555
0
0
0
0
0.05819
0.54659
0.14962
0.36273
0.29994
0.23424
0
0.22112
0.33136
0.235
0.31533
0.26831
0
0.42603
0.38133
0.26789
0
0.29033
0.46649
0.12844
0.18016
0.15362
0
0
0.04643
0.10622
0
0.38738
0.2227
0.08371
0
0.39041
0.02707
0
0.61674
0.17287
0
0
0.2162
0.22844
0.02766
0.08175
0.14932
0.18601
0.17482
0.35825
0.08895
0.17665
0.30572
0.12518
0.06178
0
0.31511
0
0
0.22279
0.08948
0.11362
0
0.22384
0.1527
0
0.07206
0.12865
0.25277
0.36186
0.02582
0.14359
0.2706
0.17592
0.22392
0.22088
0
0.17996
0.23931
0.45385
0.32114
0.07696
0.23125
0
0
0.06221
0
0.20054
0.34233
0
0.06108
0.33695
0.07421
0.67179
0.2377
0.15704
0.19348
0
0
0.06306
0.05638
0.58234
0
0.11833
0.17835
0.0859
0
0.08434
0
0.05637
0.23858
0.05128
0.09097
0.59959
0.56706
0.11533
0.47013
0.24442
0
0.18236
0.08568
0
0.04116
0.19264
0.15231
0.19271
0
0
0
0.06404
0
0.06472
0
0
0.3063
0
0.07642
0
0.06384
0.04761
0.1525
0.1518
0.26157
0
0.21805
0
0.15063
0.09677
0.14631
0.05236
0.08522
0
0
0
0
0
0.09304
0
0.1796
0
0
0.02166
0
0.26249
0
0
0.30183
0.07498
0.27827
0.34758
0.49891
0
0
0.23707
0
0.34817
0.13383
0
0.08269
0.47678
0.38366
0
0
0
0.07272
0
0
0.15854
0.68576
0.18546
0
0.08999
0
0.23316
0
0.24303
0.226
0.1772
0.31454
0
0.22615
0
0
0.44033
0.09462
0.28014
0
0
0.08991
0
0.27181
0
0
0.2516
0
0
0.6466
0
0
0.07354
0.34148
0
0
0.43576
0
0.65315
0
0.4542
0.40401
0
0
0.22389
0.41367
0.25409
0.22383
0
0.06404
0.07418
0
0
0
0
0.15018
0.0273
0.16279
0
0.16125
0.46012
0.08527
0
0.25178
0.43939
0.43072
0
0.25824
0.06013
0.08225
0.32775
0.18646
0
0
0.06175
0.27062
0.07282
0
0
0.02699
0.16658
0.04261
0.15908
0
0.28409
0.06145
0.27369
0.15002
0.52054
0.06106
0
0.24677
0
0
0.19923
0
0.26245
0.26939
0
0
0
0.28245
0.14845
0
0.36323
0.05696
0
0.13902
0
0.18106
0.12899
0
0.06392
0
0.25778
0
0
0.54867
0.1925
0.48
0
0.0752
0
0.41483
0.34248
0.31188
0.06489
0.18157
0.18077
0.61301
0.08996
0
0.06395
0
0
0.27523
0.21969
0.11503
0.12995
0.06521
0.0637
0.14218
0
0.28944
0
0
0.16709
0
0
0.22093
0.24948
0
0.08714
0.08639
0.08674
0
0
0.06913
0.24157
0.06411
0.08277
0.06315
0.08826
0.11868
0.17992
0.15267
0.21772
0.04356
0
0.16099
0
0
0.07543
0.20032
0.12702
0.0726
0
0.05157
0.1799
0.31442
0
0.18679
0.08633
0.21514
0.0303
0
0
0.15327
0.24611
0.24648
0
0
0.23643
0
0.06207
0.0608
0
0.16907
0.38079
0.31958
0.15824
0.02223
0
0
0.12502
0
0
0
0.07529
0
0
0.27946
0.19394
0.22363
0
0
0.95371
0.04393
0.51918
0.162
0.16412
0
0.07299
0.09872
0
0.19999
0.15899
0.49904
0.37117
0
0
0.1933
0
0
0.24636
0
0
0
0
0
0.28986
0
0
0
0.08966
0
0.17719
0
0.07654
0.08752
0.14477
0
0
0
0.78703
0
0.35888
0
0.02407
0
0
0.32809
0.31882
0.20838
0
0
0.06917
0.26371
0.01735
0.06618
0.43084
0.38403
0
0
0
0
0.15537
0.32453
0.1532
0
0
0.08804
0.38426
0.08239
0
0.05005
0.31345
0
0
0.15389
0.23058
0.086
0
0
0
0.08818
0
0.05237
0
0.08511
0
0.89091
0
0.184
0
0.082
0.3189
0
0
0
0
0
0
0.06946
0
0
0.10881
0
0
0.22347
0.10951
0
0.1155
0.17624
0
0
0.08877
0
0
0
0.15392
0
0.46687
0
0
0
0
0.17652
0.15889
0.24149
0.13236
0
0
0.21249
0.06237
0.17411
0.02777
0
0
0
0.34345
0.12245
0
0.0221
0.50295
0
0.31431
0
0.08477
0.12695
0
0.1102
0
0
0.15412
0.19375
0
0.24541
0.30123
0
0.0764
0.12814
0.13068
0
0
0
0
0.33932
0.07579
0
0
0
0
0.06007
0.08534
0
0
0
0.14806
0
0.24762
0.06253
0
0
0
0
0
0.06365
0
0.44377
0
0.15512
0.55675
0
0.34652
0.31745
0.22676
0
0
0.06274
0.52876
0.07045
0.39783
0
0.0763
0
0.49265
0.23392
0.21796
0.12359
0.30725
0.25307
0.02173
0.39154
0.14985
0
0
0
0.25062
0
0.07229
0.06318
0.15344
0.0874
0.23942
0.21277
0
0.18566
0.09923
0
0.20895
0.24443
0.1151
0.07233
0.65664
0.24623
0
0.58608
0.23397
0.04239
0
0.07532
0
0.07293
0.18733
0
0.19851
0
0.07274
0.06606
0.26279
0.06638
0
0
0.12407
0
0.37115
0.08535
0.06476
0
0
0.08576
0.08169
0
0.31359
0
0.07451
0.26661
0.0769
0.07736
0
0.40461
0.11752
0
0
0
0
0
0.06423
0.87157
0.07214
0.027
0
0
0
0.19778
0
0.24655
0.48931
0
0.15808
0
0.3146
0.21777
0.12453
0
0.16112
0.76302
0.0613
0.15917
0
0
0
0
0.52471
0.02368
0.10865
0.11449
0.08106
0.16193
0
0.26708
0.48228
0.40406
0.17717
0
0.13049
0
0
0
0
0.08834
0.17533
0.13023
0.15264
0.21147
0
0
0
0.43028
0
0
0.28053
0
0
0
0
0.17229
0
0.24839
0.24198
0
0.29558
0
0
0.06927
0
0.04964
0
0
0.33124
0
0.24493
0.24951
0
0.10532
0.28023
0.08227
0.08286
0
0
0.67616
0.06619
0.1618
0.37804
0.21458
0.05899
0.07457
0.06357
0
0
0
0
0
0.11494
0
0
0
0
0.06486
0
0.36086
0.0824
0.10114
0
0
0.65758
0.5654
0.06509
0
0.38358
0.49442
0
0
0
0
0.27039
0.0849
0.32715
0.25166
0.08333
0
0.05883
0
0.25213
0
0
0.07438
0.41752
0.39414
0.08242
0.08295
0
0.33437
0.11143
0.20295
0
0
0
0
0
0.46352
0
0
0.15355
0.21719
0.44528
0
0
0
0.02165
0
0
0
0.44185
0.48937
0
0.86285
0
0
0
0.24087
0.24227
0
0.12484
0.13334
0
0.14678
0.37287
0
0
0
0
0
0.30145
0
0
0
0.22689
0.02798
0
0.08225
0
0.272
0.30217
0
0.07255
0
0
0.39295
0.17936
0.38906
0.59625
0.02759
0
0.2516
0
0.47684
0
0
0
0
0
0.13242
0.45821
0
0
0.08452
0.49398
0
0.06226
0.06043
0.14518
0
0
0
0
0.08608
0.06406
0.06416
0.07431
0
0.06926
0.43958
0.24541
0
0.50393
0
0.07406
0
0.01725
0
0
0.16636
0.02324
0
0.24204
0.13524
0.06586
0.54721
0
0
0.07137
0.07627
0
0
0.43783
0.24992
0
0
0
0.14935
0.08218
0.05992
0
0
0
0.15431
0
0
0
0.08575
0.07318
0.24068
0.05452
0
0.18311
0.06527
0
0
0.26209
0
0
0.0656
0
0.03924
0
0
0
0
0.08279
0
0
0
0
0.39321
0.08251
0
0
0
0
0
0
0
0.55821
0.08232
0.13125
0.13097
0.0614
0
0
0.38343
0
0
0.25236
0
0
0
0.54675
0.21151
0.59697
0
0
0
0.30733
0.07002
0.10569
0
0.23073
0
0.32509
0.12207
0.07776
0
0.13648
0
0.23568
0
0
0.07581
0
0.06699
0.31431
0.06357
0
0.2799
0.23547
0
0.3623
0
0.07237
0.07998
0.22411
0.16921
0
0.06205
0
0.0741
0.38972
0.07187
0.06129
0.07303
0
0.06199
0
0
0
0.0521
0.26394
0.06606
0
0.21225
0
0.4357
0
0.4961
0
0
0.0725
0
0
0.06605
0
0.33461
0.23152
0.27661
0.2268
0
0.06612
0.26952
0.38449
0
0.3815
0.07148
0
0
0.06309
0.3991
0
0.06377
0.06469
0.25137
0.50608
0
0.08509
0.27559
0.25208
0.26616
0
0
0
0
0
0
0
0
0.26489
0
0.18534
0.20392
0
0
0.0347
0.08616
0.45967
0.31148
0.27615
0
0
0.85619
0
0
0
0.06472
0.33829
0.3668
0
0
0
0.14737
0
0
0.23663
0.0647
0.02359
0.05451
0.15636
0.14672
0.06337
0.02661
0
0
0.09009
0
0.19291
0.50123
0.07448
0.25761
0.08026
0.17982
0.1258
0
0.15274
0.28323
0.17177
0.07615
0
0
0.22465
0.04833
0
0.39243
0.08337
0
0.08635
0
0.12356
0.06291
0.07013
0
0.09117
0.02822
0.10703
0
0
0.08661
0.16747
0.13149
0.14796
0
0
0.08211
0.30081
0.08395
0
0
0
0
0.37677
0.45105
0
0
0
0
0
0.17958
0.02292
0.16443
0.34732
0
0.0268
0
0.07089
0.36706
0.13124
0
0.13267
0.11336
0
0
0.06482
0
0.02214
0.14018
0
0.25257
0.05039
0
0.35224
0.10651
0.06445
0.38193
0.0789
0.08824
0
0.37705
0
0
0.36206
0.27991
0
0.10565
0.21227
0.17602
0.15902
0.34167
0
0.08241
0.08319
0
0.08174
0.08301
0.08862
0
0.03052
0
0.18837
0.13426
0.19413
0.10317
0.22095
0.34545
0.07495
0.13086
0.54685
0
0.23184
0
0.02161
0
0
0
0.07683
0
0.08192
0.14862
0
0
0.08202
0.30769
0
0.16334
0.13047
0
0
0
0
0.06439
0.3826
0.17502
0.53461
0.26975
0
0
0.22876
0
0.21264
0
0.06886
0
0.27707
0
0.05663
0
0
0.25218
0.4052
0.07313
0.71611
0
0
0.15989
0.06447
0
0.07711
0.05969
0.06181
0.17614
0
0
0.23092
0.38923
0
0
0
0.27662
0.36219
0
0
0.27083
0.40125
0
0.34863
0.53434
0.10729
0.15648
0.30732
0.15796
0.46136
0
0.31308
0
0.09081
0.26884
0.45974
0
0.08747
0.08056
0.40303
0.21567
0.10328
0
0.08257
0.28624
0.51178
0.35928
0.1559
0.0408
0
0
0
0.07994
0
0.06451
0
0
0.45526
0.29224
0
0
0.1078
0
0
0
0
0
0
0
0.06543
0
0
0
0
0.0628
0.08737
0
0.46139
0.0568
0.06536
0.08086
0.07475
0.34534
0
0
0.02352
0.09855
0
0.0764
0.38693
0.31295
0
0
0.22404
0
0
0
0
0
0.19315
0.2251
0
0
0.7789
0
0.08215
0.37601
0
0
0
0.0612
0.08753
0
0
0
0
0
0
0
0.05259
0
0
0
0.06645
0.09912
0
0.07944
0.07946
0.15981
0.47731
0
0.162
0
0.79845
0
0.1347
0.16033
0.11322
0.52319
0.08551
0.76595
0.30658
0
0
0
0.06551
0
0
0
0
0.13422
0
0
0.064
0
0
0
0
0.33235
0
0.07438
0
0.02751
0
0
0.38264
0
0
0.07176
0
0.28062
0
0.06546
0.21216
0.07955
0.06403
0
0
0
0.06611
0.18456
0.1709
0
0.15374
0
0
0
0.08738
0
0.22137
0
0.29664
0
0.06468
0
0.09219
0
0.06243
0.18918
0.39617
0
0.2781
0.45446
0.0657
0.06509
0.07986
0.15761
0
0.18005
0
0.10498
0.08611
0.36422
0.42244
0.40587
0.06268
0.06437
0.07343
0
0.07105
0.25151
0
0.07471
0
0
0.1245
0
0.15618
0.25473
0.2666
0.098
0.06583
0.159
0.15515
0
0
0
0
0
0.57474
0
0.23328
0.43803
0
0
0
0
0
0
0.07888
0.28897
0
0.08241
0.13164
0
0.06466
0.09118
0
0
0
0
0
0.08505
0
0.09362
0.08058
0.06626
0
0
0.08504
0
0.14821
0
0.05191
0
0.08656
0
0.07041
0
0.08508
0.02307
0
0
0.16007
0.22404
0.04353
0.15005
0
0
0
0
0.06123
0
0.06356
0.07553
0.76407
0.25083
0
0
0
0.52708
0
0.0706
0.05891
0
0.0213
0.18196
0.12774
0
0
0.75359
0.0685
0.28129
0.05389
0
0.14906
0.17381
0
0.59526
0.33682
0
0.18065
0
0.02385
0.06399
0.07618
0.2252
0
0
0
0
0.33637
0.06321
0.12462
0.23587
0.0646
0.24458
0
0
0.07563
0
0.41221
0.06542
0
0
0.48218
0.51807
0
0.13303
0
0
0
0
0.08125
0
0.23455
0.53896
0.21335
0
0.08525
0.07612
0.08273
0.05663
0.34532
0
0
0
0.09059
0.06116
0
0.07122
0.18848
0
0.30635
0.0494
0
0
0
0
0.30147
0.1328
0
0.0779
0
0
0.56129
0.07394
0.32451
0.4275
0.25128
0
0.13234
0.0639
0.33537
0
0
0.11947
0
0
0.04757
0
0
0
0.2288
0.06405
0.18445
0
0.38646
0.08013
0
0
0
0.24357
0.06363
0.07665
0.18061
0.08666
0
0
0
0
0
0.06376
0
0.06902
0.23838
0.24512
0
0
0.06582
0.18012
0
0
0
0.15344
0
0
0.02835
0.17495
0.02834
0.15155
0
0.1748
0.16347
0
0
0
0.08653
0.24273
0.08957
0.08073
0
0
0.07077
0.36518
0.06428
0
0
0
0.14821
0.15626
0.31818
0.06715
0
0
0.12773
0.1592
0
0
0
0.06469
0.16141
0
0
0
0
0.25549
0
0.13009
0
0.78353
0
0
0.3926
0
0.39598
0.21505
0
0
0.64096
0
0.1566
0
0.09475
0
0
0.18176
0
0.14017
0
0
0.05222
0
0.54373
0.02354
0.19297
0
0
0
0
0
0.12714
0.17142
0
0
0.48014
0.36231
0
0.15696
0
0
0
0.35051
0.0436
0
0.08114
0
0.07168
0.44075
0
0
0
0
0
0.48166
0.38123
0.43582
0.02422
0.14428
0.4403
0.07801
0.15367
0.06805
0.28023
0.22418
0.06407
0.05751
0
0.15291
0
0.13261
0.31067
0.07085
0.07297
0
0
0
0
0
0
0
0.06292
0.18447
0
0.07283
0
0
0
0
0.42131
0.15814
0.06986
0
0.31446
0
0.25209
0
0
0.21926
0
0.02639
0.08603
0.4818
0.12589
0.15974
0
0
0.16084
0.60975
0.43534
0
0.062
0.06566
0
0.12527
0
0
0
0.13435
0
0.06021
0
0
0.12617
0.06605
0.11176
0.07014
0
0
0.13256
0
0
0.07157
0
0.13371
0.06934
0
0
0.06995
0.30713
0
0.21805
0.2532
0
0
0
0
0
0.2816
0.52164
0
0
0
0
0
0
0.1923
0.18004
0
0.08665
0
0.08352
0
0.31161
0
0
0
0
0
0
0
0
0
0.30527
0
0
0
0
0
0.07222
0.09087
0
0
0.21504
0.09848
0.06473
0
0
0
0
0.28314
0
0.0589
0
0.79801
0.0233
0.25378
0
0.21206
0.0517
0.09214
0
0
0
0.52474
0
0
0
0.02823
0
0.78535
0
0.06539
0.14588
0.07404
0
0.06477
0
0.06491
0
0.38222
0.12489
0
0
0.04313
0
0.45283
0.02775
0.13167
0
0
0
0.08556
0
0
0
0.20609
0
0
0
0.21739
0.42132
0.07298
0
0
0
0
0.12322
0
0
0.13305
0
0.06376
0.80046
0
0.21235
0.07332
0.23238
0.06575
0.0659
0
0.06633
0
0.14622
0
0.283
0.06391
0
0.40568
0.33062
0.21144
0
0.16609
0.15017
0.25002
0
0
0.06413
0
0
0
0
0.06427
0.07377
0
0
0
0
0
0
0.75153
0.25195
0
0.06817
0.10752
0
0
0
0
0
0
0.10965
0
0.41705
0.133
0
0.36534
0.4793
0
0
0
0.28277
0
0
0
0.06392
0
0
0.1815
0.08095
0
0
0
0.08023
0
0.05981
0.32211
0.04737
0
0
0
0
0
0.06522
0.07136
0
0.03983
0
0.06524
0.23535
0.06911
0.0643
0.31461
0
0.06935
0.0433
0.14042
0.04365
0.38891
0.06424
0
0.35538
0.06842
0
0
0
0
0.31264
0
0
0.22361
0.05432
0
0.02898
0.31311
0
0.24951
0.33987
0
0.06827
0.29858
0
0
0.06461
0
0.06387
0.63237
0
0
0
0
0.25022
0.1579
0.06553
0.02715
0.13387
0
0
0
0
0
0.32187
0.06762
0.455
0
0.12875
0.02138
0.15646
0
0
0.05139
0.07999
0
0
0
0
0.02386
0.23037
0.27205
0.07721
0.17119
0
0
0.28272
0.30438
0.37754
0.2459
0.08019
0.39306
0
0
0
0
0
0.10865
0
0.1943
0.2247
0.08035
0.78504
0
0
0.23299
0.79304
0
0.06366
0
0.06491
0.06374
0
0.14977
0.17117
0.46075
0.31353
0
0
0
0
0
0
0
0.55708
0.10752
0.06367
0.07972
0
0
0.06361
0.31422
0.0738
0.06989
0.35645
0
0.08047
0
0
0.2973
0
0
0
0.51677
0
0
0.08775
0.45371
0
0.32903
0
0.24508
0
0
0
0
0
0.40535
0.08084
0.06724
0.07296
0
0
0
0.02152
0
0.07581
0
0.11044
0.4033
0.2502
0
0.50211
0.02649
0.07979
0
0.07581
0
0
0
0.32446
0
0
0
0
0.22645
0.27617
0.04714
0.18404
0
0.08359
0.22105
0.0798
0.43892
0
0
0
0.42538
0
0
0.17899
0
0
0
0
0.07859
0
0
0.13193
0
0.41241
0
0.46062
0
0.27846
0.36453
0.3119
0.0648
0.08246
0
0.20171
0.47258
0.07057
0.12463
0
0.06496
0
0.08068
0
0.2118
0
0.08033
0
0
0.07725
0.21225
0.26203
0.47897
0
0.3442
0
0.07825
0
0.17897
0.07174
0
0.78909
0
0.18457
0
0.07926
0.3369
0.08601
0.06462
0
0
0
0.08209
0.05187
0.16079
0.23297
0.08003
0
0
0.13292
0
0
0
0
0
0.10346
0.5521
0.25872
0.30361
0.0657
0.22291
0
0.05975
0.41722
0.06479
0.07312
0.04211
0
0
0.08351
0.6537
0
0.19577
0.22027
0.08028
0.33462
0.4653
0
0.0728
0
0.07205
0
0.63445
0
0
0
0
0
0.09861
0.08882
0.22055
0
0.09239
0.08539
0
0.16035
0.29668
0.08405
0.06395
0
0.34998
0.34658
0.08424
0.22587
0
0.11055
0
0
0
0
0.07327
0.13044
0
0
0
0
0.05885
0.24412
0
0.26912
0.21262
0.26603
0.30049
0.30163
0
0
0
0.43768
0.08538
0.43502
0
0
0.38984
0.22671
0
0
0.15769
0
0.41213
0.02197
0.06381
0.08293
0.41344
0
0
0
0
0
0.40606
0.12991
0.23005
0
0.05404
0.15798
0
0.44733
0.1588
0.2004
0
0.31564
0.39863
0
0.63251
0
0.21965
0.48158
0.0815
0.0937
0.31741
0.06953
0
0.2322
0.29439
0.499
0.30741
0
0.27083
0.45213
0.43676
0.15632
0.45811
0.08048
0.4617
0
0.07979
0
0.14829
0
0
0.22359
0.21731
0.39294
0.08069
0
0
0.13333
0.3658
0.05133
0.09324
0.48034
0.28168
0
0
0.15668
0
0.39744
0.06371
0
0.59578
0.15855
0.09871
0
0.28674
0.39599
0
0
0.33697
0.43558
0.3828
0.21764
0
0
0.22052
0
0.57824
0
0.06353
0.08725
0.16015
0.08114
0
0
0.0652
0
0.0812
0.20413
0.02425
0
0
0.23494
0
0.08138
0
0
0.23372
0.36905
0.24094
0.11575
0.2509
0
0.15356
0.04729
0
0
0.22095
0.22168
0.15912
0.05782
0.22192
0
0
0.59424
0
0
0.08297
0.05982
0
0
0
0.1581
0
0
0.37858
0.58562
0
0
0.05987
0.18711
0.23342
0
0.20851
0.44363
0
0
0.37761
0
0.11935
0.32237
0.62815
0
0.15281
0
0
0.22885
0.25725
0.14574
0.07715
0
0
0
0.06981
0.40259
0.06213
0.05185
0.19316
0.13671
0.15796
0.06904
0.06445
0
0.15615
0.07757
0.07524
0.47392
0.08208
0
0.19561
0.39197
0.54811
0
0.17957
0
0.04399
0
0.60727
0
0
0.08294
0
0
0
0
0.07157
0
0.06545
0.14677
0.25001
0.39207
0.49413
0.28183
0
0
0.25121
0.38727
0.23623
0.0806
0.06185
0.13328
0.32188
0
0.06921
0
0.06371
0.29614
0.08476
0.11146
0.07078
0
0.02878
0
0.26917
0.48146
0.22421
0.31425
0.06837
0.3096
0
0.32422
0.07574
0
0.07182
0.22859
0.22373
0.07968
0
0.07108
0.45522
0.28352
0.45719
0.06318
0.4865
0
0.06423
0.10204
0
0.07303
0
0.05477
0.01732
0
0
0.3875
0.22285
0
0
0
0
0.50947
0
0.13206
0
0.08809
0
0
0.06951
0.25386
0.24265
0.06556
0.03101
0.19238
0
0.08665
0.15604
0.14842
0
0.23012
0
0
0
0.22636
0.45992
0
0.25043
0.3906
0.08224
0
0
0.23261
0.07139
0.34845
0
0.21591
0
0.28379
0.3159
0.05151
0
0.07119
0
0.06545
0.38994
0.64449
0.07165
0.18342
0.05516
0.07346
0
0.36164
0.44213
0
0.22438
0.06941
0
0
0.05204
0.47854
0.40386
0.07996
0
0.394
0
0.48829
0
0.23718
0
0
0.06414
0.06459
0.24604
0
0.06103
0.08062
0
0.42766
0
0.26391
0.1337
0.41358
0
0
0
0.07021
0.15536
0
0.08589
0.48538
0
0.22797
0
0.50108
0.32188
0
0
0
0.27032
0
0
0.57841
0
0.15482
0.06771
0
0.13273
0.19462
0.15832
0.30696
0.07247
0
0.06361
0.22226
0.24327
0.06374
0
0.26389
0.04784
0
0.06318
0.30204
0
0.06522
0
0.15659
0.06458
0.07545
0.43653
0
0.06397
0
0.31993
0.29765
0
0.8509
0.48565
0
0.06449
0.24484
0.15872
0.32183
0.39365
0.41271
0
0.49967
0
0.08522
0.30377
0.22768
0
0
0.20153
0.32274
0.64046
0
0.24037
0.41608
0.51211
0.20375
0.17187
0.15873
0.05132
0
0
0.28157
0.56552
0.56571
0.06571
0.12741
0
0.25519
0.26246
0
0
0.29743
0
0
0
0.34693
0.13712
0.08482
0
0.43173
0.06615
0
0
0.19913
0.18141
0.13009
0.18181
0.264
0.32171
0.36937
0.35273
0.34981
0
0.38079
0.3623
0.06436
0.23252
0.23769
0
0.38198
0
0
0
0.0686
0.47933
0.33787
0
0
0
0.51897
0
0.08741
0.06511
0.31251
0
0.2678
0.36594
0.38791
0
0.35877
0.3007
0.06967
0.22419
0.42673
0.62689
0
0.08209
0
0.17134
0
0
0.31918
0.3704
0
0.41349
0.26562
0.65899
0.60326
0.07292
0
0
0
0
0.26628
0.5228
0.07396
0
0.19338
0
0
0.4504
0.06389
0.15874
0.07294
0
0
0
0.56659
0
0.24998
0.14706
0.07696
0.07142
0
0.05521
0.2459
0.25245
0
0.0691
0.06372
0.02194
0.17554
0
0.02349
0.39163
0
0
0
0.09466
0
0
0.04301
0.06351
0
0.04394
0
0.06657
0
0.32288
0
0
0.13278
0
0
0.16855
0.02387
0
0
0
0
0.07034
0
0
0.07434
0
0.06526
0.06402
0
0.34618
0
0.06578
0.30444
0
0.06541
0.07239
0.07124
0.06477
0
0.38192
0
0
0.06765
0.14961
0.2406
0.15401
0
0.88124
0.2282
0.38157
0
0.1323
0.06557
0
0
0.66885
0.2026
0.08536
0.18148
0
0.08301
0.06838
0.3943
0
0.04637
0.31354
0.25113
0.13191
0.06357
0
0.06609
0.48102
0.06821
0.06553
0
0.0744
0.31523
0.06642
0
0.06502
0.06428
0
0
0.07276
0.19889
0.04883
0.23441
0.12892
0.16267
0.07091
0.82891
0.02168
0
0
0.06475
0.22253
0
0.49188
0.45209
0
0.07501
0
0.3139
0
0.15892
0
0.08787
0.0591
0
0.07742
0.04232
0
0.45402
0.24683
0.5445
0.24304
0.37241
0
0.07409
0
0.22092
0.04377
0.25804
0.09555
0
0.76393
0.06838
0.1927
0
0.50821
0.23513
0.39197
0.29831
0
0
0.20889
0.0656
0.07619
0.18491
0.43573
0.15755
0.19991
0.40882
0.41287
0.46977
0.09167
0.3462
0.19387
0.23252
0.1693
0.30383
0.18265
0
0.48226
0.23031
0
0
0.06591
0
0.30291
0.46182
0.27285
0.15587
0
0
0
0.25034
0
0
0
0.50831
0.67854
0.12403
0
0
0.30417
0.43459
0.05758
0
0
0.07449
0.07557
0.02163
0
0
0.41088
0.0432
0
0.071
0
0.06508
0.13319
0
0
0
0.23582
0
0
0.06509
0
0.13405
0.21322
0.25701
0.51995
0
0.16007
0.066
0.06498
0.05154
0.10793
0.26782
0.06178
0.38589
0.0707
0.15859
0
0
0.18008
0
0.06854
0.34897
0
0
0.02867
0
0.39274
0
0.29398
0.04288
0.55911
0
0.47389
0
0.46879
0.18227
0.203
0
0.06406
0
0
0.16674
0.08238
0
0.06228
0
0.07339
0
0
0
0.15409
0.21621
0
0.22365
0
0.50815
0
0.2436
0
0.15787
0
0
0.42937
0.22054
0.13415
0
0.14775
0
0.08254
0.06528
0.09113
0
0
0.06364
0.17058
0
0.21419
0.22003
0
0.12469
0
0
0.38023
0.23417
0
0.0702
0
0.1548
0
0.05932
0
0
0
0
0.07428
0
0
0.50434
0.25271
0
0
0
0.06716
0.17565
0.0836
0.14655
0.14934
0.07407
0.06468
0
0.04243
0.08303
0
0
0.12545
0
0
0
0.06381
0.08142
0.25872
0.30354
0
0
0.1848
0
0
0.08659
0.15414
0.39055
0.06017
0
0
0.40251
0
0
0.06064
0.06393
0
0
0
0.02893
0.06118
0.15341
0.08546
0
0
0.02746
0
0
0
0.50927
0.08282
0.13556
0.31552
0.08146
0
0.07225
0.11775
0.14912
0
0.06276
0
0.30945
0.24657
0
0.08159
0.23676
0.32888
0.23613
0.17112
0
0.0815
0.02757
0.05277
0
0
0
0.1561
0
0.31469
0
0.15495
0.08641
0.38811
0
0.07155
0.15502
0
0.06461
0.06369
0.08172
0
0
0
0.22313
0.07297
0.22793
0
0.25214
0.15567
0
0.27199
0
0.2338
0.02174
0
0.31378
0
0
0
0
0
0.06402
0
0.0848
0
0
0.16801
0.19267
0
0
0
0
0
0
0.31955
0
0.18963
0.26944
0.15247
0
0
0
0.01963
0
0.0231
0
0.74262
0.09141
0.07051
0
0
0
0.07853
0.09044
0.23243
0.08427
0.14643
0.18653
0
0.0603
0.07153
0
0
0.12588
0.38676
0.07177
0.46712
0
0.22688
0
0.2379
0
0
0
0
0.08055
0.21482
0
0
0.14007
0
0.06417
0.09853
0.23084
0.36106
0
0.1327
0
0.08504
0
0.15384
0
0.08474
0.07544
0
0.26418
0.38116
0.14921
0.27893
0.08633
0.05366
0
0.3962
0
0
0
0
0
0.10496
0
0.07028
0.578
0
0
0.07257
0
0
0
0
0
0
0.23258
0
0
0.27947
0
0
0.05303
0
0.38292
0
0.40308
0
0.08304
0.12789
0.33774
0
0
0.47
0
0.07057
0.06742
0.08693
0.43817
0.48154
0.04411
0
0
0
0
0.07388
0
0.16361
0
0.08252
0
0.0618
0.0806
0.08086
0.0649
0.16919
0
0.06145
0
0
0
0.81429
0
0.30183
0
0
0
0.06333
0.61293
0
0
0.07957
0
0.19444
0
0.14548
0
0
0
0
0.08061
0
0
0
0.29667
0
0.07225
0.1266
0.08365
0
0.22369
0
0.0642
0.26427
0
0
0.09143
0
0.14054
0
0.41273
0.12287
0.35706
0.08243
0
0.04768
0.04398
0.37389
0.32064
0.06575
0.06639
0.13051
0
0.02181
0
0.04347
0
0.1536
0.05169
0.02115
0
0.14832
0
0.08205
0
0
0
0
0.57422
0.39708
0
0.33872
0.24859
0
0.28237
0.05476
0.5727
0.1915
0
0
0
0.2173
0
0.08453
0.06315
0.43025
0
0.06147
0
0
0.07358
0
0.05165
0.60883
0
0
0
0.07086
0
0.09399
0
0.07812
0
0
0.31876
0
0.071
0
0
0
0
0
0.17433
0.33651
0
0.18434
0
0.21483
0
0
0.07049
0.07283
0
0
0
0
0.07663
0
0
0
0
0.0652
0
0
0
0.06568
0.06301
0.07053
0.03824
0
0
0
0
0.06813
0.06
0
0
0.21852
0.05238
0.08401
0.28008
0.15462
0
0.02777
0.06506
0.85112
0
0
0
0
0.0757
0.62232
0
0.20225
0
0.23268
0
0
0
0
0.0514
0
0
0
0
0.04391
0
0
0
0.13002
0
0
0.02129
0
0.08272
0.34737
0
0.22889
0.21158
0.08152
0
0.32135
0.047
0
0.10491
0.06637
0.04398
0
0.06497
0.08983
0.0653
0
0
0.48828
0
0.19889
0
0.17866
0
0.31278
0.07134
0.15381
0.02913
0
0
0
0.47061
0
0.18346
0.30558
0
0
0
0
0.15276
0
0
0
0
0.17601
0.15988
0.07066
0.06715
0
0
0
0
0
0
0.22043
0.15216
0
0.12824
0.08898
0
0
0.08207
0.17768
0
0
0
0.05222
0
0
0
0
0.17703
0.02739
0.23925
0
0.09962
0.27219
0.21598
0.15273
0.2528
0.1766
0.06811
0
0.29472
0
0
0
0.08839
0.06415
0
0
0.44181
0
0
0.24981
0.22785
0.05998
0.23241
0
0
0.04703
0
0.10994
0
0.28605
0
0
0
0
0
0
0
0
0
0
0.07165
0
0.39844
0.15758
0.15415
0.11309
0
0.24699
0
0.80931
0.17311
0
0
0
0.19273
0
0
0
0
0
0
0.02456
0.07025
0.24694
0.24628
0
0.16796
0
0.06039
0.33692
0
0.27103
0.08687
0.18435
0.82224
0.08187
0
0.2518
0
0.21733
0.05958
0.36398
0.37027
0.07428
0.06447
0.07623
0.1323
0.25282
0.83279
0.13369
0
0
0
0.29186
0.36257
0
0.18783
0.16463
0.07077
0.35659
0
0
0.04162
0.07976
0
0.05443
0.06451
0
0.04241
0.06501
0
0
0
0.06512
0.07124
0
0
0
0.07169
0
0
0
0
0.17074
0
0
0
0
0.03895
0.19296
0
0.33498
0.06147
0
0.16326
0
0
0
0.26197
0
0
0.19537
0.22031
0.0813
0
0.06656
0.43773
0
0.46492
0.41691
0
0.08343
0
0.0598
0
0
0
0.20307
0
0.06586
0
0.06556
0
0
0
0
0.02669
0.154
0
0.06023
0
0
0.34983
0.07753
0.71027
0.60787
0.28776
0
0
0.08266
0.06173
0.31536
0
0.20063
0.21715
0.11904
0.08103
0.02731
0.19559
0
0
0
0.38103
0.3441
0.29807
0
0
0
0.12014
0.0696
0.08591
0.06773
0
0
0
0
0
0
0.11982
0
0
0
0.06546
0.07493
0
0
0.08169
0.06232
0.0801
0
0
0.19721
0.0658
0
0.12466
0.17836
0.07909
0
0.03513
0
0
0
0
0.23371
0
0.25206
0.15394
0.08476
0
0.01759
0
0
0.32402
