0.02241
0
0.09977
0.09859
0.16448
0
0
0.02229
0.09781
0.06878
0
0
0
0
0.03245
0
0
0
0.13414
0.1079
0
0
0
0.1656
0
0.11178
0
0.08871
0
0
0.06851
0.14235
0
0.06817
0.1652
0.25383
0
0.14244
0.09731
0
0.21053
0.13241
0
0
0.11172
0.06517
0
0
0
0.29852
0.14322
0.18357
0.12298
0.16492
0.0675
0
0
0.25335
0.03245
0.21074
0.06731
0.02245
0.23221
0.13411
0.16565
0.09927
0
0.16749
0.20193
0.11071
0.13264
0.07377
0.23206
0
0
0
0.34449
0.13275
0
0.17409
0.2164
0.18777
0.17064
0.16528
0.1748
0
0.09233
0
0.21157
0.06744
0.24135
0
0.06688
0.16479
0
0
0
0
0
0.21272
0
0.14033
0.2328
0.06806
0
0.09323
0.0996
0.06686
0
0.10186
0.19922
0
0
0
0.21071
0
0.17067
0.19011
0
0
0.06512
0.21121
0
0
0
0.06769
0
0.09821
0
0
0.06689
0
0.09206
0
0.13285
0.06863
0
0
0
0
0
0.06905
0.16096
0.09327
0.1649
0
0.04481
0.06852
0.0926
0
0
0.02286
0
0
0
0
0
0.16825
0
0
0
0.06788
0.16563
0.09963
0
0.27105
0
0
0
0
0
0.14454
0
0.14971
0.17638
0.09233
0.16889
0.02427
0.02524
0.07262
0.34961
0
0.21525
0.1455
0
0.06982
0.17553
0
0.06702
0
0.19761
0
0
0
0
0
0
0.06864
0.06699
0.16226
0
0.21164
0
0.04886
0.06738
0
0
0
0
0.21762
0
0
0.17713
0.1766
0.06863
0
0.14151
0.27277
0.16193
0.09247
0
0
0
0
0.16582
0.21396
0.16967
0
0.31854
0
0
0
0
0
0.21805
0
0.20362
0.09231
0.26235
0
0.07404
0.14553
0
0
0
0.24453
0
0.09271
0.09197
0
0
0.16475
0
0
0.2052
0
0.13286
0.14156
0.10112
0
0
0.14525
0
0
0.16614
0
0
0.37398
0
0
0
0.06709
0
0
0.28781
0
0
0.14278
0.09938
0.23474
0
0.30239
0.20278
0.13447
0.17619
0.17632
0.16698
0
0.06832
0
0
0
0.21027
0.21215
0
0.06658
0
0.27811
0
0
0
0
0
0.06876
0
0.07359
0
0.37619
0.20561
0.1787
0.02427
0
0
0
0
0.12305
0
0
0
0.06815
0.17859
0.07365
0
0.35171
0.14956
0.12274
0.0446
0
0
0.18448
0
0.30968
0
0
0.2182
0
0.11669
0
0.30695
0
0.23425
0.14038
0
0
0
0.18489
0
0
0
0.21173
0.21009
0.07372
0
0
0
0.13957
0
0.21204
0.16355
0
0
0.0452
0.06843
0.07313
0
0.18388
0.09244
0
0
0.16631
0.18761
0.16861
0.29858
0.07365
0
0.0728
0
0.0678
0
0.0984
0.06891
0.34419
0.06862
0
0.06653
0
0.16865
0.14791
0.27239
0.20072
0
0.09825
0.06794
0.1672
0.06788
0
0
0.17549
0.09856
0.07383
0.14824
0.13025
0.0976
0
0
0.20557
0.19211
0.09859
0.17023
0.06827
0
0.09786
0.14059
0
0.06705
0
0.07284
0.37618
0.06741
0
0
0.22938
0.14543
0
0.16717
0.06895
0.06662
0.39677
0
0.09793
0.02228
0
0
0
0.02236
0
0.13369
0.07302
0.30425
0.1003
0.17283
0.06822
0
0.19575
0.04479
0.16767
0.05385
0.20236
0.27474
0
0
0
0.06813
0.17638
0
0.07292
0.09339
0
0.08854
0.07401
0.14773
0.09192
0
0.06832
0
0.13376
0.04476
0.13508
0.12417
0
0
0.27437
0.16296
0.21445
0.28381
0
0
0.16479
0
0
0
0
0
0.13501
0.1658
0.16796
0.27028
0.16237
0.16736
0.06743
0
0
0.29755
0.15465
0.22262
0
0.09887
0.19761
0.0669
0
0.19892
0
0.10317
0.20431
0.13406
0
0.08959
0.16764
0.274
0
0
0.17683
0
0.17021
0.19039
0.06896
0
0.24452
0.16749
0.13933
0.06124
0.06767
0.14094
0
0
0
0.27237
0
0.06648
0
0
0.16798
0
0.39837
0.14733
0.16765
0.1794
0.06665
0.09278
0.14727
0.06786
0.13854
0
0.10104
0
0.17599
0.16692
0.09393
0.23795
0.12235
0
0
0
0.16857
0.14856
0
0.06696
0
0
0
0.06726
0
0
0
0.20598
0
0
0
0.12274
0.0932
0.16527
0
0.11135
0
0.1008
0
0.12406
0.09953
0
0
0
0
0
0.08339
0.09293
0.20359
0.09908
0.33173
0.09127
0
0.09361
0.24593
0.31106
0
0.07134
0.08845
0.16714
0
0.06883
0.07487
0
0.09005
0
0
0
0.21191
0.14238
0
0.1652
0
0.27445
0.16769
0.06652
0
0
0
0.14863
0.17169
0.13314
0.06763
0.13243
0
0.1683
0.19252
0.30261
0
0
0
0.06971
0.08845
0.09719
0.06697
0
0
0
0.09807
0.09304
0
0
0
0.21118
0.07681
0.13853
0.06668
0.07634
0.23638
0.16582
0.37151
0.14332
0.06798
0
0
0.06713
0
0
0.09319
0
0
0
0.06889
0.17599
0.11466
0
0.14752
0
0.1011
0
0
0
0.2345
0
0
0.16791
0.17283
0.09813
0.09854
0
0
0.06754
0.26997
0
0.02223
0.13889
0.06823
0.16828
0
0.04483
0.06649
0
0
0.10109
0
0
0.06827
0.06825
0
0.09657
0
0.06732
0.2061
0
0.02296
0.2743
0
0
0
0.17177
0.06727
0
0.17705
0.10056
0
0.30142
0.32737
0.17716
0.26475
0.06643
0
0
0
0
0.06803
0.09904
0
0.14726
0
0
0
0.37857
0.13498
0
0
0.16305
0.1012
0.18491
0
0
0
0
0.17627
0
0.04435
0.09339
0
0.27047
0.20686
0.0939
0.30876
0.09348
0.14743
0.03115
0.09863
0.22003
0
0.14081
0.34703
0
0.25209
0.20524
0.0918
0.168
0
0
0
0
0.27703
0.30032
0
0
0.09196
0
0
0.17636
0.06794
0
0
0.06998
0
0.20452
0.17937
0.02232
0
0.14299
0
0.28908
0
0.04512
0.24441
0.0756
0
0.14341
0
0
0
0.07464
0.06745
0.06742
0.14759
0.09856
0
0
0
0.16743
0.10001
0
0.07051
0.28303
0.09981
0.21288
0.17809
0.09782
0.30587
0
0
0.27433
0.29703
0.09049
0.06828
0
0.07353
0
0.27399
0
0
0.31523
0.20623
0.06802
0
0
0
0.06919
0.14099
0.17545
0
0.06735
0.11696
0.25868
0.35688
0
0
0.07611
0
0.09019
0
0.28022
0
0
0.09744
0.17973
0
0
0.27116
0.31578
0.1776
0.15747
0.06662
0.16916
0.09452
0.15089
0.21301
0.14798
0
0.27465
0
0
0.06929
0.28514
0
0.07543
0
0
0.19829
0.08793
0.09205
0
0.07409
0.25263
0.12232
0.11906
0
0.24605
0.07642
0
0
0
0.1059
0.12043
0.06777
0.21307
0.17508
0.16809
0.14652
0.06824
0.09375
0.11638
0.12189
0.14825
0.22141
0
0.20309
0.18761
0.14611
0.1438
0.17737
0.09321
0
0
0
0.06887
0.21471
0.117
0
0
0
0.0667
0
0.23248
0.09647
0.07124
0.14789
0.23594
0
0.23282
0
0.06765
0.07619
0.18628
0.32327
0.22466
0.14214
0
0
0.07073
0
0
0.16995
0
0.20364
0.20497
0
0
0.19617
0.13917
0.22454
0.17797
0
0.15131
0.17647
0.30715
0.06775
0.20215
0
0
0.10955
0.18547
0.09401
0.17301
0.17311
0.12012
0.27527
0
0
0
0.06867
0.34489
0
0
0.27224
0.14507
0.1764
0.13023
0.11651
0.2094
0.14169
0.06645
0.1326
0
0
0.13503
0.094
0
0.03397
0
0.19123
0.06743
0
0.26588
0.11671
0.07246
0.20283
0.04494
0.06884
0.22719
0.17759
0.17351
0.27235
0
0.16436
0.06866
0.13523
0.04473
0
0
0.17156
0.07103
0
0.06718
0.07256
0.30433
0.20272
0.20366
0.09592
0.07382
0.07334
0.13558
0
0.06862
0.13322
0.1072
0
0
0
0.07068
0
0
0.17955
0.0943
0.23266
0.21294
0.25093
0.30606
0
0
0
0.2707
0.05113
0.20538
0.17606
0
0.03394
0
0.07339
0
0
0.1473
0.19084
0.14247
0
0.19772
0.31114
0.18802
0.23873
0.21317
0
0.27718
0.07231
0
0.27175
0
0
0.27566
0
0.04573
0.11206
0.06244
0.21817
0.07255
0
0.23254
0
0.22132
0.0453
0.11894
0.09262
0.21364
0
0
0.10488
0
0
0.20252
0.20258
0
0.075
0.26578
0.23911
0
0.16814
0.17498
0
0
0
0
0
0
0
0
0.27405
0.14434
0.23697
0
0.24203
0
0
0.17515
0.27242
0.17995
0.20617
0.21109
0.25211
0
0.21227
0.23286
0.10239
0.12074
0.39557
0
0.20662
0.30382
0.16825
0.16703
0
0.34464
0.09546
0
0
0.11199
0.23181
0.14147
0.06997
0
0
0.07218
0.06753
0
0.24347
0.25758
0.21009
0
0.20342
0.14527
0.19238
0
0.34441
0.19759
0.13378
0.06698
0
0.14484
0
0.10116
0.14272
0.24278
0.02404
0.17588
0.07005
0
0.14222
0.23296
0.16668
0
0.07493
0
0
0
0.20723
0.07548
0
0.20699
0.06884
0.16646
0.13093
0.27306
0.08972
0.16857
0
0
0.21728
0
0.03501
0
0
0
0.21179
0.16929
0
0.07688
0
0.21581
0
0.07309
0.09332
0
0
0
0.0742
0.21741
0
0.16281
0.3041
0.2098
0.19199
0.13499
0.27633
0.30421
0
0.1654
0.28239
0.16321
0
0.30673
0.04766
0
0.10093
0
0.27415
0.14393
0
0
0.27393
0.10172
0
0
0.18842
0.09435
0.24891
0.36669
0.20519
0.06971
0.21365
0.06824
0.21203
0.25959
0.21339
0.19753
0
0.14324
0
0
0
0.0747
0.34893
0
0.14258
0.14268
0.07341
0.08385
0.19555
0.14715
0.30351
0.07904
0.06934
0
0
0.10512
0.23904
0.06757
0
0.27067
0.09954
0
0
0
0.19688
0.28473
0.1439
0.13344
0.20516
0.1047
0.23627
0.23825
0
0.06898
0.10091
0.20546
0.21251
0.20217
0.08947
0.23631
0.16953
0.17953
0
0.09968
0
0
0.07546
0.17537
0
0
0.10262
0.10577
0.09377
0.16423
0
0.02645
0.06859
0.17751
0
0.17808
0.07099
0
0.06779
0
0
0.21791
0
0.2354
0.06842
0
0
0.27716
0
0.24349
0.21432
0.16967
0
0
0.12752
0
0.09711
0
0.16825
0.21864
0.07327
0.10274
0.25535
0
0
0.21331
0
0
0.16714
0.27825
0.20226
0.06666
0.08965
0
0.20169
0.3351
0.10726
0.12711
0.23762
0
0
0.21453
0.07009
0
0.24246
0.28408
0
0.1891
0.17354
0
0.17752
0.21279
0.09981
0.16619
0.14073
0
0.2402
0.21244
0
0.073
0
0.30826
0.06881
0.21941
0.16809
0.14392
0.02536
0
0.18891
0.18559
0.21182
0.1397
0.17793
0.17737
0.09613
0.07064
0.102
0.06646
0.16693
0.02521
0.07405
0.2156
0.21366
0.10724
0
0.1667
0.18357
0.14509
0.17634
0.16291
0.20292
0
0.2445
0.30623
0.10488
0.22824
0.17788
0.19204
0.3262
0.25249
0.2325
0.2024
0.09291
0.16639
0.17755
0.06926
0.13361
0.09705
0.09863
0.1495
0
0.25501
0.09
0.21529
0.17667
0.06647
0
0
0.07568
0.1421
0.1313
0.12167
0.25198
0
0.09778
0.1402
0
0
0.2529
0.14255
0.17643
0
0.21957
0
0.23662
0.10356
0
0
0.1747
0.23683
0
0.21247
0.17437
0.10011
0.16884
0
0.06866
0.24919
0.14091
0
0.19531
0.1428
0.16381
0.25173
0.30241
0.07674
0.17733
0.2113
0.10025
0.30369
0.21874
0.19631
0.14828
0.34784
0.17998
0
0.18066
0.14788
0
0.1853
0.16816
0.17275
0.16979
0.27499
0.14785
0.14442
0.30464
0.1422
0.19034
0.0731
0.17964
0.21024
0.27443
0
0.07598
0
0.07253
0.07076
0
0.04873
0.17786
0.23707
0.25185
0.17831
0
0.10931
0
0.12461
0.27774
0.18171
0.13079
0.17388
0.13431
0.22774
0.0977
0
0
0
0.14039
0.19717
0
0.06807
0
0
0
0.14385
0.16905
0.19889
0
0.27748
0.2128
0.09715
0.18067
0.04864
0.24783
0.22266
0.067
0.23666
0.04601
0.14101
0.31466
0.24444
0.13499
0.12372
0.09814
0.08918
0.11224
0.25506
0
0.17123
0.14531
0
0.28566
0.09918
0
0
0.22967
0.10822
0.26577
0.07562
0.3295
0.1347
0.17705
0
0.24992
0.25324
0.06727
0
0.07215
0.1441
0.19269
0.21378
0
0.10622
0.09189
0
0
0
0.12515
0.14228
0.21313
0.1675
0.14102
0.35267
0
0.27138
0
0.09838
0.06621
0.14534
0.16863
0.17308
0
0
0.14033
0.03564
0.17229
0.27271
0
0
0.06729
0.09597
0.21105
0.07357
0.06783
0.23368
0.16415
0.21351
0.12084
0
0
0.09838
0.20581
0
0.19683
0.09363
0.25241
0.1774
0
0.25574
0.1379
0.1444
0.21448
0
0.20359
0.14854
0
0.06718
0
0.04532
0.09329
0.20368
0.25366
0
0.30666
0.07518
0.16748
0.19761
0
0.14441
0.12229
0.09785
0
0
0.26328
0.10063
0
0.11152
0
0
0.21265
0.14871
0.13973
0.03413
0
0.07623
0.21472
0.07624
0.07358
0.13115
0.21443
0.09736
0.16768
0.0988
0.07162
0
0.14526
0
0
0.25424
0
0.22088
0.123
0.21716
0.21727
0.24814
0.0705
0
0.21558
0.07232
0.14889
0.31614
0
0
0.25369
0.13449
0.12943
0.33726
0.22306
0.18058
0.25141
0.23278
0.07357
0
0.27451
0.14094
0.10359
0.21728
0.0989
0.22305
0.1614
0
0.19942
0.39605
0.14848
0.07349
0.23787
0.24678
0.24906
0.22344
0.07141
0.17747
0.31279
0.32224
0.25998
0.24832
0.06389
0.10108
0.25685
0
0.16597
0.12553
0.04816
0
0.22059
0.11198
0.16933
0.09901
0.19243
0.24538
0.22445
0.21405
0.14468
0.32278
0.34654
0
0.09694
0
0.15221
0.07027
0.1848
0.09316
0.03077
0
0
0
0.07366
0.14893
0.10707
0.25458
0.28013
0.16899
0
0.14926
0.32652
0
0
0
0
0
0.14106
0.2321
0.24683
0.30383
0.25067
0.10713
0.06765
0.25024
0.10369
0.17932
0.10241
0.21616
0.29962
0.07596
0
0
0.15035
0.07377
0.0675
0
0.13317
0
0.07569
0.13388
0.22079
0.20334
0.19333
0.176
0.21427
0
0.03188
0.10133
0.19759
0.16918
0.19808
0.07973
0
0.07375
0
0.09605
0.1807
0.14093
0
0.11618
0
0.12538
0.21333
0
0.09686
0.28945
0.12798
0.24059
0.22301
0.17341
0.02415
0.04917
0.1754
0.25138
0.16547
0.07368
0.24968
0.0256
0.13961
0.07422
0.13939
0.14972
0
0.12579
0
0.25242
0.2229
0.36802
0.13984
0
0.06551
0.06921
0.07184
0.21351
0
0.17412
0.07727
0.18366
0.09876
0.10047
0.0224
0.07201
0.303
0
0.09869
0
0.10101
0.21581
0
0
0
0
0.07509
0
0.25297
0.0932
0.04973
0.20517
0.18043
0
0
0.25411
0.21527
0
0
0.18021
0
0.09909
0.25297
0.32485
0
0
0
0
0.25031
0.15204
0
0.17299
0.21355
0.24482
0
0.24964
0
0.2221
0.24787
0.19794
0
0.22259
0
0.21176
0
0.19349
0.25046
0.14267
0.25244
0.24617
0.25295
0.17915
0.28979
0.3262
0.24018
0.25083
0
0.13905
0.18524
0
0.14208
0.07162
0.27757
0.13903
0.24836
0
0.22787
0
0.25221
0
0
0.02252
0.19904
0
0.17619
0.18513
0
0.07462
0.17832
0.3043
0.22465
0
0.07192
0
0
0
0.13299
0.20606
0.06611
0.17589
0.29955
0.29096
0
0.17828
0.06649
0.09376
0
0.03109
0.10107
0.30707
0.17857
0.17231
0.17789
0
0
0.06678
0.05031
0
0
0.17836
0.10549
0.13841
0.28125
0.21356
0.2482
0.06822
0.16888
0.15029
0.09073
0.10648
0.32311
0
0.19914
0.0977
0.07384
0
0.18559
0
0
0.15625
0.09525
0.27248
0.30429
0.42181
0.21687
0.06815
0.17298
0
0.12175
0.07406
0
0.14539
0.14727
0
0.10762
0.07582
0.09985
0.04468
0.15101
0.17856
0.0326
0
0.27631
0.14268
0.09779
0
0.10852
0.06821
0.14251
0.16893
0.09298
0
0.09914
0.12492
0.19516
0.07057
0.09806
0
0.10449
0.23791
0.15021
0
0.1564
0.17879
0
0
0.15314
0.23581
0.07416
0.139
0
0
0
0.14284
0.06764
0.07142
0.09327
0.22806
0.24623
0.16496
0.24999
0.17019
0
0.1163
0.14964
0.0684
0.07044
0
0.13845
0.17037
0.39958
0.27517
0.22321
0.17823
0
0.07647
0.21269
0
0.30553
0.07647
0.09842
0
0.0227
0
0.17468
0
0
0.10177
0.02552
0
0
0.10086
0.39414
0.06509
0.09637
0.1854
0.13667
0.21662
0.13291
0
0.17881
0.20326
0.16925
0.17001
0.16993
0
0.07094
0.15046
0.14394
0.31788
0.14953
0.21753
0.26456
0.21744
0.22843
0.24041
0.30578
0
0
0.10457
0.36781
0.15058
0
0.14771
0.09873
0.15075
0
0.23835
0.10218
0
0.22589
0.13261
0.07634
0.25935
0.09766
0.32298
0.16882
0.16559
0.06862
0.24087
0.21905
0.07282
0.06831
0.13253
0.25294
0.06766
0.15122
0.17295
0.17333
0
0.24206
0
0.0743
0.2516
0
0.06736
0.14557
0.24251
0.10372
0
0
0.16762
0.07374
0.07643
0.21631
0.13265
0.25196
0
0.10105
0.23244
0.10924
0.17923
0.24053
0.17969
0.24755
0.10256
0
0.20633
0.18633
0.16879
0
0.32109
0.09443
0.16813
0.15143
0.13909
0.15114
0.39635
0.396
0
0.14963
0.09434
0.39735
0.24776
0.16807
0.09154
0.1653
0.17909
0
0.26434
0.09327
0
0.2195
0.09808
0.10136
0.17962
0.03225
0.06835
0.17938
0
0.2154
0.24083
0.06577
0.11719
0.23826
0
0.21979
0.07377
0
0
0.18403
0.07144
0.02474
0.04473
0.09784
0.06758
0.09871
0.10301
0.21793
0.16759
0.29262
0.10633
0
0.12401
0.23661
0.24203
0.18473
0.17028
0.25154
0
0.21292
0.18189
0.27131
0.17879
0.13919
0.39674
0
0
0.06721
0.10188
0.39829
0.21647
0.07155
0.2132
0.21656
0.06889
0.17993
0
0.32969
0
0.03307
0
0.09904
0.18752
0.25483
0.39847
0.20574
0.19212
0
0.14022
0
0.09842
0.1688
0
0.24521
0.16793
0
0
0.17319
0.16932
0.08989
0
0.03408
0.10185
0.06722
0.24135
0
0
0.3097
0.16847
0.21963
0.2333
0.16756
0.05164
0.14647
0.09927
0.24434
0.33282
0.21764
0.16863
0.16122
0.2144
0.14565
0.0764
0.16023
0.06883
0.10205
0.16666
0.20737
0.06829
0.11791
0.23844
0.21355
0.32263
0.13762
0.16899
0.1074
0
0
0.07149
0.35787
0
0.06864
0.14966
0.28695
0.14999
0.16914
0.34914
0.10141
0.16911
0.14041
0
0.25279
0.14066
0.0674
0
0
0.14675
0.26014
0.14582
0.17638
0
0.09672
0.10141
0.17226
0
0.13786
0
0.10038
0.14067
0
0.21701
0.16907
0.16876
0.26016
0
0
0.06869
0.27188
0.0967
0
0
0.16664
0.21465
0.06737
0.06897
0
0.14099
0.12652
0.09488
0.18189
0.06772
0.10174
0.1537
0.06853
0
0.18316
0.07552
0
0.09521
0.2874
0
0.23873
0.0689
0.10283
0.14333
0.10222
0.10554
0
0.06818
0.26656
0
0.09819
0.33467
0.09551
0.21487
0.25207
0
0.33125
0
0
0.25994
0
0.09493
0.09221
0
0.19492
0
0
0.20088
0
0
0.35763
0.18108
0
0
0.17869
0.07533
0.11873
0.20393
0.17331
0.18283
0.13144
0.06834
0
0.16924
0.09416
0.32433
0.07081
0.34262
0.17355
0.16885
0.20865
0
0
0.22278
0.09338
0.09117
0.26632
0.20285
0.21483
0.36908
0.09239
0
0.15347
0
0.10493
0.06897
0
0.12883
0
0.20654
0.16816
0.22935
0.26046
0.14549
0
0.05908
0.20446
0
0
0.09356
0.09811
0.14866
0.268
0.05661
0.068
0.21541
0.09752
0.23452
0.1664
0.15255
0.09688
0
0.13755
0.203
0
0.03464
0.0749
0
0.19712
0
0.14907
0.09202
0.13102
0.16945
0.05162
0.21655
0.36878
0
0.24096
0.15673
0
0
0.30661
0.06848
0
0
0.09171
0
0.14793
0.0686
0.1743
0.25482
0
0
0.04826
0.16916
0.09918
0
0
0
0.18692
0.23252
0.26036
0
0.26527
0.26037
0.06831
0.22884
0.09596
0.16948
0.12953
0.096
0
0
0
0.15241
0.0915
0
0.16942
0
0
0.17662
0
0.21669
0
0.16959
0.09538
0.09889
0
0.31117
0.15397
0.25961
0.2418
0.09125
0
0.17922
0.06872
0.12066
0.09395
0.09077
0.06253
0.2701
0
0
0.15253
0.16662
0.06925
0.1032
0.17838
0
0.09147
0
0
0.09211
0.25961
0
0.26351
0
0
0
0.1244
0.1247
0.09055
0
0
0
0
0.08923
0.17286
0.20961
0
0.14924
0
0.09068
0.09451
0
0.18445
0.09004
0
0.18175
0.03119
0.28143
0
0.11595
0.21385
0.09142
0.1939
0.15305
0.17025
0.10241
0.1711
0
0.12728
0.27355
0
0.09205
0.09121
0.26008
0
0
0
0
0
0.10412
0
0
0
0.12828
0.21411
0.15442
0.09124
0
0.06128
0
0
0
0.30689
0.02573
0.24815
0
0.08946
0.0736
0
0
0.15857
0
0.09434
0
0.0306
0.1533
0
0.09503
0
0
0.09094
0.16927
0
0.08336
0.09246
0
0.0596
0
0
0.09382
0.08992
0
0.23438
0
0.19091
0
0.1684
0
0.15437
0.10321
0
0.06913
0
0
0.10416
0
0.16827
0.02409
0
0
0
0
0
0.16882
0
0.17042
0
0.15181
0.25953
0.10433
0
0.09028
0
0
0.17036
0
0.10456
0.09163
0
0
0.16964
0
0.07283
0
0.09351
0.18207
0.07326
0.11756
0
0
0.18507
0
0.0689
0
0.02445
0
0.16933
0
0.13372
0
0
0
0.09427
0
0.09497
0
0
0
0
0.06829
0
0.18581
0
0.09111
0.29811
0.1695
0
0.06839
0
0.06907
0
0.30597
0
0
0
0
0.09151
0
0.23527
0
0.0903
0.16953
0
0
0
0
0
0
0.17729
0
0
0
0
0
0
0
0.22485
0
0
0
0.08979
0
0.28347
0
0
0
0
0
0
0.04863
0
0
0.05907
0.09834
0
0
0
0.22483
0.16918
0
0
0
0
0.06284
0.21743
0
0
0
0.1465
0.16857
0.24079
0.09897
0
0
0
0
0.10726
0.29288
0
0
0.16909
0.09108
0.09039
0
0
0
0.17053
0.14608
0.07297
0.02539
0
0
0
0.09988
0
0
0
0.27197
0
0.18715
0.16912
0.2714
0
0
0.18494
0
0
0
0.02559
0
0.14362
0.02968
0.07305
0
0
0
0
0.12145
0
0
0
0
0
0
0
0.07272
0
0
0.17048
0.1541
0.073
0
0.0906
0
0
0
0
0
0.1665
0.1664
0.16961
0.10293
0
0
0
0
0
0
0
0
0
0.1541
0
0
0
0.16987
0
0
0
0
0
0.095
0
0
0.10389
0
0
0.07288
0
0.18842
0
0.08991
0
0.24205
0
0.02298
0.32894
0
0
0
0.08958
0
0.09123
0.22215
0.16937
0
0
0
0
0
0
0
0.2587
0
0.21102
0.22219
0
0
0
0
0.10321
0
0
0
0.27052
0.21081
0
0.1273
0
0.07312
0
0
0.09015
0.19548
0
0
0
0.21086
0.09645
0
0
0
0.03176
0
0
0
0
0.07326
0
0
0
0
0
0
0.04896
0
0
0.33533
0
0
0.19505
0
0
0.22287
0
0
0
0
0
0
0
0.19355
0
0
0
0
0
0
0
0
0.25949
0
0.06891
0
0.09
0
0
0
0
0
0
0.07319
0.23456
0
0.0731
0
0
0
0
0
0
0.08983
0.10241
0
0.25915
0.06875
0
0
0
0
0
0
0
0
0.08922
0.09677
0
0
0.13835
0.08898
0
0.25903
0
0
0
0
0
0
0.0244
0
0.07292
0
0
0.16995
0.04614
0.19564
0
0
0
0
0
0.07329
0
0
0
0
0.08948
0
0.07325
0
0.08863
0
0
0
0.10743
0
0
0
0.04866
0
0
0.09131
0
0
0
0
0
0
0
0
0
0
0
0.18628
0
0
0
0.16042
0
0
0
0
0
0
0
0
0
0
0
0
0
0
0
0
0.0894
0
0
0
0
0
0
0
0.10261
0.02446
0
0
0
0
0
0
0.08969
0
0
0
0.09012
0
0.03415
0
0
0
0
0
0
0
0
0.26003
0
0
0
0
0
0
0
0.07719
0
0
0
0
0.07785
0
0
0
0
0
0
0.0916
0.07273
0
0
0
0
0.08911
0
0
0
0
0
0
0
0
0
0
0.16075
0.07282
0
0.09799
0
0
0
0
0
0
0
0
0
0
0.08866
0
0
0
0
0
0
0
0.07279
0
0
0
0
0
0
0
0
0
0
0
0.10361
0
0
0
0
0
0
0
0
0
0
0
0
0.26001
0
0
0
0
0
0
0
0
0
0
0
0
0
0
0
0
0
0
0
0
0
0
0
0
0.07318
0.09756
0
0
0
0.07344
0
0
0
0
0
0
0
0
0
0
0
0
0.0903
0.09776
0
0
0
0
0
0.09751
0.09763
0
0
0
0
0
0
0
0
0
0
0
0
0
0
0
0
0
0
0
0
0
0
0
0
0
0
0
0
0
0
0
0
0
0
0
0
0.08957
0
0
0
0
0
0
0
0
0
0
0.07319
0.10365
0
0
0
0
0
0
0
0
0.09746
0
0
0
0
0
0
0
0
0
0
0
0
0
0
0.05109
0
0
0
0
0
0
0
0
0.15782
0
0
0
0
0
0
0
0
0
0
0
0
0
0
0.0598
0
0.25539
0
0
0
0
0
0
0
0
0
0
0
0
0
0
0
0
0
0
0
0
0
0
0
0
0
0
0
0
0
0
0
0
0
0
0
0
0
0
0
0
0
0
0.069
0
0
0.07314
0
0
0
0
0
0
0
0
0
0
0
0
0
0
0
0
0
0
0
0
0
0
0.10731
0
0
0
0
0
0
0
0
0
0
0
0
0
0
0
0
0
0
0.07319
0
0
0.0977
0
0
0.08645
0
0
0
0
0
0
0
0
0
0
0
0
0.36563
0
0
0
0
0
0
0
0
0
0
0
0
0
0
0
0
0
0
0
0
0
0
0
0
0
0.18947
0
0
0
0
0
0.1418
0
0
0
0.09226
0
0
0
0
0
0
0
0
0
0
0
0
0
0
0
0
0
0
0.08553
0
0
0
0
0
0
0
0
0
0
0
0
0
0
0
0
0
0
0
0
0
0.19926
0
0
0
0
0
0
0.19472
0
0
0
0
0
0
0
0
0
0
0
0
0
0
0
0.1725
0
0
0
0
0
0
0
0
0
0
0
0
0
0
0
0
0
0
0
0
0.07331
0
0.15636
0
0
0
0
0
0
0
0
0
0
0
0.0998
0
0.08859
0
0
0
0.15664
0
0
0
0
0.07314
0
0.12681
0
0
0.07738
0
0
0
0
0
0
0
0
0.08557
0
0
0
0
0
0
0
0
0
0
0
0
0
0.08593
0
0
0
0.15669
0
0
0
0
0
0
0
0
0
0
0
0
0
0
0.02603
0
0
0.17361
0
0
0
0.15612
0
0
0
0
0
0
0
0
0.15558
0
0
0
0
0
0
0
0
0
0
0
0
0
0
0
0
0
0.07332
0
0
0
0
0
0
0
0
0
0
0
0
0
0
0
0
0.09548
0
0
0
0
0.07603
0
0.0771
0
0
0
0
0.12861
0
0
0
0
0
0
0
0
0
0
0
0
0
0
0
0
0.07583
0
0
0
0
0
0
0
0
0
0
0
0
0
0
0
0
0
0
0
0
0
0
0
0
0
0
0
0
0
0
0
0.09613
0
0
0
0
0
0
0
0
0
0
0
0
0
0
0
0
0
0
0
0
0
0
0
0.07636
0
0
0
0
0
0
0
0
0
0
0
0
0
0
0.08624
0
0
0.17113
0
0
0
0
0
0
0
0
0
0
0
0
0
0
0
0
0.05072
0
0
0
0
0
0
0
0
0
0
0
0
0
0
0
0
0
0.07718
0
0
0
0
0
0
0
0
0
0
0
0
0
0
0
0
0
0.08664
0
0
0
0.171
0
0
0
0
0
0
0
0.07663
0
0
0
0
0
0
0
0
0
0
0.15332
0.07724
0
0
0
0
0
0
0
0.07836
0
0
0
0
0
0
0
0
0.09542
0
0
0
0
0
0
0
0
0.07738
0
0.06223
0
0
0
0
0
0
0
0.08507
0
0
0
0
0.07897
0
0
0
0
0
0
0
0
0
0
0.05584
0
0
0
0
0
0
0.09427
0
0
0
0
0
0
0
0
0
0
0
0
0
0
0
0
0.10675
0
0
0
0
0
0
0.08489
0
0
0.05074
0
0
0
0
0
0
0
0
0
0
0
0
0
0.07828
0
0
0.1695
0
0
0
0
0
0
0
0
0
0
0
0.08757
0
0
0
0
0
0
0
0
0.15616
0.15554
0
0
0
0
0.02924
0
0
0
0
0
0
0
0
0
0
0
0
0
0
0.06244
0
0
0
0
0
0
0
0.07639
0
0
0
0
0
0
0
0
0
0
0
0.12712
0
0
0.16835
0
0
0
0
0
0
0
0
0
0
0
0
0
0
0
0
0
0
0
0
0
0
0.07913
0
0
0
0
0
0
0
0
0
0
0
0
0
0
0
0
0
0
0
0.16796
0
0
0
0
0.05289
0
0
0
0
0
0
0
0
0
0
0
0
0
0
0
0
0
0
0.0505
0
0
0
0
0
0
0
0
0.07655
0
0
0
0
0
0.15559
0
0
0
0
0
0
0
0
0
0
0
0.02524
0
0
0
0
0
0
0
0
0
0
0
0
0
0.08649
0
0
0
0.16839
0.07938
0
0
0
0
0
0
0
0
0
0
0
0
0
0
0
0
0
0.07793
0
0
0
0
0
0
0
0
0
0
0
0
0
0
0
0
0
0
0
0
0
0.07623
0
0
0.12993
0
0
0
0
0
0
0.07303
0
0
0
0
0
0
0
0
0
0
0
0
0
0.08616
0
0
0
0
0
0
0
0
0
0
0
0.17044
0
0
0.15516
0
0
0
0
0
0
0
0
0
0.13745
0
0
0.07643
0
0
0
0
0
0
0
0
0
0
0
0
0
0
0
0
0
0
0
0
0
0
0
0
0.07851
0
0
0
0
0
0
0
0
0
0
0
0
0
0
0.05119
0
0
0
0
0
0
0.33314
0
0
0
0
0
0.02811
0
0
0
0
0
0
0
0
0
0
0
0
0
0
0
0
0
0
0.0774
0
0.08641
0
0
0
0
0
0
0
0
0
0
0
0.07851
0
0
0
0.07872
0
0.25263
0
0
0.08449
0.08211
0.08687
0
0
0.17196
0
0.03105
0
0
0
0
0
0
0
0
0
0
0
0.08773
0
0
0
0
0
0
0
0.07752
0
0
0
0
0
0
0.08502
0
0
0.08556
0
0
0
0
0
0
0
0
0.08223
0.08725
0
0
0
0
0
0
0.08461
0
0
0
0
0.25495
0
0.07663
0
0
0.07763
0
0
0
0.084
0.08461
0
0
0.03113
0
0
0
0
0
0
0
0
0
0
0
0
0
0.14016
0
0
0
0
0
0
0
0
0
0.25368
0
0
0
0
0
0
0
0
0
0
0
0
0
0
0
0
0
0
0
0.08983
0
0
0
0
0
0
0
0.16832
0
0
0
0
0
0
0
0
0
0
0
0
0
0.09345
0
0.08739
0
0
0.07679
0
0
0
0
0
0
0
0
0
0
0
0.09413
0
0
0
0.08772
0
0
0
0
0
0
0
0
0
0
0
0.10345
0
0
0
0.15453
0
0
0
0
0
0
0
0
0.1684
0
0
0
0
0
0.07806
0.08624
0
0
0
0
0
0.07655
0
0.07714
0.15616
0
0.08479
0
0
0.08698
0.08695
0
0.16835
0
0
0
0
0
0
0
0.16813
0.22309
0
0.05648
0
0
0
0.1551
0
0
0
0.33208
0
0
0
0
0
0
0.05135
0
0
0
0
0.15491
0
0.15785
0
0
0
0
0
0
0.15679
0
0
0
0
0
0
0
0
0
0
0
0
0
0
0.07686
0
0
0
0
0
0
0
0.16991
0
0
0
0
0
0
0
0
0
0
0
0
0
0
0
0
0
0
0.10447
0
0
0
0
0
0.17467
0
0
0
0
0
0
0
0
0
0
0
0
0
0
0
0
0
0
0
0
0
0
0
0
0.07764
0
0.08677
0
0
0
0
0
0
0
0
0
0.07773
0
0.03155
0
0
0
0
0
0
0.25341
0
0
0.16839
0.05814
0
0
0
0.0849
0
0
0
0
0
0
0
0
0
0.06298
0
0
0
0
0.08673
0
0
0
0
0
0
0
0
0.08675
0
0.08696
0.07715
0
0
0.07858
0
0
0
0
0
0
0
0
0
0
0
0
0
0.07841
0.08596
0
0
0
0
0
0
0
0
0
0
0
0
0
0
0
0
0.22714
0
0.08449
0
0
0
0
0
0.07781
0
0
0
0
0
0.12969
0
0.08602
0
0
0.28258
0
0
0
0.08705
0
0
0
0
0
0
0
0
0.11186
0
0
0
0.1209
0
0
0
0
0
0
0.3096
0
0
0
0
0
0
0
0
0
0
0
0
0
0
0
0
0
0.08096
0
0
0
0
0
0
0
0.02804
0.07712
0.12909
0
0
0
0
0.08183
0
0
0
0
0
0
0
0
0
0
0
0
0
0
0
0
0
0
0
0
0
0
0.15837
0.33933
0
0
0
0
0.15721
0
0
0
0
0
0.08371
0
0
0
0.17526
0.08587
0
0
0
0
0
0
0
0
0
0
0
0
0
0
0
0.16956
0
0
0
0
0
0
0.07838
0
0
0.09089
0
0
0
0
0
0
0.0777
0
0
0
0
0
0
0.02765
0
0
0
0
0
0
0
0
0
0
0
0
0
0
0.08656
0
0
0
0
0
0
0
0
0
0
0
0
0
0
0
0
0
0.08142
0
0
0
0
0
0
0.25415
0
0
0
0
0
0
0.15687
0.07747
0
0
0
0
0
0
0
0
0
0
0
0
0
0
0
0
0
0
0
0
0
0
0
0
0.07681
0
0
0
0
0
0
0.08598
0
0
0
0
0
0
0.07818
0
0
0
0
0
0
0
0
0
0
0.12859
0
0
0
0.15675
0
0.08084
0
0.05337
0
0
0
0.08587
0
0
0
0
0
0
0
0
0
0
0
0
0
0
0
0
0
0
0
0
0
0
0
0
0.08319
0
0
0
0
0
0
0
0
0
0
0
0
0
0.15771
0
0.41854
0
0
0
0.1565
0
0
0
0
0
0
0
0
0
0
0
0
0
0
0
0
0
0
0
0
0
0
0
0
0.07832
0
0.18794
0
0
0
0
0.08509
0.16877
0
0.15619
0
0.0861
0
0
0
0
0.08552
0
0
0
0
0
0
0.16122
0
0
0.22009
0.07885
0
0
0
0
0
0
0
0
0
0
0
0.33247
0
0.08519
0.08459
0.10391
0
0
0
0
0.07643
0
0
0
0
0
0
0
0
0
0
0.08552
0
0
0
0.08511
0
0
0
0
0.06137
0
0.17027
0
0
0
0
0
0
0
0
0
0
0
0
0
0
0
0
0
0.0612
0
0
0
0
0
0
0
0
0
0
0
0
0
0
0
0
0
0
0.08428
0
0
0
0
0.02829
0
0
0
0
0
0
0.05744
0
0
0
0
0.10636
0
0
0
0
0
0
0
0
0
0
0
0
0
0
0
0
0
0
0
0
0
0.07634
0.33715
0
0.02588
0.05503
0
0.10297
0
0.08624
0
0
0
0
0
0.16833
0
0
0.05693
0
0
0
0
0.0279
0
0.11303
0
0
0.2551
0
0
0
0
0
0
0
0.17352
0
0.02629
0
0
0
0.2531
0
0
0.08397
0
0
0
0
0
0.10759
0
0
0
0.10701
0
0
0
0
0.19009
0
0
0
0
0
0
0
0
0
0
0.25403
0
0.08446
0.16116
0
0
0.08516
0.07877
0
0
0
0
0.08434
0
0
0
0
0.10301
0
0
0
0
0
0.24995
0
0
0
0
0.16976
0
0
0
0.09323
0
0
0
0
0.36186
0
0
0
0
0
0
0
0
0.08505
0
0.17059
0
0.08727
0
0
0
0
0
0
0
0
0
0
0
0
0
0
0
0
0.16112
0
0
0.30552
0
0
0
0
0
0
0
0
0
0
0
0
0
0
0.08516
0.08283
0.16831
0.20958
0
0
0
0
0
0
0
0
0
0.08888
0
0
0
0
0
0
0
0.08407
0
0
0
0
0.17027
0
0
0
0
0
0
0.15802
0
0.08494
0
0
0
0
0
0
0
0
0
0.08516
0
0
0
0.20048
0
0.09329
0
0
0.14067
0
0.25531
0
0
0.41898
0
0
0.1683
0
0
0
0
0
0
0
0
0
0
0
0
0
0
0
0
0
0
0.08381
0
0.171
0
0
0.17217
0
0
0
0
0
0
0
0
0.21019
0.0897
0
0
0
0
0
0
0.08675
0
0.08836
0.07837
0
0
0
0
0
0.33215
0.25458
0
0
0
0
0
0
0
0
0
0
0
0
0
0
0
0
0
0
0
0
0
0
0
0
0
0
0
0
0
0
0
0
0
0
0.08692
0
0
0.11911
0
0
0
0
0
0.02919
0
0
0
0
0
0.0855
0
0
0
0
0
0.08377
0
0
0.02651
0
0
0
0
0
0
0.25459
0
0
0.08283
0
0
0.25022
0
0.0301
0.07992
0
0
0
0
0
0
0
0.05292
0
0
0
0
0
0
0.09446
0
0
0
0
0
0
0
0
0
0.09022
0
0.08439
0
0
0
0
0
0
0
0.07888
0
0
0
0
0
0
0
0
0
0
0
0
0
0
0.09511
0
0
0.36134
0
0
0
0
0.41975
0
0
0.09229
0
0
0
0
0
0
0
0
0
0
0.17229
0
0
0
0.17143
0
0
0
0
0
0.17312
0
0
0
0
0
0
0
0.17033
0
0
0
0
0
0
0
0
0.17332
0.0849
0
0
0
0
0
0.3926
0
0
0
0
0
0
0
0.25288
0
0
0.22525
0
0.0588
0
0
0
0
0
0
0.16938
0
0
0
0
0
0
0
0
0.1706
0.1711
0
0.16835
0
0
0
0
0
0
0
0
0
0
0
0
0
0.34551
0
0
0
0
0
0
0
0
0.41953
0
0
0
0.15979
0.08815
0
0
0
0
0
0
0
0
0
0
0
0
0.22307
0
0
0
0
0.02792
0
0
0.05689
0.08422
0.07968
0
0
0
0.03133
0
0
0
0
0
0
0
0
0
0
0
0
0
0
0
0
0
0
0
0
0
0
0
0
0.16859
0.0559
0
0.07784
0
0
0
0
0
0
0
0
0.0829
0
0
0
0
0
0
0
0
0
0
0
0.16834
0
0
0
0
0
0
0
0
0.02799
0.14021
0.08422
0
0
0
0
0
0
0
0
0
0
0.08033
0
0
0.08717
0
0
0
0
0.02797
0
0
0.27384
0
0.0921
0.06114
0
0
0
0
0
0
0
0
0
0.02665
0
0
0
0
0
0
0
0
0
0
0
0
0.13988
0
0
0.22552
0
0
0
0
0
0
0
0
0.07812
0
0
0
0
0.17357
0
0
0
0
0
0
0
0
0
0.13222
0.17425
0
0
0
0
0.08739
0
0
0
0.08028
0
0
0
0
0
0
0
0
0.08753
0
0
0.17259
0
0
0
0
0.08531
0
0
0.25382
0
0
0
0
0
0
0
0
0
0
0
0
0
0
0.25618
0
0
0
0
0
0
0
0.41309
0
0
0
0
0
0
0
0
0
0
0
0
0
0
0
0
0
0
0
0.08423
0
0
0
0
0
0
0
0
0
0
0
0
0.19189
0
0.11117
0
0.08034
0.02971
0
0.05227
0
0
0
0
0
0
0
0
0
0
0
0.1702
0
0
0
0
0
0
0.07849
0.05748
0
0
0
0
0
0
0
0
0
0
0
0
0
0
0.09265
0
0
0
0
0
0
0
0
0
0
0
0
0
0
0
0
0
0
0
0
0
0
0
0
0
0
0.13384
0
0
0.25525
0
0
0
0
0
0
0
0
0
0
0
0
0
0.09353
0
0
0
0
0
0.08425
0
0
0
0
0
0.08339
0.08345
0.25509
0
0
0
0
0
0.08472
0.08403
0
0
0
0
0
0.07918
0
0
0
0
0
0
0
0
0
0
0
0
0
0
0
0
0
0.31261
0
0
0
0
0
0
0
0
0
0
0
0
0
0
0
0
0
0
0
0
0
0
0
0
0
0.16843
0
0
0
0
0
0
0
0
0
0
0
0.33247
0
0
0
0.16008
0.11966
0.08434
0
0
0
0
0
0
0
0
0
0
0
0
0
0
0
0
0
0
0
0
0
0
0
0
0
0
0
0.08423
0
0
0
0
0.16845
0
0
0
0
0
0
0
0
0
0
0.09157
0.0816
0
0
0
0
0
0
0
0
0
0
0
0
0
0
0
0
0
0
0
0
0
0
0
0.16841
0
0
0
0.09741
0.09415
0
0
0
0
0
0.16922
0
0
0
0
0.15968
0
0
0
0
0
0
0.22017
0
0
0
0
0
0
0
0
0
0
0.16816
0
0
0
0
0
0
0.10742
0
0
0
0
0
0
0
0
0
0
0
0.2537
0
0
0
0
0
0
0
0
0
0
0
0
0
0.08566
0
0.33337
0
0.09151
0
0
0
0
0.08979
0
0.09747
0
0
0
0
0
0
0
0
0
0
0.17158
0
0
0.09298
0
0
0
0
0
0.31381
0
0
0
0
0
0.41961
0
0.16827
0.02884
0.16826
0
0
0.08282
0
0.08416
0
0
0
0
0
0
0
0.29654
0
0
0
0
0
0
0
0
0
0
0.10286
0
0
0
0.48833
0
0
0
0
0
0
0
0
0
0
0.16121
0
0
0
0.08885
0
0
0
0
0
0
0
0
0.08345
0
0
0.08136
0
0
0
0
0
0
0.16834
0.13231
0
0
0
0
0
0
0
0
0
0
0
0
0
0
0
0
0
0
0
0
0
0.08307
0
0.08307
0
0
0
0
0
0
0
0
0.10284
0
0
0.23261
0.21606
0
0
0
0
0
0
0
0
0
0
0
0
0
0
0.1334
0
0
0
0
0
0
0
0.24172
0
0
0
0
0
0
0
0
0.08563
0
0
0
0
0
0
0
0
0
0
0
0
0
0.09172
0
0
0
0
0
0
0
0
0
0
0
0
0
0
0.06843
0
0
0
0
0
0
0
0
0
0
0
0
0
0
0
0
0.25434
0
0
0
0
0
0
0
0
0
0.08927
0
0
0.1599
0
0
0
0.24526
0
0
0
0.14725
0.1023
0
0
0.1431
0
0
0
0
0
0
0.1741
0
0
0
0
0
0
0
0
0
0
0
0
0
0
0
0
0
0.15934
0.25419
0
0.19769
0
0
0
0
0
0
0
0
0
0
0
0
0
0
0
0
0
0
0
0
0
0.31144
0.09324
0
0
0.18541
0
0
0
0
0
0
0
0.21171
0
0
0
0.15943
0
0
0
0
0.09074
0.08216
0
0
0.09101
0
0
0
0
0
0
0
0
0
0
0
0
0
0
0
0
0
0.02944
0
0
0
0.24328
0.09129
0
0
0
0
0
0.07934
0
0
0
0
0
0
0
0.24284
0
0
0
0
0
0
0
0.17519
0.22633
0.06368
0
0
0
0
0
0
0
0
0.16072
0
0
0
0.14173
0
0
0
0
0.24195
0
0
0
0
0
0
0
0
0
0.09363
0
0
0
0
0
0
0
0
0
0
0
0
0
0
0
0
0.21469
0
0.13486
0
0
0
0.09057
0
0
0
0
0
0
0
0
0
0
0.17549
0.02805
0
0
0
0
0
0
0.16827
0
0
0
0.08813
0
0
0
0
0
0
0.09365
0
0.21748
0
0
0
0
0.10825
0
0
0.38948
0
0
0
0
0
0.51159
0
0
0
0
0
0
0
0
0
0
0
0
0.25072
0
0
0.31004
0
0
0
0
0
0
0
0
0
0
0
0
0.24323
0
0
0.09096
0.06064
0
0.17619
0
0
0
0
0
0
0
0
0.20159
0
0
0
0
0
0
0
0
0
0
0
0
0
0.65727
0
0
0.02694
0
0
0
0.16836
0
0.60612
0.13714
0
0.02698
0
0
0
0
0
0.03126
0
0
0
0
0
0.15927
0
0
0
0.60662
0
0
0
0
0
0.09562
0
0
0
0
0
0
0
0
0
0
0
0
0
0
0
0
0
0
0
0
0
0
0
0
0
0
0
0
0
0
0.09083
0.05417
0
0.09379
0
0
0
0.1592
0
0
0
0
0
0
0
0
0.25174
0.08122
0.63923
0
0
0
0
0
0
0
0
0
0
0.24441
0
0.16829
0
0
0
0
0
0
0
0
0.15934
0
0
0
0
0
0
0.14978
0
0
0
0
0
0
0
0
0
0
0.63912
0
0
0.13961
0
0
0.02924
0
0
0
0
0
0
0
0.09497
0.06266
0
0.09448
0
0
0
0
0
0
0
0
0
0
0
0
0
0.16828
0
0
0
0
0
0
0
0
0
0
0
0
0
0
0
0
0.15979
0
0
0
0
0
0
0
0
0
0
0
0.08136
0
0.02982
0
0
0
0.18101
0
0
0
0
0
0
0
0.09479
0.11718
0.1602
0
0.16084
0
0.15936
0
0
0.1683
0
0
0
0.10562
0
0
0.28575
0
0
0
0
0.19018
0
0
0
0.25885
0
0
0
0
0
0
0.24529
0
0
0
0.09056
0
0
0
0.25085
0
0
0
0
0.54382
0
0
0
0
0
0
0
0
0
0
0
0
0.25832
0
0
0
0
0
0
0
0
0.21307
0.09353
0
0.19111
0
0
0
0
0
0
0
0
0
0.08862
0.08836
0.15873
0
0
0.08281
0
0
0
0
0.15902
0
0
0.09135
0
0
0.09438
0
0
0
0
0
0
0
0.30319
0.26096
0.24903
0
0
0
0
0.27027
0.09009
0
0
0
0
0
0
0.11113
0
0
0.17549
0
0
0
0
0
0
0.25861
0
0
0
0
0
0
0
0
0
0
0.09759
0
0.06826
0
0.16174
0.06286
0
0.37414
0.10294
0.09324
0
0
0
0.19576
0
0.32629
0
0.15874
0
0
0
0
0
0.03428
0
0
0.08765
0
0
0.15871
0
0.43139
0.13579
0.23318
0
0
0.14164
0
0
0.09976
0
0.3229
0
0
0
0
0
0.19642
0
0
0
0
0
0
0
0.32596
0
0.0684
0.1633
0
0.19118
0
0
0.08228
0
0.34528
0.0976
0
0
0
0
0.09975
0
0
0
0
0
0.16049
0
0
0.48075
0.25055
0
0.0611
0
0
0
0
0
0
0
0.17311
0
0
0
0
0
0
0
0
0
0.17481
0.07141
0.10555
0.13064
0.16081
0
0.24144
0.02938
0.19762
0.18562
0
0
0
0
0
0
0
0.35418
0
0.25006
0
0.07427
0
0
0.16029
0
0
0
0.19749
0
0.10367
0
0.14964
0
0.21789
0.35961
0
0
0
0.10015
0
0.10309
0
0
0.02883
0.08945
0.16508
0
0.39803
0
0
0
0
0
0
0
0
0
0
0
0
0.06284
0
0
0
0.10323
0.19135
0.14271
0
0
0
0
0
0.24534
0
0
0.10164
0.08695
0
0
0
0
0
0.17135
0.0922
0.03219
0
0.2513
0
0.24558
0
0.08791
0
0
0
0.09427
0
0
0.06156
0
0
0
0.08725
0
0.23937
0.08877
0
0
0
0
0.09503
0.09489
0
0
0.14089
0
0.09539
0
0.08943
0.16984
0
0
0
0
0
0.19745
0
0.51281
0
0.09237
0
0.08765
0
0.0288
0
0.08838
0
0
0.11243
0
0
0.24478
0
0.06202
0.22866
0.08991
0
0.11678
0
0
0
0
0
0.08221
0.54857
0
0
0
0
0
0
0
0
0.09524
0
0
0
0.22071
0
0
0
0.33953
0
0
0
0
0.04951
0.17467
0
0
0.25217
0.34174
0.19264
0
0
0
0.24429
0
0
0
0
0.12731
0
0
0
0
0
0
0
0
0
0.09657
0
0.20157
0
0.25212
0
0
0.06427
0
0.27843
0.27444
0.17614
0
0
0.35743
0
0.22626
0.10321
0
0.3579
0
0.25177
0
0
0
0
0
0.03349
0.25202
0
0.07445
0
0
0
0.37687
0
0.06258
0
0
0.10057
0
0.20104
0
0.75683
0.22131
0.14326
0
0.18947
0.03076
0.4633
0.20735
0.26296
0
0
0.22347
0.23593
0.08324
0
0
0
0.31466
0
0.24523
0.37865
0
0
0.09315
0
0.18223
0
0.08723
0
0
0.16832
0.17638
0
0
0.08396
0
0.43009
0
0.37648
0.22971
0.08664
0.13268
0
0
0
0.65538
0.43182
0.37961
0.37777
0
0.2788
0
0
0
0.09332
0
0
0.08744
0
0.10324
0.26493
0
0
0
0
0
0.08761
0
0.09266
0.06236
0.25115
0
0
0.20142
0
0.18277
0.35867
0.54046
0.24609
0
0
0
0.65847
0.09487
0.08435
0
0
0
0
0.24434
0.25001
0
0.15005
0
0.09556
0.09095
0.09506
0.19483
0.26006
0
0
0.17186
0.12042
0.67358
0
0.58092
0
0
0.34062
0.37891
0
0.65819
0.09167
0
0.068
0
0.2513
0
0
0.2611
0
0.60459
0
0.16834
0
0
0.09467
0
0
0.26431
0.43109
0.34
0.19632
0
0
0
0.1549
0
0.40374
0
0
0
0.09587
0.09608
0
0
0.08848
0
0.08697
0
0
0
0.24468
0.23366
0
0.49715
0.47035
0
0.25118
0
0
0.07286
0.3526
0
0.03455
0.17582
0.43249
0
0.22372
0
0
0
0
0
0
0
0
0
0.29442
0.61707
0
0
0
0
0.09594
0
0.4594
0
0
0.65994
0.03448
0
0.08906
0.36321
0
0.27889
0
0.0886
0
0
0.28485
0
0.08753
0
0
0.40236
0.50839
0.08984
0
0
0
0.43253
0
0
0
0
0.0942
0
0
0
0.5094
0.3537
0.50949
0.41832
0
0
0
0
0
0
0
0.66877
0.06939
0.09906
0
0
0
0.29289
0.50924
0.36008
0
0
0.67778
0.67515
0.54359
0.03043
0.62526
0.09442
0
0
0.69165
0.65435
0.42551
0
0
0.6726
0
0
0.19308
0
0.47244
0.41638
0.3582
0
0.26914
0.11331
0.33127
0
0
0.09525
0.07307
0
0
0.25112
0.48994
0
0.21688
0
0
0
0.08774
0
0
0.19065
0
0.1255
0
0.33207
0
0.2984
0.35893
0.19116
0.31461
0.25989
0
0.6522
0
0.07305
0.03033
0.2047
0.09075
0
0
0
0
0
0.42872
0.24489
0.22471
0.27678
0.31692
0
0.1163
0
0.06041
0.18123
0
0.54292
0
0
0
0.4295
0.26111
0
0
0
0.09077
0.6542
0.29544
0.30837
0
0
0.48992
0
0
0
0
0
0
0
0.08913
0.1194
0.65035
0.57753
0
0.34379
0
0
0
0.49247
0.1035
0.08978
0.52725
0
0
0
0
0.03134
0.30029
0.39964
0.29876
0.46505
0
0
0
0.16606
0.09537
0.08857
0
0.69299
0.3781
0.22478
0.65281
0
0
0.29486
0
0.4016
0.25786
0.33589
0.57712
0.37581
0
0
0.65507
0.40189
0.44999
0
0.10092
0.3742
0.23104
0
0.03061
0.14974
0.16839
0.17908
0.17566
0
0
0
0
0
0.17988
0
0.19439
0.0908
0
0
0
0
0
0
0.17502
0
0
0.38433
0.26157
0.24595
0
0.41314
0.39815
0.35633
0
0.46751
0
0.29329
0.65737
0.30144
0.09645
0
0.08213
0.48433
0
0
0
0
0
0.17514
0.09304
0.41424
0
0.09674
0
0.08231
0.26527
0
0
0
0.59716
0
0.19539
0.10262
0.0898
0
0.26329
0.24532
0.03036
0
0
0
0.33505
0
0.09024
0.09084
0.66674
0
0.18156
0.41299
0.4859
0.57522
0
0
0
0.08215
0
0
0.55685
0.51149
0
0
0.02486
0.2317
0
0
0.54687
0
0
0
0.41887
0
0
0
0
0.4284
0.19135
0.09135
0.09313
0.17619
0.56219
0
0
0.17639
0
0.48429
0.65998
0.22466
0.36945
0
0.08695
0
0.29082
0.41857
0
0.28542
0
0.29059
0
0
0.6557
0.10168
0.03197
0
0
0
0.24514
0.66454
0.39638
0.41723
0.10141
0.1024
0.3431
0.62548
0.63153
0
0.17629
0.38755
0
0.07441
0.11766
0
0
0.08713
0
0
0.36939
0.68815
0.42097
0
0
0
0.40276
0
0
0
0
0.46622
0.10037
0
0
0
0.64988
0.36808
0
0
0
0
0
0
0.56985
0.33818
0.18127
0.4275
0.55552
0.62635
0.66823
0.48253
0.48327
0.18022
0.07243
0
0.15891
0.20362
0.09236
0.26023
0
0.17133
0.22944
0
0
0.09276
0
0.67585
0.3441
0.3762
0
0
0
0.60019
0
0.27477
0.6966
0.16928
0.02738
0
0.33775
0
0.29152
0.54335
0
0.12398
0.34263
0.36511
0
0.53757
0
0.14019
0.10256
0.19028
0.54197
0.52964
0.22241
0
0.41394
0.33727
0
0
0.09434
0.1032
0.03098
0
0.03132
0
0
0.10201
0.09382
0
0.31589
0
0
0.4176
0.05507
0
0
0.0961
0.53
0
0
0
0.06347
0.12737
0.18025
0
0
0
0.10156
0
0.50419
0
0
0.23114
0.09475
0.26411
0.06199
0
0.32391
0.17461
0.23414
0.09404
0.26422
0
0.17968
0
0.0907
0.03022
0.03175
0
0.39147
0
0.03341
0.22733
0
0.09434
0.09674
0
0
0.09416
0.27501
0.24103
0.28806
0
0.4311
0
0.60194
0.09688
0.09474
0.29355
0.1024
0.09525
0
0.40888
0.43674
0
0
0.07461
0
0.1567
0
0
0
0
0
0.65426
0.10445
0.14955
0
0
0
0
0.19298
0.07457
0.1654
0
0.0332
0.198
0
0.08755
0.49293
0.17897
0.71595
0
0.22665
0.2033
0.41337
0
0.66975
0.40003
0.19029
0
0.10146
0.09172
0
0
0
0
0
0.13464
0.19304
0.52834
0.1045
0
0
0.1006
0.18103
0.07452
0
0
0
0
0.48559
0.09577
0
0.42889
0.41471
0.17463
0.08229
0
0.10086
0.24996
0.10444
0
0.57988
0
0
0.17507
0
0
0
0
0.57566
0
0
0.19816
0.09608
0.36895
0.41521
0.41296
0
0
0.09487
0.19429
0.16405
0
0
0
0.45338
0.43241
0
0
0
0.29217
0
0
0
0
0.48621
0
0.30008
0.09525
0
0
0.4205
0
0
0
0.29495
0.44334
0.46696
0.20452
0.31647
0.09623
0.09545
0.12151
0
0.30865
0.41973
0.24766
0
0.38569
0
0
0
0.15984
0.23023
0
0
0.20189
0.25817
0.06952
0.39137
0.54022
0.09427
0.08246
0.15186
0.22753
0
0.47946
0.10003
0.16702
0
0.54227
0
0
0
0.25827
0.35506
0
0.228
0.17435
0.42102
0.59794
0.1002
0.24222
0
0.48038
0.09506
0.3156
0.60746
0.03325
0
0
0.29012
0
0
0
0
0.4974
0.24191
0
0.10391
0.217
0.20343
0.10029
0
0.36364
0.21936
0.62644
0.10387
0.07419
0
0.09112
0.18174
0.58173
0
0.17559
0
0.55043
0.06652
0
0.30602
0.27929
0.24457
0
0
0
0.51977
0.03416
0.49291
0.17565
0.17453
0.65692
0
0
0.09488
0.39971
0
0.12438
0.48182
0.24448
0
0.18245
0.28913
0
0.29214
0.2445
0.47314
0.4595
0.4824
0.12674
0.33692
0.19221
0.42708
0.45675
0
0.12793
0
0.13303
0.51809
0.67876
0.43141
0
0
0.35172
0.16854
0.41132
0.56327
0.55183
0
0.32247
0
0
0.19282
0
0.09008
0.45644
0.09626
0.64278
0.10358
0.36192
0.13723
0
0.28849
0
0.36715
0
0.47835
0.37463
0.86844
0.21818
0.12231
0.104
0.18161
0
0.3535
0.37971
0.67388
0
0.12695
0.27031
0.04973
0.44454
0.17643
0
0
0.10128
0
0.64421
0.62483
0.03316
0.30884
0
0
0.09565
0.39946
0
0.57166
0.12696
0.32114
0
0.68915
0.16018
0.20332
0.24215
0.26835
0.13895
0.16213
0.16271
0
0.20324
0.29476
0
0.16369
0
0.3365
0
0.45988
0.21946
0
0.16283
0.2447
0
0.20303
0.18147
0.72529
0.16308
0
0.19577
0.24395
0.21731
0.47411
0.4469
0.49004
0.18075
0.65256
0.09735
0.20433
0.55248
0.30475
0.15483
0.39326
0.47668
0.09718
0.613
0.51035
0.21964
0.24491
0.32478
0
0
0.17321
0
0
0.26268
0.52354
0.10436
0.68981
0.15356
0.06889
0
0
0
0.24166
0.51973
0.39404
0
0.21289
0.64617
0.40749
0
0.43731
0.34245
0.29528
0.63651
0.4039
0.43906
0
0.36448
0.25721
0.31612
0.20398
0.26838
0.16227
0.28728
0.34311
0.55485
0
0.51461
0.20923
0.5875
0.22944
0.26828
0.34278
0.19076
0.29238
0.16992
0.51108
0.44939
0.20298
0.69426
0.24587
0.63707
0.18112
0.35162
0
0.32689
0.65388
0.70968
0.71035
0
0.22151
0
0.67021
0.1916
0.22185
0.33732
0
0
0.24441
0.09618
0.09886
0.78133
0.33694
0.1948
0.60445
0.24365
0.48984
0.75362
0.59321
0.69246
0.38769
0.28705
0.51121
0.42458
0.45625
0.19161
0
0.30281
0
0.07251
0.47673
0.38373
0.19499
0
0.27445
0.31175
0.08136
0.49821
0.59307
0
0.39399
0.45797
0.45253
0
0.6555
0.32024
0
0
0
0.24491
0.24159
0.16526
0.44513
0.18181
0.50505
0
0.42507
0.76122
0.27873
0.15818
0.24932
0
0.23536
0
0.35016
0
0.14624
0.24437
0.29106
0.2731
0.63364
0.1331
0.34396
0.2552
0.08118
0.21797
0.24415
0.31816
0.34128
0.24567
0.02737
0.20486
0.20752
0.33035
0.52542
0.2954
0.47661
0.24561
0.27448
0.61902
0.33753
0.31994
0.23982
0
0.24617
0.29478
0.0265
0.25527
0.27579
0.19399
0.62143
0.58301
0.18179
0.03085
0.66664
0.50973
0.34267
0.49685
0.59587
0.65377
0.17267
0.12189
0
0.19297
0.63896
0.26247
0.24275
0.26042
0.17304
0.44546
0.75143
0.40247
0.40701
0.67846
0.27532
0.18866
0.34334
0.45771
0.0744
0
0.52443
0.77927
0.14071
0.37525
0
0.94104
0.10297
0.46936
0.12067
0.69778
0.42921
0.35326
0.09355
0.56095
0.49381
0.12641
0
0.04987
0.50561
0.54958
0.58405
0.55729
0.27448
0.19827
0
0.45948
0.18082
0.55542
0.36662
0
0.18741
0
0
0.71025
0.48823
0.17849
0
0.24955
0.14146
0.41369
0.14956
0.78017
0.38917
0.58172
0.47141
0.55669
0.09244
0.03235
0.24035
0
0.36256
0.07437
0.47989
0.73731
0
0.09576
0.64599
0.24293
0.47403
0.26713
0.30849
0.53944
0.37032
0.64748
0
0
0.49845
0.6419
0.36918
0.65434
0.46278
0.12213
0.72131
0
0.2422
0
0.42689
0.10156
0.33679
0.49928
0.80956
0.62714
0.46419
0.42596
0.33868
0.63322
0.09366
0.70796
0.51155
0.53073
0.20723
0.5613
0.45594
0.61477
0.64404
0.61413
0.48745
0
0.57344
0.37778
0.22726
0.23976
0.21122
0.36997
0.77903
0.12765
0.61143
0.07916
0.36938
0.47065
0.12004
0.15378
0.1624
0.59448
0.27423
0.49941
0.22488
0.07908
0.56156
0.38285
0.67042
0.6472
0.12026
0.36865
0.19529
0.18509
0.22873
0.44417
0.51056
0.61885
0.61835
0.29584
0
0.25358
0.20868
0.17474
0.487
0.32051
0.35125
0.61806
0.59997
0.52449
0.24386
0.1065
0.64684
0.71352
0.4651
0.26067
0.59435
0.20148
0.43229
0.09638
0.44446
0.732
0.71533
0
0.3793
0
0.37367
0
0.37491
0.32083
0.50061
0.92993
0.41472
0
0.40434
0.19161
0.66349
0.14145
0.52777
0.09598
0.63955
0.58867
0.40315
0.46427
0.19396
0.68372
0.02738
0.26025
0.21756
0.24339
0.65797
0.70982
0.14079
0.53031
0.29008
0.51177
0.33812
0.81667
0.62095
0.43265
0.30423
0.42154
0.53332
0.24077
0.6158
0.63201
0.55992
0
0.28768
0.70422
0.55023
0.46194
0.07254
0.24138
0.41774
0.30064
0.52007
0.30449
0.47282
0.24622
0.45408
0.07849
0.55051
0.59475
0.24272
0.46117
0.24185
0.09676
0.70751
0.46445
0.1571
0.60408
0.36728
0.72201
0.40437
0.60741
0.20478
0.17177
0.24028
0.18865
0.18647
0.45422
0.3208
0.65635
0.24359
0.21975
0.142
0
0.81777
0.15352
0.08086
0.49945
0.54944
0.17258
0.2453
0.49942
0.07212
0.43567
0.16945
0.40065
0.78888
0.79448
0.14157
0.24316
0.0884
0.30606
0.11
0.7117
0.77025
0.86464
0
0
0.24335
0.37033
0.07131
0.2434
0.24014
0.02367
0.28762
0.62162
0.91906
0
0.58604
0
0.72789
0.22057
0.2195
0.1786
0.0263
0.13212
0.26824
0.73194
0.19766
0.17342
0.14173
0.60783
0.11787
0.6898
0.68224
0.24271
0.30537
0.34305
0.63614
0.22274
0.09623
0.13214
0.02941
0.58
0.69709
0.74782
0
0.14331
0.07169
0.17879
0.38334
0.635
0
0.57893
0.41012
0.76876
0.35608
0.12445
0.92989
0.11489
0.92927
0.62106
0.21553
0.27066
0.37712
0.51487
0.35618
0.36843
0
0.8
0.83281
0.74155
0.30315
0.34308
0.16422
0.08712
0.32132
0.37508
0.70492
0.57019
0.35015
0.43265
0.3401
0.0719
0.4919
0.19006
0.59918
0.68752
0.47672
0.74906
0.09818
0.47488
0.18519
0.59972
0.29769
0.35414
0.68082
0
0.37113
0.29369
0.40573
0.74253
0.08713
0.48364
0.66835
0.34021
0.16654
0.37641
0.52139
0.16484
0.20725
0.8063
0.73334
0
0.68253
0.18372
0.14254
0.48745
0.23873
0.65935
0
0.17495
0.42292
0.28088
0.6687
0.06452
0.24187
0.09652
0.50387
0.26799
0.50023
0
0.40039
0.09957
0.42666
0.26525
0.68027
0.37681
0.19854
0.27127
0
0.26593
0.82411
0.03196
0.63728
0.29047
0.21401
0.21084
0.42159
0.64838
0.4107
0.63972
0.16368
0.15516
0.47709
0.2429
0
0.27287
0.02879
0.22184
0.72575
0.17716
0.37069
0.55516
0.47598
0.64414
0.84555
0.23283
0.40028
0.24404
0.27018
0.26404
0.52143
0.02738
0.1136
0.32029
0
0.49587
0.23284
0.46657
0.17295
0.25258
0.62344
0.25253
0.27558
0.49637
0.37622
0.59201
0.68647
0.89212
0.17386
0.09771
0.24293
0.6984
0.56573
0.23463
0.20474
0.17796
0.51664
0.77147
0.61547
0.5422
0.57501
0.08706
0.26927
0.0893
0.29605
0.48078
0.21077
0.26508
0.5893
0.64526
0.38731
0.42733
0.25271
0.08734
0.19887
0
0.80185
0.65049
0.14294
0
0.24283
0.14403
0.27086
0.12515
0.32358
0.09627
0.63795
0.17326
0.17699
0.62209
0.49302
0.23134
0.26027
0.464
0.42695
0.51926
0.67781
0.1224
0.64711
0.61115
0.07888
0.1204
0.68114
0.14353
0.77825
0.48049
0.92826
0.52496
0.08733
0.07982
0.35183
0.72197
0.21279
0.43806
0.52497
0.32021
0.48263
0.42659
0.58781
0.09645
0.59554
0.42727
0.47283
0.76833
0.62308
0.24374
0.69266
0.72248
0.20476
0.69176
0.09647
0.35955
0.23275
0.42095
0.33988
0.27232
0
0.15976
0.3966
0.5996
0.80086
0.44248
0.57622
0.67782
0
0.06448
0.08717
0.68114
0.07895
0.72474
0.46187
0.68454
0.37397
0.24424
0.44896
0.40673
0.48643
0.37803
0.1704
0.05247
0.08005
0.49708
0.53464
0.05311
0.18887
0.18863
0.34431
0.51782
0.09755
0.36859
0.59797
0.52108
0.5234
0.53221
0.3098
0.27637
0.13068
0.21277
0.2124
0.37343
0.15499
0.07729
0.60028
0.34279
0.47844
0.49292
0.64806
0.09732
0.35424
0.3708
0
0.75788
0.33999
0.30913
0.16419
0.48891
0.29595
0.31501
0.27299
0.26386
0.46043
0.47481
0.63375
0.3732
0.26183
0.1448
0.59134
0.44483
0.16334
0.13083
0.69596
0.2739
0.76631
0.37219
0.7871
0.07986
0.48492
0
0.37207
0.22919
0.46935
0.1757
0.47864
0.12114
0.62233
0.06557
0.13023
0.21203
0.26652
0.26158
0.0791
0.26071
0.02273
0.47303
0.37742
0.14506
0.24419
0.15458
0.39672
0.27724
0.20261
0.24319
0.30308
0.5884
0.27295
0.25254
0.11793
0.16981
0.2147
0.38261
0.39528
0.24283
0
0.23329
0.39966
0.39157
0.27371
0.07946
0.32033
0.25883
0.24255
0.58723
0.35841
0.11621
0.44401
0.13215
0.21248
0.09253
0.37789
0.27055
0.23904
0.37613
0.65776
0.63611
0.09496
0.48219
0.27062
0.15468
0.26925
0.09221
0.15442
0.72496
0.02615
0.07869
0.08053
0.60774
0.23767
0.19041
0.57235
0.30916
0.37356
0.62522
0.71807
0.63772
0.42503
0.07934
0.53061
0.32931
0.64074
0.27755
0.2689
0.29496
0.08614
0.56823
0.68846
0.18233
0.39517
0.78817
0.40063
0.73328
0.68502
0.3753
0.47899
0.26555
0.37131
0.06808
0.35413
0.55354
0.10275
0.27138
0.32794
0.20622
0.20428
0.30834
0.11857
0.34271
0.38973
0.45213
0.66372
0.26068
0.52774
0
0.24159
0.40957
0.07918
0.47166
0.24385
0.24379
0.07995
0.64815
0.41715
0.54817
0.16571
0.49208
0.18409
0.24926
0.32561
0.61995
0.45534
0.0644
0.29729
0.23749
0.27008
0.19731
0.14031
0.39092
0.55596
0.06802
0.68218
0.02274
0.31777
0.60757
0.06441
0.56477
0.2706
0.52447
0.37126
0.15334
0.4833
0.18372
0.143
0
0.52666
0.16504
0.33171
0.69708
0.18514
0.67464
0
0.24186
0.17285
0.2703
0.1838
0.06485
0.71254
0.26829
0.24703
0.17714
0.49315
0.0643
0.24481
0.73051
0.2172
0.78437
0.06461
0.85349
0.18514
0.21702
0.23658
0.75581
0.17417
0.27028
0.239
0.2209
0.45874
0.08011
0.44481
0.06481
0.3526
0.0257
0.50313
0.07969
0.08021
0.49123
0.29694
0.02151
0.33973
0.18933
0.70021
0.77024
0.20569
0.79697
0.19753
0.29785
0.35814
0.17009
0.26706
0.09718
0.13047
0.43652
0.51289
0.17908
0.18626
0.31768
0.70842
0.33973
0.5138
0.08018
0.43965
0.45432
0.67726
0.0976
0.35992
0.08744
0.0238
0.08671
0.17222
0.26057
0.57949
0.08024
0.56626
0.18741
0.51784
0.05448
0.25068
0.47756
0.66973
0.09744
0.12968
0.10713
0.31942
0.24527
0.23471
0.5847
0.07876
0.18574
0.07971
0.07938
0.55058
0.43628
0.62172
0.04746
0.22728
0.18955
0.43664
0.6569
0.37428
0.1647
0.15044
0.39467
0.6488
0.23226
0.35803
0.44739
0.23827
0.26046
0.19778
0.26649
0.63793
0.46864
0.22987
0.44709
0.41555
0.38842
0.30479
0.29496
0.17337
0.33714
0.28112
0.27443
0.21725
0.7556
0.74137
0.08696
0.6743
0.21085
0.28785
0.39848
0.34104
0.09664
0.32434
0.27553
0.09749
0.34089
0.46183
0.08096
0.29416
0
0.36345
0.1627
0.60421
0.1903
0.09757
0.70787
0.11215
0.36687
0.31626
0.08667
0.29459
0.50366
0.45466
0.51198
0.44462
0.09691
0.26921
0.57801
0.64166
0.41675
0.45466
0.19586
0.17771
0.11256
0.36033
0.45512
0.4509
0.273
0.48443
0.43742
0.52823
0.45749
0.47384
0.5658
0.43754
0.33899
0.4797
0.46072
0.64276
0.32926
0.132
0.32131
0.58504
0.39859
0.28585
0.12576
0.51016
0.23004
0.49429
0.37599
0.27007
0.43306
0.80477
0.08928
0.40437
0.79625
0.37857
0.21915
0.27005
0.73192
0.41292
0.74712
0.54438
0.19728
0.43593
0.56875
0.42563
0.18542
0.46862
0.39074
0.52638
0.37925
0.50528
0.43053
0.97329
0.30536
0.31837
0.17722
0.17269
0.35186
0.3792
0.25964
0.46503
0.32972
0.21197
0.96491
0.1647
0.391
0.45325
0.17847
0.47186
0.22986
0.52253
0.78007
0.58522
0.09652
0.26032
0.42277
0.68073
0.70836
0.54366
0.58661
0.44332
0.71262
0.54143
0.29071
0.49255
0.34593
0.35311
0.54407
0.13215
0.54805
0.5564
0.28743
0.26174
0.30404
0.35384
0.26026
0.46019
0.91426
0.67658
0.45356
0.48646
0.30408
0.13203
0.41219
0.07952
0.3978
0.35251
0.41582
0.38756
0.29435
0.48592
0.42744
0.73989
0.54981
0.51959
0.11827
0
0.49623
0.08619
0.50992
0.49412
0.27385
0.51961
0.18311
0.37972
0.66181
0.1056
0.34535
0.21641
0.27298
0.49666
0.21268
0.07862
0.10962
0.29461
0.13227
0.56172
0.2942
0.64563
0.1119
0.35595
0.2945
0.38966
0.75932
0.1837
0.22524
0.35919
0.30671
0.64975
0.47946
0.64533
0.55285
0.25494
0.75925
0.45889
0.56266
0.33753
0.58111
0.61909
0.37472
0.21691
0.27658
0.29419
0.13215
0.18616
0.52076
0.53201
0.43928
0.47198
0.59305
0.3
0.36982
0.08653
0.35204
0.40088
0.29817
0.24854
0.29307
0.37337
0.25833
0.64771
0.53186
0.64807
0.60178
0.31408
0.09731
0.26267
0.13227
0.64182
0.49471
0.31722
0
0.4031
0.65136
0.21692
0.7321
0.48695
0.51933
0.47679
0.66875
0.30541
0.1916
0.65385
0.44536
0.87705
0.31384
0.44524
0.53714
0.68906
0.45585
0.2982
0.43972
0.73276
0.57879
0.46471
0.47179
0.2605
0.44905
0.60093
0.29418
0.30492
0.46471
0.45566
0.49977
0.74593
0.20518
0.39932
0.49579
0.49103
0.52255
0.56198
0.50644
0.70813
0.22383
0.11997
0.5153
0.54813
0.39073
0.5951
0.73262
0.45579
0.49765
0.30541
0.43031
0.35239
0.27124
0.27682
0.08718
0.21124
0.51824
0.5936
0.56128
0.08697
0.36643
0.27532
0.34407
0.36762
0.53703
0.39022
0.27587
0.45522
0.39104
0.97498
0.37282
0.41559
0.48894
0.17873
0.08689
0.09075
0.38981
0.34397
0.38916
0.22629
0.29925
0.47335
0.45526
0.53324
0.4215
0.39867
0.60158
0.48255
0.38369
0.51344
0.39254
0.22596
0.58784
0.63437
0.51937
0.49027
0.09664
0.39644
0.0968
0.39844
0.48294
0.59393
0.36665
0.6613
0.39169
0.59648
0.5989
0.45971
0.58719
0.49778
0.27558
0.51754
0.6183
0.0645
0.48515
0.52969
0.02246
0
0.25179
0.5237
0
0.21583
0
0
0.21222
0
0
0.17762
