0.86532
0.4562
0
0
0
0
0
0
0
0
0.10053
0
0.64418
0.55253
0.45663
0.52184
0.43166
0.80421
0.17774
0
0
0
0
0
0
0
0
0
0
0
0
0
0
0
0
0.06674
0.08592
0
0
0
0.77932
0.9553
0.96485
0.875
0.87749
0
0
0
0.05105
0
0
0
0.08675
0
0.09301
0.06661
0.0862
0.08671
0.2201
0.11042
0.08207
0.639
0.91009
0.72182
0.96262
0.90938
0.52031
0.54955
0.45865
0.74674
0
0
0
0
0
0
0
0
0.06578
0
0.45883
0.15309
0
0.08605
0.55409
0
0.0664
0
0.31978
0.16995
0.08653
0.36511
0.38866
0
0
0
0
0
0
0
0
0
0.15452
0
0.16631
0.55723
0.62051
0.43185
0.06582
0.08199
0.96205
0.48033
0.87566
0.95717
0.9569
0.55016
0
0
0.3413
0.07277
0.1538
0.15895
0.08686
0.96268
0.96715
0.2263
0.55421
0.87703
0.55199
0.44164
0.02484
0
0
0
0.07976
0
0
0
0
0
0.19543
0.53047
0.7139
0.86695
0.59832
0.08512
0.46523
0.67278
0.07687
0.07582
0
0
0
0
0.07558
0
0
0
0
0
0
0
0
0.0759
0
0
0
0
0
0
0.15348
0
0.45512
0.08641
0.1307
0.38929
0.07666
0.07436
0.02499
0
0
0
0.07661
0.07631
0.07551
0.0758
0.07793
0
0
0
0
0
0
0.07571
0
0
0
0
0
0
0
0
0
0
0.22536
0.02598
0.22641
0.35691
0.15387
0.08658
0.07517
0
0
0
0
0
0
0
0
0
0
0
0
0
0.08511
0
0
0
0
0
0.22731
0
0.36456
0.10468
0.05815
0.08704
0
0
0
0
0
0
0
0
0
0
0
0
0.06573
0.08487
0
0.10094
0.10536
0
0.10558
0
0
0
0.09546
0.09652
0.098
0.27248
0.10028
0
0.0993
0.03138
0.14268
0
0.09428
0.03492
0
0.09828
0
0
0.02937
0.02745
0
0.08744
0.08034
0
0
0.08174
0.08193
0
0
0
0.07689
0
0
0
0
0.1537
0.22046
0
0.02502
0
0
0.16891
0
0.17115
0
0.16694
0
0.16547
0
0
0.17029
0.18733
0
0.10751
0.02879
0
0.25144
0
0.19021
0.2026
0
0.10071
0.03412
0
0.17777
0.17511
0.36658
0.1914
0.19209
0.32919
0.31845
0.36662
0.10102
0
0.27451
0.1834
0.08097
0
0.05199
0
0
0
0
0
0
0
0
0
0
0
0.08064
0
0.08424
0
0.0741
0.07578
0
0
0
0
0.07745
0.02946
0
0
0
0
0
0.18961
0.08495
0.10632
0.19161
0.08443
0
0.18718
0.27767
0.27505
0.34752
0
0.15214
0.03532
0.09755
0
0.15391
0
0.08201
0.22057
0.16561
0.0957
0.16476
0.08668
0.27441
0.15269
0.2902
0.08228
0.02581
0
0.07923
0.07919
0
0
0
0
0
0
0
0
0.02604
0.07909
0.08174
0
0
0.07594
0.07437
0.07614
0
0.16474
0.16546
0
0
0.25123
0.20196
0.20595
0.23967
0
0.08378
0.27119
0.30409
0.21709
0.27195
0.22148
0.20255
0.27444
0
0.25999
0.25957
0.25218
0.07051
0.24368
0.25212
0.23015
0.15219
0.13688
0.09531
0.17763
0.17809
0.26117
0.09717
0.08094
0
0.32294
0
0.07674
0
0
0
0.12955
0
0
0
0
0
0.17315
0
0
0.22775
0
0.1661
0.1718
0.3187
0
0.16644
0.0285
0
0.08458
0
0.22592
0
0.15535
0.25665
0.087
0
0
0.10733
0.1761
0.24626
0.08043
0.35014
0.23925
0.25283
0.24323
0.28978
0.37101
0.0782
0.09875
0.34353
0.16757
0.15414
0.07559
0
0
0.07842
0
0
0.07268
0
0.07195
0
0.03919
0.47349
0
0.07763
0
0
0
0.28523
0
0.16487
0.15105
0
0.20337
0
0
0.08448
0.03039
0.14811
0
0.27243
0.09347
0.16602
0.27439
0.18939
0.27335
0.2031
0.28199
0.27079
0.27799
0.25377
0.1796
0.36285
0.25887
0.10617
0.25948
0.22735
0.16559
0.24913
0.25236
0.15421
0.15441
0.15477
0.08728
0.08009
0.08588
0
0.27501
0
0
0.0714
0
0
0
0.07334
0
0
0
0
0.07216
0.18671
0.09826
0.15363
0
0
0.10176
0.12474
0
0
0
0
0
0
0.07489
0.19033
0.1608
0.07637
0.22094
0
0.35858
0
0
0.05284
0
0
0.17285
0.39792
0.16599
0.56497
0.3174
0.20591
0.55811
0.27553
0
0.08667
0.13887
0.29315
0.19067
0
0.03182
0.24724
0.07882
0.0847
0
0.25825
0.19096
0.03539
0.17693
0.176
0
0.16793
0.16162
0.1595
0.24164
0.16443
0.24937
0.24803
0.3357
0.18425
0.08471
0.08119
0.30503
0.08321
0.28904
0.16693
0.0766
0
0.35388
0.0488
0.26618
0
0
0
0.07502
0
0.0717
0
0.07122
0.08159
0
0
0
0
0
0.22258
0
0.47567
0.22877
0.47577
0.03098
0
0.06598
0
0
0.64139
0
0
0.29178
0.16604
0.05811
0.05689
0.30574
0
0.25573
0.25292
0.14188
0.2758
0
0.10677
0
0.13993
0
0.21439
0.08407
0.07896
0.08453
0.16384
0.17032
0.27633
0.08071
0.16622
0.18019
0.1706
0.25458
0.16875
0.26016
0.3856
0.42216
0.16712
0.34076
0.2713
0.06793
0.25202
0.17763
0.18837
0.15678
0.15596
0.27535
0.27633
0.19235
0
0.08233
0.21779
0.27779
0.27143
0.16457
0.16378
0.08382
0
0.37399
0.38769
0.41695
0
0.09518
0
0
0
0
0.07122
0
0
0
0
0.07304
0.14999
0.02759
0
0.22306
0
0.22247
0.05784
0
0
0.0266
0.16674
0.5571
0.27226
0.02826
0.27254
0.09384
0.18392
0.25203
0
0
0.17868
0.14986
0
0
0
0.08697
0
0
0.24452
0.07889
0.17581
0.05811
0.12761
0.25317
0.24705
0.21207
0.27335
0.18364
0.17141
0.25077
0.2485
0.08771
0.27495
0.24495
0.1515
0.23874
0.1712
0.27397
0
0.09009
0.36982
0
0
0.12271
0
0.27763
0.02679
0
0.18986
0.18998
0
0.08628
0
0.24187
0.13926
0.31149
0.24524
0.24744
0.26464
0.24188
0
0
0
0.04872
0.08365
0
0
0.18005
0.23144
0.22416
0
0.47482
0.33986
0
0.4704
0
0.16986
0
0.37113
0.16595
0.36639
0
0.48036
0
0.5
0.37537
0
0
0.39875
0.27838
0.45718
0.27265
0.25297
0
0
0.25529
0.38619
0
0
0
0
0
0.25223
0.15539
0.16958
0.15735
0.16831
0.16683
0.06998
0
0
0.14498
0.15534
0
0.26042
0.16629
0.02925
0.08782
0
0.27587
0.07926
0.08738
0
0.0268
0
0.02954
0
0.27711
0.27728
0
0.08148
0.09056
0.08276
0
0.33703
0.19018
0.08939
0
0.0808
0
0.18518
0.17677
0.33111
0.08191
0.08543
0.39282
0.33137
0.33101
0.32841
0.46084
0.24148
0.0821
0.08156
0
0.08221
0.08201
0
0.22598
0.35837
0.1375
0.17138
0
0
0
0.41975
0.5053
0.16664
0.59191
0
0.39248
0.41955
0.268
0.27425
0.13877
0.17018
0.15653
0.14737
0.09778
0.30081
0.33291
0.10464
0.24211
0
0
0
0
0
0.18465
0
0.2267
0
0
0
0
0.15174
0
0.39138
0
0
0.52821
0
0
0.25887
0.47019
0.6018
0
0.12733
0.12732
0.30418
0.28982
0
0.50255
0.41782
0
0.43466
0.39323
0.3852
0.38653
0.21683
0.30756
0.19646
0.24182
0.20907
0.24149
0.33244
0.31585
0
0
0.0822
0
0.43877
0
0.22394
0.39272
0.6348
0
0.31342
0.58051
0
0.14877
0.09291
0.14646
0.0927
0.33619
0.17045
0.31153
0.30838
0.32916
0.24268
0.30137
0.24805
0.25682
0.32697
0.31477
0.2402
0.26577
0
0.082
0.08158
0
0
0.22191
0
0.16525
0.47142
0.23106
0.39029
0
0
0
0.27165
0.13969
0.41805
0.09412
0.21647
0
0
0.16799
0.13858
0.30317
0.15174
0.33129
0.33266
0.23113
0.32846
0.15216
0.20967
0.25708
0.19819
0.17718
0.22838
0
0
0
0
0.40884
0
0
0.54998
0
0.41702
0
0
0.29262
0
0
0.65708
0.178
0.14575
0.36521
0.3846
0.21704
0.16637
0.28454
0.32919
0.23311
0.23498
0.28339
0.33283
0.30987
0.30757
0.24149
0.08175
0
0
0
0
0
0
0
0
0
0.39214
0.38518
0.16743
0.47501
0.20286
0.54978
0.61542
0.56082
0.24097
0.14738
0.15119
0.27672
0.20374
0.40843
0.23592
0.20709
0.2029
0.22905
0.20409
0.25778
0.27423
0.27032
0
0
0
0
0
0
0
0
0
0.16692
0
0
0
0
0
0
0.06587
0.16648
0
0.50653
0.45862
0.69297
0.44114
0.37103
0.3643
0.17058
0.17087
0.14935
0.38879
0.2364
0.26488
0.34041
0.15489
0
0.056
0
0
0
0
0
0
0
0
0
0
0
0
0
0.63554
0.12931
0.3493
0.64294
0.14595
0.21361
0.14768
0.15138
0.38919
0.14898
0.35173
0.33075
0
0
0
0
0
0
0
0
0
0
0
0
0
0
0
0
0
0
0.38075
0.3542
0.06568
0.39665
0.51282
0.42077
0.14553
0.23208
0.17691
0.38529
0
0
0
0
0
0
0
0
0
0
0
0
0
0
0.30642
0.43999
0.49116
0.59391
0.23884
0.1478
0.14583
0.14783
0.1548
0.30096
0.23796
0.15269
0.2281
0.23715
0.08638
0.13944
0.43854
0.12794
0.36618
0.52998
0.27147
0.38093
0.35699
0.21778
0.21833
0.07732
0.15484
0.22924
0.33611
0.23352
0.15332
0.27335
0.12784
0.35808
0.41625
0.41152
0.10792
0.23969
0.23789
0.2742
0.23679
0.06597
0.12929
0.1384
0.24642
0.38677
0.07829
0.07773
0.23088
0.23176
0.23088
0.14924
0.23058
0.15265
0.20223
0.24892
0.23659
0.15409
0.22654
0.23751
0.32885
0.24786
0.2167
0
0.16344
0.96207
0.167
0
0.27191
0.18455
0.29093
0.07534
0.6233
0.30908
0
0.24093
0.31077
0.23699
0.32909
0.2485
0
0.27554
0
0.38595
0
0.39456
0.16957
0.36953
0
0
0
0
0.39794
0.31353
0.15365
0
0
0
0
0
0.08383
0.43374
0
0
0.07398
0.05641
0.06121
0
0.14991
0
0
0.46908
0.4576
0
0
0.38512
0
0.14169
0
0
0.1768
0.02539
0
0
0.10025
0.07451
0.27381
0.37919
0.41663
0
0.07948
0
0
0
0
0
0.18763
0.27422
0
0
0
0
0.27494
0
0.1865
0.23816
0
0
0.13065
0
0.15297
0.27386
0.10448
0
0
0
0
0
0.18551
0
0
0.27115
0.38204
0.39322
0.25943
0.10477
0.10434
0
0
0
0.06577
0.17706
0.07657
0
0
0.10391
0
0
0
0.07598
0.17489
0.26376
0.16904
0.22483
0.16427
0.18727
0
0.27598
0.24765
0
0
0.23514
0
0.40143
0.07839
0.08141
0.16063
0.0544
0.15151
0
0
0
0.87181
0
0
0.10711
0
0
0
0
0.07929
0.08452
0
0
0
0
0.15283
0
0.16869
0
0
0
0.19268
0
0
0
0
0
0
0
0
0
0.23446
0.16435
0
0
0.06585
0.13725
0.11681
0.20194
0.28641
0.07584
0
0
0.07939
0.48255
0
0
0
0
0.18782
0
0
0.24125
0.20138
0.07628
0
0
0
0
0
0
0
0
0
0.14831
0
0.0803
0.45441
0
0.03208
0.3211
0.0353
0.08092
0
0
0.16745
0
0.08174
0.16757
0.07495
0
0.35716
0.08639
0
0
0.17477
0
0.09299
0
0
0.16872
0.27373
0.09512
0
0
0
0
0
0
0.07226
0.08146
0
0
0.06458
0
0.07857
0
0.53243
0.13448
0
0.387
0.24955
0
0
0.07175
0
0
0.05747
0.39534
0
0
0
0.17181
0.33862
0.39274
0
0.32338
0
0
0.4738
0.07854
0.09163
0
0
0
0.07471
0
0
0
0.47071
0
0.2028
0
0.24068
0.13991
0.22455
0.09989
0.06003
0
0.05749
0
0
0.08401
0.09504
0.10156
0
0.09428
0.03133
0
0.26725
0
0.02449
0.27015
0.14068
0.29104
0
0
0.22843
0.22874
0
0.19283
0.10823
0.08815
0
0
0.23904
0.47404
0.09945
0
0.09754
0.16996
0
0.27309
0.09838
0.28614
0
0
0.09907
0.05493
0.0961
0.0838
0.18546
0.47562
0
0.09634
0
0
0.09706
0.09725
0
0
0
0.08401
0
0.24128
0
0
0.0758
0
0
0
0.31738
0.25531
0
0.33114
0
0.10139
0
0
0
0
0.1143
0.36939
0.28957
0.168
0.1801
0.17966
0
0
0
0.03492
0
0
0
0
0.38995
0.45479
0
0.10454
0
0.07843
0.07915
0.07223
0
0
0
0.20629
0.09798
0
0
0.0812
0.09963
0
0.47504
0.07695
0
0.28929
0
0
0
0.24143
0
0.0811
0
0.07473
0.08146
0
0.02519
0.16403
0
0.14922
0
0.08178
0.2232
0
0.11594
0.30273
0.25701
0
0
0
0
0.0811
0
0
0
0.08047
0.11071
0.60082
0
0
0
0
0
0.08726
0
0.16688
0.25353
0.16433
0.27487
0.08022
0.45634
0.28285
0
0
0.11718
0
0
0
0
0.08491
0
0.09765
0.14978
0.39264
0.08142
0.07989
0
0.21039
0.0806
0
0
0.17168
0
0.26087
0
0
0
0
0.0832
0.3811
0.08743
0
0
0
0.42052
0.38835
0
0.23528
0.30802
0.39347
0
0
0.39414
0
0
0.08591
0
0.18809
0.08213
0
0.23425
0.04815
0
0
0
0.23979
0.2036
0.08776
0.28375
0.08345
0.27467
0
0.23523
0.10144
0
0.07804
0.25065
0.07917
0.40149
0
0.0845
0.32078
0.22673
0.08162
0
0
0
0.22602
0
0
0
0
0.24223
0.15231
0.08625
0.14889
0.16403
0
0
0.08694
0
0.24173
0.1881
0
0.8679
0.05382
0.24861
0
0.38476
0.13742
0
0
0.33222
0.25122
0
0
0
0.10787
0
0.08598
0
0.16413
0.32681
0.08012
0
0
0.05075
0.26971
0.05094
0.20411
0
0
0.37703
0
0
0
0
0.21866
0.0471
0
0.07523
0.25099
0
0.27535
0.07902
0.15051
0.15637
0.23063
0
0
0
0.08082
0.31346
0
0
0.0836
0.277
0.07869
0.24395
0
0
0.2755
0
0.15026
0
0
0
0.1387
0
0.45737
0.16785
0
0
0
0.12758
0.34827
0.05802
0.10016
0
0.1901
0.08641
0
0
0
0.31086
0.1644
0.23742
0.29428
0.1689
0
0.23667
0.07969
0.19024
0.0851
0
0
0.10711
0
0.07485
0
0.06507
0.02856
0
0
0
0.16965
0.2628
0.07545
0
0
0.23398
0
0.62209
0.21105
0.08434
0
0
0
0.02453
0
0.07567
0
0.10039
0
0.15491
0
0
0
0.08158
0
0
0
0
0
0
0
0
0
0.28259
0
0
0
0
0.5121
0
0.27486
0.51209
0.15275
0.15251
0.18291
0
0.05816
0
0.07167
0
0.15148
0.09121
0.34739
0.16501
0
0.08145
0
0
0
0.07859
0
0
0
0
0
0
0.26088
0
0.08289
0.33101
0.30251
0.10031
0.04008
0
0.08579
0.23685
0
0.24845
0.39654
0.17076
0.083
0.03379
0.16656
0
0
0
0
0.06585
0
0.10461
0.33141
0
0
0.15397
0.23927
0.3265
0.1682
0.29202
0.07502
0
0.36355
0
0.0735
0.14887
0
0
0.25963
0
0.15303
0
0
0
0
0
0.10238
0.36846
0
0.36278
0
0
0.05445
0.16738
0.18267
0.1784
0
0.11464
0.23176
0.08454
0
0.23403
0.33761
0
0
0.07955
0
0
0.39262
0.31161
0.51008
0.27546
0
0.25877
0.2727
0
0.08539
0
0.0786
0.07058
0
0.09657
0
0
0.0219
0.08292
0
0.07184
0.08196
0.29091
0
0
0.17756
0.06766
0.27028
0
0.08415
0.07444
0.27576
0
0.15499
0
0
0.07621
0
0.08638
0
0
0
0.63452
0
0.36782
0
0
0.08231
0.24357
0
0
0
0.18782
0.1636
0.07424
0
0
0.13636
0
0.19136
0
0.07403
0
0.15303
0.08622
0
0.27508
0.1633
0.07854
0
0.41357
0
0.08544
0.07911
0.0661
0
0
0
0.15243
0.07966
0
0
0
0
0.10691
0.07974
0.20254
0
0
0.09053
0.02916
0.0775
0
0
0.09084
0
0
0
0.08665
0.18776
0
0
0.14625
0
0.25248
0.15336
0
0.22196
0
0
0.17203
0.08749
0
0
0.12017
0.16208
0.38643
0
0
0.07111
0.13908
0.18751
0
0
0.14701
0
0.575
0.15383
0
0.43007
0
0.21408
0.18021
0
0
0
0.33046
0.13125
0
0
0
0
0
0.08524
0
0
0
0.37042
0
0.08591
0.25183
0
0
0.08012
0
0
0
0
0.28734
0
0.08172
0
0
0
0.34381
0.08687
0.07429
0
0.17566
0.1757
0
0
0
0
0.14638
0.23585
0
0.07351
0
0.12095
0
0.07554
0.07547
0.27441
0.2759
0
0
0.08276
0.27354
0
0.20467
0.08004
0.09603
0.58891
0
0
0.29195
0.08534
0.15068
0.37195
0
0.07995
0
0
0.09831
0
0.06392
0.1509
0
0
0
0.27186
0.07171
0.39171
0
0.95521
0
0
0.39649
0
0
0.24134
0
0
0.1532
0.16842
0
0.08172
0.07431
0.09316
0.17416
0.22537
0.33246
0
0
0.08561
0
0.30686
0.23886
0.15352
0
0
0.22914
0
0.15181
0
0
0.08546
0.39573
0
0.14942
0.07007
0
0
0
0.23563
0
0.41406
0.29228
0.20572
0.2322
0.29333
0.39658
0
0
0
0.25105
0.07356
0
0.0876
0.07617
0.37188
0
0.27461
0.17189
0
0
0
0
0.16731
0.46917
0.18889
0.22872
0.60993
0.27395
0.15044
0.15023
0.3291
0
0
0
0.08558
0.27608
0
0.319
0
0.39721
0.27511
0
0.06567
0
0.20084
0
0
0.24716
0
0.96398
0.20348
0.16718
0.16798
0
0
0.08387
0
0
0
0.38716
0.68235
0.07121
0
0
0.17115
0.10632
0.22781
0
0
0.23197
0.07183
0.08178
0.28966
0.38809
0.37816
0.64996
0
0
0.23923
0
0.24268
0
0
0.17252
0.59288
0
0.07236
0
0
0
0
0
0
0
0
0
0.27527
0
0.08319
0.0672
0.1532
0.07808
0
0.5372
0
0
0
0
0
0
0
0
0.37084
0
0.08773
0
0.25199
0.17637
0
0
0.09038
0
0
0.10687
0.45231
0.27267
0
0
0.37251
0.07201
0
0.16772
0
0
0.0712
0
0
0.54829
0
0.07176
0.167
0
0
0.87464
0.07643
0
0.14989
0.08254
0
0
0.06544
0
0
0.08584
0
0.07812
0.17101
0.14631
0.08465
0.27683
0.0876
0
0
0
0.25881
0.23832
0
0.16752
0.32794
0
0.45539
0.08481
0
0.32745
0.39512
0.07672
0.45285
0.45769
0.06591
0.33127
0.17804
0.22701
0.15504
0
0
0.1454
0
0
0.06583
0.15411
0.2501
0
0
0
0.15533
0.55831
0
0.05196
0
0.07959
0
0.14677
0.15679
0.54033
0.05239
0.27352
0
0.36942
0.16379
0.17804
0
0.25171
0.14872
0.02718
0
0
0
0.32877
0
0.1517
0.23907
0.05226
0.0966
0.23928
0.31647
0
0.38584
0.20528
0.27526
0
0.08044
0.40887
0
0.08673
0.12175
0.07393
0
0
0
0
0
0
0
0
0.16283
0
0.24505
0.07341
0.08198
0.14584
0.1676
0
0.08458
0.15315
0.29399
0.35866
0
0.22627
0
0.06794
0
0.22867
0
0
0.07334
0
0
0
0
0.08155
0.43029
0.12088
0.15381
0.27394
0
0
0
0
0
0.08355
0.15084
0
0
0
0
0.36006
0.25146
0
0
0
0.27832
0.1339
0.2192
0.29008
0
0
0
0
0
0
0.31851
0.19922
0
0
0.08739
0.18495
0.07682
0.07742
0
0.3876
0.37197
0
0.15304
0.08317
0
0
0
0
0.25303
0.06617
0.08146
0.26098
0.09188
0.0802
0.07057
0.3846
0
0.35738
0.27776
0
0.87289
0
0.15124
0
0.10078
0.34255
0.289
0
0
0.37211
0
0.07405
0
0
0.07544
0
0.23299
0
0
0.06622
0.0743
0.27249
0
0
0
0.08017
0.15181
0
0.36528
0.11399
0.41538
0.087
0.16978
0
0
0
0.87225
0.39118
0
0.32072
0
0.27537
0.10179
0
0.07079
0.07079
0
0
0.14645
0.08609
0
0
0.29183
0.19138
0
0.27503
0.16806
0.17236
0
0.22684
0.17249
0.16778
0
0.20329
0.27592
0
0.08257
0.26053
0.22767
0
0.07863
0
0.07594
0.3924
0.36013
0
0.07175
0.0884
0
0.30774
0
0
0
0
0.48999
0.64603
0.08267
0.2518
0.2347
0.06554
0.1931
0.29112
0.06554
0.07943
0
0
0.15118
0.07648
0
0.17259
0
0.19039
0.19502
0.43142
0
0.07559
0.93861
0.41
0
0
0.38351
0.20233
0.08648
0
0.15619
0.44801
0.39188
0
0
0.27405
0.13024
0.45195
0.25336
0
0.14231
0.24466
0.27407
0.31779
0
0.08664
0.08337
0.4722
0
0
0
0.07766
0
0
0
0
0.30978
0
0.55089
0.5276
0
0.26018
0.08529
0.02453
0.14952
0.32929
0
0.21578
0
0.25118
0.30957
0.31064
0
0.60767
0.08533
0
0
0.36507
0.2273
0.07144
0
0.22971
0.13005
0.07682
0.26061
0.13714
0
0.09588
0
0
0.0868
0
0.25462
0.0669
0
0.14947
0
0
0
0.15526
0
0.08454
0.07995
0.14862
0.15369
0
0
0
0
0.05635
0.16759
0
0.07617
0
0
0
0.46679
0.25873
0.08637
0.02332
0
0
0.22038
0.23056
0
0
0.16826
0.14609
0
0
0.25964
0
0.45638
0.15445
0
0
0
0.2183
0.14647
0.06735
0.30445
0.07606
0.2736
0.15497
0.33193
0.17043
0
0
0.32855
0
0.07531
0.26019
0.2748
0.26723
0
0.38375
0.33102
0.15371
0.16983
0.307
0
0.16564
0.07852
0.13767
0.38448
0
0.07756
0.16924
0.07445
0.16685
0
0
0.2763
0.39742
0
0
0
0.25999
0
0.37087
0
0.15062
0
0
0.17171
0.02924
0.50255
0.1681
0.08054
0
0
0
0.394
0.08721
0.27545
0.07012
0.27218
0
0
0
0.25022
0.08216
0
0
0.14672
0
0.07816
0.17712
0.475
0.29204
0.06
0.37017
0
0.17144
0.16332
0.39413
0.39279
0.42951
0.08742
0.31988
0.16817
0
0
0
0
0
0
0.29112
0.05767
0.08445
0
0.4143
0.33205
0.07381
0
0.15297
0.27178
0
0.44162
0
0
0
0
0.36648
0
0.46111
0
0
0.31919
0
0.15303
0.27238
0.1531
0.19154
0.16622
0
0.07245
0
0
0.33207
0.17158
0.27456
0.16828
0
0.14935
0.47868
0
0
0
0.28554
0.10496
0.02873
0.02586
0.33676
0.39964
0.07542
0.47195
0.18183
0.06459
0
0
0.15302
0.39174
0.15623
0.08615
0
0.31356
0.39239
0.32352
0
0
0
0.24441
0.06613
0.15372
0.34487
0.87465
0.15232
0.35952
0.35865
0
0.08653
0
0.0873
0.42941
0
0
0.27553
0.18588
0
0.07872
0
0.23195
0.15267
0
0.2912
0.31622
0
0.08586
0
0
0
0.41597
0
0.41828
0.07964
0
0.17876
0
0.06615
0.09125
0.07143
0.64118
0.24798
0
0.42084
0.0877
0.15109
0.08156
0.33276
0.11138
0.16747
0.0944
0.32052
0.5565
0.08524
0.14699
0.07778
0.22672
0.4609
0.38319
0.08605
0
0.20305
0.2489
0
0.23183
0
0.24134
0
0.08642
0.56359
0
0.28075
0.14004
0
0.08145
0.27189
0.37209
0
0.07896
0
0.33022
0.87223
0.20243
0.27481
0
0.1595
0
0.33222
0.1863
0
0
0
0.22531
0.69173
0.13895
0.11746
0
0.22917
0.08534
0
0
0
0
0.40955
0.3057
0.08185
0.23695
0.19013
0.10805
0
0.27286
0.2248
0.09428
0.15201
0
0.23622
0.41404
0.34913
0.3635
0.23781
0
0.08551
0.08517
0
0.24152
0
0
0.36882
0
0
0.27466
0
0.39388
0.08737
0
0.07402
0.26065
0
0.22781
0
0.19153
0
0.10412
0
0
0.08661
0.46641
0
0
0
0.164
0.07943
0.15585
0
0.31185
0
0
0
0
0
0.09998
0.27535
0.14579
0.14908
0.36827
0.22745
0.36943
0.10715
0
0.10133
0.55209
0
0.36707
0.27571
0
0.33214
0.07663
0
0.08609
0.54658
0.08022
0.16799
0
0
0.20901
0.54839
0
0.47225
0.07156
0
0
0.30758
0
0
0.16165
0
0.26297
0.20406
0.0829
0
0.25252
0.22169
0
0
0.15304
0.927
0.35574
0.41276
0
0.08174
0
0.24064
0.17766
0
0
0
0.0745
0.07071
0
0
0
0.33072
0.27235
0.37681
0.08163
0
0.1652
0.14723
0.08038
0.02695
0.05753
0.07613
0
0.70641
0
0.06609
0.1731
0.19104
0
0.2528
0.18009
0.22809
0
0.15587
0
0
0.02178
0.20576
0
0.0491
0
0.23987
0
0.24077
0
0.29058
0.16418
0.25188
0
0.07858
0
0.61644
0.25732
0
0.10144
0
0.23726
0
0.1838
0
0.25714
0
0
0.27632
0.26649
0.06592
0
0.25222
0
0.22748
0
0
0
0
0.14903
0.0815
0.22766
0
0.15388
0
0.30352
0.12732
0.18041
0
0.3101
0.4144
0.59013
0.14972
0.14948
0.20022
0.07075
0.0656
0.57113
0
0.24192
0
0
0
0.23184
0.08438
0.28445
0.09537
0.3556
0
0.27503
0
0
0.14792
0.25975
0.08514
0.07856
0.44694
0
0
0
0
0
0.18745
0
0.96898
0
0.08215
0.08506
0.10887
0.21799
0
0
0.27598
0.12712
0.23405
0.0749
0.08155
0.37134
0
0.10791
0
0
0.16912
0.08699
0
0.29245
0
0
0
0.15225
0.27851
0.37219
0.10833
0.03377
0
0.23994
0.38941
0.55311
0.27351
0.18875
0
0.06584
0.36506
0
0.2297
0
0.0991
0.06644
0.07713
0
0.96591
0
0.4903
0
0.79877
0
0
0.15278
0
0.1605
0.14952
0
0
0.22699
0
0.27517
0
0.24858
0.1273
0.30884
0.22257
0.30962
0.23265
0.08534
0
0.27546
0
0
0.23348
0.08697
0
0.18527
0.17582
0.26613
0.48021
0.37145
0.25047
0
0.39131
0.22853
0.59564
0.07856
0.31735
0.27574
0.32828
0.25261
0
0.35465
0
0.02457
0.22534
0.37097
0
0.25417
0
0.33679
0.08791
0.1285
0
0.32149
0.16681
0.10828
0.07837
0.19477
0.28953
0.08098
0.19121
0.25066
0.07819
0.24799
0
0
0
0.0876
0
0
0
0.305
0
0
0
0.36832
0.32804
0
0
0.07562
0
0.069
0.15435
0
0
0.3051
0.07604
0.23277
0.07287
0
0.08244
0.16431
0.17322
0.21779
0
0.58929
0.06626
0.15473
0.07246
0.07866
0.23927
0
0
0
0
0
0.18447
0.25156
0.16354
0
0.22086
0.2056
0
0
0.16825
0.2409
0.30935
0
0.3985
0
0
0
0
0.07622
0.36794
0.63742
0.18526
0
0
0.20651
0.06658
0
0
0
0.15065
0.09756
0
0.14843
0.27572
0
0.3122
0.33384
0.45934
0.37005
0
0.12925
0
0.25838
0.1019
0
0.37088
0.13841
0.36796
0
0.47009
0.14797
0
0.08496
0
0
0.08664
0
0
0.14318
0.15303
0.50218
0.25364
0.04883
0
0.10612
0.08902
0
0.36488
0
0.39751
0
0.15315
0.10974
0.08061
0.14921
0
0
0.32919
0.12093
0
0.23631
0.14556
0
0.17583
0
0.33183
0.02816
0.22935
0
0.40318
0.43382
0.06575
0.1491
0.23963
0.15175
0.09841
0.21685
0
0.29003
0.36864
0.16506
0
0.2785
0.15003
0.27264
0.2838
0.08631
0.14711
0
0
0
0.03097
0
0
0.15174
0.07953
0.46915
0.36383
0.29061
0.15639
0.18808
0
0.08311
0
0.18401
0
0
0.31081
0.24834
0.20364
0.16678
0.36856
0.16549
0.1518
0
0.16518
0.16675
0.08473
0.03194
0.10178
0
0.08342
0.07467
0.08683
0.15101
0.2789
0
0.06605
0
0
0
0
0
0
0
0.01964
0.4679
0.24
0.22055
0.29138
0
0.55019
0.40879
0
0
0.05655
0
0.07515
0
0
0
0.23144
0
0.16636
0.37706
0
0.2549
0
0.1531
0
0
0.39472
0
0
0
0
0
0.07656
0.04669
0.15425
0
0.39834
0
0.10514
0.22824
0.36916
0
0.18984
0.09226
0.1723
0.16592
0.23215
0
0.2976
0.20605
0.38588
0
0.23684
0.09585
0.11308
0.44511
0
0.21805
0.27354
0
0.51699
0.3852
0.25293
0
0.15515
0.07838
0.16446
0
0
0.29185
0.14226
0.41865
0
0
0.25384
0.17111
0.38546
0.25244
0.1459
0.08213
0
0
0.27387
0.15021
0.25405
0.26083
0.39218
0
0
0.12787
0.15061
0
0.25496
0
0
0
0.08003
0.2586
0.24192
0.10155
0.16405
0.08635
0.19915
0
0
0
0.4178
0
0
0
0.23689
0.08536
0.03532
0.17302
0.23761
0.15521
0.09962
0
0.27345
0.27491
0
0.16691
0
0.16627
0.15034
0
0.55247
0
0.16351
0.23585
0.08427
0.37049
0
0.18384
0
0.24879
0.28938
0
0.85078
0
0
0.23401
0.1446
0.30509
0.06603
0.07368
0
0
0
0.32049
0.3924
0.07491
0.37285
0
0
0.96354
0.30439
0.27118
0.0751
0
0
0
0.02216
0
0.20235
0.07864
0.54821
0.28432
0
0.31716
0
0
0
0
0.16418
0
0.47596
0.39291
0
0.16885
0.24037
0.14511
0.23965
0
0.39299
0
0
0
0.12856
0.43139
0.22691
0
0
0
0.1067
0.95916
0
0.0789
0
0
0.33546
0.07132
0.58338
0.22524
0
0
0.51153
0
0
0
0.41949
0
0
0.61334
0
0.34087
0
0.22261
0
0.07624
0
0
0
0.08606
0.23192
0.08152
0
0
0
0.09134
0.07583
0
0
0.15528
0.10837
0
0.27268
0
0
0.66669
0.56963
0.5554
0
0
0.15298
0.60105
0.02801
0.23698
0
0
0
0
0
0
0.12528
0.23667
0
0.13007
0.29024
0.09867
0
0.07126
0.17627
0
0
0.07763
0
0.14677
0
0.16639
0.07765
0.31114
0
0
0
0.15064
0.09931
0.07889
0.34774
0.10434
0.16999
0
0
0
0.08039
0.27463
0
0.9565
0
0.36995
0
0.07501
0.58934
0.14052
0
0.08573
0
0
0.11908
0
0.08546
0
0
0.1505
0.39267
0.11258
0.27645
0.12722
0.47428
0.08586
0
0
0.31897
0
0
0.2739
0
0.08138
0
0
0
0
0.11155
0
0.33076
0.28262
0.59555
0
0
0.30806
0.27431
0
0.07774
0.3502
0.15619
0.1454
0
0.2743
0.05616
0.08453
0.22778
0.22567
0.39881
0.07034
0.22535
0
0
0.25211
0.21202
0.22143
0
0.31104
0.1487
0.14755
0.23133
0
0.39376
0.33444
0.11506
0.08048
0
0
0.3247
0.23025
0.36098
0
0.025
0.22751
0.10047
0
0
0.15298
0.15308
0.33229
0
0
0
0.25713
0
0.07479
0
0
0
0.40497
0.16724
0
0
0.30417
0.38636
0.15507
0.1228
0.06947
0
0
0.39964
0.2715
0
0.27493
0
0.11333
0.51365
0.28983
0
0.22497
0
0
0.03345
0
0.09069
0.24163
0
0.38052
0
0
0.32994
0.15406
0.08164
0.2235
0
0
0
0.0903
0.3385
0.07465
0.08233
0.1073
0
0
0
0
0.38421
0.10037
0.49245
0.16993
0.27652
0
0
0.07383
0.08076
0.17007
0
0
0.07952
0.27683
0
0
0.12277
0.14912
0.07966
0.39095
0
0
0.14674
0
0
0.2102
0.44388
0.0796
0
0.61571
0.10316
0
0.36951
0
0
0.2998
0.19004
0
0
0.24163
0
0.07677
0
0
0.16515
0
0
0.38957
0.23331
0.02564
0
0.08036
0.07187
0.08289
0
0.07205
0.39251
0.28786
0
0.19973
0.16485
0.41567
0.16949
0.23713
0.27484
0
0.48091
0.12738
0.2275
0.47572
0
0
0.60123
0
0
0
0
0.26795
0.39428
0.08254
0.39236
0.07425
0.07683
0
0
0
0.27388
0.15288
0.08254
0
0
0
0
0
0
0
0
0.15233
0.07682
0
0
0.55354
0
0
0
0.25106
0.25994
0
0.11865
0.27347
0
0.13595
0.12981
0.12931
0.2736
0.25641
0.20022
0
0.0859
0.38213
0.64217
0.30877
0
0
0.16929
0
0.07702
0
0
0.6022
0
0.33037
0.31304
0.12467
0.26077
0
0.124
0
0
0
0.07724
0.17002
0
0.25056
0
0.16632
0
0
0
0
0
0.11769
0
0
0.22627
0.0577
0
0.25855
0
0
0.249
0.07905
0.17955
0
0.47328
0.15856
0.0963
0
0.5558
0.58067
0.27672
0.22205
0.07155
0.0797
0
0
0.14877
0.16796
0
0
0
0.2622
0.23607
0.16348
0.18579
0.39947
0.16825
0.25152
0.02602
0
0.05822
0.47648
0.21854
0.08283
0.07593
0.1486
0.08895
0
0
0.07609
0.45273
0.36518
0.5565
0.1465
0
0
0
0
0
0
0
0
0.47592
0
0.54775
0
0
0.02482
0
0.32918
0.44041
0.16731
0
0.05206
0.09979
0
0
0.08575
0
0
0.33346
0.27126
0
0
0.02632
0.40129
0.08561
0
0
0.08854
0.09854
0.09938
0
0.08143
0
0
0.09393
0.09611
0.27613
0.0887
0.27654
0.1717
0
0.22127
0.47424
0.03162
0
0
0
0
0
0
0
0
0.09645
0.27129
0.08364
0.0974
0
0.09541
0
0
0
0
0.05812
0.17713
0
0
0
0
0
0.09723
0.17806
0
0.39105
0.03265
0.47056
0
0
0
0
0.14486
0.09708
0.10005
0.18626
0.09757
0.09987
0
0
0.16645
0.02667
0
0.12197
0
0.085
0.1534
0.14134
0
0
0.17828
0
0
0.36996
0
0.17059
0.27481
0
0.33038
0.24008
0
0.08322
0.08324
0.15721
0.07216
0
0
0
0
0.54177
0
0.0483
0
0
0.16683
0
0.35507
0.27572
0.16812
0.12883
0
0.24002
0.16556
0.08506
0.07131
0.07402
0.10259
0.1479
0.53518
0
0.16383
0.25175
0
0
0.24012
0
0.27335
0.37802
0.29603
0.17086
0.2749
0.06412
0.16961
0.23118
0.27362
0
0.06004
0
0
0.96816
0.89378
0.26984
0.51654
0
0.16592
0
0.17673
0.1706
0
0.07891
0.16876
0
0.07554
0.07397
0.25431
0
0.16797
0
0
0.13772
0
0.08338
0
0
0.09618
0
0.30778
0.39183
0
0
0
0.23517
0
0
0.69267
0.17611
0
0.24914
0.27223
0.07995
0.41874
0
0.22728
0
0
0
0
0.21803
0
0.12826
0.30227
0.25541
0.27737
0
0
0.08778
0
0
0
0.45317
0.55109
0.23642
0.27882
0.21106
0.02718
0
0.06674
0.24796
0.185
0.32811
0.09502
0
0.27211
0.10931
0
0
0.12818
0
0.22226
0.27459
0.08083
0.29053
0.16691
0.08895
0.23315
0
0.53024
0
0.89753
0
0
0.09815
0
0.18309
0.29004
0.12923
0.31379
0
0
0.20689
0.1702
0
0
0.08303
0.18767
0.08197
0.23776
0.26653
0
0
0.09763
0
0
0.23832
0
0
0.08743
0.45701
0.82354
0
0.965
0
0.23771
0.34082
0.8682
0.26078
0.23326
0.14714
0
0
0.40065
0
0.42977
0.22527
0.07072
0.14596
0
0.45535
0
0.3307
0.41312
0.26026
0.38766
0
0.16434
0
0.4084
0.10714
0
0.36754
0
0.14559
0.2783
0
0
0.08292
0
0.24227
0.14554
0.23653
0.09503
0.21438
0.25347
0.07828
0
0
0.96397
0.15115
0.18174
0.23203
0.21957
0.47446
0.29039
0
0
0
0.08181
0
0.23751
0.14812
0.45709
0.27501
0.15126
0.41715
0.75006
0
0
0
0.10085
0.1765
0.08558
0.17905
0
0
0.35592
0.37101
0.24815
0.13856
0.1455
0.16343
0.29409
0.16531
0
0
0
0
0
0
0
0
0
0.25281
0.60849
0.0828
0.54444
0
0.28788
0
0.38815
0
0.16674
0.27211
0.2352
0.18802
0.0823
0.0863
0
0
0.27064
0.25498
0.11893
0.22991
0
0
0
0
0
0
0.25596
0.52868
0.2587
0.21684
0.55394
0.1467
0.34015
0.55423
0.23306
0
0.08407
0.43457
0.44746
0
0.22808
0
0.07088
0
0
0
0.27144
0
0
0
0.13794
0.09141
0.25569
0
0
0.96548
0
0.07453
0
0.14762
0.2335
0.3834
0.11012
0.08277
0.06582
0.14582
0.14594
0.14667
0
0
0.21862
0
0
0
0.29184
0.18614
0.08387
0
0.24803
0.22339
0.17705
0.34058
0.28939
0
0
0.29206
0.21645
0.077
0.02609
0
0.02718
0.51162
0.4147
0.18387
0
0
0.30495
0.25719
0
0.22885
0
0.16447
0.12899
0.32963
0.15533
0
0.08629
0
0.09764
0.1514
0.34049
0
0.22816
0
0.55293
0.21276
0.06632
0.30454
0.16649
0
0.15006
0.2473
0.12756
0
0.37925
0
0
0.254
0.25044
0
0.07565
0
0.58874
0.61402
0.38471
0.16476
0.48819
0.46754
0.24139
0.25026
0
0.51368
0
0.18389
0.07857
0
0.15209
0
0
0
0.23932
0
0.17242
0.16683
0
0.24029
0
0
0
0.37165
0.32886
0
0
0.15284
0
0
0.16364
0.27586
0.20692
0.07829
0.32939
0.39248
0.08618
0.52925
0.07069
0
0.15381
0.07815
0.22777
0.08375
0
0
0.26683
0.08478
0
0
0.18529
0.27293
0
0
0.32814
0.2381
0.30185
0.28319
0
0
0
0.02792
0.57692
0
0.2297
0
0
0.08397
0
0.14705
0.27421
0
0.27568
0.13923
0.3126
0.30726
0.86751
0
0.22505
0.34602
0.40552
0
0
0.18784
0.07891
0
0.39874
0
0.08298
0.07816
0
0.09476
0.03151
0.25455
0
0.11199
0.09629
0
0.33909
0
0
0
0.15367
0.16275
0.10025
0.08307
0.09694
0
0.2664
0
0.28985
0.07416
0.25204
0.29232
0
0
0.27308
0
0.30596
0.1676
0.37831
0
0.24933
0
0
0.25359
0
0.23269
0
0.16847
0.24855
0.23913
0
0.14899
0
0
0.25925
0.34349
0
0
0.22728
0.14728
0.2762
0
0.45699
0.16558
0.21903
0.127
0.39546
0
0
0.29096
0
0.38044
0
0
0.21827
0.08175
0
0
0
0.2033
0.18344
0.02751
0.16441
0
0
0
0
0.27416
0.25915
0.92432
0.1471
0.08512
0.31722
0.07546
0.25757
0.18623
0.02795
0
0.17625
0.27745
0.08019
0.0259
0
0.36496
0.58092
0.3173
0.50117
0.08199
0
0.11386
0
0.07643
0.19037
0.0958
0
0.20072
0
0.19077
0
0
0
0
0.27172
0
0.22651
0.153
0.22504
0.58367
0.16507
0.20624
0
0.23447
0.95956
0.26104
0.12962
0.32153
0
0
0.15278
0
0.16749
0.39325
0
0.10709
0.29763
0
0.18976
0.15263
0
0.10998
0
0.14574
0.59458
0
0
0
0.17447
0.4165
0.23391
0
0.08175
0.14625
0
0.32128
0
0
0.28955
0
0
0.16047
0.31751
0
0
0
0.18172
0
0.24797
0.27489
0
0.137
0
0.23625
0
0.17736
0.29413
0
0
0.17592
0.1062
0.3276
0
0
0.07622
0.16671
0
0.31706
0.25866
0.16787
0.17581
0
0
0
0.96122
0
0.2899
0.07339
0.34067
0.37196
0.68733
0.45509
0
0.21892
0.25001
0
0.18328
0
0.36691
0
0.1674
0.32885
0
0.15182
0
0.41255
0.18481
0.14906
0.50792
0
0.15056
0.26297
0
0.96103
0.45744
0.07005
0
0.5863
0
0.0769
0
0.15131
0.6101
0.08383
0.25428
0.42818
0.20124
0
0
0
0.87638
0.16699
0.17618
0.08693
0.15042
0.18768
0.27263
0.37296
0
0.15393
0
0.17815
0.13163
0
0
0
0
0.23525
0
0.22117
0.27271
0.26041
0
0.25311
0.27638
0.33036
0.06483
0.14906
0
0.04361
0
0.41902
0.14653
0.25356
0
0.17313
0
0.16642
0.10608
0
0
0
0
0.10407
0.14929
0
0
0
0
0.18662
0.20477
0.35066
0.24447
0.07687
0
0
0.90297
0.22679
0.15352
0.04371
0.07344
0
0
0.23447
0.15369
0.16823
0
0.50985
0
0.22752
0.2057
0.23073
0.1387
0.43646
0.52851
0.15558
0.22917
0.31328
0
0
0.16428
0.54599
0.28474
0.08323
0.22915
0.67804
0
0.16747
0
0
0.08565
0.27697
0.27927
0.03285
0
0.19019
0.4585
0.45844
0.10134
0
0
0.16245
0.22423
0.30536
0.38808
0.47619
0.31352
0
0
0
0.17615
0.68866
0.1639
0.47634
0.05483
0.63717
0.08734
0.16819
0.07512
0.2894
0
0.08686
0.27746
0
0
0.38774
0.12958
0.22851
0.20154
0.05592
0.25963
0.27507
0.32005
0.15393
0.17752
0.05768
0
0.08271
0.20029
0
0.25934
0
0.45636
0.3723
0.45137
0.07703
0
0
0
0
0.5497
0.25156
0
0
0.08731
0.10015
0
0.04886
0
0
0
0.04359
0.31969
0
0.14548
0.24796
0.16821
0.86887
0
0.44768
0.23188
0.39564
0.15261
0.38749
0.26
0.25925
0.32738
0.05716
0
0.29124
0.28856
0
0.17755
0
0.391
0.47536
0.35816
0.20393
0.32813
0.25982
0.07249
0.11078
0.52843
0.05699
0
0.15188
0
0.15064
0.59033
0
0
0
0.99773
0.09341
0.06481
0.09544
0.2717
0.11289
0.27263
0
0.33291
0
0
0.17758
0.66105
0
0.18775
0.3962
0.3079
0
0.06668
0.3363
0
0.19877
0.08669
0
0.15423
0.27352
0.52125
0.32667
0.1674
0.27678
0.66057
0.26114
0.1052
0
0
0.23043
0.33087
0
0.23815
0.2365
0.14892
0.07547
0.09089
0.08042
0
0.1717
0.28866
0.27907
0.28864
0.1684
0.04888
0.14171
0.0662
0.55449
0.07283
0
0
0.22752
0.23195
0.25108
0.23118
0.35022
0
0
0.33963
0.44293
0.15206
0
0
0.14849
0
0.37279
0.18715
0.23554
0.07623
0.30008
0
0.1694
0
0
0.24777
0.2468
0.39214
0
0.27976
0.24162
0
0.08585
0.24826
0.16412
0
0
0.38566
0
0.27851
0.22659
0.27483
0.06556
0
0.35333
0.27428
0.28933
0.22698
0.292
0
0.27583
0.38305
0.45481
0.16932
0.08124
0
0.12635
0.22562
0.24001
0.1675
0
0
0.08308
0.17322
0
0.28839
0.10237
0
0
0.37096
0.42353
0.24203
0.19107
0.25171
0.08169
0.16433
0.08275
0.26965
0.25744
0.54808
0.24218
0.23926
0.55417
0.29109
0.14825
0.20301
0.18214
0.42724
0.07825
0.10559
0.15034
0
0
0.21812
0.87029
0.08252
0.38746
0
0.14718
0
0
0.20099
0.25053
0
0.23196
0.0799
0.18244
0
0
0.18771
0.07367
0.18993
0.07434
0
0.21061
0.14816
0
0
0.10023
0
0.11429
0.26042
0.16768
0.20299
0
0.04888
0.51154
0
0.09145
0.09111
0.08551
0.25068
0.14892
0.08536
0.23399
0.16888
0.24129
0.24103
0.14773
0
0
0
0.12483
0
0.02449
0.20566
0.08476
0.19313
0.29028
0.17673
0.203
0
0
0.27643
0.07401
0
0
0.27785
0.25708
0.27028
0
0.07353
0
0.22073
0.39121
0.15405
0.29155
0
0.16847
0.24334
0
0.08874
0
0.40763
0.35108
0
0.57341
0
0
0.3963
0
0
0
0.07582
0.07636
0.32082
0.08615
0.08619
0.37177
0.08038
0.17143
0
0.32027
0.21126
0
0.27242
0.14941
0
0.12317
0.18384
0.58347
0
0
0
0
0.96538
0.02444
0.13899
0.0742
0.16831
0.31231
0.08756
0.29019
0
0.23414
0
0.23647
0.1653
0.33228
0
0.12748
0.24352
0.18439
0.27408
0
0.52087
0.21218
0.10018
0.11898
0
0.08455
0.2376
0
0
0.23163
0.07496
0.16873
0.0855
0.27416
0.25883
0.19024
0
0
0.32919
0.32955
0.0751
0.18707
0.16755
0
0.07195
0.39426
0.08582
0.07685
0.20353
0.07725
0.22832
0.4006
0.13212
0
0
0.08678
0
0.4575
0.08659
0.25843
0
0.15118
0.15361
0
0
0.21744
0.11157
0.0879
0.08627
0.45632
0
0.22662
0.12525
0
0.08516
0.20417
0.29448
0.86742
0.33199
0.51461
0.22353
0.17195
0.27255
0.23233
0.31398
0
0.07857
0.41591
0
0
0
0.24833
0.21283
0
0.07525
0
0.16891
0.11594
0.1548
0.25963
0.23748
0
0
0.17234
0.07512
0.23166
0.38801
0.06701
0.27908
0.28986
0.07932
0
0
0
0.15298
0.153
0
0
0
0
0.14954
0
0.27991
0.12749
0.05549
0.5986
0.36837
0.29032
0.24831
0.45755
0.39294
0.13679
0.51247
0.15496
0
0.05261
0.07653
0.06125
0.07795
0
0.39714
0.41929
0
0
0.27272
0.1545
0
0.53937
0.16743
0.14637
0
0.09085
0.61728
0.54898
0
0
0
0.07719
0.08656
0.14554
0.96801
0.45035
0.28829
0
0.08731
0
0
0
0.17068
0.08392
0
0.53803
0.21717
0.22719
0
0
0
0.44288
0.12709
0
0
0.37699
0.23739
0.18609
0.54284
0.17152
0.38794
0.20004
0.0918
0.20123
0
0
0.13695
0.38781
0.84855
0
0.27445
0.16428
0.39075
0.28507
0.36903
0.35039
0
0.1242
0.33196
0.06366
0.24251
0
0.36415
0.08731
0
0.19156
0.39818
0
0.12883
0
0
0
0.14993
0.07075
0
0.38997
0.34055
0.22067
0
0
0.3978
0.30946
0
0
0
0.07602
0.4246
0.67635
0.37264
0.07458
0
0
0.07675
0.19124
0.07519
0.59726
0.17939
0
0.08506
0
0
0
0.27268
0
0
0.15065
0.27436
0
0
0
0
0.29101
0
0.07889
0.22937
0.08609
0.08672
0
0.29096
0.07305
0.4362
0.61217
0
0.28878
0.2718
0
0.07747
0
0.08363
0.32946
0.15402
0.16751
0.14631
0
0
0.38143
0.27381
0.23602
0.38299
0
0.29531
0.56345
0.05604
0
0
0.30816
0.25274
0
0.19612
0.59384
0.22678
0.05778
0.17806
0.45544
0
0.17104
0.27569
0.0761
0
0
0.24158
0
0.29104
0.02437
0.30473
0.14907
0.2726
0.16723
0.0997
0
0.25016
0.24559
0
0
0.16301
0.12991
0.07953
0.25362
0.22936
0.14699
0
0
0.29031
0
0.33846
0.08577
0.24698
0.45604
0.27751
0
0.15086
0.24084
0.20501
0.31765
0.10626
0
0.02582
0.09023
0
0
0
0.32056
0.16354
0
0
0
0.08502
0.05554
0.30234
0.36644
0.39124
0.28155
0
0.02803
0
0.14626
0
0
0.05427
0
0.47464
0.45916
0.38885
0
0.07109
0.2015
0.18792
0.30529
0
0.2419
0.34091
0.40048
0
0
0.30564
0
0
0.16706
0.30644
0.2233
0.36409
0.36486
0.65689
0.27388
0.17301
0
0
0
0.08727
0.2279
0
0
0.08556
0
0.36668
0.4783
0.0704
0.35637
0.33078
0.2481
0.16429
0.18361
0
0.1491
0.205
0
0.14831
0.39954
0.23967
0.10729
0.27239
0.27619
0.03118
0
0
0.11362
0.17104
0.06616
0.33318
0.42009
0.2922
0
0.22028
0
0
0.47379
0.25899
0.42015
0
0.1498
0.31857
0.15119
0.54002
0.08635
0.21849
0
0.23971
0.33966
0
0.36824
0.24224
0.23457
0
0
0
0
0.61351
0
0
0.20447
0.08446
0.38383
0.34339
0.25547
0.16618
0
0
0.37136
0.08215
0
0.33259
0.32819
0
0.15521
0.2302
0
0.27481
0.1253
0.25135
0
0.07544
0
0
0.53828
0.27677
0.28294
0
0.16825
0.23532
0.30834
0.29161
0
0.07464
0.14857
0
0.30472
0
0.24236
0
0.32899
0.08001
0.28435
0.22964
0
0.15589
0.20162
0
0.16553
0
0.87733
0.39362
0
0
0
0.25565
0.17206
0
0.14579
0.2173
0.32027
0.14784
0.15554
0.09908
0.17153
0.22755
0
0.08345
0.38226
0.28018
0.15472
0.277
0.25318
0.2346
0
0.36167
0
0
0.23191
0.33199
0.0798
0.39186
0.15232
0.2211
0.23889
0.38477
0.34077
0
0.38648
0.17291
0.0801
0.02906
0
0
0
0.08843
0.41494
0.31061
0.1484
0.17044
0.28873
0
0
0.38815
0.17127
0
0.31144
0.23825
0.16759
0
0
0
0
0.10523
0.27015
0.21148
0.05218
0.10709
0
0.22877
0.14601
0
0.25546
0
0.12084
0.27264
0.11494
0.96023
0
0.23452
0.2909
0
0.32906
0.27303
0.31665
0.07854
0.31219
0.23581
0.45523
0
0
0.0713
0.16871
0.23586
0.42292
0.08567
0.47613
0
0
0.25045
0.47936
0
0.27576
0.29095
0
0
0.08153
0.22917
0
0
0
0.0526
0.46142
0.07978
0.22353
0
0.08538
0
0
0
0.38717
0.25182
0.08032
0
0.49281
0.84527
0.24069
0
0
0
0
0.15483
0.86756
0.24095
0.18436
0
0.27337
0
0
0
0
0.19092
0
0.15012
0.26404
0.29998
0.17337
0
0.25863
0.55249
0.08727
0.17831
0
0.04923
0.0797
0.09548
0.28876
0
0
0.48351
0
0.22376
0.61315
0.24963
0.16387
0.20383
0
0.26292
0.07622
0.07758
0.07839
0
0.18657
0.17746
0
0
0.21363
0
0
0
0
0.15293
0
0.1436
0.17216
0
0
0
0.07521
0.1533
0
0.14981
0
0
0.10188
0
0.07018
0.27733
0.19115
0.17047
0.15139
0.05562
0
0.08235
0
0.07332
0
0.14585
0.2894
0.17092
0.08549
0
0.16655
0.25469
0
0
0.07081
0
0
0.31858
0
0.50408
0.40646
0.45304
0.16805
0
0.15539
0
0
0.31205
0.29448
0
0.17932
0.30283
0
0.10931
0.17081
0
0
0.21979
0.25773
0
0.24939
0.45361
0
0.22018
0
0.31433
0
0
0
0
0
0
0.4732
0.08105
0
0.15577
0
0.15426
0.15685
0.08348
0.54815
0
0
0.13804
0.23332
0
0.76387
0.6676
0
0.39897
0
0
0.09717
0
0.32821
0
0
0.08186
0.24
0
0
0.08554
0.07917
0
0.3819
0.08526
0.09355
0.23097
0.27702
0
0
0.17899
0.14615
0
0.07143
0
0.18057
0.15411
0
0.07556
0
0
0
0
0
0.62684
0
0.2719
0.89368
0.24403
0
0
0.1479
0.21399
0.22728
0
0
0
0.02467
0.15103
0
0
0
0
0.15189
0.02719
0
0.45492
0
0.1672
0.08244
0
0
0.21492
0.25104
0.23694
0.6382
0.08473
0
0.06615
0
0
0
0
0
0.29259
0
0.59202
0.50599
0.17536
0.53716
0.14684
0.23872
0.0282
0.17268
0
0.06017
0.4489
0
0.28082
0.87441
0.30886
0.16657
0
0
0.18854
0.35102
0
0
0.0814
0.1297
0.15201
0.25026
0.40953
0
0
0.27443
0.10103
0
0.95882
0
0
0
0
0.36434
0.04812
0
0.24176
0.07572
0.21152
0.16693
0
0.22123
0
0.10778
0
0.43373
0.36286
0.1551
0.45093
0
0
0.29241
0.15077
0.12947
0.19782
0
0.37135
0.18645
0.23673
0
0
0.0746
0.35215
0.0864
0
0.37298
0.37235
0.39005
0.07916
0.08373
0.24998
0
0.2603
0.30522
0
0
0.07893
0.08545
0.06557
0.24897
0.03532
0.16933
0.08583
0.40529
0.45369
0.45699
0
0.55515
0.11093
0
0.08426
0.55169
0.24825
0
0.02899
0.30763
0.39186
0
0.13993
0
0.28905
0.30657
0
0
0
0.23742
0.22341
0.39324
0.17017
0
0.39491
0
0.06604
0.06595
0
0
0.36517
0.1019
0
0.08526
0.08173
0.23714
0.28939
0
0
0
0
0
0.33667
0.14899
0.10117
0.5075
0.20199
0.07533
0.13474
0.08548
0
0
0.29019
0.23992
0.28915
0.41846
0.17643
0.18222
0.29105
0
0.23088
0.38686
0.36988
0
0.16779
0.36067
0.0282
0
0
0
0.11153
0
0.0857
0.24599
0.10415
0
0.06048
0.16988
0
0
0.08604
0.24424
0
0.14543
0
0.07866
0.75251
0.37022
0.27337
0
0.1063
0
0.08742
0.05843
0.37154
0.07715
0.45205
0
0
0.1327
0.3668
0.09459
0.18257
0.29554
0.22521
0.20095
0.20286
0.08164
0.17743
0
0.12829
0
0.20028
0.1281
0.07619
0.20769
0.29174
0
0.66064
0.32001
0
0.30577
0.60194
0
0
0
0.38835
0
0
0.3088
0
0.07869
0
0
0.08557
0.44071
0
0
0.20663
0
0.06813
0.18752
0.38265
0.04878
0
0.27479
0
0.33354
0.25247
0.24733
0.06703
0.23455
0.15718
0
0
0
0.27249
0
0
0.21609
0.07445
0.07355
0.08724
0.19366
0.38773
0
0.27143
0
0
0
0.15569
0
0
0.40861
0
0.1801
0.07549
0.07556
0
0
0
0.41708
0.24328
0.08138
0.1704
0.08383
0
0.15401
0.24224
0.24159
0
0.14624
0.33247
0.15563
0.38535
0.16717
0
0
0
0.07333
0
0.22704
0.16809
0.17457
0.09328
0
0
0
0
0.07208
0
0.55142
0
0
0.45905
0
0
0.08178
0.28948
0.07624
0
0.38654
0.24848
0.19145
0.14915
0.18644
0.1469
0.07303
0.14966
0
0
0.0808
0.68804
0
0.27358
0.24071
0.27849
0
0
0
0.16783
0.08567
0
0
0
0
0.22338
0.37051
0
0.1525
0.13845
0.33091
0.41674
0
0
0
0
0.07177
0.24628
0.19154
0
0.42035
0
0.23672
0.06991
0.39097
0.37397
0.2402
0.49997
0.43545
0.07621
0
0
0
0
0.02705
0.0794
0.63898
0.09479
0
0.53167
0
0
0
0.38305
0
0.07727
0.07662
0.43333
0.55126
0
0
0.0966
0
0
0.07464
0
0.23236
0.12016
0
0.18542
0.14605
0
0.17501
0
0.08023
0.02916
0
0.32992
0
0.16404
0
0.4579
0.20227
0
0
0.57366
0
0.38752
0.27512
0.45242
0
0
0
0
0.2733
0.21213
0.22279
0.43202
0.15228
0.16563
0
0.56983
0
0
0
0.25575
0
0.05221
0.25519
0
0.24791
0.2683
0.4197
0
0.34318
0
0.15148
0.0738
0.59598
0
0
0
0.32731
0.18841
0.3717
0.22201
0.16621
0
0.08228
0.15532
0
0
0.28457
0
0.96343
0.16393
0
0.14554
0.02725
0.02523
0
0
0
0.1383
0
0.30859
0.0802
0
0
0.45639
0
0
0.18209
0
0
0.10449
0.07611
0.14718
0.92413
0
0.17888
0
0.55454
0.16867
0.27262
0.10546
0.06568
0
0.38669
0.3869
0.23471
0.55255
0.41835
0.14724
0
0
0.16917
0.45648
0
0
0.10695
0.14949
0.0843
0
0
0.22695
0.23027
0.06814
0.29053
0.21469
0.02438
0
0
0
0.2749
0.07256
0
0.0799
0.07882
0.22854
0.39613
0
0.14689
0.16713
0.2766
0.05071
0.4139
0.22685
0.16475
0.08264
0.06472
0.09329
0.16697
0.08485
0.16947
0.22863
0
0.05357
0.27558
0
0.19109
0.10437
0
0
0
0.20912
0.07722
0.27271
0.08008
0
0
0.16758
0
0
0.16789
0
0
0.47267
0
0.14868
0.22951
0.23719
0.15118
0.08123
0
0.08536
0.33014
0.19478
0.20231
0.1016
0.27452
0.46073
0.02546
0
0
0
0.30947
0
0.12816
0
0.44325
0
0.10525
0.38599
0.34799
0
0
0.07743
0
0
0.14578
0.2392
0.15275
0.10769
0.15292
0.2339
0.08019
0.25386
0.07899
0.13975
0.07615
0
0.15133
0
0.40293
0.36994
0
0
0.08884
0.55702
0
0
0
0.28949
0.07519
0
0.22604
0.08027
0.37167
0.17121
0
0.2376
0
0
0
0.07812
0.07896
0.32995
0.30981
0.31064
0
0.42669
0.05498
0
0.28424
0
0.06643
0.06629
0.1493
0
0
0.10023
0.08139
0.22354
0.22194
0.08014
0.4159
0.15249
0
0.30442
0.22564
0
0
0.27168
0.14768
0.0658
0.15409
0
0.0795
0
0.37753
0.02473
0.38353
0
0.10463
0.08623
0
0
0
0
0
0.15326
0
0
0
0.08594
0.61328
0
0
0.24256
0.26017
0.15359
0.10016
0.47167
0.14036
0.16796
0.17572
0.33172
0.25831
0.02997
0
0
0
0.22767
0
0.09923
0.36604
0.48772
0
0
0
0
0
0
0
0
0.34123
0.20092
0
0.25129
0.07709
0
0
0.2293
0.25609
0
0
0.245
0.46878
0.15336
0
0
0.08468
0
0.07381
0
0
0.2909
0.1735
0
0.07696
0.08197
0.17686
0.30462
0.28079
0
0
0.01996
0
0
0
0
0.31895
0
0.1717
0.18213
0
0
0.03504
0.1505
0
0
0.11045
0.19014
0.30846
0
0
0.17037
0.6347
0.08235
0.175
0.10421
0.17164
0.22574
0.30345
0.25415
0.11981
0.02589
0.19353
0.17285
0
0
0.40583
0
0
0
0
0
0.31044
0
0.07252
0
0.2899
0.47392
0.25392
0
0
0.06605
0
0
0.22922
0.2413
0.10511
0.3152
0
0
0
0.13833
0.47591
0.08564
0
0
0.07745
0.2034
0.37318
0.21695
0
0.15432
0
0.17812
0.1801
0
0
0
0
0
0
0
0.24144
0.27468
0.17573
0.1747
0.16687
0.1708
0.12992
0.12149
0.13435
0
0
0.2266
0
0
0.16412
0
0
0.1842
0.08197
0.22884
0
0
0.25127
0.45561
0.34608
0.20424
0
0
0
0
0
0.17644
0
0.08781
0.06626
0
0.0822
0.09426
0
0
0
0.30461
0.1684
0.17671
0
0.08205
0.16512
0.08362
0
0.18941
0.66073
0
0
0.10988
0
0
0
0
0.16667
0.23422
0.08237
0.0783
0
0
0.16798
0
0
0
0
0
0.08104
0.39099
0.55118
0.28945
0.15479
0.08647
0
0.47455
0.24084
0
0
0
0
0
0.45604
0
0.16969
0
0.20157
0
0.07671
0
0.08177
0.17022
0.07726
0
0.02478
0
0.17183
0
0.96632
0.3578
0
0.38185
0.22631
0.07479
0.25302
0.2521
0
0.51168
0.3816
0
0
0
0
0.55381
0
0.30251
0.08277
0
0.53229
0
0
0.27134
0.25487
0.3718
0.27339
0
0.2339
0.39699
0.27333
0
0
0.2248
0.1026
0.17309
0
0.94111
0.09399
0.22258
0
0
0.4507
0.16743
0.08822
0
0
0
0
0
0
0.08435
0
0
0.02956
0.16508
0.14799
0.2305
0
0.35861
0.22769
0.07577
0
0
0.16957
0.53635
0.41201
0
0.3918
0.27751
0.07979
0
0.24133
0
0
0.47656
0
0
0
0.18496
0
0.15388
0.22475
0.19
0
0
0
0.05237
0.40839
0.27657
0.30223
0.08198
0.14887
0.29969
0.14744
0.24891
0
0.66328
0.68939
0.38925
0.20936
0
0.16408
0
0.26303
0.39265
0.07392
0
0
0.38276
0.22721
0.08763
0
0.21987
0
0.15145
0.08478
0
0.33106
0.07191
0.25495
0
0
0.12574
0
0
0
0.08669
0
0
0
0.09998
0.08267
0.08312
0.07141
0
0
0.30642
0.16856
0
0
0.23087
0.27682
0.2781
0.23945
0
0.15333
0.10665
0.15266
0.61504
0
0
0.08937
0.22553
0.02568
0
0
0.249
0
0.30743
0
0
0
0
0
0.1523
0
0
0
0.23491
0.14666
0
0
0
0
0
0
0.08646
0.08668
0.33187
0
0
0.16822
0
0.23685
0
0.2377
0.37242
0
0.08843
0
0
0
0.14921
0
0.108
0.11416
0
0.07863
0.96017
0.18778
0
0.10001
0
0.08146
0
0
0.02002
0.30898
0.2272
0
0
0.30308
0
0
0.2597
0
0.07631
0
0.0816
0.5138
0
0.16561
0.02904
0
0.22758
0.07278
0
0.39148
0.14644
0.29945
0
0
0
0
0
0.36438
0
0.0759
0
0
0.38647
0.27363
0
0.26265
0.19566
0.07552
0
0
0.2744
0
0
0
0
0
0
0
0.33192
0.33163
0
0
0.07357
0
0.17506
0
0.24206
0.02458
0.16789
0.08603
0
0.41718
0.17874
0.1836
0
0
0
0.24168
0.07075
0.37277
0.16951
0
0.07722
0
0
0
0
0.17119
0.17129
0.06562
0
0.07781
0.09936
0.22359
0
0.09644
0
0.10239
0.58927
0.47395
0.20978
0
0
0.17128
0.1733
0
0.31183
0.17992
0
0.14109
0.1626
0
0
0.23014
0.11907
0
0.32739
0.203
0.26087
0.11771
0
0.35549
0
0.23615
0.23971
0
0.23843
0.12009
0.54785
0
0.47606
0
0.07678
0.10442
0.21651
0.24801
0.23261
0.24791
0
0.16479
0.16656
0
0
0
0.23968
0.35388
0
0.28146
0.13812
0.54533
0.27543
0.08615
0
0.17683
0.17923
0.37125
0
0
0
0.40862
0.07424
0
0
0
0
0
0
0
0
0.06588
0.08828
0
0.0803
0.25838
0.22113
0
0
0
0
0.07609
0.16806
0.14636
0
0.27122
0.22723
0.21857
0.27249
0.16464
0
0.07899
0.27189
0
0.2534
0.96408
0.10412
0
0.0934
0.19083
0.09994
0.14588
0.09614
0.09692
0.27555
0.16356
0
0
0
0.14831
0.07977
0
0.14778
0
0
0
0.07951
0
0
0
0.37431
0
0
0
0
0
0.23811
0.54546
0.14876
0.47508
0.30343
0.08124
0.07727
0.07466
0
0.32773
0
0
0.07829
0.06404
0.15331
0
0
0
0
0
0
0.45552
0.33559
0
0.05161
0.25654
0.03158
0.3711
0
0
0
0
0.1863
0.03943
0
0
0.02895
0
0
0.27917
0.25993
0.02726
0
0.31934
0
0
0
0.20648
0
0.96097
0.9591
0.3744
0.40139
0.08249
0
0.11341
0.08825
0
0.08483
0
0.16446
0.09892
0
0
0
0.05842
0
0.08721
0.31249
0
0.08188
0
0
0.07212
0.06664
0.12054
0
0
0.17702
0.11759
0.23681
0.47233
0.07187
0
0
0.36947
0.35902
0.23576
0.31541
0
0.27501
0.1675
0
0
0.23255
0.31316
0
0
0
0
0.17666
0
0
0.22892
0
0.54113
0.53829
0.18003
0.09832
0.39152
0
0.07665
0
0
0
0.25233
0
0
0
0
0
0.02428
0
0
0
0
0.08134
0
0.07407
0
0.0793
0.08529
0.08463
0.07881
0.3848
0
0.2255
0.27651
0.06593
0.08825
0
0
0
0
0
0
0.08827
0.05744
0
0.62682
0.13785
0
0
0.06913
0
0
0
0.12173
0
0.09711
0.31633
0.31734
0
0
0
0.20142
0.27428
0
0.23557
0
0.24087
0.16998
0.07852
0
0.08941
0.07657
0
0
0
0.16729
0.07592
0.20291
0
0
0
0.47307
0.4755
0.43649
0
0.15672
0.03476
0.08806
0.06319
0
0
0
0.24851
0.08964
0.08977
0
0.47564
0
0
0.0893
0.02916
0.09937
0
0.09448
0.06263
0.09771
0
0
0.09489
0.03131
0.0264
0.09786
0.08325
0.07998
0
0
0
0.0962
0
0
0.25391
0
0.08077
0.08846
0.27542
0
0
0.47522
0
0
0
0.28661
0.09818
0.08415
0.0956
0
0
0
0.09737
0.02678
0
0
0.2445
0
0.09549
0.09881
0.09597
0.06367
0.09694
0
0.28086
0.09867
0.51395
0.1664
0.09061
0
0
0.08394
0
0
0.07984
0
0.09537
0
0
0.16617
0.08061
0
0.02917
0
0
0
0.09446
0
0
0.20653
0.28814
0
0
0.09492
0
0
0
0
0
0
0.21315
0
0.03226
0
0.09617
0
0
0
0.09747
0
0
0
0.15251
0
0.08233
0
0
0
0.30968
0.552
0.07089
0
0
0
0
0.26182
0.02526
0.47533
0.16806
0
0
0.17344
0
0.07571
0.0801
0.37084
0.22176
0
0.10077
0
0
0.27564
0.27585
0
0
0
0
0
0.92016
0.29117
0.10113
0
0
0
0.0735
0.08637
0.37445
0
0.08164
0.34254
0.15375
0.31932
0.15241
0.25138
0
0
0
0.24696
0
0
0
0
0.08347
0.09825
0.1364
0.14821
0
0
0
0.09832
0
0
0.51276
0.47364
0
0
0.04953
0.11495
0.06623
0
0
0
0
0
0
0
0.4742
0.43962
0.29094
0
0.10316
0.24877
0.22702
0.18474
0.14517
0.17852
0
0.4724
0.43995
0.2255
0
0.03169
0.09615
0.05368
0.09647
0.24461
0.09167
0.28706
0
0
0
0.22966
0.05191
0.37219
0
0
0
0
0
0.39272
0
0.19006
0
0
0.05429
0.22671
0.22911
0
0.18243
0.22812
0.07479
0
0.09077
0.16354
0
0.24452
0.07395
0.45892
0.45859
0.38486
0.16346
0
0.23747
0.37135
0
0
0.08605
0.30702
0.15209
0
0
0.77367
0.22917
0.50767
0
0
0
0
0
0
0
0
0.05009
0.133
0.27293
0
0.05949
0
0.09561
0.56872
0.25803
0.16954
0.07106
0
0.0649
0
0
0.47527
0.27559
0
0.55849
0.31322
0.15548
0
0.2255
0.16727
0
0
0
0.23142
0.28875
0
0
0.27094
0.09841
0
0
0
0
0.10341
0.08266
0.19512
0.07483
0
0
0.21983
0.15094
0.39666
0.39532
0
0
0
0.1892
0
0.10191
0
0.31173
0
0
0
0.05806
0.14845
0
0.17522
0
0.18029
0
0
0
0.08678
0.18597
0.37237
0
0
0
0
0.24819
0
0
0.22913
0.08442
0
0
0
0.24236
0.08085
0.17095
0
0.1692
0
0.33097
0.09535
0
0.13088
0.2755
0.24825
0.08538
0.08183
0
0
0.16808
0
0
0
0
0.07209
0.18267
0.46991
0
0
0
0.08678
0.15561
0.15444
0
0.0852
0
0.24572
0
0.16656
0.12726
0.31496
0.16896
0.10094
0
0.06642
0.37266
0.07264
0
0
0.14756
0
0.08507
0.1783
0.34752
0
0.07998
0.23893
0.13581
0.72575
0
0.27318
0.32128
0.08672
0.32018
0.16779
0
0.23506
0.23342
0
0.17786
0.17512
0
0
0
0
0.08421
0
0
0.1632
0
0
0
0
0.09474
0.09867
0.06559
0
0
0
0
0.07121
0
0
0.24566
0
0.15402
0
0
0.09489
0.20286
0
0
0
0
0.08631
0
0.16396
0.15354
0
0.23033
0
0
0
0
0.17826
0
0
0
0.39904
0.42883
0.1495
0.07987
0.08141
0.38119
0
0
0.27733
0.08499
0
0
0.05514
0
0
0
0.2489
0.07533
0.25225
0.38521
0.23816
0.14605
0.14898
0.07427
0.3662
0
0.22357
0
0
0.62194
0
0.31364
0.14923
0.08071
0.33091
0.43628
0.12885
0
0.26565
0
0
0.16823
0.12687
0.61013
0.57012
0
0
0.08801
0.27226
0.38374
0
0.09639
0
0
0.47032
0
0
0.47473
0.37194
0
0.06657
0
0
0
0.08576
0.07667
0.08652
0.07921
0.22158
0.08415
0.16163
0.27514
0.07582
0.17636
0
0.16296
0.37078
0.38242
0.17938
0
0
0
0
0.31291
0.39215
0.18007
0.08112
0
0.16608
0.07509
0.09734
0.16789
0.22867
0.2281
0.06601
0
0
0.07073
0.025
0.61219
0.21971
0.16804
0.27608
0.09553
0.09526
0.10601
0
0.47342
0.1508
0
0
0.23688
0.08356
0
0.15238
0
0
0
0
0.15144
0
0
0
0.30594
0.14754
0.34176
0.15253
0.15469
0.21723
0.08158
0
0
0.22911
0
0
0
0
0
0.08515
0.16529
0.07733
0.10217
0
0.1033
0.27319
0.16705
0
0
0
0
0
0
0.23538
0.1819
0.02474
0
0.39908
0.36475
0.30558
0.16881
0
0
0.14622
0
0.14887
0
0
0
0
0
0
0.06639
0.10261
0
0.31599
0
0.05703
0
0
0
0.36905
0.25948
0.24329
0.08741
0.1668
0.90759
0.2838
0.24099
0.16902
0.08266
0
0.38099
0.15179
0.19372
0.16611
0.14735
0.21518
0.15105
0.92044
0.26987
0.02856
0.08744
0.07513
0
0
0.07971
0
0.27346
0.27291
0.64068
0.54748
0
0
0.07285
0
0.1031
0.15569
0.27713
0.27748
0.23886
0
0
0.05635
0.09744
0
0.37112
0
0.26008
0.19807
0.08033
0.07982
0.18823
0.02473
0
0
0.1682
0
0
0.08531
0.12906
0
0
0.12977
0.07842
0
0.29214
0
0
0.30204
0.15005
0
0
0.22944
0.22336
0
0
0.38097
0.33211
0.25881
0
0.08369
0.23318
0.08368
0
0
0.15357
0
0
0
0.38367
0.23308
0.23791
0.12822
0.15406
0
0.15316
0
0
0.27451
0.31073
0
0
0.03897
0.59426
0.29077
0.07087
0
0.08601
0.07013
0.24069
0.46812
0.47631
0
0
0.22519
0
0.11288
0.08012
0.07943
0.09596
0.16521
0.16807
0.47029
0
0
0
0.07918
0
0.07309
0
0.10656
0
0
0.11114
0
0.08298
0
0
0
0.08264
0.02766
0.07903
0
0.0747
0.06593
0.24845
0.10651
0
0.23302
0.23135
0.27184
0.17311
0.16421
0.25119
0.16694
0.07581
0.20021
0.07981
0.02861
0.27672
0.27311
0.22723
0.15134
0.4534
0.12724
0.08539
0.15093
0
0.27544
0.01955
0
0.21863
0
0.96431
0.16672
0.0782
0
0.08146
0
0.09717
0.07522
0.07545
0.47163
0.07581
0.27091
0
0.0389
0.17229
0
0
0.47437
0.18206
0.08777
0.07461
0.16734
0
0.29114
0.14768
0
0
0
0
0
0
0
0.30812
0.20625
0
0.22627
0.22079
0
0.02929
0.39908
0.30795
0
0
0.12074
0.27029
0.06563
0
0.39403
0.26451
0
0
0
0.2203
0.07462
0
0
0
0.20585
0.07477
0
0
0.07738
0
0
0
0
0.30751
0.53436
0
0
0.24006
0.10462
0.16458
0
0
0.08539
0
0.38515
0
0
0
0.21184
0
0.22448
0.1781
0.17134
0.02713
0
0.27432
0.24057
0
0
0
0.45579
0.15068
0.06576
0.28835
0.23651
0.08476
0
0.10151
0
0.26822
0
0
0.15736
0.07813
0
0.05001
0
0.16325
0.1637
0.1641
0.25873
0
0.22068
0.13489
0
0
0
0.22665
0.08368
0.21994
0.12911
0
0
0.15842
0
0
0
0.23185
0
0.2188
0.07163
0
0
0.23712
0.27062
0
0.06631
0.07504
0
0.42191
0
0.08514
0
0.27602
0
0
0.08291
0.1285
0
0.14857
0.10788
0
0.11014
0
0.28518
0.28946
0.14746
0.15313
0.06583
0.10636
0.08353
0.24248
0.07651
0
0.14698
0.47677
0.37268
0
0
0.30395
0.08524
0
0.08134
0
0.08648
0
0
0
0.07558
0.18013
0.28874
0.19086
0
0.47294
0.15658
0
0.41768
0.07637
0.23564
0
0
0.28749
0
0.11408
0.15057
0
0.27537
0.15342
0.29807
0.1789
0.08422
0.18462
0.08374
0.05624
0
0.15313
0.06586
0
0.08166
0.31076
0.17443
0
0
0
0
0
0.23804
0.29053
0.39369
0.08552
0
0.41209
0
0.89879
0.23516
0
0.11487
0.08632
0
0.39405
0
0
0
0
0
0.1178
0
0
0
0
0
0.22689
0.35647
0
0
0.25199
0
0
0.39187
0
0
0.04967
0.29267
0
0.02655
0
0.27574
0.15321
0.08781
0
0.22606
0
0.07364
0.08598
0
0
0
0
0
0.06585
0
0
0.08501
0
0
0.0924
0
0
0.4605
0.1672
0
0
0.07398
0
0.25044
0
0
0.33316
0.44403
0.08099
0.43351
0
0
0.28733
0
0.29247
0
0.32931
0.18315
0.18776
0.08426
0
0.16898
0
0
0
0.15901
0.06594
0.06563
0.19108
0.18676
0.27285
0
0
0
0
0.30035
0
0
0
0.12294
0
0.38323
0.15688
0.24719
0
0.06637
0.34844
0.36453
0.24144
0.18915
0.27571
0.33218
0.16292
0.02504
0
0
0
0.16758
0.09214
0.08142
0
0
0.08147
0.05226
0
0
0
0.08684
0
0.06464
0.16822
0
0.10101
0
0.15068
0
0.2456
0
0
0
0
0.0752
0
0
0
0.32892
0
0.14925
0.04697
0.07282
0
0
0.06581
0.2526
0
0
0.2444
0.21769
0.15662
0.08422
0
0
0.07525
0
0
0
0
0.19036
0.27254
0.1921
0.15286
0.07358
0
0.1543
0.08148
0
0
0.06567
0
0.0989
0
0.0286
0.45367
0
0
0
0.47461
0.07372
0
0.02902
0.16746
0
0
0
0
0.07656
0
0.08282
0.39442
0
0.17134
0.23399
0.07467
0.07425
0
0
0.19233
0.07559
0.55518
0.15126
0.1071
0.18436
0
0
0
0
0.12755
0
0
0.27316
0.15471
0
0
0
0.08297
0.08265
0.23816
0
0
0.08373
0
0.3039
0
0.0748
0.27483
0
0
0
0.36316
0
0
0
0.12814
0.1533
0.07878
0.08667
0
0
0
0
0.10623
0.16423
0.16581
0.07853
0.05551
0.07738
0
0.07814
0.08712
0
0
0
0.19171
0
0.52395
0
0.05314
0.22602
0.18643
0
0.08651
0
0
0
0.07817
0
0
0
0
0.07523
0.08723
0
0.27594
0.07682
0.31948
0
0.08235
0.02438
0
0.66272
0.60691
0.63371
0
0.23452
0.35995
0.08537
0.16086
0.1486
0.07415
0
0
0.15613
0.16932
0
0
0.289
0.37435
0
0.33121
0.31105
0
0
0
0
0
0.31048
0.22278
0.55671
0.23641
0
0
0
0
0.25423
0.19206
0.4
0.14994
0
0.66141
0.64018
0.9684
0.07477
0
0.35114
0.08179
0
0.02895
0
0.14727
0
0
0.18253
0.08145
0.39298
0
0
0
0
0
0.38296
0.36821
0.29102
0.24979
0.26742
0
0.26544
0.08545
0
0
0.08225
0.16941
0.10274
0.0863
0.07525
0.02226
0.06643
0
0
0.13753
0
0
0
0
0.15002
0.07161
0
0.08506
0
0
0.14642
0.16549
0.16594
0
0
0.08681
0
0
0
0
0.04856
0
0
0.14895
0.23952
0
0.06599
0
0
0
0.20208
0.16973
0
0.08487
0.0855
0
0.07906
0.08324
0.13887
0.02855
0.17118
0.29057
0.24114
0.20276
0.16813
0
0
0.33068
0.08669
0
0.4133
0.37806
0.27148
0
0.41462
0.08381
0.07574
0.07607
0.57735
0
0
0.37262
0
0
0
0.33053
0
0.27468
0.16257
0.27236
0.23629
0.22727
0.03226
0
0
0.02856
0.10121
0.16845
0
0
0
0.24193
0.36699
0.28526
0.11299
0.09813
0.16714
0.08385
0
0
0.74803
0
0.39808
0.17027
0
0.14846
0.09161
0
0.22779
0
0.10696
0.24533
0
0.47786
0.13234
0.16562
0.16424
0.02915
0.08044
0
0.22257
0
0.35112
0
0.44823
0.15347
0.2468
0.16894
0
0.08189
0
0.07431
0
0.16718
0
0
0.36682
0.3155
0
0.08706
0.28118
0.22067
0.18815
0
0
0.07663
0.07392
0.15136
0.25346
0
0
0
0
0.38586
0
0.10299
0.20725
0.07535
0.31106
0.1648
0.16422
0
0
0.36729
0
0.33573
0.07538
0
0.15036
0.40585
0.28957
0.22717
0.10051
0.08695
0.07414
0
0.06572
0.20095
0.35905
0.55586
0.07752
0.09006
0.06628
0
0.08344
0
0.08369
0.07838
0
0
0
0
0.07467
0
0.52744
0
0
0.08667
0.0849
0.05762
0.08627
0
0.27255
0.16683
0.31094
0.21871
0.23604
0
0
0
0.08733
0.07906
0.27406
0
0.40592
0
0.1838
0
0
0
0
0
0
0
0
0
0.30995
0
0.12033
0.2228
0.05486
0
0
0
0
0
0.07622
0
0.13499
0.16793
0.37223
0.31309
0
0.07643
0
0
0.08316
0.0953
0
0.21941
0.08227
0
0.17588
0.06608
0.24868
0
0.24359
0
0
0.31418
0.08619
0
0
0
0
0
0
0.07913
0.35058
0
0
0
0
0
0.168
0
0
0
0.14816
0
0
0.37171
0.06602
0
0.37215
0.04901
0
0
0
0
0
0
0.0753
0
0.09586
0
0.08216
0.15054
0
0.11855
0
0.38282
0
0.23784
0.8689
0
0
0.16398
0.1565
0.33023
0.02777
0.08554
0.08482
0.35003
0.27235
0
0
0
0
0
0.38673
0
0.04732
0.14857
0
0
0.3173
0.36391
0.07061
0
0
0
0.4334
0
0.08591
0
0.17811
0
0
0
0
0
0.2591
0.25897
0.16366
0.24135
0.23697
0
0
0
0
0
0.4697
0
0
0
0
0.0856
0.30202
0.36709
0.27127
0
0.3868
0
0.15475
0.19529
0
0.49309
0.066
0.23388
0.09164
0.14596
0.07497
0.27532
0
0
0.08615
0
0
0
0
0.24521
0.15292
0.23183
0.08643
0
0.202
0.5777
0
0
0
0
0.16824
0.08693
0.14937
0.27722
0
0
0.08109
0
0
0
0
0
0
0
0
0
0.07461
0.15093
0.22196
0
0.16371
0.33172
0
0
0.31446
0
0
0.22818
0.09331
0.12293
0
0
0
0
0
0.20046
0.06619
0.25299
0.12606
0.23086
0.23406
0.55171
0
0
0
0
0.08797
0
0.08569
0
0
0
0
0.27411
0
0.36862
0.16458
0.53947
0.43022
0
0
0
0
0
0.36241
0
0.29139
0.0823
0.06649
0.06628
0
0
0.27442
0
0.08612
0
0
0
0
0
0.24683
0.24778
0.21615
0
0
0
0
0
0
0.228
0.15278
0.15416
0
0
0
0
0.9635
0
0
0.07138
0.05127
0.16648
0.08185
0
0
0.15374
0
0.06642
0.24696
0.34563
0.08941
0
0
0
0
0
0
0
0
0
0
0.17599
0.08089
0.15009
0.57866
0
0.25512
0.06593
0
0
0
0.07814
0
0.10149
0
0
0.08191
0.87479
0.23653
0.37799
0.13884
0.22671
0.08359
0.30947
0
0
0.0734
0.27485
0.27657
0
0.07761
0.14127
0
0
0.07887
0
0
0
0.07555
0
0.22084
0.17959
0
0.2476
0
0
0.085
0
0
0
0.27534
0.10713
0
0
0.0751
0
0
0.24493
0
0.13676
0.07858
0
0.09887
0.16707
0
0
0.07899
0.18985
0.10206
0.16669
0.0547
0.23612
0.15002
0
0
0
0
0.60037
0.28294
0
0
0.16903
0.31581
0.10721
0
0.15444
0.27335
0
0.1526
0.25321
0
0
0
0.17591
0.68803
0
0
0.56026
0.58934
0
0
0
0
0.03197
0
0.38714
0.14874
0
0.07417
0.08279
0.10287
0.06592
0.18455
0
0
0
0
0.07828
0
0.51304
0
0
0.45741
0.41934
0
0
0
0.07985
0
0.22272
