0.31609
0.14876
0
0.17135
0.22281
0.06177
0.25184
0.07437
0.07448
0
0.09103
0.17003
0
0
0
0
0.26418
0
0.17841
0.19917
0
0
0
0
0
0.07909
0
0.08172
0
0.05021
0.06567
0
0
0
0
0
0
0
0
0
0
0
0
0
0.29829
0
0.2979
0
0.29937
0
0.0822
0
0.27516
0
0
0.06856
0.17605
0
0
0
0
0
0
0
0
0
0
0.06213
0
0
0.06288
0
0.02792
0
0.06622
0
0
0
0
0
0
0
0
0
0.07484
0
0
0
0.07277
0
0.08097
0.06571
0.17591
0
0
0
0
0
0
0
0
0
0
0.0362
0
0.07135
0
0
0
0
0
0.36223
0
0.08091
0
0.17654
0
0
0.14735
0
0
0.07376
0
0
0
0
0
0.36765
0.22378
0
0
0
0.06571
0
0
0
0
0
0
0.17311
0
0
0
0.06594
0.05633
0.2288
0.08069
0.07297
0
0.16247
0.07986
0
0.17099
0
0
0
0
0.29898
0
0
0
0
0.07229
0.02746
0.14311
0
0
0.15168
0
0.16392
0.25153
0.08167
0
0
0
0
0
0
0
0
0.20391
0
0
0
0
0
0
0
0
0
0
0
0
0
0
0
0
0
0
0
0
0
0
0
0.17293
0
0
0
0
0
0
0
0
0
0
0
0.07922
0
0
0
0
0.0812
0
0
0.21753
0
0
0
0
0
0
0
0
0
0.07802
0.07261
0.29502
0
0
0.07152
0
0
0
0
0
0
0
0
0.07227
0
0
0.02387
0
0.07177
0
0
0.05324
0
0
0
0
0
0
0
0.17759
0
0.30085
0
0
0
0
0
0
0
0
0
0.06131
0
0
0
0
0
0
0
0
0.2909
0
0
0.17131
0
0
0
0.22417
0
0
0
0.08146
0
0
0
0.15413
0
0
0.15211
0
0
0
0
0
0
0.17576
0.02359
0.0664
0.08459
0
0.07934
0.06774
0
0
0
0
0
0
0
0.30596
0
0
0.02695
0
0
0
0
0
0
0
0
0
0
0
0
0.07332
0
0
0
0.07718
0
0.39326
0
0.02414
0
0
0.10422
0
0
0.17595
0
0
0
0
0.04985
0.0756
0
0.02677
0
0.07566
0
0
0.06738
0
0
0
0
0
0
0.30922
0
0.08422
0
0
0
0.08279
0.17398
0.08299
0.16899
0
0
0.02408
0
0.06043
0
0
0
0
0
0
0.07225
0
0.07323
0
0.07272
0
0
0
0
0
0
0.27803
0.02256
0
0
0.06122
0
0
0
0
0
0
0
0
0
0.04796
0
0
0
0
0
0
0
0.15774
0
0
0
0
0
0
0
0.22325
0
0.60594
0
0
0
0
0.06788
0
0
0
0.08006
0
0
0
0
0
0
0
0.15269
0.36258
0
0.06654
0
0
0
0.10152
0
0.14437
0.08138
0
0.11239
0
0
0.07267
0
0
0.07679
0
0.0419
0
0
0
0
0.0828
0
0
0
0
0
0
0.02411
0
0
0
0
0
0.02519
0.23554
0
0
0
0
0
0
0
0
0
0
0
0.10255
0
0
0
0
0.14935
0
0
0.07547
0
0
0.10481
0.13104
0
0
0
0.08395
0.07328
0
0
0
0
0
0
0
0
0.07261
0.08789
0.10177
0
0.06553
0.02631
0
0
0
0.17709
0
0.07225
0
0
0.08046
0
0
0
0
0
0
0
0.02625
0
0
0.17738
0
0
0
0.02825
0
0
0.16579
0.07228
0
0
0
0.04858
0
0
0
0
0
0
0
0
0
0
0
0
0
0
0
0.16245
0
0
0.14356
0
0.15898
0
0
0
0
0.07167
0
0
0
0.07424
0
0
0
0
0.15255
0.21007
0
0
0.28174
0.23428
0
0.072
0
0
0.06804
0.08156
0
0
0
0.07137
0
0
0
0
0
0.30388
0
0
0
0
0
0
0
0
0
0
0
0
0
0
0
0
0
0
0
0
0
0
0
0
0
0
0.08764
0
0.23797
0
0
0
0
0
0.14931
0
0
0
0
0
0
0
0
0
0.02903
0
0
0
0.0527
0
0.02848
0
0.08675
0
0
0.05509
0
0
0
0
0.10974
0.14279
0
0.07291
0
0
0
0
0.0237
0
0
0
0
0.17822
0
0.04835
0.04735
0
0
0.07468
0
0
0
0
0
0
0.29736
0
0
0
0.06787
0
0.29691
0
0
0.07279
0
0.36057
0
0.22748
0
0
0
0
0.07882
0
0
0
0.20645
0
0
0.1312
0.07954
0
0
0
0.16301
0
0.07377
0
0
0
0
0.08045
0
0
0
0
0
0
0.38525
0.06887
0
0.07255
0.29965
0.32688
0
0.08281
0.05182
0
0.13052
0
0.10459
0
0.19847
0
0
0
0
0
0.1314
0
0.15536
0
0
0
0.08296
0
0
0.08188
0
0
0
0
0
0.11945
0
0.02083
0
0
0
0
0
0
0
0
0
0
0
0
0
0
0
0.07619
0.02631
0
0
0
0
0
0.31636
0
0
0.05263
0.06748
0.40688
0
0
0
0
0
0.22087
0
0
0.02718
0.06653
0
0
0
0
0.17644
0
0
0
0
0
0.07254
0
0
0
0
0
0
0
0
0
0
0.06253
0
0
0
0
0
0.07162
0
0
0
0
0
0
0
0
0
0
0
0.06801
0
0
0.02195
0
0.15807
0.19229
0
0.07215
0
0.3592
0.07798
0.11866
0
0
0
0
0.06863
0
0.22475
0
0
0
0
0
0
0
0.06241
0.12963
0
0
0.15346
0.36564
0.08015
0
0.08161
0.07968
0.12597
0
0.36537
0
0
0
0.07156
0.12199
0.05345
0.1442
0.07371
0
0.23376
0.14471
0
0
0
0.07503
0
0
0
0.12942
0
0
0
0.05445
0
0
0
0
0
0
0.08251
0
0
0
0
0.08868
0
0
0
0
0.30217
0
0
0
0.08781
0
0
0
0
0
0
0.07421
0
0
0
0
0
0
0
0.13018
0
0
0
0
0.10246
0
0
0
0.07713
0
0.17523
0
0
0
0
0
0
0
0
0
0
0
0
0
0.23755
0
0
0
0.10682
0
0
0
0
0
0.06598
0
0
0
0.09477
0
0
0
0
0
0
0.07257
0
0
0.04841
0.24589
0
0
0
0
0.40295
0
0
0.07799
0
0
0
0
0
0
0
0
0
0
0
0
0
0.08217
0
0
0
0
0
0.14709
0
0.04825
0
0
0
0
0.07224
0
0
0.37343
0
0.30973
0.15322
0
0
0
0.06601
0
0.07609
0
0.16185
0.24309
0.31081
0.3101
0
0.04914
0
0.19671
0.08047
0.07532
0
0
0
0.09447
0
0.55095
0
0.10854
0.1631
0
0
0
0.0891
0
0.16918
0
0
0
0
0
0.0853
0.17343
0.07209
0
0
0.07698
0.14148
0
0.05328
0
0
0
0
0.07896
0
0
0.09455
0
0
0
0
0.17858
0
0
0
0
0.08138
0
0.06566
0.07219
0
0
0.08286
0
0.06163
0
0.02376
0
0
0
0
0
0
0
0
0.07282
0
0
0
0.30804
0
0.08206
0
0
0
0
0
0
0
0
0
0
0
0
0.15173
0
0.13955
0
0
0
0
0
0
0.30723
0
0.29444
0
0
0
0
0
0
0
0
0
0
0
0
0
0.17222
0.085
0
0.17011
0.16792
0.06642
0.02209
0.07276
0
0.31455
0.02609
0
0.05548
0
0
0
0
0.04536
0.33636
0
0
0
0
0
0.07645
0
0
0.37327
0.05009
0
0.07284
0
0
0
0
0
0.31069
0
0
0
0
0
0
0
0
0
0
0
0
0.0745
0
0.07723
0
0
0
0
0
0
0
0
0
0
0
0
0
0.24143
0.05047
0
0
0.07979
0.13511
0.06668
0.35071
0.08483
0
0
0
0
0
0.19912
0
0.07265
0
0
0
0
0
0
0
0
0
0
0
0
0
0
0
0
0
0
0
0
0
0
0
0.3512
0
0
0
0
0
0.071
0
0
0
0
0
0.06693
0
0
0
0
0
0
0.35747
0
0
0
0
0
0
0
0
0
0
0
0
0
0
0.22299
0
0.20398
0
0.15191
0.08699
0.0801
0
0
0.08108
0
0.0733
0.07439
0
0.14627
0
0
0
0.10248
0
0.23226
0.16629
0
0
0
0
0
0
0
0.08026
0
0
0
0.08068
0
0
0.43105
0
0
0
0
0.15919
0
0
0
0
0
0
0
0
0
0
0
0
0
0
0
0
0.0362
0
0.07488
0.07242
0
0
0
0
0
0
0
0
0
0.07876
0
0.23118
0
0
0.08221
0.0267
0
0
0
0
0.02554
0
0.37422
0
0.27415
0
0
0
0
0
0
0
0.07318
0
0.07608
0
0
0.0659
0
0
0
0
0.44495
0.08203
0
0.02373
0
0
0.07215
0
0.07213
0
0.07957
0
0.17554
0
0.0677
0
0
0
0
0
0
0
0.08096
0
0
0.10154
0
0
0
0
0
0
0
0
0
0
0
0
0.15174
0.16576
0.07784
0
0.12667
0
0.03485
0.23271
0
0
0
0.1522
0
0
0
0.23614
0
0
0
0.18383
0
0
0
0
0
0
0
0
0
0
0.06931
0
0
0
0.10496
0
0
0
0
0
0
0
0
0
0
0
0
0
0
0
0
0
0
0
0
0
0
0
0
0
0
0
0
0.33157
0
0
0
0
0
0
0.30058
0
0.07918
0.07893
0
0
0
0
0
0
0
0
0
0
0.07223
0.12862
0
0
0
0.1632
0
0
0
0
0
0
0
0
0.04919
0.07209
0
0
0
0
0
0
0
0.36148
0.12269
0
0
0
0
0.02499
0
0.04946
0
0
0
0
0
0
0
0
0
0
0
0
0
0
0
0
0
0
0
0
0
0
0
0
0.17572
0
0
0.0249
0
0.04787
0.17292
0
0
0
0
0
0
0
0
0
0
0.14264
0
0
0
0.14742
0.15931
0
0
0
0
0.32959
0.07203
0
0
0
0
0
0.31574
0.13168
0.07406
0
0.23704
0.23357
0.07367
0
0.3853
0
0
0
0
0.02307
0
0
0
0
0
0
0
0
0
0
0.08723
0.17644
0
0
0
0
0
0.08857
0
0.15492
0
0
0
0
0
0
0.07797
0
0
0.07894
0
0
0
0
0
0
0.07215
0
0
0.02364
0
0
0
0
0.341
0
0.07299
0.07991
0
0
0
0
0
0
0
0
0.02394
0
0
0
0
0
0
0
0
0.17074
0
0
0
0
0
0
0
0
0
0.29947
0
0.07287
0
0
0
0
0.09873
0
0.07106
0.13575
0
0
0
0.04423
0
0
0
0.07248
0
0.15431
0.02818
0
0
0.12977
0.168
0
0
0.15267
0
0
0
0
0
0.23443
0.23084
0
0.02401
0.16279
0.23397
0
0
0
0
0.05489
0
0
0
0
0
0
0
0
0
0
0
0.08037
0
0
0
0
0.10736
0
0
0
0
0
0
0
0
0
0
0
0
0
0.06677
0.08828
0
0
0
0.16797
0
0
0
0
0
0
0
0
0.07124
0
0
0.07931
0
0.15008
0.07604
0
0
0
0
0
0
0
0
0
0
0.25577
0
0
0.0761
0
0
0
0
0
0
0.07257
0
0
0
0
0
0
0
0
0
0.0734
0
0.16868
0.17684
0
0
0.08288
0
0
0
0
0
0.09864
0
0.29844
0.07612
0.21874
0
0
0
0
0
0
0
0
0
0.15791
0
0
0
0
0
0.04473
0.08234
0.2988
0
0
0
0
0
0
0
0
0
0
0
0
0
0
0
0
0
0
0.0473
0
0.08363
0
0
0
0.02641
0
0
0
0
0
0.10199
0
0
0
0.32958
0
0.08117
0.08454
0
0
0
0
0.12623
0.07493
0
0.029
0
0
0.07208
0
0
0.23534
0
0.22802
0.07474
0.17464
0
0
0
0
0.16971
0
0
0
0
0
0.17648
0
0
0
0
0
0
0
0
0.178
0
0
0
0
0.15702
0.04825
0.02398
0
0
0
0
0
0
0
0.04902
0
0
0
0
0
0
0.10709
0.17714
0.08052
0
0
0
0.07861
0.30528
0
0
0.17716
0.23172
0
0.16669
0.10561
0.16615
0
0
0
0
0
0
0
0.02646
0
0.0688
0.02303
0
0.3077
0
0
0
0.36976
0
0
0
0.08356
0.02192
0
0
0
0.17444
0.31149
0
0
0
0.06964
0
0
0
0
0
0
0
0
0.15344
0.31185
0
0
0
0
0.06595
0
0
0
0
0
0.06756
0
0.35363
0.06611
0
0
0
0
0
0
0.08751
0
0
0.08266
0
0
0
0.03098
0
0.03274
0.03189
0
0
0
0.06357
0
0
0.04529
0
0.19873
0.08204
0.06681
0
0
0
0
0.0752
0
0
0
0
0
0.02764
0
0
0.0762
0
0
0
0
0
0
0
0
0
0
0
0
0
0.07886
0
0
0
0.16608
0.22254
0.17477
0
0
0
0
0
0
0
0
0
0
0
0
0
0
0
0
0
0
0
0
0
0
0
0.14112
0
0
0
0
0
0
0
0
0
0
0
0.1273
0
0
0
0
0.02369
0
0.3557
0
0
0.07397
0.10353
0
0
0
0
0
0
0
0
0
0
0
0.08299
0.3049
0
0
0
0
0
0
0
0
0
0.09986
0.22219
0
0
0
0
0
0
0.52088
0
0
0.02777
0
0
0
0
0
0.18194
0
0.02381
0
0
0
0
0
0.31366
0
0
0
0
0.29985
0.31374
0.15444
0
0
0.16237
0
0
0
0.3865
0.14491
0.08286
0.05003
0.02814
0.21354
0
0.09977
0.29711
0.02767
0
0
0.13089
0
0
0.07403
0.19259
0
0
0
0
0
0
0
0
0
0.06712
0
0
0.52567
0
0
0
0
0
0
0
0.06961
0
0
0
0.07469
0
0
0.07539
0
0
0
0
0.17485
0
0
0
0.13655
0
0
0
0
0
0
0.19574
0
0
0
0.07874
0.10317
0
0
0
0
0.07607
0
0
0
0.15374
0
0
0.18351
0
0.06655
0
0
0
0
0
0
0.29217
0
0
0
0
0
0
0
0.07621
0
0
0
0
0
0
0.07322
0
0
0
0
0
0
0.06594
0
0
0.10103
0
0
0.05382
0
0
0.07241
0.06281
0
0
0
0
0
0
0.21897
0
0
0
0.23219
0
0
0
0
0
0.30088
0
0
0
0
0
0
0
0.2104
0
0
0.07764
0.16801
0.10723
0.08085
0.05431
0
0
0
0.08233
0
0
0
0
0
0
0
0
0
0
0.05316
0
0
0
0
0.18127
0
0.69513
0
0
0
0.17094
0.09842
0
0
0
0.07246
0
0
0
0
0
0
0
0
0.07433
0
0
0
0
0.08807
0
0
0
0.30743
0
0
0
0
0
0
0
0
0
0
0
0
0
0
0.07821
0.07881
0
0
0
0
0.07284
0
0
0
0
0
0.11659
0.29175
0
0
0
0
0.06607
0
0
0
0.2907
0
0
0
0
0.31084
0
0.0766
0
0
0
0
0
0
0
0.07419
0
0.31791
0
0.29838
0
0
0.07268
0
0
0.37817
0.36241
0
0
0
0.02026
0
0
0
0.08182
0
0
0
0
0.09576
0
0
0.08031
0.2307
0.17763
0
0.18146
0.17713
0
0
0
0
0.15256
0
0
0
0
0
0
0
0
0
0
0
0
0
0
0.07344
0
0
0.23824
0.67289
0
0
0.09655
0.07814
0
0
0
0
0
0
0
0
0
0
0.28909
0
0
0.07294
0
0
0
0
0
0.07393
0
0
0
0
0.19656
0
0
0
0
0
0
0
0
0
0.09034
0
0
0.07591
0
0
0
0
0.02633
0
0
0
0
0
0
0
0
0
0.06586
0
0
0
0
0
0.17776
0.1769
0
0
0
0
0
0
0
0
0
0
0
0.15776
0
0
0
0
0.10022
0.07743
0.15196
0
0
0.07247
0.22516
0
0.08013
0.15286
0.0765
0.10782
0
0.36961
0
0.36584
0
0.35864
0
0
0.15933
0
0.37101
0
0.30607
0
0.06105
0
0
0
0
0.159
0
0.14977
0
0
0
0
0
0
0
0
0
0
0.02782
0
0.35251
0
0
0
0
0
0
0
0
0
0.066
0.08942
0
0.15119
0
0
0
0
0
0
0.21226
0
0
0.07643
0
0
0
0
0
0
0
0
0
0
0
0
0.07218
0
0.0727
0
0
0
0
0
0
0
0
0
0
0
0
0
0
0.07662
0
0
0
0
0
0
0
0
0
0
0
0
0
0.03462
0
0
0.07378
0.14432
0
0
0.07682
0.07369
0
0.17344
0.07741
0.06669
0
0.17045
0
0.37417
0
0
0
0
0
0
0
0
0
0
0
0.36684
0.09787
0.07662
0
0
0.07593
0
0
0
0
0.07003
0.02609
0.07365
0.08104
0
0
0
0
0
0
0.26065
0
0
0
0.36578
0
0
0
0
0
0
0.29875
0
0
0.04044
0
0
0
0
0
0
0.15091
0
0
0
0.04035
0
0
0
0.22095
0.10552
0
0
0.0799
0
0
0
0.21646
0
0
0
0
0
0.31196
0.36302
0.13234
0
0.10199
0.07717
0
0
0
0
0
0
0
0
0.39776
0.07257
0.02854
0
0
0
0.30313
0
0
0
0
0
0
0.13636
0
0.0449
0.08701
0
0
0.0604
0
0
0
0.1366
0
0
0.04953
0
0
0
0
0.08217
0
0.09654
0.15051
0
0
0
0
0
0.18694
0
0
0
0
0
0
0
0
0.04871
0
0.07849
0
0
0
0
0
0
0
0
0
0
0
0
0
0.37448
0
0.16789
0.07703
0
0
0
0.07239
0
0.22766
0
0
0
0
0
0.10789
0.08047
0.17807
0
0
0
0
0
0.23315
0
0
0
0
0.07151
0
0
0
0
0.28
0
0
0.17666
0
0
0
0
0
0.10173
0
0.21676
0
0.30668
0.36957
0.30202
0
0.09519
0
0
0
0
0
0
0
0.31307
0
0
0.4137
0.07571
0.38379
0
0
0
0
0.07814
0
0
0.12687
0
0
0
0
0.13878
0.07221
0.07189
0
0
0
0
0
0.08159
0.13132
0.0721
0
0.053
0
0.06024
0.30595
0
0
0.08041
0.11825
0.08307
0
0
0
0.0834
0
0
0.08202
0.30644
0
0
0.08218
0
0.24258
0
0.08863
0
0
0.08627
0.08675
0
0
0
0
0
0
0
0.05284
0
0
0
0.04458
0.07717
0
0
0
0
0
0
0
0
0
0
0
0
0
0
0
0
0
0
0.14397
0
0.07407
0
0
0
0.07705
0
0
0
0
0
0
0
0
0.17765
0
0
0.08241
0
0
0
0.17739
0
0
0.072
0
0
0
0.04637
0
0.02496
0
0
0.07613
0.06597
0
0.11687
0.1524
0.13798
0
0
0.30252
0.30054
0
0.16977
0.2995
0.19512
0
0
0.08318
0
0.30701
0
0.08046
0.16235
0.33003
0
0
0
0
0.10155
0
0.05451
0
0
0
0
0
0
0
0
0
0
0
0
0
0
0
0
0.1919
0
0
0.1215
0
0
0
0
0
0
0
0.0831
0
0
0.04373
0
0
0
0
0
0
0
0
0
0
0
0
0
0
0
0
0
0.02682
0
0
0
0
0
0
0.14642
0.12389
0
0
0
0
0
0
0
0
0
0
0
0
0
0
0.18104
0
0
0
0
0
0.0786
0
0
0
0
0
0.0782
0
0
0.07659
0
0
0
0
0
0
0.07726
0
0
0
0
0
0
0
0.32267
0
0.36744
0
0
0
0
0
0.29883
0
0.24972
0.07861
0
0
0
0
0
0
0.31645
0
0
0
0.07266
0
0
0
0
0.10364
0
0
0
0.07526
0
0
0
0.07972
0
0.0811
0
0.0789
0
0
0
0
0
0
0
0
0.1101
0
0
0.14087
0
0
0.15029
0.06735
0
0
0
0.10232
0
0
0
0
0
0
0
0
0
0.07222
0
0
0
0
0
0
0
0
0.02631
0
0
0
0
0.07971
0
0
0
0
0
0
0
0
0
0
0
0
0
0
0
0.06561
0
0
0.07745
0
0
0
0
0
0
0
0
0
0.10889
0
0
0.15304
0
0
0
0
0.3023
0.2556
0
0
0.30355
0.12383
0
0.15143
0.07804
0.08254
0.08003
0.22937
0.09887
0
0
0
0
0
0
0
0
0
0.40523
0.08424
0
0
0
0
0.06597
0
0.07953
0.07521
0.09979
0.26138
0
0
0
0
0
0
0.29837
0
0.06675
0
0
0
0.07248
0
0
0
0
0
0.1768
0.06575
0
0.37408
0.08342
0
0
0.07275
0
0
0.27889
0
0
0.08618
0.08685
0.09544
0
0.09869
0.02909
0
0
0
0
0
0
0
0
0
0.0774
0.16635
0
0
0
0
0
0.07398
0
0
0.19598
0
0.07717
0
0
0
0
0
0
0.10272
0
0
0.17267
0
0
0
0.34047
0
0
0.06096
0.15118
0.08033
0
0.2051
0.15597
0
0
0.15357
0
0
0.27472
0
0
0
0
0
0
0.17646
0
0
0
0.02768
0
0
0.19151
0
0
0
0.02306
0
0
0.07918
0
0
0
0.07383
0
0
0
0
0
0.07989
0
0.41318
0
0
0
0.04159
0.09746
0
0
0
0.02401
0
0
0.1418
0.08359
0
0.05975
0
0.04282
0
0
0.08113
0
0
0
0.36577
0
0
0
0
0
0
0
0
0
0
0.08164
0
0
0.07502
0
0
0
0
0
0
0
0
0
0
0
0
0.10214
0.2938
0.07272
0
0.07409
0.07775
0
0.07376
0.10597
0.16201
0
0
0.26817
0
0
0
0
0.13189
0.17672
0
0.19938
0
0.31639
0.12817
0
0
0
0
0
0
0
0
0
0
0.08148
0
0
0
0.05237
0.11838
0
0
0
0.30743
0
0.07406
0
0
0.33058
0
0.17963
0.06734
0
0
0
0
0
0
0
0
0
0.07284
0
0.07434
0.06605
0
0
0
0
0.08763
0.15141
0
0
0
0
0
0
0
0.07933
0
0.0779
0
0
0
0
0
0
0.08148
0
0.17737
0.07605
0
0
0
0
0
0
0
0.19525
0.10757
0.23661
0
0
0.03256
0
0
0
0.02747
0
0
0.0681
0.13203
0
0
0.07373
0.30054
0.06729
0.10021
0.30217
0
0.3949
0
0
0
0
0
0
0
0
0.2337
0
0
0
0
0
0
0
0
0
0
0.07702
0
0
0
0
0
0
0.02398
0
0.04988
0
0
0
0.06213
0
0.08636
0.07522
0.08707
0
0
0
0
0
0
0
0.07286
0.20256
0.08307
0
0.07425
0.08426
0
0
0.07263
0
0
0
0.0735
0
0
0.09373
0
0.08033
0
0
0
0
0.05232
0.05375
0
0
0
0.08113
0
0.16167
0
0.16169
0
0.06098
0
0
0.02509
0
0
0
0.3811
0.06553
0.18748
0
0
0
0
0.18613
0.1309
0
0
0
0
0
0
0.0667
0.43204
0
0
0
0
0
0
0
0
0
0
0
0
0
0
0
0
0
0.02685
0.05795
0
0
0
0
0.07374
0
0
0.59951
0
0
0
0
0.08693
0.08674
0
0
0.0757
0
0
0
0
0.02913
0
0
0
0
0.02945
0
0
0
0
0
0
0
0
0
0
0.07855
0
0
0.08191
0.10813
0.21578
0
0.12503
0
0
0
0
0
0
0
0
0
0
0
0.07315
0
0.02678
0.10215
0
0
0
0
0
0
0.02026
0
0
0
0
0
0
0
0
0.15383
0
0
0
0.06042
0
0
0
0
0
0
0.08119
0
0
0
0
0
0
0
0.07368
0.0273
0.07338
0
0
0
0
0.07597
0.11336
0
0
0
0
0.07388
0
0
0
0
0
0.07231
0
0
0
0.0676
0.06542
0
0
0
0
0.0998
0
0
0
0
0.17686
0
0.19538
0
0
0
0
0
0
0
0.10608
0.0783
0.06063
0
0
0
0
0
0.08379
0
0
0
0
0
0
0.13282
0.3042
0.06739
0
0.05274
0.30351
0
0
0
0.19996
0
0
0
0
0.15311
0
0
0
0
0.14075
0.05968
0
0
0.09416
0
0
0
0.1607
0.14555
0
0.1526
0
0.02625
0
0
0.2375
0.06606
0
0.22241
0.04398
0
0
0
0.0656
0
0
0
0
0
0
0
0.37564
0.09688
0
0.07396
0
0
0
0.07476
0
0
0.02494
0
0
0.07859
0
0
0
0.07233
0
0.43791
0
0
0
0
0
0
0
0.07302
0
0
0
0
0
0
0.31334
0
0.1003
0
0.08108
0
0.08133
0
0.31417
0.10778
0
0
0.07988
0
0
0.06179
0.07753
0.17935
0.17613
0.69629
0.40892
0
0
0.38166
0
0.43763
0
0
0
0
0.30872
0
0
0.06248
0.42699
0
0
0.09192
0
0
0
0
0
0
0
0
0.35743
0
0
0
0
0
0
0.54611
0.16587
0
0.08776
0
0
0
0
0
0
0
0
0
0.07712
0
0.13655
0
0
0
0.38297
0
0
0
0.07529
0.314
0
0
0.14233
0
0
0.08241
0.0683
0
0
0
0
0.08721
0
0
0
0
0
0.05879
0
0
0.1772
0
0
0
0
0
0
0
0.02096
0
0
0
0
0.07316
0.17818
0
0
0.23
0
0
0.10265
0
0
0
0
0.05904
0
0
0
0.09154
0.09407
0
0
0
0
0
0
0
0
0
0.20295
0
0
0.08207
0
0
0
0
0
0.21644
0
0
0.02437
0.17047
0.04027
0
0
0
0
0
0
0
0
0.16807
0
0
0
0.56351
0
0.09365
0
0
0.13702
0
0
0
0
0
0.0798
0.02517
0
0
0
0
0
0
0
0
0
0
0.07218
0
0
0
0
0
0
0
0
0
0
0
0
0.22001
0
0
0
0
0
0.10266
0
0
0
0
0
0.27289
0
0
0
0
0.0975
0.03327
0.08276
0.10703
0
0
0
0
0
0
0
0
0
0.1481
0
0
0
0
0
0
0
0.0602
0
0.07598
0
0
0
0
0
0
0.07332
0.09763
0
0.07461
0
0.17687
0.07501
0.05011
0.0879
0
0
0
0
0
0.07838
0.07483
0.17357
0.08131
0.16597
0
0
0
0
0
0
0.05326
0
0
0
0
0.07685
0
0
0
0
0
0
0
0
0.21693
0
0
0
0
0
0
0
0
0
0.04603
0
0
0
0
0
0
0.22202
0
0.1311
0
0
0
0.16311
0
0
0
0
0.27986
0.08398
0
0
0
0
0.11272
0
0
0.05378
0
0
0
0
0
0.16458
0
0
0
0
0.10304
0
0
0
0
0
0
0
0.1024
0
0.07382
0
0
0
0
0
0
0.07758
0
0
0
0
0
0
0
0.11493
0
0.11598
0
0
0
0
0
0
0.08273
0
0
0
0
0.17732
0.28411
0
0.17723
0.07689
0
0.08084
0
0
0.08058
0
0
0
0
0
0
0
0.13188
0
0
0
0
0.32585
0
0
0.07306
0.10187
0.08203
0.08097
0
0
0
0
0
0
0
0
0
0.0884
0
0.14189
0
0
0
0
0
0
0
0
0
0
0
0
0
0
0
0
0.35824
0
0
0
0
0
0
0
0
0
0.08138
0.32384
0
0
0
0
0
0
0
0
0
0
0
0.12929
0
0
0
0
0
0
0
0
0
0
0
0
0.09748
0
0
0
0
0
0
0
0
0
0
0
0.07985
0.05305
0
0.16633
0
0
0
0
0.19233
0
0
0
0
0.13246
0
0
0.16619
0.05937
0
0
0
0
0
0
0.07924
0
0
0.15137
0
0
0
0
0.62812
0.3003
0
0
0
0.08119
0
0
0
0
0
0.0529
0
0
0
0
0
0
0
0
0.34009
0
0.22509
0.16491
0
0.07593
0
0
0.14175
0
0
0.16532
0.15793
0
0
0
0
0
0
0
0
0
0
0
0
0
0
0
0
0.11328
0.07289
0
0
0
0
0
0
0
0
0
0
0
0
0.08803
0
0
0
0
0
0
0
0
0
0.02098
0
0
0
0
0
0
0.16789
0.40729
0
0
0.09454
0
0.05095
0.10193
0
0.07298
0.0796
0.18099
0.02231
0
0
0
0.06327
0
0
0.07948
0
0.28421
0.06713
0
0
0
0.16196
0
0
0
0
0.02422
0.16512
0
0
0
0
0
0
0
0.40003
0
0.14592
0
0
0
0
0
0
0
0.15157
0
0
0
0
0
0
0
0
0
0
0.08192
0.30514
0
0.08738
0
0
0
0
0
0.06699
0.17318
0.53294
0.19633
0
0
0
0
0
0
0
0
0
0
0
0
0
0.08172
0
0
0
0
0
0
0
0
0
0
0
0
0.06735
0
0
0
0
0
0
0.07615
0
0.29597
0.09609
0.04836
0
0.34368
0
0
0
0.06035
0
0.16441
0
0.05701
0
0
0
0.04574
0
0
0
0
0.16853
0
0
0
0
0
0
0
0.07587
0
0
0
0
0.10074
0.16482
0
0
0
0.05537
0.31524
0.22372
0
0
0
0
0
0
0
0
0
0.14492
0.09806
0
0.18332
0
0
0.0724
0
0
0.19923
0.06313
0
0
0
0.02204
0
0
0
0
0
0
0
0.18432
0
0
0
0
0
0
0
0
0
0
0.03381
0.06767
0.11466
0
0
0
0
0
0
0
0
0
0
0
0.06747
0
0.07692
0
0.06826
0
0
0
0.04996
0.02596
0
0
0
0.07307
0.02656
0
0
0.08231
0.26112
0
0.16434
0
0.27314
0.03404
0.1218
0.077
0
0
0
0
0
0
0.45966
0
0
0
0
0
0
0
0
0
0.08802
0
0
0.1691
0
0.06194
0
0
0
0
0
0.05508
0
0
0
0
0
0
0
0
0
0
0
0.09521
0
0
0
0
0.08916
0.16529
0
0
0
0
0
0.0544
0
0
0.47596
0
0
0
0
0
0
0
0
0
0
0
0
0
0
0
0
0
0
0
0.11087
0
0
0
0
0
0
0
0
0
0
0.08174
0.08503
0.10123
0
0
0.10221
0.07303
0.0751
0
0
0
0
0
0
0
0.07717
0
0
0.1215
0
0.13689
0
0
0
0
0
0
0
0
0
0
0
0.1204
0
0.07757
0
0
0
0
0.0971
0.04442
0
0
0
0
0
0
0.02215
0
0
0
0
0.05814
0
0.05068
0.04911
0
0
0
0
0
0
0
0
0
0
0
0.1726
0
0
0.21227
0
0.09555
0
0
0.53383
0
0
0.37696
0
0
0.13807
0
0
0.05482
0
0
0
0.10007
0.26028
0
0.33903
0
0
0.05734
0
0
0
0.13616
0
0
0
0
0.14354
0
0
0
0.08006
0
0
0
0.02066
0
0
0
0
0.14164
0
0
0
0
0
0
0
0
0
0
0
0
0
0.05788
0.09572
0
0
0
0.09537
0
0.09603
0
0
0
0
0
0.23419
0
0
0
0
0
0.17498
0
0
0
0.22208
0
0
0
0.08135
0.0223
0.27718
0
0
0
0.08369
0
0
0.08787
0
0
0
0
0.08744
0
0
0.08006
0
0.08029
0
0
0
0
0.19394
0.08204
0
0
0
0
0.10984
0.17451
0
0
0.02542
0
0
0
0
0.06135
0
0.07284
0
0
0
0
0.10483
0
0
0
0
0
0.05404
0.02678
0
0
0.1306
0
0
0.09913
0.10438
0.14342
0
0
0.05633
0
0.06699
0
0
0.02543
0.0831
0
0.02064
0.10088
0
0
0
0
0.42534
0
0
0
0
0.08754
0
0.02882
0
0
0
0
0.19182
0
0
0
0
0
0
0
0
0.07234
0
0
0.08711
0
0
0
0
0
0
0
0
0
0.17637
0.04817
0
0
0.08051
0
0.11564
0
0
0
0
0.14066
0
0
0
0
0
0
0.16569
0
0.7204
0.07541
0
0
0
0
0
0
0.06724
0
0.10093
0
0
0
0
0
0.22333
0
0
0
0
0.11901
0
0.07266
0
0
0.04819
0
0.05467
0
0
0.087
0
0
0
0.27512
0
0
0
0.07604
0
0
0
0
0
0.08811
0
0
0
0
0.14675
0
0
0
0
0
0
0
0
0
0.10118
0
0
0.08594
0
0
0.07495
0
0.14425
0.08288
0.122
0
0
0.68963
0
0
0
0
0
0.02068
0
0
0
0
0
0
0
0
0
0.07613
0
0
0
0
0
0
0
0
0
0
0
0
0
0.07546
0.07224
0.09924
0
0
0
0
0
0.07632
0
0
0.07278
0
0
0
0
0
0
0
0
0
0.09849
0.08124
0
0
0.27958
0
0
0
0.07375
0
0
0
0
0
0.05041
0
0.0861
0
0.29826
0
0
0.09723
0
0
0
0.10411
0.36588
0
0
0.0813
0
0.21238
0
0
0
0.07518
0.13215
0
0
0.2349
0
0
0
0
0.17431
0
0
0
0
0
0
0
0
0.1329
0
0
0
0.06692
0
0
0
0.08058
0
0
0
0.12306
0
0.07255
0
0.01988
0
0.10046
0
0
0.14294
0
0
0
0
0
0
0
0
0
0
0
0.06846
0.20887
0
0
0
0
0.09746
0.08086
0
0
0
0.07283
0
0
0.48145
0
0
0
0
0.23863
0
0.1634
0
0.15389
0
0.08702
0
0
0.08581
0
0.07821
0.08688
0
0
0
0
0
0
0.23888
0
0
0.1315
0
0
0.09668
0
0
0
0
0
0.02492
0.10039
0
0
0.26508
0
0
0
0.02147
0
0
0
0
0.15722
0
0.10123
0
0
0
0.09673
0
0
0
0
0
0
0.1007
0
0
0
0
0.42406
0.08159
0.17655
0.08356
0
0.07974
0.09818
0
0.0967
0
0.09734
0
0
0
0
0.0404
0
0
0
0
0.09597
0
0.08053
0
0
0
0
0.24149
0.03185
0
0
0.09506
0.06356
0
0
0
0.08219
0
0.07433
0
0
0
0
0
0
0.19513
0
0.2041
0.16297
0.09142
0.05711
0
0
0.26585
0.08692
0
0
0.13695
0
0
0.10086
0
0
0.02505
0
0
0
0.10307
0
0
0
0
0
0
0
0.07429
0
0
0
0.07558
0
0
0.10287
0.16316
0
0.0723
0
0.08411
0
0.24231
0
0.19733
0.2254
0.07467
0
0
0
0
0
0
0
0
0
0.18068
0
0
0
0
0.16331
0.07162
0.0962
0.07694
0
0
0
0.09805
0.10095
0
0.34498
0
0
0.09901
0
0
0
0.07233
0
0
0
0
0.09732
0.09705
0
0.07952
0
0
0.09577
0.71193
0.09692
0
0
0.09882
0.07573
0.07482
0
0.09581
0.1171
0
0.09568
0
0
0
0
0.0241
0
0
0
0
0
0
0
0
0
0.17795
0
0
0.31342
0
0
0
0
0
0
0.08631
0
0
0
0
0
0.04987
0.04813
0
0
0
0
0.13673
0
0.07562
0
0
0
0.06564
0
0
0
0.08208
0
0
0.10026
0.07338
0
0.07355
0
0
0.11011
0
0
0
0.09794
0.06017
0
0.1152
0.17587
0.07182
0
0
0
0
0
0
0.10157
0
0
0
0
0.06821
0.0599
0
0.04035
0.38198
0
0.07798
0
0.14586
0
0.16376
0
0
0
0.0972
0
0
0
0
0.03398
0.07441
0
0.02754
0.77026
0
0
0.07807
0
0
0.15543
0
0
0
0.14294
0
0
0
0.09616
0
0
0.09515
0
0
0
0.06584
0.16813
0.25082
0
0
0
0
0
0
0
0.16673
0
0
0
0
0
0
0.09667
0
0
0
0.16782
0
0
0
0
0
0
0
0
0.07545
0
0
0
0
0.09976
0
0
0
0
0
0
0
0
0.07257
0
0
0.08366
0.25575
0.41713
0.10471
0
0
0
0
0
0.0809
0.0825
0
0.12904
0
0
0
0
0
0
0
0
0
0.14062
0
0
0
0
0
0
0
0
0
0
0
0
0
0
0.07329
0
0
0
0
0
0
0.07224
0.07226
0
0
0
0
0
0
0
0
0
0
0
0
0
0.08287
0
0
0
0
0
0
0
0
0
0
0
0
0
0
0.07218
0
0
0
0
0.02855
0
0
0.2762
0
0
0
0
0.06431
0
0
0
0
0
0
0
0
0
0
0
0.08118
0
0.13142
0
0.19678
0.14902
0
0
0.2775
0
0
0
0
0
0.45443
0.07635
0
0.07961
0
0
0.0989
0
0
0.16648
0.08022
0
0
0.07222
0.37992
0.09948
0.09663
0
0
0.07211
0
0
0
0.24743
0
0
0
0.34051
0
0
0
0
0
0
0
0
0.16394
0
0
0
0
0.08226
0
0
0
0
0
0.09783
0
0.02263
0
0
0.08718
0
0
0
0
0
0.33728
0
0
0.17203
0
0
0
0
0.05453
0
0
0
0.08101
0
0.08827
0
0
0
0
0.07338
0
0
0
0.09813
0
0
0
0
0.10026
0.08405
0
0
0
0
0
0
0
0
0
0.12421
0
0
0
0
0
0
0.6073
0
0
0
0
0.07506
0
0.39717
0
0.08131
0
0.16363
0
0
0
0
0
0.07642
0.14158
0
0.02306
0
0
0
0
0.07343
0
0
0
0
0
0
0
0
0
0
0
0.09745
0
0
0
0
0
0.09836
0.02542
0.19515
0.0754
0
0
0
0
0
0
0
0
0
0.075
0
0
0
0.13118
0
0
0
0
0
0
0
0.5196
0
0
0
0
0.02978
0
0
0.27418
0
0
0
0
0
0
0.15004
0.09875
0
0
0
0
0
0
0
0
0
0.16359
0
0.07521
0.17944
0
0
0.30326
0
0.22761
0.07651
0.02647
0
0
0
0.05535
0
0
0.25965
0.16791
0.08853
0
0
0.18926
0
0
0
0
0
0
0
0
0.06725
0
0.13082
0
0
0.02696
0.06611
0.03454
0
0
0
0.03349
0
0
0
0
0
0
0
0.04018
0
0
0.0962
0
0.14079
0.02214
0.04533
0
0.2243
0.07378
0.16357
0
0.24801
0.0655
0
0
0
0
0
0
0.24101
0
0.30626
0
0
0
0
0
0
0
0.08094
0
0
0
0
0.07442
0
0
0
0
0
0.12295
0
0
0
0
0.26313
0.76764
0.07955
0
0
0
0
0
0
0
0.10313
0
0.15793
0
0
0
0.50712
0
0
0.414
0
0.08297
0.06661
0.0727
0.18812
0
0
0
0.16634
0
0
0.07994
0
0.06676
0
0
0
0
0
0
0
0
0
0
0
0
0
0
0.16832
0
0
0
0
0
0
0
0
0
0.23181
0.02496
0.05808
0
0
0
0.03378
0.10067
0.26552
0
0
0.02829
0
0
0
0
0.08872
0.3304
0
0
0.09352
0
0
0
0
0.26852
0
0.14506
0
0
0.16954
0
0
0.06661
0.08125
0
0.10098
0
0.28862
0.06659
0.09837
0
0
0.09828
0.02624
0
0
0.31263
0
0
0.10275
0
0.14206
0
0
0.06645
0
0
0.24156
0
0.17923
0.23969
0
0.07609
0
0
0
0
0
0
0.11624
0.02483
0.1026
0
0
0.07155
0.05897
0
0
0
0.08605
0.16588
0
0
0
0
0
0
0
0
0.33723
0
0
0.20538
0
0.08041
0.1675
0
0
0
0
0
0
0
0
0.16431
0
0
0
0
0.02269
0.13227
0
0.27526
0
0
0
0
0
0
0.1737
0
0
0
0.35911
0.07588
0.1733
0.3956
0.08129
0
0
0
0
0
0
0
0
0
0
0
0.22643
0.07222
0
0
0
0.0335
0
0
0.10023
0.14182
0
0
0.221
0.06361
0
0
0
0
0
0.14282
0
0
0
0
0
0
0
0
0
0
0.16648
0.10514
0
0
0
0.04811
0
0
0
0
0.1996
0
0.07643
0
0.39644
0.42306
0
0
0
0.1649
0.21326
0.38073
0.09757
0
0.08315
0
0
0
0.17254
0
0
0.16859
0.07546
0.048
0
0
0.15246
0
0
0
0
0.07932
0
0.17438
0
0
0.27697
0.08207
0.02383
0
0
0
0.1415
0
0
0.0756
0
0
0
0
0
0
0
0.08597
0
0
0
0.06158
0
0.24578
0
0.07384
0
0.27689
0
0
0
0.24571
0
0.05477
0
0
0.28926
0
0
0.26346
0
0.47396
0
0
0.28571
0
0.36396
0
0
0
0
0
0.09314
0
0.10696
0
0.31682
0
0
0
0.28276
0
0.39155
0
0
0
0
0.17816
0
0.22959
0
0
0.04514
0.07553
0
0
0.13632
0.2815
0
0.27797
0
0
0
0
0
0
0.06735
0
0.07451
0
0.07554
0
0
0.02387
0
0.07213
0
0.32706
0
0.20765
0.23939
0
0
0
0.04676
0.15163
0.08012
0
0
0
0
0
0.13105
0
0.08286
0
0
0
0.06305
0.02945
0.09282
0.08523
0
0.4488
0.12213
0
0.09663
0
0
0
0.0668
0
0
0
0
0.3019
0
0
0
0.0687
0
0.24304
0.07538
0
0.08292
0
0
0
0
0
0.05005
0
0
0
0
0
0
0.41104
0
0
0
0.25411
0
0
0
0.06713
0.10524
0.08173
0
0
0
0
0.49768
0.35531
0.26151
0
0
0
0
0.27091
0
0.07804
0
0.26646
0
0
0.31582
0.09303
0
0
0.08087
0.0908
0.02476
0
0
0
0.10127
0
0
0
0
0
0
0.02945
0.09473
0.08875
0
0
0
0
0.26368
0
0
0.31253
0
0
0
0
0
0
0
0
0
0.13704
0
0
0
0.08397
0
0
0
0
0.16352
0.35131
0.27973
0
0
0
0.10011
0.20705
0
0
0
0
0
0.25932
0.24503
0
0
0
0
0
0.10255
0.11122
0.0553
0
0.12657
0.12272
0
0
0
0.10728
0
0.06797
0.1397
0.07504
0.07532
0
0
0
0
0
0
0
0
0
0
0
0.05876
0
0
0.07767
0
0
0
0
0
0
0
0
0
0
0.05485
0.06569
0
0
0
0
0.22616
0
0
0.17357
0
0
0.16492
0
0.16424
0
0.06404
0.13211
0
0
0
0.39115
0.13836
0
0
0.0599
0
0
0.15213
0
0.27477
0.0461
0
0
0
0.09592
0
0.05128
0
0.2379
0.01953
0
0
0
0
0
0
0
0.10417
0
0
0
0
0
0
0
0
0
0
0
0.15062
0
0
0
0
0
0
0
0.35883
0
0.22864
0.0989
0
0
0
0
0.30651
0.13105
0
0
0.18976
0
0
0.14185
0.08283
0.36512
0.16813
0.28167
0.19108
0.39896
0
0
0
0
0
0
0
0.0917
0
0
0.06741
0.48285
0.23997
0
0.08522
0
0
0
0.16873
0
0
0.39321
0.38241
0
0.27611
0
0
0
0.6745
0
0
0.09685
0
0
0
0
0
0.52957
0
0
0
0.53447
0.39581
0
0.1663
0
0
0
0.12598
0
0
0
0.06402
0.22049
0.13182
0
0.35623
0.25253
0.25388
0.06432
0
0
0
0.14113
0.21873
0.3361
0.08252
0
0.36622
0.17736
0
0
0
0
0.40313
0.0608
0.0917
0
0
0.08904
0
0.05125
0.09732
0
0
0
0
0.08131
0
0
0.06721
0
0
0
0
0.27458
0
0
0
0
0
0
0
0
0
0
0
0
0
0
0.09714
0
0.102
0.36591
0.47509
0
0.43105
0.14318
0
0.18447
0
0
0.22095
0.15742
0.2628
0.10035
0.24171
0.10142
0
0
0
0
0
0
0
0
0
0.23418
0.41859
0.38385
0
0
0
0.38524
0.22702
0
0.2599
0
0.02965
0
0.1762
0
0
0
0.0756
0.02212
0.3055
0
0.09777
0
0.16764
0
0.08113
0.08314
0.07213
0
0
0
0
0
0.13214
0
0
0
0
0.17696
0
0
0
0
0
0
0
0
0
0
0
0
0
0
0.56016
0.50896
0
0
0.38134
0.32541
0.39044
0
0.24573
0.24193
0
0
0
0
0
0.17568
0.3491
0.43284
0.26375
0.35627
0.3338
0
0
0
0
0
0.1344
0.12597
0
0
0
0.10364
0
0.27588
0
0.09159
0
0
0.47193
0
0
0.06724
0
0.02562
0.07585
0.08197
0
0
0.15195
0
0.15261
0
0
0
0
0
0
0
0
0
0
0
0
0
0
0
0.27679
0
0
0
0
0
0
0
0
0.07274
0.07217
0
0
0
0
0
0.38361
0.35701
0.30251
0
0.30733
0
0
0.32794
0
0
0.17372
0
0.1571
0
0.39312
0
0.17307
0
0.1038
0.39095
0.26171
0
0
0.38603
0
0
0
0.08523
0
0.64962
0
0
0
0
0
0
0.13619
0.11391
0
0
0.05456
0.05859
0
0
0
0.08922
0
0
0.26263
0
0
0
0
0
0.36022
0
0
0
0
0
0
0
0
0
0
0
0.0291
0
0
0
0
0.0677
0
0
0.52874
0.32566
0.04762
0.2222
0
0.24524
0.09844
0
0
0.53687
0.17009
0.08268
0
0
0
0.19729
0
0
0
0.1487
0.32094
0
0
0.06823
0
0.17763
0
0
0
0
0.06655
0
0.17089
0
0
0
0.07417
0
0
0
0
0
0
0
0
0
0
0.02885
0
0.31956
0
0
0
0
0
0.16807
0
0
0.12083
0.10043
0.4189
0.09997
0.45924
0.07204
0
0.26049
0
0.42493
0
0
0.07629
0
0
0.16105
0.48512
0
0
0
0
0.08309
0.26918
0.07722
0
0.19206
0
0
0.30771
0
0
0.25691
0.17235
0.44793
0.25631
0
0
0.13879
0.19814
0
0.15966
0.48941
0.09161
0.1739
0
0
0
0
0
0
0
0.22403
0
0
0.0979
0.07226
0
0.18905
0
0.07603
0.40564
0
0
0.05555
0
0
0
0
0
0
0
0.07233
0
0
0
0
0
0.50608
0
0.08893
0.14128
0.38749
0
0
0.28524
0
0
0
0
0.16363
0.50085
0.44681
0
0
0.24586
0
0.17237
0.07589
0
0.10468
0.09937
0
0
0
0.47487
0.25751
0
0
0.70077
0.32259
0.11033
0.1986
0.20017
0.304
0
0
0.19858
0.39288
0.05462
0.25538
0
0
0
0
0
0.2773
0.29527
0.17549
0.17214
0
0.10416
0
0
0
0.08241
0.06721
0
0
0
0.07548
0
0
0.07461
0
0
0
0
0
0
0
0
0.07508
0
0.22298
0
0
0.11538
0.17573
0
0
0
0
0
0
0
0
0
0
0
0
0
0
0.41765
0
0.4907
0.25252
0.24044
0
0.26454
0.30646
0
0
0
0
0
0.15552
0
0.08008
0.08
0.38274
0.2412
0.21612
0.18454
0.20157
0
0.22795
0.21974
0.17204
0.19254
0.15772
0
0.09951
0.06583
0.0802
0
0
0
0.08039
0
0
0
0
0
0
0
0.10429
0
0.07553
0.08737
0
0
0.05863
0.08467
0
0
0
0
0
0
0
0
0
0
0
0
0.25381
0
0
0
0
0.17127
0
0
0
0.17689
0.42054
0.10064
0
0
0
0
0.25966
0
0
0.26166
0.08056
0.04961
0.24493
0
0
0.26334
0.15967
0.08884
0.13998
0
0
0.19889
0.36578
0
0.08046
0.37978
0
0.08337
0.27932
0
0.081
0.07513
0.1777
0.27672
0.12234
0.04973
0
0.17821
0
0.09222
0
0
0
0
0
0
0
0
0.32614
0.07218
0.17099
0
0
0
0
0.08182
0
0
0.08588
0
0
0
0.07851
0
0.08177
0
0
0
0
0.17608
0
0
0.13721
0
0.25829
0
0.59784
0.13307
0.25984
0
0.07195
0
0
0.12083
0.18935
0.198
0.33433
0.13605
0.09359
0.33276
0
0
0.19726
0.09208
0
0.11633
0.14984
0.08397
0
0
0
0
0
0
0.12032
0
0
0
0.02859
0.2195
0
0
0.15184
0
0
0.13627
0
0.09985
0
0.08559
0
0.07364
0.02656
0
0.14178
0.06599
0
0
0.09436
0.07637
0.37106
0
0
0
0.45835
0.3298
0.38928
0
0.02603
0
0
0
0.30823
0
0.43592
0
0
0.13044
0.23654
0
0.5613
0.26341
0.28051
0.39896
0
0
0
0.15597
0
0.13804
0
0
0
0.08199
0
0
0.07332
0.33373
0
0
0.08258
0
0.41664
0
0.04489
0.07294
0
0
0
0.07589
0
0.09147
0
0
0.07479
0
0.08981
0
0
0.08681
0.10031
0.0845
0
0
0.08656
0.02473
0
0
0.53169
0.16767
0
0
0
0
0.39737
0
0.28625
0.42153
0.26
0.46384
0
0
0.1351
0.02136
0
0.62724
0.44462
0.2143
0.42336
0.07584
0
0
0.08174
0.27702
0.0829
0
0
0.24435
0
0
0
0
0.32257
0
0.25315
0.35408
0.12581
0
0
0.13394
0.29977
0
0
0
0
0
0
0
0
0.14353
0
0
0
0
0.09396
0.23644
0
0
0
0
0
0
0
0
0
0
0
0.05057
0
0.08258
0
0
0
0
0
0
0.08269
0.29459
0
0.08205
0.06772
0.14253
0
0.23704
0.39503
0.08615
0
0
0.48969
0
0
0.03208
0
0.08975
0
0
0
0.08143
0.06372
0
0
0.10558
0
0.06645
0
0
0.1021
0
0
0.30801
0
0.30963
0
0
0
0.5321
0.42196
0.50982
0
0
0.4242
0
0
0
0
0
0
0.67273
0.60836
0.4117
0.19178
0.18199
0.22196
0
0.13485
0.35329
0.39965
0
0.06799
0.27834
0.33531
0.24021
0.42391
0
0.34423
0.13554
0.48128
0
0.05667
0.0888
0.22241
0
0
0
0
0
0
0.02403
0.30151
0
0
0
0.33835
0
0.13969
0.15994
0.13837
0
0
0.16722
0
0
0
0
0
0
0.16501
0.16806
0.16835
0
0
0
0
0
0.02796
0.32865
0.30786
0
0
0.10132
0.20079
0.08336
0.20666
0
0.55445
0
0
0
0
0
0.12156
0
0
0.07658
0
0.08431
0
0.30739
0.08015
0.28417
0.28725
0
0
0.06821
0.13482
0
0
0
0
0
0
0
0
0.02247
0.75259
0
0.02394
0
0
0
0
0.13998
0.19711
0
0
0.10068
0
0
0.09146
0
0
0.09127
0
0
0
0.07504
0
0
0.22302
0.10265
0
0.41824
0
0
0.08507
0.17152
0
0.10224
0.13754
0.33424
0.07693
0.23224
0.36298
0
0
0
0
0.08491
0.42151
0.17255
0.35699
0.17666
0.45602
0.36424
0
0
0
0
0.54558
0
0
0
0.04779
0
0.32876
0
0
0
0
0.06709
0
0.38734
0
0
0.06805
0.17541
0
0.73808
0
0.25175
0
0.24254
0
0
0.1499
0
0.14014
0.06109
0.14551
0
0
0
0.08012
0
0.08013
0.05265
0.07185
0
0
0
0
0
0.08267
0
0.53516
0
0
0.09186
0.0753
0.07624
0
0
0
0
0
0
0.08805
0
0
0
0.08587
0.27499
0
0
0
0
0
0.08596
0
0.51186
0.07251
0
0
0
0.11428
0
0.38259
0.07449
0
0.49929
0
0.27573
0
0.35558
0.18797
0.26218
0
0
0
0
0.15054
0.14883
0.75542
0
0
0
0
0.02257
0
0.36148
0.06745
0
0
0
0
0
0
0.60245
0.07101
0
0
0
0
0.08038
0
0.05089
0.09198
0.24446
0
0
0.0827
0
0
0.09998
0.08533
0
0
0.18946
0
0.07258
0.19232
0
0.4228
0.17037
0
0
0.07736
0
0
0.06644
0
0
0.10591
0
0
0.12694
0
0.24035
0
0.41945
0
0.02558
0.26964
0.10521
0
0.58571
0
0.16752
0.14103
0
0.08104
0
0
0.08031
0
0
0.13903
0
0
0.06811
0
0
0
0.21378
0
0.16939
0
0.13656
0
0.17181
0
0
0.21219
0
0
0
0.60625
0
0
0.68115
0
0
0
0.17782
0.07546
0
0
0
0.30869
0.20059
0.44763
0
0
0.32591
0.54504
0
0
0.2856
0.315
0
0.49767
0.0482
0.0774
0
0
0
0.36932
0.63157
0.13965
0
0
0
0
0.41786
0.16812
0.42032
0
0
0
0
0.42569
0.49081
0
0
0.04779
0
0
0.39336
0.59042
0
0
0.3619
0
0
0
0
0
0
0
0
0.18389
0
0
0.02408
0.13711
0.07741
0.08166
0
0
0
0.08475
0
0
0
0
0.2591
0
0
0.34184
0.68886
0
0
0
0.37894
0.14141
0.25231
0
0
0
0
0.46002
0.694
0.27725
0
0
0
0
0
0.07348
0.19788
0
0
0.16733
0.59201
0
0.18587
0.03616
0
0
0.2299
0
0
0.49919
0
0.21084
0.07185
0
0.18095
0
0.258
0
0.3944
0.16229
0.10109
0
0.0524
0.39065
0
0
0.28608
0
0
0.11373
0
0.19725
0
0
0.1716
0.0623
0
0.17145
0
0.09479
0
0.1652
0
0
0
0
0.28059
0.10317
0
0.1634
0
0
0
0
0.78175
0
0
0
0.24651
0.33364
0.02637
0.35356
0.1147
0
0
0
0.17235
0
0
0
0.18046
0
0
0
0
0
0.16943
0.23812
0.06771
0
0
0.08746
0
0
0
0
0.20036
0.06316
0.07734
0.24177
0.36562
0.26117
0
0
0.49997
0.19929
0.49749
0
0
0.09181
0
0.19116
0
0
0.16763
0
0.57045
0.21854
0
0
0
0.21378
0.64124
0
0
0.07984
0
0.26096
0.16731
0
0
0.16517
0.24534
0.24386
0
0.06679
0.38531
0.07157
0
0.06695
0.12642
0
0
0
0
0
0
0
0.14105
0.11587
0.16561
0
0.3659
0.0531
0
0
0
0.60659
0.41464
0.56505
0.08488
0
0.17024
0.12654
0
0.28244
0
0.07813
0.27039
0.12414
0
0.76682
0
0.06804
0.16726
0
0.67435
0.36131
0
0.21308
0
0.30406
0.56102
0
0
0
0
0
0.16514
0.25659
0.15576
0
0.16602
0
0
0.27661
0.08023
0.26173
0
0
0.32662
0.08883
0
0
0
0
0.26765
0
0
0.05252
0
0
0
0
0
0.1969
0
0.04417
0
0.1781
0.16603
0
0.2079
0.33176
0
0
0.49421
0.09996
0
0.35377
0
0.3922
0
0
0
0
0.59993
0.23648
0.52635
0.29838
0.07899
0.0656
0.07281
0.15384
0.13455
0
0.13929
0.08808
0.33426
0.22363
0
0
0.0289
0.11513
0
0.29313
0.24541
0.0564
0.07236
0
0
0.02684
0.13933
0
0.08242
0.34467
0.48573
0
0.38373
0.09118
0.3157
0.27823
0.16564
0.67281
0.68039
0.10621
0
0.45287
0.15596
0
0
0
0
0.16633
0
0.30222
0.10336
0
0
0.23208
0
0.5182
0
0.68832
0.29392
0.30928
0.19008
0.28297
0
0.26046
0.08276
0.08329
0
0
0
0
0.19747
0
0
0.23269
0.27413
0
0.09098
0
0.13974
0.08908
0.1456
0.38408
0
0
0.19766
0.11554
0
0
0.07228
0
0.75155
0
0.19849
0.19119
0.1669
0
0
0
0
0
0
0.16932
0
0.0667
0
0.78108
0.55836
0
0
0.16158
0.28379
0.13461
0.07728
0
0
0.10156
0.27255
0.16972
0
0
0.15869
0
0
0
0.22295
0
0.14347
0
0
0.08967
0.11015
0
0.64655
0.34777
0
0.9392
0
0.1667
0
0
0
0
0
0
0.27639
0
0
0
0
0
0
0.16623
0
0
0
0
0
0.07341
0
0.68704
0.31975
0
0.11241
0
0.34052
0.16075
0.30181
0.25274
0
0.07262
0.3874
0
0
0.06634
0
0
0.27719
0
0.24872
0
0
0.48031
0.32378
0
0.37418
0.0208
0.02673
0
0
0
0
0
0.17205
0
0
0.09676
0
0.13934
0.48829
0.15032
0.07227
0.46329
0.53858
0
0
0
0.16612
0.10684
0.21043
0
0
0
0.15415
0
0.18855
0.07431
0.02945
0
0
0.17741
0.30873
0
0.19893
0.13808
0.22209
0.24756
0
0.46269
0
0
0
0
0.07197
0.07238
0
0
0
0
0
0.07244
0.0212
0
0.19238
0.07582
0
0.02681
0.75482
0.12479
0
0.24292
0.2107
0.16793
0.13803
0.10199
0
0.15028
0
0
0.19824
0
0
0
0
0
0.10751
0
0.09687
0.08798
0.52003
0
0
0.08709
0.55107
0.16917
0.35435
0.35138
0.0901
0.02665
0.22066
0.09335
0.02516
0
0
0
0
0.15685
0.17704
0.0281
0
0
0
0
0.34409
0.15016
0.10053
0
0
0.17199
0
0.14083
0.34578
0.16694
0.05621
0.274
0
0
0
0
0
0
0
0
0.07788
0
0.27423
0
0
0
0
0
0.62743
0.02979
0
0
0
0.16978
0.34194
0.32295
0.30501
0.14953
0
0.1508
0.04277
0.12812
0.45705
0.58533
0
0.12183
0.08159
0
0
0.07637
0
0
0
0
0
0
0
0
0
0.27569
0
0
0
0
0.06667
0
0
0
0.21796
0
0.37704
0.0949
0.60666
0
0.07384
0
0
0
0
0
0.12288
0.07276
0.17864
0.42899
0
0.06709
0.75563
0.23782
0.08072
0.68745
0
0
0.04157
0.20512
0
0.07402
0
0.51952
0.04945
0.16109
0.07783
0
0.69566
0.53083
0
0.17064
0
0.17351
0.17393
0
0.38391
0.13951
0.34091
0
0.383
0.54646
0
0.42166
0.56468
0
0
0.16807
0
0.15375
0
0.76455
0.82195
0
0
0
0
0
0.46334
0
0
0
0.19967
0
0.07642
0
0
0
0.42378
0
0
0.07396
0.37831
0
0.27624
0.09036
0.22042
0.51092
0.02764
0
0.15369
0.06779
0
0.23028
0.08507
0.22243
0
0.348
0.2728
0
0
0.38312
0.3755
0
0.04072
0
0.13887
0.75112
0.08056
0.19269
0.14155
0.82158
0
0.20435
0.25991
0.23404
0
0.28048
0.21265
0
0
0
0.17081
0
0
0.30901
0.20094
0
0.09108
0.16099
0
0
0.06719
0
0.63889
0
0.21791
0
0.67388
0
0.07322
0
0.19617
0
0
0
0.20558
0
0
0
0
0
0
0
0.06797
0
0
0
0
0
0
0
0.09897
0
0.29065
0.35138
0.1704
0.07388
0
0
0
0
0.44189
0
0.2686
0.06184
0
0
0.17241
0
0.08047
0.17984
0.09434
0
0
0.37099
0.07678
0.06663
0.1157
0
0
0
0.23998
0
0
0.14816
0
0
0.40858
0.06821
0
0.08899
0.31435
0.29073
0
0.06149
0.11503
0.60726
0.23709
0
0
0.02933
0
0.13199
0.07544
0.13683
0
0.29632
0
0.13983
0
0
0
0
0
0
0
0.16667
0
0.1977
0
0
0.42896
0
0.31428
0.26707
0.16743
0
0
0
0
0
0.37885
0.12273
0.1217
0.11406
0
0
0.06006
0.16658
0
0
0
0
0
0.25741
0
0
0.17825
0.16746
0
0
0
0
0.02469
0
0
0.47486
0
0.06788
0
0.33373
0
0.16993
0
0.05977
0
0
0
0.53948
0.09205
0
0
0
0
0.02764
0
0
0.16543
0
0.09048
0.63458
0.6743
0.07119
0.07416
0.16757
0
0
0.097
0
0
0
0
0
0.17471
0
0.13686
0
0.02213
0
0.30484
0.1623
0.49823
0
0
0
0
0
0.14696
0
0.05406
0.21513
0.40248
0.32218
0
0.61106
0.55128
0.1044
0
0.31458
0.1936
0.19597
0.73528
0
0
0
0.26508
0
0
0
0
0
0.16566
0
0
0.02524
0
0
0.07451
0
0.11812
0
0.03041
0
0.08339
0.39577
0.07559
0
0.08627
0
0.49552
0.17534
0
0.3462
0
0
0.65213
0
0
0.39024
0
0
0.46296
0
0.08376
0.24137
0
0
0.62981
0
0.18181
0
0.13815
0.25917
0
0
0.04477
0.07212
0.07203
0.67837
0
0
0.27455
0.72388
0.08179
0
0
0.2191
0.13432
0.07575
0
0.1649
0
0.35385
0.19667
0.12114
0
0.18354
0
0
0
0.32231
0.42158
0.3888
0
0
0.12879
0.24032
0.08278
0.13956
0.08845
0
0.08815
0
0
0.27555
0.06584
0
0.20137
0
0
0.55908
0
0
0
0.2139
0.42003
0
0.02469
0
0
0.54989
0.08293
0.09962
0
0.07394
0.27595
0
0.27567
0.58539
0
0
0.17177
0.06083
0
0.26572
0
0.56861
0
0
0.22141
0.7409
0
0
0.59503
0.53531
0.5933
0.08987
0
0.14888
0.17127
0.02646
0
0.42935
0
0.07732
0.19555
0
0
0.04871
0
0
0.14355
0
0
0
0.35509
0
0.65317
0.53759
0
0.1374
0.3017
0
0
0.0887
0
0.08018
0
0.21395
0.2761
0
0
0.13892
0.71951
0
0
0.58484
0
0
0.27615
0
0.24835
0.46219
0.13849
0.65865
0
0
0
0.11533
0.24688
0
0
0
0
0
0.30584
0.09684
0
0
0
0
0.35498
0
0.08774
0
0.75448
0
0.65351
0.41956
0.09068
0.09021
0.12835
0
0
0
0
0.186
0
0
0
0.08273
0.39072
0.0451
0
0.22966
0
0
0.16891
0
0.09651
0
0
0
0
0.16573
0.25079
0.09001
0.05134
0
0
0
0
0.13899
0.17188
0
0.07446
0
0.49812
0.39646
0.06422
0
0
0.16891
0.88282
0
0
0.17548
0.3436
0
0.82145
0.53145
0.64798
0.24031
0
0
0.13939
0
0
0.06796
0.12333
0.13926
0.42944
0.08263
0
0.63869
0.26032
0.07294
0.15311
0
0
0
0.41619
0
0.17521
0.41304
0.12098
0
0.2604
0
0.27307
0
0.64203
0
0.09025
0
0
0.27339
0.13855
0.06647
0.48372
0.30739
0
0
0.3488
0
0.03468
0.69011
0
0.34777
0
0.14651
0.23097
0
0.08604
0.11987
0.4708
0
0.08935
0.17202
0
0.80694
0
0.14086
0.22073
0.31677
0.24396
0.80624
0.09882
0.16794
0.29738
0.02812
0.92074
0
0
0.8637
0.67235
0.09002
0
0
0.26436
0.72552
0
0
0.21035
0.24133
0.08959
0.30582
0
0
0.08744
0
0
0.13884
0
0
0
0
0
0.11545
0.16841
0.08707
0
0.1373
0.81726
0
0
0.24684
0
0
0.19557
0
0
0
0.78368
0.07147
0.16181
0
0
0
0
0.13764
0
0.06809
0.42758
0.06046
0.259
0.09379
0
0
0
0.08567
0.74646
0.62784
0.31298
0
0
0
0
0.57965
0.23101
0.38855
0.08915
0.09039
0.05193
0.08868
0.08889
0.08853
0
0.10267
0.22119
0
0
0.27876
0.25711
0.31813
0.30078
0
0
0
0.07218
0
0
0.02511
0.37372
0.13781
0.6905
0.28947
0.2632
0
0.07761
0
0.39688
0.14279
0
0
0
0.82719
0.56969
0
0
0.07806
0
0.36114
0
0
0
0.06626
0.23443
0.03019
0
0.29255
0
0
0.34387
0
0
0.0262
0
0.0866
0.32754
0
0
0.33147
0.77028
0.16016
0
0.06213
0
0.70079
0
0
0
0.77527
0
0.44121
0
0
0.11689
0
0
0.06059
0
0.24781
0
0
0
0
0.08586
0
0
0
0.60636
0
0.09031
0
0.09001
0
0.25638
0
0.1015
0.07634
0.86359
0.63156
0
0
0
0
0.24256
0
0.31321
0.94202
0
0
0.52986
0.13825
0
0.09033
0
0
0
0.2222
0
0.09064
0
0.07284
0
0.16972
0.13109
0
0
0.13775
0
0.54545
0.26964
0
0
0
0
0.69271
0
0.08815
0
0
0.11744
0
0
0.08954
0.31581
0
0.62155
0
0
0
0.51175
0.39685
0
0
0.04993
0
0.13696
0.80812
0
0
0
0.68022
0.41265
0
0
0.37406
0
0.31075
0
0
0
0.08696
0
0
0.02607
0
0
0.25325
0
0.17243
0
0.51906
0
0
0.53256
0
0.08264
0
0
0.41275
0
0.026
0
0.50389
0.25507
0
0
0.91033
0
0
0.144
0
0
0.08698
0
0.08972
0
0
0
0.16765
0
0
0
0.34136
0
0
0.08905
0.39609
0.3175
0
0
0
0
0.08673
0
0
0
0
0.12481
0.06389
0
0
0.77082
0
0
0
0.83065
0
0
0
0
0
0
0.0638
0
0
0
0
0
0.60187
0.32267
0
0
0.33953
0.08878
0
0
0
0
0
0
0
0
0
0
0
0.14457
0.353
0
0.32117
0
0.09068
0.37734
0
0.33979
0.21916
0
0
0.17064
0.24714
0.07777
0.16747
0
0.37113
0
0.08895
0.31766
0.24845
0
0
0
0.6009
0
0.17672
0
0.34976
0
0
0.29531
0.29829
0.08083
0.37916
0
0.15938
0
0
0.07805
0.07819
0
0
0.51876
0
0
0.07814
0
0.40922
0.13624
0.16858
0
0.12987
0.31202
0.16707
0.3193
0.09064
0.41322
0
0.35041
0
0.16856
0.68638
0.06774
0
0.08627
0
0.34808
0.24502
0
0.15428
0
0.30827
0
0.19719
0
0.08822
0.37649
0.06587
0.0896
0
0.46505
0
0.08797
0.38753
0.35291
0.35365
0.24657
0
0.08147
0
0
0.09581
0
0.25539
0
0
0
0.25623
0
0.19811
0.09551
0
0
0.41359
0
0.34786
0.31242
0.68563
0.08868
