0
0
0
0
0
0
0
0.07162
0
0
0.18573
0
0
0.0485
0.09304
0
0
0.07763
0
0
0.07717
0.16243
0
0.22106
0
0.15723
0
0.06248
0
0
0.02074
0
0.05049
0.02901
0.08154
0
0
0.15686
0
0
0.09052
0
0
0
0.24712
0
0
0.14293
0
0.06787
0
0
0
0
0
0
0
0
0
0.07101
0.08195
0
0
0.15332
0.11764
0
0
0.88894
0.7091
0.37628
0.24715
0
0
0
0
0.25129
0
0.07153
0
0
0
0
0
0
0.06631
0.36412
0
0.364
0
0
0.31229
0
0.31081
0
0.10263
0
0.20909
0
0
0
0.08944
0.1349
0.07785
0.21062
0
0.26275
0.18885
0.06612
0
0
0.09417
0
0
0.17384
0
0
0.32266
0.32224
0
0
0
0
0
0
0.14329
0
0
0
0.17777
0
0
0
0.37582
0
0.17747
0
0
0
0
0.36036
0.28036
0
0
0
0.29581
0
0.15523
0
0
0.02022
0.39551
0.06605
0
0
0.15223
0
0.50722
0.2293
0.62185
0
0
0.18267
0
0
0
0.15619
0
0
0
0
0.65942
0.31763
0
0
0
0
0.1882
0
0.49721
0.32111
0
0
0
0
0.2354
0.41554
0
0
0
0
0
0
0
0
0
0.08001
0
0
0
0
0
0
0
0
0
0.23357
0.26654
0.25174
0
0
0.07904
0
0
0
0
0.02645
0
0.07286
0
0
0.32333
0
0
0
0.06652
0
0
0
0
0.15501
0
0
0.1857
0.08453
0.1552
0
0
0
0.22409
0.3221
0
0
0
0
0
0
0
0.07698
0.15568
0.02547
0
0
0
0
0
0
0
0
0.37715
0.19371
0
0
0
0
0
0
0
0.07639
0
0
0
0.08521
0
0
0
0
0
0
0
0
0
0
0
0
0
0.02145
0
0
0.15643
0.28108
0
0
0
0.4387
0.07382
0.07661
0.06954
0
0
0
0
0
0
0.22219
0
0
0
0.33035
0
0.35525
0
0.06906
0.21111
0.05991
0
0
0
0
0
0
0
0
0.14202
0.12387
0
0
0
0
0
0.16403
0
0
0
0
0
0.0801
0
0
0
0.20488
0.04552
0
0
0
0
0
0.34244
0
0.2253
0.14979
0.0237
0
0
0
0
0.05249
0
0
0
0.33784
0
0
0
0
0
0
0
0
0
0.1954
0
0
0.06721
0.08245
0.3889
0.02726
0
0.04897
0
0
0.3216
0
0
0
0
0
0
0.08311
0.08228
0.08412
0
0
0.22151
0
0
0
0
0
0.07937
0
0.11149
0
0
0
0
0.80427
0.05886
0
0
0.37572
0
0.51096
0
0.06846
0.14181
0
0
0.44121
0
0
0.38825
0
0
0
0
0
0
0.06061
0
0
0
0.22404
0.47904
0.42022
0.21894
0.1909
0.05325
0
0
0
0
0.23877
0.17309
0.02816
0
0.33603
0
0
0
0.07639
0
0
0
0
0
0
0
0
0
0
0
0
0
0
0
0
0.07703
0.2021
0
0
0
0
0.06989
0
0
0
0.39951
0
0
0.25417
0
0
0.10078
0
0
0.14219
0
0
0
0
0
0.83973
0
0
0.4161
0.07027
0
0
0
0
0
0
0
0
0.04297
0.05684
0
0
0
0
0
0
0
0.01936
0
0
0
0
0
0.05844
0
0
0
0
0
0
0.19557
0.07442
0
0
0.16716
0
0
0
0
0
0
0.83094
0
0
0
0
0
0
0.28867
0
0
0.22253
0
0.40048
0.36362
0.12216
0.23337
0.36281
0
0
0.07643
0.06927
0
0.22185
0
0.04754
0
0.08502
0.07131
0
0
0
0.02643
0
0
0
0
0
0.23843
0.26229
0.2311
0.66084
0
0
0
0.18796
0
0
0
0.08029
0
0.19119
0.20654
0.14201
0
0.33436
0
0
0
0
0.5283
0
0
0.57673
0
0
0
0
0.13842
0
0
0
0
0
0
0
0.18824
0.25939
0
0.56725
0
0.19497
0
0
0.1376
0.31367
0
0
0
0.2831
0
0.20686
0.12037
0.1981
0
0
0.12992
0
0
0.17136
0
0
0.07156
0.30081
0
0
0
0
0
0
0
0
0
0
0
0
0.15208
0
0
0
0
0
0.49072
0.17289
0.47132
0.07228
0.11205
0.13147
0.71148
0.31167
0
0
0.28792
0.08802
0
0
0
0.39673
0
0.31858
0.39006
0
0
0
0
0.07515
0
0.14936
0
0
0
0
0.37194
0.08287
0
0
0
0
0
0
0
0.07369
0.0947
0.44913
0.42852
0
0
0.26231
0
0
0
0
0.1889
0.08469
0.19345
0
0.14011
0.07857
0
0.20375
0.13329
0
0
0
0
0
0
0
0
0
0
0
0.31314
0
0
0
0
0
0
0
0
0.0456
0
0
0
0
0
0
0
0
0
0
0
0.56442
0
0
0.32855
0
0.39563
0.16219
0
0
0
0.37047
0
0.18391
0
0.16288
0
0
0
0
0.08298
0.29537
0.20201
0
0
0
0
0
0.32117
0.02863
0.20281
0
0.07773
0
0.22406
0.17244
0
0
0
0
0
0
0
0.44414
0.11244
0.14628
0.69213
0
0.09014
0.61932
0
0.15985
0
0
0
0
0
0
0
0.29534
0
0
0.16372
0
0
0
0
0
0
0.37355
0.07409
0
0
0
0
0.09971
0.16199
0
0
0
0.17279
0.17363
0
0
0
0
0.07991
0
0
0.3064
0
0
0
0.26002
0
0
0
0
0
0
0
0.09522
0.85807
0
0
0
0
0
0
0
0
0.26284
0.22299
0
0
0
0
0.28337
0
0
0
0
0
0.16922
0.18936
0.03119
0
0
0.18126
0.17538
0
0
0
0
0
0.1553
0
0.18905
0.08077
0
0
0
0
0.21409
0
0
0
0
0
0.15004
0
0
0
0
0
0.10535
0.07143
0
0
0
0
0
0
0
0
0.04166
0.0754
0.19604
0
0.06729
0.17897
0.07971
0.02385
0
0
0
0
0.07997
0.53059
0.09934
0
0
0.14599
0
0
0
0.16511
0
0.20867
0
0.18883
0.08024
0.15288
0.14804
0
0
0.3227
0.07157
0
0
0
0.13634
0
0
0.23705
0
0
0
0
0
0.09086
0
0.02174
0.2918
0
0
0.06694
0.17618
0
0
0.22189
0
0
0.08081
0
0
0
0
0
0.30251
0
0
0.15336
0
0.11633
0.07253
0
0
0
0
0
0
0.09084
0.24726
0
0
0.16817
0
0
0.08025
0.04341
0
0
0
0
0.09411
0
0.0624
0.06709
0
0.08496
0.09308
0
0
0
0
0
0
0.08405
0.06844
0
0
0.07964
0.06801
0
0
0
0.08994
0.14465
0
0
0
0
0
0.23847
0
0
0.06488
0
0
0
0
0
0
0
0.38961
0
0.25552
0
0
0.46192
0
0
0.23787
0.2614
0.47439
0
0
0
0.0624
0
0.18207
0.37912
0
0
0
0.15299
0
0.167
0
0.19092
0
0.25808
0
0.31041
0.21761
0
0
0
0
0
0
0
0.23855
0
0.08564
0
0.40385
0.21936
0
0.08928
0
0
0.24861
0.11776
0.08376
0.0719
0.08714
0.16487
0
0
0.02535
0
0.02363
0.06352
0
0
0
0
0
0
0
0
0.08871
0.28313
0.06387
0
0
0.11018
0
0
0
0
0.2546
0
0.18568
0
0
0
0.4406
0
0.07088
0.10471
0.18669
0
0.33036
0.43955
0
0
0
0.48035
0.07291
0
0
0
0
0.15532
0
0.02878
0.0999
0
0.14566
0.0578
0.16667
0
0.06249
0
0
0.39689
0
0.05504
0.364
0
0.14145
0.25847
0
0
0.14969
0.16283
0
0
0
0.08163
0
0
0.33706
0
0
0
0.07835
0
0
0.02673
0
0
0.06415
0
0.16883
0
0.03841
0.57858
0.40881
0.14235
0.1185
0.80025
0.20419
0
0.21916
0.14187
0.08391
0.16285
0
0.20538
0.18832
0
0
0
0
0
0.16465
0.35744
0.14239
0.07943
0
0.14187
0
0.03098
0
0
0
0
0
0.14194
0.12462
0
0
0.13274
0.09207
0.23797
0
0
0
0
0
0
0
0
0
0
0.07612
0.08702
0.65048
0.14807
0.17284
0
0
0
0
0.32146
0
0
0.08532
0
0.07068
0.14554
0
0.23868
0.33966
0.0332
0.04752
0
0
0.06757
0
0.3579
0.36752
0.23513
0
0.02089
0.57113
0
0.07427
0.41937
0.23945
0.47881
0
0
0.18953
0.09376
0
0.07308
0
0
0
0
0
0
0.13231
0
0.18212
0
0
0
0
0
0
0
0.70079
0.11981
0.07842
0
0.33226
0
0.04641
0
0.08747
0.0804
0
0
0
0.16647
0
0
0
0.18589
0
0.08142
0.07081
0
0
0
0
0
0
0.12553
0
0.02316
0
0.09354
0.18797
0
0
0
0.1895
0.16196
0.13815
0.25627
0.22486
0
0
0
0
0.62296
0.17731
0.08355
0.10061
0
0
0
0
0.25582
0
0
0.3576
0.07185
0.05955
0.07052
0.14955
0
0.0233
0
0.20457
0.15513
0.09031
0
0.13561
0.18793
0
0.22712
0
0
0.15735
0.26255
0
0.13776
0.31893
0
0.07278
0
0.02548
0.17309
0.233
0
0.07047
0
0
0
0.19238
0.12351
0.05115
0.4646
0.08062
0
0.07362
0
0
0
0
0.14327
0
0.07056
0
0
0
0
0
0.51087
0.0808
0
0
0.14238
0
0
0
0
0.83508
0.07915
0
0.76428
0
0
0.14671
0
0.28754
0.075
0.06445
0
0.41884
0
0
0.11485
0.07968
0
0.08006
0.07633
0
0.3389
0
0.29098
0.04535
0
0.02451
0
0.65895
0
0.55777
0
0
0
0.42876
0
0
0
0
0
0.05024
0.16363
0
0
0
0.20449
0
0.1264
0.11043
0.08264
0
0
0
0.08353
0
0
0.14776
0
0.76839
0
0
0
0
0
0.16419
0.34422
0
0
0
0
0
0
0
0
0
0.5491
0.50584
0
0.26226
0
0
0
0.09342
0.06971
0
0.22546
0
0
0.05037
0
0.39589
0.06894
0
0
0.22899
0
0
0.22891
0.19926
0.78869
0
0
0
0
0.05008
0.20202
0.02508
0
0.07598
0
0.30979
0
0
0
0
0
0
0.64124
0
0.07045
0
0
0.57133
0.34691
0
0.02491
0
0.39545
0
0.58413
0.07469
0.46199
0
0.11798
0
0
0
0
0.09345
0.22947
0.22224
0.10722
0.07682
0
0.08101
0
0.11476
0
0.40896
0
0
0
0
0
0.22637
0.2741
0
0
0.02374
0
0
0
0.37256
0
0.06823
0
0.44375
0
0
0
0
0
0.08245
0
0
0.30981
0.36526
0.22903
0
0.3164
0.17097
0.39586
0.14535
0
0.02153
0.07057
0
0.56112
0.48446
0.67293
0.25575
0
0.4941
0
0.39312
0.07517
0
0
0
0.12491
0
0
0.074
0.07508
0
0
0
0.07734
0
0
0
0.16351
0
0.06005
0
0
0
0
0
0
0
0
0
0.07046
0.25745
0
0.06947
0
0
0
0
0
0
0.31979
0
0
0
0.18582
0.13675
0
0
0
0
0.07803
0
0
0
0
0
0
0.39851
0.0783
0
0
0.07796
0
0
0.02493
0.08098
0
0
0.16553
0
0
0.0238
0
0
0.07057
0
0
0
0
0
0
0
0
0
0
0
0
0
0
0
0
0
0
0
0
0
0.15893
0
0.01631
0
0
0.17823
0
0.20361
0
0.07035
0
0
0.06456
0
0.41038
0
0
0
0
0
0
0
0
0
0
0
0.0898
0
0
0
0
0
0
0
0
0.0681
0
0.06782
0
0
0.49103
0.23717
0.09926
0
0
0
0
0
0
0
0
0
0
0
0
0
0
0
0
0
0
0.11261
0.31531
0
0
0
0
0
0
0.07662
0
0
0
0
0.0439
0
0
0.16952
0
0.15612
0.1561
0
0.07655
0
0
0
0
0
0
0
0
0
0
0
0
0.07799
0.57352
0
0
0
0
0
0
0
0
0
0
0
0
0
0
0
0
0.31954
0.07589
0.06922
0.07761
0.19529
0.20773
0
0
0
0
0
0.17269
0
0.06017
0.07786
0
0
0
0.05252
0.04391
0.07677
0.13028
0
0
0
0
0.22763
0.08099
0
0.0734
0.0294
0
0
0
0
0
0
0
0
0
0.11451
0
0.1887
0
0.53453
0
0.0745
0
0
0.08009
0.02184
0
0
0.30977
0
0
0.16515
0
0
0
0
0
0
0
0
0
0
0
0.12808
0
0
0
0.06647
0
0
0.07811
0
0.0657
0
0
0
0
0
0.18166
0
0
0
0.06609
0.25525
0
0
0.07311
0
0
0.08536
0
0
0
0
0
0
0
0
0
0.07895
0
0
0
0
0
0
0
0.06587
0
0
0
0
0
0.13466
0
0
0
0.05453
0
0.16063
0
0
0
0.16761
0
0
0
0.22857
0
0
0
0
0
0
0.08589
0.29197
0
0
0
0.14825
0
0.25806
0
0.13724
0.08026
0
0.37076
0.04865
0.20532
0
0.24092
0
0
0.07855
0
0
0
0
0.2823
0.06672
0
0
0
0.26644
0.06601
0.22569
0
0
0.07651
0.08049
0
0
0
0.07657
0
0
0.18355
0
0
0
0
0
0.11888
0
0.07929
0.25726
0
0.11854
0
0
0.07939
0
0.07882
0
0
0
0.07727
0
0
0.17162
0.07999
0.0784
0.10201
0
0.07827
0.07781
0
0
0
0
0.22762
0
0.13199
0.07906
0.15609
0
0.07621
0
0
0.07852
0.07335
0
0
0
0
0
0.56994
0
0.56519
0.56506
0.07728
0.08146
0
0.07381
0
0
0
0
0
0
0
0
0
0
0
0.14103
0
0
0.12546
0
0
0
0
0.02428
0
0
0
0
0
0
0
0
0
0
0.06701
0
0.15154
0
0
0
0
0
0
0.16703
0
0
0.35315
0
0.02256
0
0
0
0
0
0
0
0.02398
0
0
0
0.19447
0
0
0
0.1543
0.06704
0
0
0
0.14756
0
0
0
0
0
0
0
0
0
0
0
0
0.02991
0
0
0
0
0
0
0
0.07754
0.05101
0
0
0
0
0
0.07399
0
0
0
0
0.07679
0
0
0
0
0.13974
0
0
0.15776
0
0
0
0
0
0
0
0
0
0
0
0
0
0
0
0
0
0
0
0
0
0
0
0
0
0
0
0
0
0.03991
0
0
0
0
0
0
0.1672
0
0
0
0
0
0
0
0
0
0
0
0
0
0
0
0
0
0.17467
0
0
0
0
0
0
0.04528
0.06779
0.07525
0
0
0.08105
0
0
0
0
0.1766
0
0
0
0
0.04074
0
0
0
0
0.05136
0.07886
0
0
0
0
0.14149
0
0.07948
0
0
0
0
0
0.16873
0
0
0
0
0.0299
0
0
0
0.16761
0
0
0
0
0
0.14309
0
0
0
0
0.07473
0
0
0
0
0
0.0444
0
0
0
0.20057
0
0
0
0
0
0
0
0
0.19134
0.02254
0
0.16572
0
0
0.19415
0
0
0
0
0
0
0.16768
0
0.10276
0
0.16774
0
0
0
0
0
0
0
0
0.07335
0
0.07361
0
0
0
0
0
0.02737
0
0
0
0
0.20105
0
0
0.24725
0
0
0
0
0
0
0
0
0
0
0
0
0
0
0
0
0
0
0
0
0
0
0
0
0
0
0
0
0.02533
0.50188
0
0
0
0
0
0
0
0.02515
0.02254
0.33915
0
0.45434
0
0
0
0
0
0
0
0
0.11251
0
0.15747
0
0.13608
0.244
0
0
0
0.2886
0
0.06859
0.07166
0
0
0.09119
0
0
0
0.10955
0.02866
0.08366
0.1385
0.0777
0
0
0
0.085
0
0
0
0.09147
0
0.09051
0
0.14023
0
0
0
0.08869
0.07654
0.13206
0
0.14946
0
0
0
0
0.08661
0.0997
0
0.17772
0.16851
0
0
0
0
0.07817
0
0
0.46366
0.10953
0
0
0
0
0.20503
0
0
0
0.04872
0
0
0
0
0
0
0
0
0
0
0
0
0.08994
0
0.14788
0.07364
0
0
0
0
0
0
0
0
0
0
0
0
0
0
0
0.08783
0
0
0
0.19624
0
0
0.0282
0.02263
0.07506
0
0.089
0
0
0.02336
0
0
0.51337
0.32015
0.12905
0
0
0.06437
0.06088
0.0917
0
0.21564
0
0
0
0.1623
0
0.14456
0
0
0
0
0.10162
0.13988
0.06746
0.28146
0.06847
0.57772
0
0
0.27709
0
0
0.0732
0.02282
0.02548
0
0
0.07206
0.14236
0
0.18165
0
0.16841
0.16732
0.06689
0
0
0
0
0
0.18022
0
0
0.30917
0
0
0
0
0
0
0
0
0
0
0.05613
0
0.1528
0.58585
0
0
0.04838
0.0762
0
0.06054
0
0
0.20205
0
0
0
0
0
0.06082
0
0.05553
0
0
0
0
0
0.06925
0.0827
0.02451
0
0
0
0
0
0
0
0
0
0
0
0
0
0
0
0
0
0.07362
0
0
0.08416
0
0
0
0
0
0
0.0276
0
0
0.62517
0.06955
0
0
0
0
0
0
0
0
0
0
0
0
0
0
0
0.07204
0
0
0
0
0
0
0
0
0
0
0
0
0
0
0
0.07028
0
0
0
0
0.07828
0
0
0
0
0
0
0
0
0
0
0.0523
0
0
0.08045
0
0
0
0
0
0
0
0
0
0
0
0
0
0
0
0.08743
0
0
0
0.17301
0.10365
0
0
0.0512
0
0
0
0
0
0
0.06904
0
0
0.14635
0.0838
0
0
0
0
0
0
0
0.0722
0
0.0732
0.02871
0
0
0
0
0
0
0
0
0.08644
0.14962
0
0.17122
0
0
0
0
0
0
0
0
0
0
0
0.06276
0
0
0
0
0
0
0.16606
0
0
0
0
0
0.15053
0
0.11153
0
0.16761
0
0.07223
0
0.07158
0
0.07677
0
0
0.1685
0.14736
0.1507
0
0.0787
0
0
0
0
0
0
0
0
0
0
0
0
0
0
0
0.06443
0
0
0
0
0
0
0
0
0
0
0
0
0.07211
0
0
0.0721
0.22411
0
0.07053
0
0
0.07346
0
0
0
0
0
0.07204
0
0
0
0
0
0
0
0
0
0
0.0833
0
0
0
0
0
0
0
0
0
0
0
0.07374
0
0.09886
0
0.06403
0
0
0
0.0722
0
0
0
0
0
0
0
0
0
0
0.07208
0
0
0
0
0
0.16665
0
0
0
0
0.14903
0
0
0
0
0
0
0.64709
0
0
0.16706
0
0.08597
0
0.16805
0
0.08254
0.61134
0
0.08396
0
0
0
0.07191
0
0
0
0
0
0
0
0
0
0.0562
0
0.07191
0.16822
0
0
0
0
0
0
0
0
0
0.11971
0
0
0
0
0
0
0
0.06727
0
0
0
0
0.16813
0
0
0.06602
0
0.16819
0
0
0.08327
0.22905
0.14659
0
0
0
0
0
0
0
0
0
0
0
0
0
0
0
0
0
0
0
0
0
0
0
0
0.13622
0
0
0.0558
0
0
0
0
0
0.16765
0
0
0
0
0
0
0
0
0
0
0
0
0
0
0
0
0
0
0
0
0
0
0
0
0
0.16298
0
0
0
0
0
0
0
0
0
0
0.15221
0
0
0
0
0
0
0
0.15043
0
0
0
0
0.16913
0
0
0
0
0
0
0.01636
0.10274
0
0
0
0
0
0
0.02073
0
0
0.16427
0
0
0
0
0
0.14198
0
0.11488
0
0
0
0
0
0
0
0.08547
0
0
0
0
0.12423
0
0
0
0
0
0
0
0.07203
0.0205
0.17058
0.14547
0
0
0
0
0.10353
0
0
0
0
0
0
0
0
0.16712
0
0
0
0.16592
0
0.07202
0
0
0
0.02311
0
0.10087
0.28635
0.06716
0
0
0
0.18003
0
0
0
0
0
0
0.49743
0
0
0
0
0
0.0971
0.11281
0.30717
0
0
0.20768
0
0
0.07657
0
0
0
0
0
0
0
0
0.06789
0.0678
0.06815
0
0
0.34192
0.0624
0
0.03858
0
0.07715
0
0
0
0.28989
0
0.06777
0
0
0
0
0
0
0
0
0
0
0
0.0222
0
0
0
0
0
0.07521
0
0
0
0
0
0
0
0
0
0
0
0
0
0
0
0.07561
0
0
0.07206
0
0
0
0
0
0
0
0
0
0.02613
0
0
0
0
0
0
0
0
0
0
0
0
0
0
0
0
0
0
0
0
0
0
0
0
0
0
0
0
0
0
0
0
0
0
0
0
0
0
0
0.16941
0
0
0
0
0
0
0
0
0
0
0
0
0
0
0
0
0
0
0.02084
0
0
0.01942
0
0
0
0
0
0
0
0
0
0
0
0.1808
0
0
0
0
0
0.09724
0.09662
0
0
0
0
0
0
0
0
0
0
0
0
0
0
0
0
0.31732
0
0
0
0
0
0
0
0
0
0.13411
0
0.22627
0
0
0
0.39973
0
0
0
0.28669
0
0
0.16971
0.23391
0
0
0
0
0
0
0
0.11513
0
0
0
0
0
0
0
0.46514
0
0.047
0
0
0
0
0
0
0
0.02318
0
0
0.09748
0
0
0.25991
0
0
0
0.0477
0
0
0
0
0.02301
0.18903
0
0
0
0
0
0.20391
0.06888
0
0.07117
0
0
0.09712
0.07544
0.48073
0
0.06926
0
0
0.41932
0
0
0
0
0
0
0
0
0
0
0
0
0
0
0.09937
0
0.0506
0
0
0
0
0
0
0
0
0
0
0
0
0
0.44908
0
0
0
0
0.10606
0
0
0
0
0
0.05832
0
0
0
0
0
0
0
0
0
0
0
0
0
0
0
0
0
0
0
0
0
0
0
0
0
0
0
0
0
0
0
0
0
0
0
0.18195
0
0
0.31997
0
0.41823
0.07025
0
0
0
0
0.09922
0
0
0
0
0
0
0.29497
0
0.36746
0
0
0
0.04893
0.51915
0
0
0
0
0
0
0
0
0
0
0
0
0
0
0
0
0
0
0
0
0
0.06464
0
0
0
0.0991
0.44393
0
0
0
0
0
0
0
0
0.09301
0.06688
0
0.27838
0
0.10318
0
0
0
0
0
0
0
0
0
0
0
0
0
0.06616
0.01635
0
0
0.15597
0
0.04471
0
0
0
0
0
0
0
0
0
0.58509
0
0
0
0
0
0
0
0
0
0
0
0
0
0.08192
0.06621
0.06604
0
0
0
0
0
0
0
0
0
0
0
0
0
0
0
0
0
0.47275
0
0
0
0
0
0
0
0.07744
0
0
0
0
0
0
0
0
0
0
0
0
0
0.16875
0
0
0.0606
0
0
0
0
0
0
0
0
0
0
0
0
0.06571
0
0
0
0
0
0
0
0
0
0
0
0
0
0
0
0
0
0
0
0
0
0
0
0
0
0
0
0.11205
0
0
0
0
0
0
0
0
0
0
0
0
0
0
0
0
0
0
0
0
0.03267
0
0
0.10953
0
0
0.06583
0
0
0
0
0
0
0.0584
0
0
0
0
0
0
0
0
0.0583
0
0
0
0
0
0
0
0
0
0.06543
0
0
0
0
0
0
0.06981
0
0
0
0.22593
0
0.05836
0
0
0
0
0
0
0.2263
0.0982
0
0
0
0.07082
0
0
0
0.02289
0
0.18217
0
0.05831
0
0.05816
0.34198
0.15884
0
0
0
0
0
0
0
0
0
0
0.07509
0
0
0
0
0
0
0
0
0
0
0
0
0.07964
0
0
0
0
0
0.28102
0.11261
0
0
0
0
0
0.07976
0
0
0
0.02394
0
0
0
0
0
0
0
0
0.04118
0
0.03862
0.06035
0
0.07702
0
0
0
0
0
0
0
0.07709
0
0
0
0
0.1413
0
0
0
0
0
0
0.13687
0
0
0.10938
0.16922
0
0.07331
0.15068
0
0
0.16625
0
0.15618
0
0
0
0.07607
0
0
0
0
0
0
0
0.12405
0
0
0
0.1513
0
0
0
0
0
0
0
0
0.09352
0
0
0
0
0
0
0
0.19898
0.14876
0
0
0
0.07242
0.06183
0
0
0
0
0
0
0
0
0
0
0
0
0
0
0.14252
0
0.07185
0
0.04785
0
0
0
0
0
0
0
0
0
0
0
0.0584
0
0.07178
0
0.05845
0
0
0
0
0.08622
0
0.0877
0
0.0496
0
0
0
0
0
0
0
0
0
0.22513
0
0
0
0.14916
0.05799
0
0.09183
0.07945
0
0.15091
0.05811
0
0.05816
0
0.17453
0.15246
0
0.06909
0.14045
0
0
0
0
0.08801
0.10546
0
0
0.06215
0
0.03088
0.05794
0.16566
0
0.10612
0
0
0
0
0
0
0.17635
0.19204
0.16816
0.13992
0.02425
0
0
0
0
0.16608
0
0
0.22308
0.07162
0
0
0
0
0
0
0
0
0
0.07431
0
0
0.07768
0.14603
0
0
0
0
0.10079
0
0
0
0
0
0
0.16846
0
0.07007
0
0
0
0.1456
0
0
0
0.07151
0
0
0
0
0
0
0
0
0
0.03128
0
0.07175
0
0.06019
0
0.08828
0
0
0
0.06989
0.22434
0.0949
0
0
0.12606
0
0
0
0
0
0
0
0
0
0
0
0
0
0
0
0
0.16662
0.0201
0
0
0
0
0
0
0
0.07887
0
0.01929
0.15266
0
0
0.14885
0
0
0
0.10183
0
0
0
0
0
0
0.15036
0
0
0
0
0
0
0
0.28644
0
0.09675
0
0
0
0
0.06149
0
0
0
0.14253
0.10601
0
0
0
0
0
0.2244
0
0
0
0
0
0
0
0
0
0
0.06701
0.08417
0
0.0795
0
0
0
0
0.07236
0
0.06002
0
0.03266
0
0.18511
0.16674
0
0.17617
0
0
0.06547
0
0
0
0
0
0
0
0
0.11828
0.0603
0
0
0.16427
0
0
0
0
0
0.06435
0
0
0
0
0
0
0
0.04767
0
0
0
0
0
0.03109
0
0.08953
0
0
0
0.15194
0
0
0
0.09752
0.06168
0
0.06438
0
0
0.06884
0
0.07606
0.06248
0
0
0
0.06819
0
0.09744
0
0
0
0.06424
0
0
0
0
0
0
0
0.03221
0.09669
0
0
0.09674
0
0
0.04874
0
0
0
0
0
0
0
0
0
0.09648
0
0
0
0.28572
0
0.09783
0
0.23277
0
0
0.09858
0
0.4452
0
0.07996
0.51952
0
0
0.06602
0.02484
0.01637
0
0.31767
0
0
0
0.31716
0
0
0
0.11507
0
0.10525
0.15543
0
0.10616
0
0
0
0
0
0
0.42088
0
0
0
0
0
0
0
0
0
0
0
0
0.48419
0
0
0
0
0
0
0
0
0
0.0766
0
0
0
0
0
0
0
0
0
0
0.23542
0
0
0
0
0
0
0.17412
0
0.07167
0
0
0
0
0
0
0
0.07826
0
0.37117
0
0
0
0
0.05709
0
0.08355
0
0
0
0
0
0.22514
0.09649
0
0
0
0.34479
0
0.22902
0
0
0
0
0
0
0
0
0
0
0
0
0
0
0
0
0
0
0
0.07748
0.17657
0.10731
0
0
0
0
0
0
0
0.23695
0
0
0
0
0
0
0
0
0
0
0
0
0
0
0
0.07866
0
0.09064
0
0
0
0
0.0786
0
0
0
0
0
0
0.02635
0.09033
0
0
0.08937
0
0
0
0.29615
0.39709
0.03194
0
0.4313
0.02994
0
0
0
0
0
0
0
0.4637
0
0
0
0
0.51059
0
0.07562
0
0
0
0.31268
0
0
0
0
0
0
0.34505
0
0.24436
0
0
0.09808
0.22158
0
0.08859
0.08838
0
0.03005
0.22206
0
0
0.07784
0
0.15549
0.07845
0
0
0
0.47373
0
0
0
0
0
0
0
0
0
0
0.15437
0
0.07917
0.06055
0
0
0.21179
0
0.02806
0
0.19881
0
0
0
0
0
0.33353
0
0
0.24082
0
0
0.09801
0.11072
0.1582
0
0
0.20285
0.34648
0
0
0
0
0
0
0.06041
0
0
0
0.40635
0
0.15496
0
0.05687
0
0.11748
0
0
0
0.06019
0
0
0
0
0
0
0
0
0
0
0
0
0.558
0
0
0
0.17765
0
0
0
0.20736
0
0
0
0.06121
0
0
0
0
0
0
0.09815
0
0
0.07115
0
0.25824
0.06152
0
0.22031
0.56682
0
0
0
0
0
0.1487
0
0
0
0.20182
0.04875
0.17082
0
0
0
0.07904
0
0
0.29117
0
0.32202
0
0
0
0
0
0
0
0
0
0
0
0.06049
0.23191
0
0
0
0
0
0
0.15736
0
0.07723
0
0.2473
0
0
0.55471
0.06015
0
0
0.02154
0
0
0
0
0.06015
0
0.44718
0
0
0
0
0
0
0
0
0.27746
0
0
0
0.07911
0
0.6358
0
0
0
0.23152
0
0
0
0
0
0.06448
0
0
0.49249
0.32067
0
0
0.30432
0
0.08437
0
0
0
0
0
0
0
0
0.07429
0
0
0
0
0
0
0
0
0.22534
0
0.28044
0.06184
0
0
0
0.06448
0
0.06407
0
0.02258
0
0
0
0
0
0
0
0
0
0
0.07967
0
0
0
0
0.2844
0
0
0
0
0
0
0.02256
0.28223
0.06217
0
0
0.42028
0
0.23816
0.06467
0
0
0.55746
0
0
0.12856
0
0
0
0
0.04319
0
0
0
0
0.23187
0.06409
0.22539
0
0
0.06982
0.06006
0.06421
0
0
0
0
0
0
0
0
0.25515
0
0
0
0
0.05156
0
0.04154
0.16368
0
0.05184
0
0.07663
0
0
0.02167
0
0
0
0
0
0
0.07885
0
0
0.06083
0
0
0
0.07919
0
0
0
0
0.05833
0.04398
0
0
0
0
0.48169
0
0
0.10028
0.06014
0.05846
0
0
0.08919
0
0.07651
0
0
0.07132
0
0
0
0.07625
0
0
0
0
0
0.02278
0
0
0.05959
0
0
0
0.07868
0
0
0
0
0.03988
0
0
0
0.14405
0
0
0.07908
0.48771
0
0
0
0
0
0.06448
0
0
0
0
0.06397
0
0.07809
0
0.61604
0
0.07667
0.53246
0
0
0.59622
0.39393
0
0
0
0
0.04626
0
0.28491
0
0
0
0
0
0
0
0
0
0
0
0.07692
0.15693
0
0
0
0
0
0.04986
0.34627
0
0.23548
0
0
0
0
0.09926
0
0
0.07282
0
0
0
0
0
0
0.0689
0
0
0
0
0
0
0
0
0.05815
0.03896
0
0
0
0
0
0
0
0
0
0.04599
0
0.08365
0
0
0
0
0
0
0
0
0
0
0
0.03966
0
0
0
0
0
0
0.06683
0
0
0
0
0
0.17401
0
0.06684
0
0.14973
0
0.16368
0
0
0
0
0.03654
0
0.10184
0.06065
0
0
0
0.1132
0.01821
0
0
0
0.02044
0
0
0
0
0
0
0
0
0
0
0
0
0
0
0
0
0.08373
0
0
0
0
0
0
0
0
0
0
0
0
0
0
0
0
0.06464
0
0
0
0
0
0.18738
0
0
0
0.07671
0
0
0
0
0
0
0
0
0
0.07697
0
0
0
0
0.11107
0
0
0.07657
0
0.0762
0
0
0
0
0
0
0
0
0.0767
0
0.06531
0.07654
0
0.07748
0.11354
0
0
0.06608
0
0
0
0
0
0.06422
0
0
0
0
0
0
0
0.07015
0.02583
0
0
0.07706
0
0
0
0
0.04282
0
0
0
0.13499
0.13485
0
0
0
0.06533
0
0.06453
0.05986
0
0
0.05931
0
0
0.01975
0
0
0.07611
0
0
0
0
0
0
0
0
0
0
0
0
0
0
0
0
0
0
0
0
0
0
0.06859
0
0
0.06045
0
0
0
0.16582
0.07708
0
0
0.04046
0
0
0
0
0.07744
0.07692
0
0
0
0.0773
0
0
0
0
0
0.07675
0
0.2004
0
0
0
0
0
0
0
0
0
0
0
0
0
0
0
0
0.04127
0.06608
0
0
0
0
0
0
0
0
0
0
0
0
0
0
0
0
0
0
0
0
0
0
0
0
0
0
0
0
0
0
0
0
0
0
0
0
0
0
0
0
0
0
0.13633
0
0
0.06044
0
0
0
0
0
0
0
0.1648
0
0
0
0
0
0
0
0
0
0
0.0708
0
0
0
0.44739
0
0
0
0
0
0
0
0
0
0
0
0
0
0.07068
0
0
0
0
0.05491
0
0
0
0
0
0
0
0
0
0
0
0
0
0
0.10605
0
0
0
0.06455
0
0
0
0
0
0
0
0
0
0
0
0
0
0
0
0
0
0
0
0
0
0
0.16777
0
0
0
0
0
0.13133
0
0
0
0
0
0
0
0.11068
0
0
0
0
0
0
0.23978
0
0.57531
0
0
0
0
0.12605
0
0.13628
0.04487
0
0.06735
0
0.06718
0
0.165
0
0.02941
0.0795
0
0
0
0
0
0
0.02941
0
0
0.08693
0
0
0
0
0.14948
0.22305
0.22232
0
0
0
0
0
0
0
0
0
0.22247
0.19926
0.3133
0
0
0.14948
0
0
0
0
0.31294
0
0
0
0
0.08691
0.17963
0
0.57024
0
0
0.17106
0.12342
0.07637
0.13427
0
0.08906
0
0
0
0.01976
0
0
0
0
0
0.15906
0
0
0
0
0.08603
0
0.0873
0.2683
0
0.56407
0.29759
0
0.09743
0
0.14621
0.11132
0
0
0
0
0.11082
0.04511
0
0
0
0
0
0.49625
0
0.15534
0.17881
0
0
0.0367
0
0.05486
0
0.01836
0.02542
0
0.06477
0.06687
0
0
0.6466
0
0.08865
0
0.23234
0.11464
0
0
0
0
0
0
0
0
0.0669
0.1649
0
0.08726
0
0.08761
0
0.16444
0.08668
0
0
0
0
0
0
0
0.08649
0
0
0.14646
0
0
0.26873
0
0
0.06495
0
0.07801
0
0
0
0
0.21112
0
0
0
0
0.36729
0.28978
0
0
0
0
0.10613
0
0
0
0
0
0
0
0
0
0.07638
0
0.15929
0
0
0.07772
0
0
0
0.19592
0
0
0.57942
0.11584
0
0.31902
0
0
0
0.1335
0.06688
0
0
0
0
0
0
0
0
0
0
0
0
0
0
0
0
0
0
0
0
0
0
0
0
0
0
0
0
0
0
0
0
0
0
0
0
0.06247
0
0.06435
0
0
0
0
0
0
0
0
0
0
0
0
0
0
0
0
0
0
0
0
0.16556
0
0
0
0
0
0
0
0
0
0
0
0
0
0.12788
0.14887
0
0
0
0
0
0
0
0
0
0
0
0
0
0
0
0
0
0.32985
0
0.05116
0
0
0
0
0
0
0
0
0
0
0.12964
0
0
0
0
0
0
0.20733
0
0
0
0
0
0
0
0
0
0.0764
0.07408
0
0
0
0
0
0
0.37165
0.14921
0
0
0
0.17246
0
0.09032
0.06052
0
0
0.34537
0
0
0
0
0
0
0
0
0
0
0
0
0
0
0
0
0
0
0
0
0
0
0
0.0762
0
0
0
0
0
0
0
0.06118
0
0
0
0
0
0
0
0
0
0
0
0
0
0
0
0
0.02044
0
0
0.10598
0
0
0
0
0
0
0.05448
0
0
0.12706
0
0
0
0
0
0
0
0
0.02039
0
0
0
0
0
0
0
0
0
0
0
0
0
0
0
0
0
0
0
0
0
0
0
0
0
0
0
0
0
0
0
0
0
0
0
0
0
0
0
0
0
0
0
0
0
0
0
0
0
0
0
0
0
0
0
0
0
0
0
0
0.06044
0.04056
0
0
0
0
0
0
0
0
0
0
0.06608
0
0
0
0
0
0
0.14882
0
0.02036
0
0
0
0
0.06424
0.12287
0
0
0
0
0.09161
0
0
0
0
0
0
0
0.02464
0
0.06428
0
0
0
0
0
0
0.06502
0
0
0.06408
0
0
0
0
0
0
0
0
0
0
0
0
0.10623
0
0
0
0
0
0.05457
0
0
0
0
0.10528
0
0
0
0
0
0
0
0.51974
0
0.0941
0
0
0
0.05999
0
0
0
0.22692
0
0
0
0
0
0
0
0
0
0
0
0
0
0
0
0
0.1225
0.01839
0
0
0
0
0
0
0.08869
0.1458
0
0
0.12327
0
0
0
0
0.16479
0
0
0
0
0
0
0
0
0
0.06422
0
0
0
0.16549
0.14566
0
0
0
0
0
0
0.0197
0
0
0
0.08965
0.16381
0
0
0
0
0
0
0
0
0
0
0
0
0
0
0
0
0
0
0
0
0
0
0
0
0
0
0
0
0
0
0
0
0
0
0
0
0
0
0
0
0.06728
0
0
0.22389
0.06723
0
0
0
0
0
0
0
0
0
0
0
0.06801
0
0
0
0
0
0
0
0
0
0
0
0
0
0
0
0
0
0
0
0
0
0
0
0
0
0
0
0
0
0
0
0
0
0
0
0
0
0
0
0
0
0
0
0
0
0
0
0
0
0
0
0
0.0893
0
0
0
0
0
0
0
0
0.10185
0
0
0
0
0
0
0
0
0
0
0
0
0
0
0
0
0.0821
0
0
0
0
0
0
0
0
0
0
0
0
0
0
0
0
0
0
0
0
0
0
0
0
0
0
0
0
0
0
0
0
0
0
0
0
0
0
0
0
0
0
0
0
0.08012
0
0
0
0
0
0
0
0
0
0
0
0
0.0603
0
0
0.22181
0
0
0
0.24047
0
0
0
0
0
0
0
0
0
0
0
0
0
0
0
0
0
0
0
0
0
0
0
0.07135
0.18864
0.08911
0
0
0
0
0
0.07918
0
0
0
0
0
0
0
0
0
0
0
0
0
0
0
0
0
0
0
0
0
0
0
0
0
0
0
0
0
0
0
0
0
0
0
0
0
0
0
0
0
0
0
0
0
0
0
0
0
0
0
0
0
0
0
0
0
0
0.06412
0
0
0
0
0
0
0
0
0
0
0
0.06416
0
0
0
0.06463
0
0
0
0
0
0
0
0
0
0
0
0
0
0
0.06027
0
0
0
0
0
0
0
0
0
0
0
0
0.06402
0
0
0
0
0
0
0
0
0
0.0815
0
0
0.0428
0
0
0
0
0
0
0
0
0
0
0
0
0
0
0
0
0
0
0
0
0
0
0
0
0
0
0
0
0
0
0
0
0
0
0
0
0
0
0
0
0
0.06341
0
0
0
0
0
0
0
0
0
0
0
0
0.04261
0
0
0
0
0
0
0
0.08694
0.02252
0
0
0
0
0
0
0
0.06472
0
0
0
0
0
0
0
0
0
0
0
0
0.08529
0
0.08535
0
0
0
0
0
0
0
0
0
0
0
0
0
0
0
0
0
0
0
0
0
0
0
0
0
0
0
0
0
0
0.07545
0
0
0
0
0
0.05089
0
0
0
0.07599
0
0
0
0
0
0
0
0
0
0
0
0
0.05167
0
0
0.02537
0
0
0
0
0
0
0
0
0
0.02571
0
0
0.07707
0.27778
0
0
0
0
0
0
0
0
0
0
0
0
0
0.07607
0
0
0
0
0
0
0
0
0.07639
0.07602
0.07676
0.06745
0
0
0
0
0
0
0
0.0768
0.1111
0
0
0
0
0
0
0
0
0
0
0
0
0.38101
0
0
0
0
0
0
0.025
0
0
0
0
0
0
0
0
0
0
0
0
0
0
0
0
0
0
0
0
0
0.06696
0.09057
0.06422
0
0
0
0.11386
0
0
0
0
0
0
0
0
0
0
0
0
0.12286
0
0
0
0
0
0
0
0
0
0
0.05807
0
0
0
0.06047
0.16495
0
0
0
0
0
0
0
0
0
0
0
0
0
0.06032
0
0
0
0
0.16759
0.06496
0.11389
0
0
0
0
0
0
0
0
0.02139
0
0
0
0
0
0
0
0
0.06616
0.12367
0
0
0
0
0
0
0.06028
0
0.06153
0.06016
0
0
0.02206
0.0644
0
0
0
0.06481
0
0.06178
0
0.06495
0.06419
0
0
0
0
0
0
0
0.06621
0
0
0.08919
0
0
0
0
0
0
0
0
0
0
0
0
0
0
0
0
0
0
0.11478
0
0.05823
0
0
0
0.02051
0
0
0
0
0
0.02054
0
0
0
0
0
0
0
0
0
0
0
0
0
0
0.06458
0.02078
0
0
0
0
0
0
0
0
0
0
0.0207
0
0
0
0
0
0
0
0
0
0
0
0.0657
0
0
0
0
0
0.06214
0
0
0.08969
0
0
0
0
0
0
0
0
0
0
0
0.261
0
0
0
0
0
0
0
0
0
0
0
0
0.05816
0
0
0
0
0
0.06229
0.06234
0
0
0
0
0
0.06441
0
0
0
0
0.05801
0
0
0.06205
0
0
0
0
0
0
0
0
0
0
0
0
0
0
0
0
0
0
0
0
0
0
0
0
0
0
0
0
0
0
0
0
0
0
0
0
0
0
0
0
0
0
0
0
0
0
0
0
0
0
0
0
0
0
0
0
0
0
0
0
0
0
0
0.09042
0
0
0
0
0
0.1739
0
0
0
0
0
0
0
0.16328
0
0
0
0
0
0
0
0
0
0
0
0.02038
0.08603
0.18768
0.34532
0.08759
0
0
0.26094
0.08034
0
0
0
0.05596
0
0.06766
0
0
0
0.08432
0
0
0.11481
0.25573
0
0
0.07917
0
0
0
0
0.05112
0
0.09395
0
0.06581
0.1546
0
0
0.19489
0.20978
0
0.06407
0
0
0.15259
0
0.15388
0.28241
0
0.07152
0
0
0
0.25403
0.24001
0
0.39859
0
0.37516
0.06244
0.2896
0
0
0.31188
0
0
0
0
0
0.23208
0.0846
0
0.09636
0.08653
0
0
0.13445
0.08499
0.06439
0
0
0.08792
0
0.13979
0
0
0
0
0
0
0
0.15818
0.20711
0
0.07874
0
0.168
0
0
0.19091
0
0
0
0.08631
0
0
0
0
0
0
0.07038
0.08446
0
0.02201
0.06946
0.22077
0
0
0
0.08908
0
0.08785
0.26293
0
0.08367
0
0
0
0
0
0
0
0.06581
0.08993
0.2209
0
0
0.168
0
0
0
0
0
0
0.08903
0
0
0
0
0.06567
0
0.08753
0
0
0
0
0.09022
0
0
0
0
0.05981
0.09521
0
0.07432
0.15478
0
0
0
0
0
0
0
0
0
0.05684
0
0.2766
0
0.08133
0.07898
0
0.13042
0
0
0.15309
0.08782
0.04717
0
0
0
0
0
0
0
0.22088
0
0
0
0
0
0
0
0
0.07998
0
0
0
0
0
0
0
0
0
0
0.06807
0
0.11757
0
0.02265
0
0
0.14602
0.15887
0
0
0.0679
0
0
0
0
0
0.08156
0
0
0.17506
0.17309
0
0.07996
0
0
0
0
0
0
0
0
0
0
0.02531
0
0
0
0
0
0
0
0
0.07961
0
0
0
0
0
0
0
0
0
0.09012
0
0
0
0.09569
0.16314
0
0
0
0
0
0
0
0
0.02818
0
0
0
0.05937
0.08901
0
0
0
0
0
0
0.02805
0
0
0
0
0.31268
0
0.05914
0
0
0
0
0
0
0.0653
0
0.07671
0
0
0
0
0
0
0.08337
0
0.08025
0
0
0.08059
0
0.02693
0
0
0
0
0
0
0
0
0
0
0
0
0
0
0
0
0
0
0
0.06072
0
0
0
0.10248
0.12298
0.06472
0
0.06439
0
0
0
0
0
0
0
0
0
0
0
0
0.16347
0
0
0
0.12233
0
0
0
0
0
0
0.02148
0
0.04025
0.09121
0
0
0.12268
0
0.06009
0
0
0
0
0.06215
0.06034
0
0
0
0
0
0
0
0
0
0
0
0.06188
0
0
0
0
0
0.03946
0
0.07195
0
0.11466
0
0
0
0
0
0
0
0
0
0
0
0
0.01949
0
0
0
0.0651
0
0
0
0
0
0
0
0
0
0
0.04052
0
0
0
0
0
0.0202
0
0
0
0
0
0
0.06974
0
0
0.06041
0
0
0
0
0
0
0
0
0
0
0
0
0
0
0
0.03869
0.05797
0
0
0
0
0
0
0.20027
0
0
0
0
0
0.26196
0
0
0
0
0.07723
0
0
0
0
0
0
0
0
0
0
0
0
0
0
0
0
0
0.07103
0
0
0
0
0
0
0
0
0.0616
0
0
0
0
0
0
0
0
0.06137
0
0
0
0
0
0
0.03858
0
0
0
0
0
0.05793
0.07148
0
0
0
0
0
0.0768
0
0
0.06232
0
0
0
0
0
0
0.05837
0.06193
0
0
0
0
0
0
0.09695
0
0
0
0
0
0
0
0.07164
0
0
0.08286
0
0
0
0
0
0.05794
0
0
0
0
0
0
0.18669
0.05819
0
0
0
0
0
0
0
0
0
0
0
0
0
0
0
0.14242
0
0.06173
0
0
0
0
0.06062
0
0
0
0.06199
0
0
0
0
0
0
0
0
0
0
0
0.06114
0
0
0
0
0
0
0
0
0
0
0
0
0
0
0
0
0
0
0
0
0
0
0
0
0
0
0
0
0
0
0
0
0
0
0
0
0
0.04065
0
0
0
0
0
0
0
0
0.04079
0
0
0
0
0
0.04686
0
0
0
0
0
0
0
0
0
0
0
0
0
0
0
0
0
0
0
0
0
0
0
0
0
0
0
0
0
0
0
0
0
0
0
0
0
0
0
0
0
0
0
0
0
0
0
0
0
0
0.05811
0
0.05806
0
0.06248
0
0
0
0.03006
0
0
0
0
0
0
0
0.02086
0.06199
0
0
0
0.06255
0
0.0581
0
0
0
0
0.02016
0
0
0
0.06233
0
0.16795
0.09105
0.06041
0
0
0.10623
0
0
0.06199
0
0
0
0.06218
0.05824
0
0
0
0
0.0608
0
0
0
0
0
0
0.04641
0
0
0
0
0.08672
0
0
0
0
0.06587
0
0.15797
0
0
0
0
0
0
0.05964
0.06029
0
0
0
0
0
0
0
0
0.03864
0
0
0
0
0
0
0
0
0
0
0
0
0
0
0
0
0
0.05964
0
0.02206
0
0.04409
0
0
0
0
0
0
0
0
0
0
0
0
0
0
0
0.06608
0
0
0.39587
0
0
0
0
0
0
0
0
0
0
0
0
0
0
0
0
0.07836
0
0
0.09895
0
0.07169
0
0
0
0
0
0
0
0.05772
0.0659
0
0
0
0
0
0
0
0
0
0.18287
0
0
0.07049
0.06105
0
0
0
0.02394
0.05838
0
0.06036
0.0861
0
0
0
0
0
0.05819
0
0
0
0.10086
0
0
0
0
0.06183
0
0
0
0
0
0
0
0
0
0
0
0
0
0
0
0
0
0
0
0
0
0
0
0
0
0.0619
0
0
0
0
0.06622
0
0
0
0
0
0.06758
0
0
0
0
0
0
0
0
0
0
0.06615
0
0
0.15857
0.02576
0
0
0
0
0
0
0
0
0
0
0
0
0
0
0
0
0
0
0
0
0
0
0
0
0.07646
0.07632
0
0
0
0
0
0.06057
0
0
0
0
0
0
0
0
0
0
0
0.01944
0
0
0
0
0
0
0
0.05818
0.08869
0.02394
0
0
0
0
0
0
0
0.08712
0
0
0.12656
0
0
0.01941
0
0
0
0
0
0
0
0
0
0
0.11842
0
0
0
0
0.15826
0
0
0
0
0
0.06876
0
0
0
0
0
0
0
0
0
0
0
0
0.0736
0
0
0
0
0
0.43596
0
0
0
0.06942
0
0
0.56921
0
0
0
0
0.02227
0.20216
0
0
0
0
0
0
0
0
0
0
0.07202
0
0
0
0
0
0
0
0.09305
0
0
0
0
0
0
0
0
0.07315
0
0
0
0
0
0
0
0
0
0
0
0
0
0
0
0
0
0
0
0
0
0
0
0
0.06587
0
0.02201
0
0
0
0
0
0
0.04775
0.0584
0
0
0
0
0
0
0
0
0
0
0
0
0.05836
0
0
0
0
0
0
0
0
0
0
0
0
0
0
0.06591
0.06613
0
0.06157
0
0
0
0
0
0
0
0
0
0
0
0
0.06989
0
0
0
0
0
0
0
0
0
0
0
0
0
0.06166
0
0
0
0
0
0
0
0
0
0
0
0
0.02333
0.01937
0
0
0
0
0
0
0
0
0
0
0
0
0.07103
0
0
0.04384
0.02382
0
0
0
0
0.07238
0
0
0
0
0
0
0
0
0
0
0
0
0
0
0
0
0
0
0
0
0
0
0
0
0
0
0
0.06604
0
0
0
0
0.06096
0.03891
0
0
0
0
0
0
0
0
0
0
0
0.02318
0
0
0
0
0
0
0
0
0
0
0.11361
0
0
0
0
0
0
0.05963
0
0.07001
0
0
0
0.06246
0
0
0
0.06593
0
0
0
0
0
0.04112
0
0
0
0
0
0
0
0
0
0
0
0
0.06597
0
0
0.06183
0.07187
0
0
0
0
0
0
0
0
0
0
0.07086
0
0
0
0
0
0
0
0
0.0408
0
0
0
0
0
0
0
0
0
0
0
0
0
0
0
0
0
0
0
0.18253
0
0
0
0.06218
0
0.06753
0.04334
0
0.06771
0
0.06628
0
0.04567
0.16542
0
0
0
0
0
0
0.40624
0
0
0
0
0.06663
0
0
0
0
0
0
0
0
0
0
0.0713
0
0
0
0
0
0.06025
0
0
0.07322
0
0
0.04315
0
0
0
0.06809
0
0
0
0
0
0
0.0198
0.07632
0.09729
0
0
0
0.06061
0
0.06059
0
0
0.17516
0
0
0
0
0
0
0
0
0
0
0
0
0
0
0
0
0
0.10727
0
0
0
0
0
0
0
0
0
0
0
0.18491
0
0
0
0.0759
0
0.17403
0
0
0
0
0
0
0
0.02301
0
0
0
0
0
0
0
0.0666
0
0.07211
0
0
0
0
0
0
0
0
0
0
0
0
0
0
0
0
0
0
0
0
0
0
0
0
0
0
0
0
0.06933
0.06123
0
0
0
0.12076
0
0
0
0
0
0.04121
0
0
0
0
0
0
0
0
0
0
0
0
0.06597
0
0.04902
0
0
0
0
0
0
0
0
0
0
0
0
0
0
0
0.07106
0.0704
0
0
0.21768
0
0.07087
0
0
0.31675
0
0
0
0
0.06121
0
0
0.13897
0
0
0
0
0
0
0
0
0.06145
0.36215
0.07979
0.06077
0
0
0
0
0
0
0
0
0
0
0
0
0
0
0
0
0
0
0
0
0
0
0
0.17456
0
0.02393
0
0
0
0
0
0
0
0
0
0
0
0
0
0
0.09064
0
0
0.09809
0
0
0
0
0
0
0
0
0
0
0.058
0
0
0
0.15572
0
0.15096
0
0
0
0.16762
0.16029
0.15108
0
0
0
0
0
0
0
0
0
0
0
0
0
0
0
0
0
0
0
0.0467
0
0
0
0
0
0
0
0.02654
0
0
0
0
0.58606
0
0
0
0
0
0
0
0.06907
0.04604
0
0
0
0
0
0
0
0
0
0
0
0
0
0
0
0
0
0
0
0
0
0
0
0
0
0
0
0
0
0
0
0
0.22626
0
0
0
0
0
0
0
0
0
0
0
0
0
0
0
0
0
0
0.08718
0
0
0
0
0
0
0
0
0.08978
0
0
0
0
0
0
0
0
0
0
0
0
0.07811
0.17126
0
0
0
0
0
0
0
0
0
0
0
0
0
0
0
0
0.18801
0
0.44207
0.03853
0
0
0
0
0
0
0
0
0
0
0
0
0
0
0
0
0
0
0
0
0
0
0
0
0
0
0
0
0
0
0
0
0
0.04939
0
0
0
0
0
0
0
0
0
0
0
0
0
0
0.10648
0.17075
0
0.06776
0
0
0.13938
0
0.25226
0
0
0
0
0
0
0.22065
0
0
0
0.04151
0
0
0
0
0.06699
0
0
0
0
0
0
0
0
0.07897
0
0.02585
0
0
0
0
0
0
0
0
0.06683
0
0
0
0
0
0
0
0
0
0
0.34514
0
0.03625
0
0
0
0.04862
0.36651
0
0
0
0
0
0.28806
0
0.07296
0.59658
0
0
0
0
0
0
0
0.09016
0
0.29096
0
0
0.23864
0.2168
0
0
0
0
0.06784
0
0
0
0.14932
0
0.13628
0.18357
0.06591
0
0
0
0.06627
0
0
0
0.21789
0.05449
0
0
0
0.25089
0
0
0.08926
0.18456
0
0.13643
0
0.045
0.18386
0
0
0
0.20466
0.32282
0.33374
0.33051
0.31783
0.13223
0
0.06665
0
0
0
0
0
0.27159
0.24135
0
0
0
0.23599
0
0
0
0.28259
0
0
0
0.11078
0
0
0.49703
0.09888
0.0829
0
0.30275
0
0
0
0
0
0.12042
0
0.35177
0
0
0.46496
0.37584
0.07404
0.1368
0.11052
0
0
0.29248
0
0.36376
0
0.35203
0
0
0
0
0
0.06788
0.5746
0
0.18943
0
0
0.09084
0.04459
0.09901
0.38376
0
0.09793
0
0.2676
0
0
0.31372
0
0
0
0.23421
0
0
0.13635
0
0.06767
0.06721
0.23693
0
0
0
0
0.26708
0
0
0
0
0.19616
0
0
0
0
0
0
0.06971
0
0
0
0
0.0737
0
0
0.11468
0
0
0.08832
0
0.22647
0.53609
0
0
0
0
0
0
0.09129
0
0.53313
0
0.12359
0.44996
0.02217
0
0
0
0.02192
0.12981
0.09926
0
0
0
0
0
0
0
0
0
0
0
0
0
0
0
0
0.14571
0.06599
0
0.0242
0
0.06748
0
0.06671
0
0
0.02618
0.06575
0
0
0
0
0.07162
0.13496
0
0
0
0
0
0
0.23615
0.11483
0
0.20476
0
0.04383
0
0.22639
0
0
0.09461
0
0
0.049
0
0.20089
0
0
0
0
0
0
0
0.15486
0
0
0.14496
0
0
0.08749
0
0
0
0
0
0
0.2666
0
0.07346
0.06671
0
0
0
0.0269
0
0
0
0
0
0
0.04982
0.02208
0.32007
0.06608
0
0
0
0
0
0
0.04502
0
0
0.04386
0.06778
0
0.39999
0.16643
0
0
0
0.08881
0
0
0
0
0
0
0
0
0
0
0
0
0.51132
0
0
0
0
0
0
0
0.04707
0
0
0
0
0.20122
0
0
0
0
0.04873
0.42316
0
0
0.02195
0
0.06761
0
0.06721
0.07745
0.12033
0
0
0
0.0677
0
0
0
0.06811
0.04554
0
0.02242
0
0
0.36778
0
0
0
0
0
0
0
0.07576
0.09544
0
0.05409
0
0
0
0
0
0.06762
0
0
0.11122
0
0.06718
0
0.06564
0
0
0
0
0
0
0.07101
0
0
0
0
0
0
0
0
0
0
0.23323
0
0
0
0
0
0
0
0
0
0
0.21377
0
0
0
0
0
0.05101
0
0
0
0.42925
0
0
0
0
0
0
0
0
0
0
0
0
0
0
0
0
0
0
0
0
0.07589
0
0
0
0.07665
0
0.06044
0
0.07503
0
0
0
0
0
0
0
0.06594
0
0.02649
0
0.18178
0.04849
0
0.53489
0
0
0
0
0
0
0.07465
0.55495
0.2633
0
0
0.07869
0.43934
0.23475
0
0.04869
0
0
0
0
0
0
0
0.21233
0
0
0
0.02426
0
0
0
0
0
0.07383
0.17102
0.10894
0
0.07817
0.07155
0
0.23174
0
0.25547
0
0
0
0
0
0
0
0.14214
0
0
0.31539
0.314
0.02137
0.21178
0
0
0
0
0.02132
0
0
0
0
0
0
0.02229
0
0.64039
0
0.08608
0
0.05256
0.15624
0
0
0
0
0
0
0
0
0
0.07561
0
0
0
0
0
0
0.07336
0
0
0
0.07682
0.21375
0
0
0.45518
0.29704
0
0.02231
0
0
0
0
0
0
0
0.62097
0
0
0
0.16333
0
0.20428
0
0
0.22839
0
0
0
0.25662
0.51343
0
0
0
0.06803
0.29832
0.08037
0.35531
0.35603
0
0.57586
0
0
0
0
0
0
0.54447
0.11306
0.20299
0
0.24807
0.0733
0.51419
0
0
0
0.35697
0.48729
0
0.48635
0.30846
0.2605
0.13516
0
0.07282
0.20733
0
0
0
0
0
0
0
0.13628
0.20671
0
0
0
0
0.20788
0
0.07265
0
0
0.13697
0.47073
0.11531
0
0
0
0
0
0
0.26024
0
0
0.06993
0
0
0
0
0
0
0
0
0
0
0.30698
0
0
0
0
0
0.17658
0
0
0.06505
0
0
0.19981
0
0.04611
0
0
0
0
0
0.08001
0
0
0
0.18514
0
0
0
0
0
0
0
0
0
0
0
0
0
0
0
0
0
0.18509
0.13555
0
0
0
0
0
0
0.27279
0
0
0.07308
0
0
0
0.06792
0
0
0.1367
0
0.16323
0
0.19191
0
0.07497
0
0.13829
0
0.16836
0
0
0.06526
0
0
0
0.33694
0
0
0.14941
0
0.17032
0
0
0
0
0
0.07695
0.04882
0
0
0
0
0
0.14271
0
0.07252
0
0
0
0.20652
0
0.0726
0
0
0
0.13578
0
0
0
0.07219
0
0.20131
0.135
0
0
0
0
0
0
0
0.11306
0
0
0.1656
0.07921
0
0
0
0.08
0
0
0.13694
0.30917
0
0.20588
0
0
0.44336
0
0
0.26058
0
0
0
0
0.07905
0
0
0
0
0
0
0
0
0
0.61615
0
0.39211
0
0
0
0
0
0.22096
0
0
0.06473
0
0
0
0.15098
0
0
0.04896
0
0
0
0.56967
0.14721
0
0.07805
0
0
0
0
0.20806
0
0
0
0
0
0
0
0
0.20781
0.02503
0.33044
0.36312
0.02515
0
0.11986
0
0.20059
0
0.06737
0
0.13264
0
0
0
0
0
0
0.04452
0.06694
0.09874
0
0
0
0
0
0
0
0
0
0
0
0
0
0
0
0
0
0
0
0.16852
0
0
0
0
0
0
0.16577
0
0
0
0
0
0
0
0
0
0.02778
0.195
0
0
0
0
0
0
0
0
0
0
0.07365
0
0
0
0
0
0
0.06829
0.26361
0.02581
0.16636
0
0
0.07381
0.13605
0
0
0.09901
0.10127
0.06676
0
0
0
0
0.17353
0.07291
0
0
0.14823
0
0.06705
0
0
0
0
0.02227
0
0
0
0
0.12291
0
0.07568
0
0
0
0.23743
0.22923
0
0.25835
0
0
0
0
0.17236
0
0
0
0
0.25506
0
0
0
0
0.41204
0
0
0.25702
0.14027
0.14133
0.06743
0
0
0.33197
0
0
0
0.23302
0
0
0
0.12748
0.05439
0.075
0.20291
0.34689
0.07154
0.23413
0
0
0
0
0
0.07948
0.08604
0.1
0
0.09063
0.37154
0
0
0
0
0.07245
0
0.14205
0
0
0.56999
0
0
0
0
0
0.23063
0
0.09302
0
0
0
0
0.07274
0
0.04353
0.09814
0
0
0
0
0.14265
0
0
0
0
0.07268
0
0.06621
0
0.16424
0
0
0
0
0
0
0
0
0
0.25602
0
0.20208
0
0
0.07732
0.22483
0
0
0
0
0
0
0
0
0
0
0.14102
0.09887
0.07855
0.13278
0.17107
0
0
0.14894
0
0.02086
0
0.12057
0
0
0.13269
0.07868
0
0.14074
0.12902
0.02829
0.02369
0
0
0
0
0.05247
0
0
0
0.11372
0.07827
0
0.02529
0
0.07588
0
0.04875
0
0
0.07286
0
0.07619
0
0.14193
0.40466
0
0
0
0
0
0
0
0
0.09944
0.33794
0
0.08581
0
0
0
0.06333
0
0
0
0.07887
0
0
0
0
0
0.08579
0
0
0.34064
0.38737
0
0
0
