0.18662
0.23333
0.22212
0.68284
0.71278
0.75785
0.15348
0
0.69223
0.1608
0.43701
0.26982
0.12541
0.42538
0.11213
0.15514
0.87655
0.16135
0.19036
0.14
0.15855
0.74108
0
0.10293
0
0
0
0.15833
0
0
0.11898
0
0.24969
0
0.07258
0
0.31221
0.16757
0
0.1087
0
0
0
0.11233
0.11809
0
0
0.45337
0
0
0.0738
0
0
0
0.15215
0.28286
0.1516
0
0
0.13683
0
0
0
0.1248
0
0
0
0.26016
0
0.0515
0
0.13601
0.09578
0
0
0
0
0.09248
0
0.34197
0.17627
0.09934
0.48647
0.30975
0.0968
0.09035
0
0
0
0.30687
0
0.15517
0.22965
0
0.1863
0.289
0.34015
0
0.06218
0
0
0
0
0.29123
0.15998
0
0
0
0.40439
0.0904
0.13137
0
0.28574
0.26133
0
0.11704
0.13791
0.10561
0
0
0
0.44046
0.13855
0.48092
0.64677
0.26664
0.34954
0.51137
0.59173
0
0
0.09453
0.21118
0
0.10867
0
0
0
0.22097
0.09504
0.29758
0
0.14743
0.15812
0
0
0.09355
0
0
0.12685
0.06231
0.23344
0.11433
0.20672
0.14874
0.16693
0.24235
0
0
0
0.16424
0.43289
0
0.26744
0
0
0
0
0.07154
0.15687
0.13935
0.27715
0
0.13517
0
0
0
0.17703
0
0
0
0.03087
0
0
0.1452
0.13368
0.34524
0.15743
0
0.29086
0
0.09337
0
0
0
0.12785
0
0
0
0
0.33323
0
0.21133
0
0
0
0
0.04565
0.14361
0
0.284
0.31363
0
0.2949
0
0
0
0
0.1397
0.23952
0.18637
0
0.13765
0.3303
0
0
0
0.11842
0
0.11362
0
0.15607
0.11096
0
0.20728
0
0.10849
0.09636
0
0
0.14454
0
0.20191
0.19502
0
0.143
0.12017
0
0
0
0
0
0
0
0.16353
0
0
0
0
0.6203
0
0.15249
0
0.03545
0
0
0
0.13149
0.13617
0.21342
0
0.09622
0.13544
0.41929
0
0.32683
0
0
0
0
0
0
0
0
0.13648
0
0.03268
0
0.14906
0
0
0
0
0.15447
0.14611
0
0
0
0
0
0
0
0
0
0
0.11773
0
0.09721
0
0
0
0.15109
0
0.746
0.26407
0.27779
0.11591
0
0.14014
0
0
0
0
0
0
0
0.11642
0
0
0
0
0
0.42939
0.17895
0.18714
0.2635
0.37486
0.10599
0.10944
0
0
0
0.13751
0
0
0
0
0
0.26435
0.09275
0
0.1634
0
0
0
0
0
0.03511
0
0
0
0
0
0
0.23371
0.1187
0.35167
0
0.14121
0
0
0.11692
0.23958
0.20314
0
0.03487
0
0
0
0
0
0.09481
0
0.12582
0.04532
0.36575
0.30672
0.48386
0.10426
0
0
0
0
0
0.15993
0.20638
0.10647
0.08702
0.39466
0.39421
0
0
0
0
0.1179
0
0
0
0
0.23397
0.09168
0
0.11871
0.34832
0.22515
0
0
0
0
0
0
0
0.10077
0.2318
0
0
0.32748
0.18164
0.14374
0
0
0
0
0
0.06693
0
0
0
0.10107
0.23728
0
0.13638
0.30819
0
0.08715
0.10424
0
0.10234
0
0
0.3938
0.15867
0.26577
0.24137
0
0
0.09696
0.12647
0
0.20377
0
0
0
0
0
0
0.21915
0.11639
0
0.12052
0
0
0.30268
0
0
0
0.22023
0
0
0
0
0.11656
0.09544
0.10364
0.11513
0
0
0.11783
0.15856
0
0
0.10204
0
0
0
0.10127
0.11162
0.09662
0
0
0
0
0
0
0
0.14607
0.09491
0
0
0.11911
0
0.29925
0.10133
0.12172
0
0
0
0
0.10111
0
0.06409
0
0
0
0
0
0
0.33604
0
0
0
0
0.2332
0.097
0.23219
0
0
0.14182
0.09207
0.14428
0
0.05043
0
0.14675
0.12471
0
0
0.11527
0.06663
0
0
0.19677
0
0
0
0.10115
0.10169
0
0
0.1594
0.18496
0
0
0
0.14932
0
0
0.18475
0
0
0.25444
0
0.10018
0
0.25934
0
0.22365
0.12779
0
0.34488
0.15311
0
0
0.10265
0.25009
0
0
0
0.0962
0.10327
0.13249
0
0
0
0
0
0
0.27165
0
0.09218
0
0.06867
0.06911
0.02741
0.03086
0
0
0.096
0.26167
0.09454
0.10402
0.13875
0.11426
0
0.34178
0
0.3241
0.04056
0
0.24798
0
0.26176
0
0.34646
0.11588
0
0.13825
0.11962
0.1158
0
0
0
0.10734
0
0
0
0
0
0.18497
0
0
0.10361
0
0.12528
0.09435
0
0
0
0
0
0
0.19767
0
0
0
0
0.10508
0
0
0.20291
0
0
0.10598
0
0
0
0
0.02903
0
0
0
0
0
0.11898
0
0
0
0.14788
0
0
0
0
0
0.14609
0
0.14544
0.18076
0.497
0
0.14004
0
0
0.17116
0.24002
0
0
0
0.14336
0
0
0.1214
0.13999
0.18427
0
0.16058
0
0.10211
0
0.23467
0
0.28717
0
0.35506
0
0.28274
0
0
0
0.23972
0.15675
0
0
0
0.04693
0
0
0
0.18586
0
0
0
0.28748
0
0
0
0
0
0.0703
0
0
0
0
0
0
0
0
0
0
0.05727
0.346
0.03379
0
0.2614
0.09779
0
0.10679
0
0
0
0.09211
0.10766
0.19728
0
0.21675
0
0
0
0.20843
0.10592
0
0.16422
0
0.03301
0
0
0
0.1312
0
0
0
0.14698
0
0
0.04839
0.13813
0.10512
0
0.35411
0
0.1795
0.25735
0
0
0.15316
0.47864
0.34454
0.10188
0.4362
0
0
0.03443
0.12368
0.34139
0.29466
0
0.09238
0
0
0
0
0
0
0
0.45201
0.03553
0.10752
0.62609
0.43435
0.06161
0.11877
0.20497
0
0
0.09845
0.21084
0.14396
0.10641
0.32705
0.11677
0.10212
0.13784
0.11757
0.21719
0.07775
0
0
0
0.1077
0.3049
0
0
0.13193
0
0.26294
0
0
0.39201
0
0
0.06935
0.11117
0.10544
0
0.3899
0
0
0
0
0.09071
0
0.10152
0.19271
0
0
0.03601
0.537
0
0.0965
0.40804
0.13903
0.20702
0
0.10545
0.11637
0
0.12363
0
0
0.10987
0
0
0.47879
0.2864
0.29315
0
0.03848
0.08229
0
0
0
0.20664
0.35786
0.28868
0
0
0
0
0.15988
0
0
0.18131
0
0.21182
0
0
0
0.08679
0
0
0
0
0
0
0.26964
0.89832
0
0
0.13287
0
0
0
0
0
0
0.31012
0.16611
0
0.14167
0.09651
0
0
0.09495
0
0.13451
0
0
0.22547
0.08764
0
0.14957
0
0.03143
0.10123
0.0933
0.06467
0.32331
0
0
0
0.09564
0.10972
0
0
0.1332
0.0937
0
0.09546
0
0.20443
0
0
0
0.10878
0
0
0.10824
0.11649
0
0.18827
0
0
0
0
0
0.24023
0.04742
0
0
0.15314
0
0.16571
0
0.04828
0.15209
0
0
0
0.10335
0
0
0
0.23277
0
0
0.27198
0
0
0.25869
0.0902
0.39155
0
0.0719
0.03216
0
0.10146
0.1112
0.0972
0
0
0
0
0.13843
0.22873
0
0
0.25001
0.13672
0.13274
0.24998
0
0
0.10968
0.23115
0
0.23244
0.2854
0.14958
0
0.20045
0.07965
0
0
0.08723
0
0
0
0.10174
0.1425
0
0.11764
0
0.13779
0.26502
0.20447
0
0.23927
0
0.22227
0
0.09355
0
0
0
0.23102
0
0.43766
0
0.23194
0.18868
0.09313
0
0.3016
0.31291
0.28614
0
0
0
0.1304
0.09626
0.3207
0
0.15271
0.09396
0
0
0.15233
0
0.09624
0.18289
0.24142
0
0
0.22821
0.21365
0.04475
0.13131
0.12621
0.48203
0
0
0.18492
0.31948
0
0
0.09868
0
0
0
0
0.10278
0
0.20108
0
0
0
0
0
0.1263
0
0.06312
0
0
0
0.13857
0
0.1304
0
0
0.09886
0.09665
0.10691
0
0.17123
0
0.21312
0
0
0.33695
0
0
0.2409
0.07944
0.24535
0.15112
0
0
0
0.15518
0.05569
0
0.09294
0.16199
0.10235
0.03162
0.11531
0.04546
0
0.10376
0.66978
0.10434
0
0.63512
0
0.18297
0
0
0
0.29117
0
0.4552
0
0.09305
0
0.12502
0.09467
0
0
0.1534
0
0
0
0
0
0
0.05065
0
0
0
0
0
0
0
0
0
0.1003
0.10505
0.06058
0.12878
0
0
0
0
0.10091
0.11471
0.16191
0.18106
0.13754
0
0
0
0
0.09257
0
0.23318
0
0
0.39357
0
0.12722
0
0
0.10869
0.0807
0.34025
0.23116
0.1752
0
0.16108
0.12605
0.0973
0.03592
0
0.49821
0
0
0
0.18512
0
0.07588
0.10617
0.13897
0.11599
0.04188
0.23568
0.30552
0.07734
0
0
0.05137
0
0
0
0
0
0
0
0
0.10359
0
0
0.09204
0
0.11528
0
0
0.1012
0
0.16612
0.10853
0.25401
0.25658
0
0.09326
0
0
0.14639
0
0
0
0.11778
0.07866
0.35117
0
0
0.39341
0.10355
0
0
0
0
0.62563
0
0
0
0.14489
0
0
0
0
0.1071
0.12652
0.03086
0.16392
0.12115
0
0.09157
0
0.26878
0
0
0
0.18885
0
0
0.19655
0.09143
0.1494
0.10426
0
0
0.07366
0.14627
0
0
0
0
0.10317
0
0
0
0
0.12126
0
0.23575
0.14969
0.09321
0.03421
0.15189
0
0.21592
0.11183
0.0731
0.25414
0.23543
0.24772
0
0
0
0
0.20825
0.16763
0.09335
0.14212
0
0.10734
0.15022
0
0.16579
0.32891
0.09981
0.2102
0
0
0
0.96211
0.10113
0
0.14355
0
0
0
0.1268
0.3831
0
0
0
0
0.23215
0
0.10601
0
0
0.10931
0
0
0.42934
0
0.09796
0.09708
0
0.10037
0
0
0
0.13372
0.429
0.13081
0
0.31422
0.12775
0
0
0
0
0.25311
0.16873
0
0
0
0.13789
0
0
0
0.09817
0.22897
0
0
0
0.13645
0
0.0311
0
0.11339
0
0.31235
0.28945
0.06136
0.13622
0
0.20173
0
0
0.16276
0
0
0
0.07108
0.25496
0
0.19202
0.12389
0
0
0
0
0.33849
0
0
0
0
0
0.37023
0
0
0.15476
0.13092
0
0
0.06005
0.06839
0
0
0
0.12771
0.30025
0.10452
0
0
0
0
0
0.03253
0
0
0
0
0.21555
0.10499
0
0
0
0.06409
0
0.18404
0
0.08175
0.11419
0
0
0.14907
0.22561
0.23537
0
0.12019
0
0
0
0
0.27833
0
0
0.09749
0.41962
0
0
0
0
0.06738
0
0
0
0
0
0
0
0
0
0
0
0
0
0
0
0.10359
0.17654
0
0
0.25008
0
0.15804
0.31182
0.11241
0
0.28504
0.10427
0
0.24902
0.10998
0
0.03094
0
0
0
0
0
0
0
0
0
0
0.24982
0
0.51108
0.09557
0.2082
0.37238
0.0969
0
0
0
0.10954
0.09666
0.09701
0
0.2887
0
0.10771
0
0.11868
0
0.20285
0
0
0.1801
0.12788
0
0.19042
0.1043
0
0.11438
0.35602
0.22928
0
0
0
0.23024
0.07385
0
0.10294
0.86848
0.18902
0.05448
0
0.1895
0
0
0.27584
0
0
0.1075
0.09519
0
0.44092
0
0.13441
0
0
0.33776
0
0
0
0.09562
0
0
0
0
0.19629
0
0
0
0.34694
0
0.14578
0
0
0.14277
0
0.06587
0
0.0672
0.34157
0.10123
0
0
0.17502
0
0
0
0
0.03479
0.30017
0.10373
0.13254
0
0
0.1207
0.23702
0
0
0.06752
0.1326
0.31877
0.14485
0.12776
0
0
0
0
0
0
0.35391
0.0962
0.1119
0
0.10255
0.37059
0.55466
0
0
0.22989
0
0.19296
0.19384
0
0.11571
0
0
0.12849
0
0.2576
0.04216
0
0.20777
0
0
0.09354
0.17852
0.11902
0.13732
0.08537
0
0.15074
0
0.10293
0.10755
0
0.18637
0
0
0
0.10509
0
0
0
0.20258
0
0
0.11628
0.0931
0.3737
0
0
0
0
0
0
0
0.1002
0
0
0.07397
0
0.7032
0
0
0
0.17422
0
0.16044
0
0.11684
0.23839
0.11868
0
0
0.09331
0
0
0
0.13839
0.06217
0.14663
0.12892
0.27329
0.20366
0
0.131
0
0
0.09444
0.27934
0
0.14656
0
0
0
0
0.09393
0.12458
0
0
0
0.1369
0.20172
0.11027
0.093
0
0
0
0
0
0
0.2091
0
0
0
0.16795
0.16606
0
0
0.24992
0.11416
0
0
0.09158
0.14661
0
0
0.28201
0
0.15307
0
0.27751
0
0.10778
0.31689
0.3064
0
0.13962
0
0.1596
0
0.28687
0
0.1899
0
0.09154
0
0
0
0.19618
0.09676
0
0.1001
0.10615
0.27363
0
0.13452
0.16602
0.09724
0.13844
0
0.10299
0
0
0.1379
0.09249
0.15004
0
0.36497
0.27938
0
0.12116
0
0
0.19637
0
0.14034
0
0
0
0.63854
0.67187
0
0.22383
0
0
0
0
0.23009
0.09712
0.17093
0.26152
0
0.15301
0.10348
0.09381
0.14562
0
0
0
0
0.03743
0.09217
0
0
0
0.28988
0.34142
0
0
0.10773
0.48546
0.10641
0.3535
0.06689
0
0
0.35015
0.10756
0
0
0
0
0.11795
0
0.13051
0.23719
0.09706
0
0.1602
0.04563
0.23688
0
0
0.13254
0
0.10237
0
0
0
0
0
0.09566
0.14771
0
0
0
0
0.03935
0
0.3238
0.18262
0
0
0.09721
0
0
0.11036
0.09395
0.13804
0
0.06848
0.12816
0
0.14847
0
0.20124
0
0
0.23419
0
0.10478
0
0.11851
0
0
0
0
0.24793
0.09306
0.23929
0.05125
0
0.50756
0
0
0
0
0
0
0
0
0
0.15993
0
0.35379
0.11811
0
0
0
0
0.17698
0
0.30892
0
0
0
0.25461
0.21712
0.14195
0.26933
0.19002
0.62331
0.09671
0
0.09332
0
0.2786
0
0
0
0
0
0
0.09114
0
0.09852
0
0.14997
0
0
0
0
0.49503
0
0.39099
0
0.09352
0
0
0.1392
0.20668
0
0.03176
0
0
0.25239
0.26444
0.0584
0.13712
0
0.1443
0
0
0.20078
0
0.33219
0
0
0
0
0.13404
0.17289
0
0.15772
0.08157
0.23657
0
0.1716
0.10744
0
0
0
0.20155
0.10635
0.12025
0.13488
0.18224
0
0
0
0.15587
0.04263
0.09359
0
0.06753
0.25708
0
0
0
0.13989
0.3245
0
0
0
0
0
0
0
0
0
0.11506
0.20342
0
0
0
0
0
0.28044
0.10474
0.09318
0.14194
0.28799
0
0.13881
0
0.12443
0.03167
0
0
0
0.67049
0
0.16448
0
0
0
0
0.25793
0.19744
0
0
0
0
0.15584
0
0.13066
0
0
0
0
0.23197
0.23201
0
0
0.11566
0
0
0
0
0
0.09285
0.09375
0.04693
0
0.19936
0
0.24218
0
0.13045
0
0
0.05381
0.24299
0
0
0.14304
0
0.25119
0.09666
0
0.12552
0
0
0
0
0.10658
0.21865
0
0
0
0
0.11612
0.04602
0
0
0
0.15065
0.35338
0.10211
0
0.14797
0
0.25206
0.08857
0
0
0
0.10067
0.04323
0
0
0
0
0.16948
0.10751
0.11627
0
0.48493
0
0
0.09553
0.16573
0
0
0.09935
0
0.08642
0
0
0.11077
0.0547
0
0.11785
0
0
0
0.13806
0
0.12559
0
0
0
0.12415
0.18391
0.11497
0.06412
0.11729
0.14799
0.2958
0.20757
0.11792
0.19736
0
0.20703
0.22286
0
0
0
0
0
0
0
0.06423
0
0
0
0.29322
0
0.09141
0.5892
0
0.09525
0
0
0
0
0.09253
0
0
0.06404
0
0
0
0
0.14713
0.26918
0.15584
0
0.18243
0
0.11753
0.16993
0
0
0.14053
0.142
0.38615
0.31222
0.04858
0.10455
0.34118
0.32584
0.0957
0
0
0.03491
0.04944
0.11574
0
0
0
0
0
0
0
0
0.05122
0
0
0.0538
0.06253
0
0
0.17141
0.09585
0.23672
0
0.30683
0.09666
0
0
0.1788
0.22101
0
0
0
0.08445
0.13952
0
0.06287
0
0.2986
0
0.08639
0
0
0.10357
0
0
0.11845
0
0
0.10096
0
0
0
0.18559
0.21583
0.27087
0
0.13266
0
0.10253
0
0.1069
0
0
0.23658
0
0.36966
0.15992
0
0
0
0
0
0
0.11884
0.14521
0
0.13382
0
0
0.21306
0.13145
0
0
0
0
0
0.23259
0
0.03085
0
0
0
0
0
0.24129
0.26827
0.21441
0.09661
0
0
0
0
0.19767
0.10589
0
0.17153
0
0
0
0
0.4548
0
0.07595
0.13781
0.55032
0
0
0.10537
0
0
0.08346
0
0
0.10679
0.08899
0
0
0
0.1609
0.15391
0.1154
0
0
0.12768
0
0
0
0
0.31637
0.45668
0.09604
0
0.02733
0
0
0.16542
0
0.09313
0.23974
0.13365
0
0.03195
0
0
0.21354
0.40651
0
0.32634
0.20044
0.09697
0
0.19828
0.23467
0
0.09759
0.29657
0
0.11553
0
0
0
0
0.13082
0.09653
0
0
0
0
0.10201
0
0
0
0
0
0.03275
0.27972
0.1585
0
0
0.11071
0.10777
0.28521
0
0
0.21652
0.40915
0.09324
0
0
0
0.15474
0
0.15631
0.23683
0
0
0
0
0
0.13143
0.13471
0.13213
0.12885
0
0.23282
0.10045
0
0.09236
0.13622
0
0.59159
0
0
0
0.28564
0.14037
0.08665
0.13676
0
0
0
0
0.37266
0
0
0
0
0
0.22383
0.14137
0
0
0.3524
0
0
0.23664
0.09146
0
0.09059
0.35078
0
0
0
0.1007
0.11
0.03396
0
0
0.28793
0
0
0
0
0
0
0.23192
0
0
0
0
0
0
0
0
0.09341
0.38555
0
0.22455
0
0
0.09029
0
0.13944
0.09983
0.10622
0
0
0
0
0
0
0
0.45252
0
0.35597
0
0
0
0.21221
0.09325
0
0.32587
0.04424
0.30307
0.1345
0
0
0.38237
0
0
0
0.09207
0.10434
0
0.10064
0
0.1202
0
0.04071
0.13458
0.17858
0.09309
0
0
0
0
0.10906
0
0
0
0.07012
0.09335
0
0.28605
0
0.1038
0
0.24118
0.33902
0.14283
0
0
0
0
0.48772
0
0
0
0.31139
0.09256
0
0
0.21918
0.08385
0.15685
0
0
0
0.23816
0.10506
0
0.11093
0.08766
0
0
0
0.08634
0
0
0.10278
0.10694
0
0
0
0
0
0.09195
0.06201
0
0
0
0
0
0
0.28937
0.11767
0.12502
0.18937
0
0.13434
0
0
0.13888
0.03359
0.54008
0
0.20246
0.23588
0
0.2329
0.22773
0.23718
0
0.2437
0.09604
0.47564
0.26218
0.10983
0.09585
0.22129
0
0
0
0
0.12572
0
0.09499
0.24039
0
0.15502
0.25091
0
0
0
0
0.12003
0
0
0.10315
0
0.10514
0.12131
0
0
0.14928
0
0
0.10644
0
0.24
0
0.21911
0
0.26901
0
0
0
0
0.4774
0
0
0
0
0.20057
0
0
0
0.14264
0
0
0.11651
0
0.27169
0
0.12352
0.11532
0.42853
0
0
0
0
0
0.27949
0.09208
0
0
0.09256
0
0.20386
0
0
0
0
0.19993
0
0
0.093
0
0
0
0
0
0.13673
0
0.21973
0.11807
0.21542
0
0
0
0.28049
0
0
0
0.14908
0
0
0.07238
0
0
0.10675
0.3179
0
0
0
0.18598
0
0.25726
0
0
0.11929
0
0
0
0.23494
0
0
0
0
0.24456
0
0.10734
0
0
0
0
0.15084
0.03231
0
0
0.38127
0.101
0
0
0
0
0.21512
0
0
0
0.09966
0
0
0.09227
0
0
0
0.2744
0
0.11031
0.3898
0
0.1
0.13773
0.36829
0
0
0
0.18007
0.29308
0
0
0
0
0
0.12707
0
0.29113
0.13259
0.10414
0
0
0
0
0
0
0
0.23349
0.34373
0.15914
0
0
0
0.03159
0
0
0
0
0
0.14878
0
0
0
0
0.09502
0.09338
0
0
0.07166
0
0
0
0.092
0
0.10572
0
0
0.09789
0.33355
0
0
0.23394
0.10185
0.33254
0.10904
0
0.14449
0.10293
0.09621
0
0
0.09039
0.12662
0.13614
0.14118
0
0
0
0.09226
0
0.04721
0
0.12429
0
0
0
0
0.07542
0.08691
0
0.11908
0
0
0
0
0.15362
0
0
0
0
0
0
0
0.23261
0
0.10353
0.16689
0.29271
0
0
0
0.09482
0.05221
0.11481
0
0
0
0
0.29131
0
0.45622
0.10087
0
0
0.10681
0
0
0
0.04386
0.09327
0
0.24176
0
0
0
0
0.20853
0.26634
0
0.11466
0.04586
0
0
0
0.10309
0
0.27346
0
0.29504
0.1071
0.20817
0.12615
0.03376
0.11063
0
0
0
0.04869
0
0.16991
0
0
0
0.20952
0
0
0.035
0.1846
0
0.14085
0
0
0
0
0
0.03767
0
0.24977
0
0.11666
0.2041
0.11698
0
0.14262
0
0.23793
0
0
0
0
0.11603
0.03279
0
0.03178
0
0
0.09235
0.08701
0
0
0.12662
0
0
0
0
0.06226
0.1037
0.11593
0
0.06446
0.1009
0.11721
0
0
0.14519
0
0
0.09244
0.0401
0
0.16087
0.10359
0
0
0
0
0
0
0
0
0
0
0.16781
0.13637
0
0.15825
0
0.14355
0
0
0
0.09302
0
0
0.13304
0.13503
0
0
0
0
0
0
0
0.71826
0.33768
0.1238
0
0.0299
0.08424
0.15379
0.17758
0
0
0.13303
0
0
0.11601
0
0
0.25171
0.13919
0
0
0
0
0.14002
0.09704
0
0
0
0.16959
0
0.20812
0
0.50678
0
0.06409
0
0.15825
0
0.22211
0.29052
0
0.15987
0
0
0.24206
0.09201
0
0.11523
0
0
0
0.09713
0.09184
0
0
0
0.14633
0
0.12849
0
0.13571
0
0.23233
0.08675
0
0.15174
0.23971
0.05277
0
0
0
0.11934
0.24972
0
0
0
0.11037
0.0949
0
0
0
0.11521
0.07382
0
0.09697
0
0
0.0962
0
0.13404
0
0
0.09375
0
0.13265
0.09168
0
0.22118
0
0.09348
0
0
0
0.29897
0
0.21369
0
0.09248
0.11816
0
0
0
0
0
0
0
0
0
0.03983
0
0.1037
0
0
0.23026
0
0
0
0
0.33946
0
0.13564
0.07299
0
0.39844
0.16463
0
0.11444
0
0
0.2051
0.15632
0.22022
0
0.04591
0
0
0
0
0.09246
0.2008
0.41967
0.03799
0.24967
0.21514
0
0
0.26255
0.22813
0
0.0335
0.11995
0
0
0.09309
0
0.15112
0
0
0
0
0.08663
0.09019
0
0
0
0.42733
0.25954
0
0
0
0
0
0
0
0
0.10441
0
0
0.10987
0.13272
0
0
0
0
0.1304
0.1368
0.10355
0.1004
0.11233
0.11354
0
0.2872
0.11673
0
0
0.12053
0.20006
0
0
0.10688
0.10834
0.125
0.09941
0.28285
0
0.32408
0
0
0.16357
0
0
0.2797
0.09641
0.09226
0
0.46853
0.35685
0
0.12739
0
0
0.10441
0
0.10039
0.19596
0
0
0
0.08669
0
0
0
0
0
0.0822
0
0.156
0.17734
0.12952
0
0
0.27402
0
0
0.10476
0
0.45489
0.62952
0.14741
0.17628
0.10342
0
0
0
0
0.09306
0
0.2498
0.11552
0
0.18742
0.13853
0.09612
0
0
0.09165
0.11516
0.26812
0.09733
0
0.38251
0.08612
0
0.27031
0
0.25406
0.10693
0
0.09326
0
0
0.89833
0.16026
0.03444
0
0.11439
0
0.23018
0
0.14081
0
0
0
0
0.1708
0
0
0
0.09628
0.45337
0.13709
0.73814
0
0
0.09329
0
0.10709
0.09645
0.10355
0.03499
0
0.29031
0
0.10572
0
0
0
0
0
0
0.17787
0
0.03151
0.10589
0.13991
0
0
0
0.12998
0
0
0.34824
0
0
0.10078
0.2781
0.11534
0
0.23135
0
0
0.13766
0
0
0.64804
0.10872
0
0
0.48197
0.11611
0
0
0.21218
0
0
0
0.33209
0
0.41129
0
0.10093
0
0
0
0.10306
0.14553
0
0
0.17701
0
0
0
0.04177
0.30687
0.14566
0.28231
0.15822
0.0941
0
0
0.03413
0.55105
0
0.1035
0
0
0.30622
0
0.11493
0
0.03113
0
0.39402
0.09481
0.16833
0.10509
0.41898
0.42755
0.13685
0.24199
0
0
0
0.10867
0
0
0
0.22485
0
0.10285
0
0
0.07801
0
0.07602
0.14976
0
0
0.06772
0.11019
0
0.16907
0
0.28037
0.12355
0
0
0
0
0
0.29199
0
0.10869
0.13133
0
0.10371
0.10579
0.25569
0
0
0.20034
0.31703
0.10729
0.09918
0
0.14389
0
0
0.10487
0
0.03423
0
0.09501
0
0.06483
0.06435
0.09392
0
0
0.39873
0
0.10621
0
0.90927
0
0.31802
0
0
0
0.13439
0.10134
0.25648
0
0.10476
0.10261
0.1395
0
0
0
0.10696
0.29883
0
0
0.19823
0
0.09479
0
0
0
0
0
0.09573
0
0
0
0.43257
0
0
0.06125
0
0.05348
0
0
0
0.23628
0
0.10409
0
0.06196
0
0
0
0
0
0.08041
0.10791
0.15544
0
0.15549
0.14455
0
0
0.18529
0.14485
0
0
0.12823
0.39081
0.10045
0.16058
0.09969
0.11986
0.10447
0.20808
0.10113
0.32647
0.1031
0.12803
0.10015
0
0.09511
0.49267
0
0.24073
0.43045
0
0
0.36328
0
0
0
0
0.12906
0
0.24677
0.1035
0
0.14012
0.23816
0
0
0.42413
0.2563
0
0.10107
0.13967
0.31833
0
0
0
0.09312
0
0
0.09336
0
0
0.14009
0
0
0
0
0.42931
0
0
0.23183
0.38706
0
0
0.10353
0
0.06213
0.21865
0.10454
0
0
0.11384
0
0
0
0
0
0
0
0
0
0.0999
0.18189
0
0
0
0.44434
0.12609
0.13348
0.16805
0
0.03383
0.11566
0
0
0.3389
0
0
0.42498
0
0
0
0
0.06161
0
0
0
0.12656
0.06272
0
0
0.09688
0
0
0.37394
0
0
0.09653
0.13457
0
0.11635
0.15446
0
0.09291
0
0
0.10695
0.12299
0
0.18192
0
0
0
0
0.2499
0.1317
0.09478
0
0.03485
0.34391
0.27332
0
0
0.52888
0
0
0
0
0
0.15076
0
0.15345
0.1223
0
0
0.18803
0
0
0.2728
0.23883
0.14897
0.33553
0
0
0
0
0
0.12788
0
0
0
0.02716
0
0.10521
0
0
0.03592
0
0
0.22892
0
0
0.18963
0.15512
0
0.1387
0
0
0.70102
0.14031
0.55212
0.16931
0.03246
0
0.25325
0
0
0
0
0
0.28897
0
0
0
0.10283
0
0.08781
0
0.15696
0
0.50626
0.14966
0.09912
0.18963
0
0
0
0.10312
0
0.11481
0.26515
0
0
0
0
0
0
0.10432
0
0
0
0.06524
0
0.13816
0
0
0.14387
0
0.10393
0.1956
0
0
0
0.17419
0.05137
0
0
0
0
0
0.24071
0.10688
0
0
0
0.0977
0.173
0
0
0
0.35591
0
0.0976
0.10188
0.08298
0
0
0.09206
0.09491
0
0.48008
0
0
0
0
0.21327
0.20793
0.06797
0.11581
0.11468
0.21687
0
0.21471
0
0
0.17481
0.1871
0.03526
0.24935
0
0
0.24974
0
0
0
0.32763
0.39066
0
0
0
0.03505
0.10559
0.18039
0.10467
0.20861
0.34111
0
0
0
0
0.38779
0
0
0
0
0
0
0
0.08989
0.12405
0.04833
0.48352
0.12007
0.13634
0
0
0.23761
0.27188
0
0
0.10686
0.23813
0.39684
0.17652
0.14895
0
0.14111
0
0.10067
0
0
0
0.2306
0.03812
0.10134
0.25242
0
0
0
0
0
0.03155
0.09435
0
0.09836
0.18592
0
0
0
0.44158
0
0.23888
0
0
0
0
0.47282
0.13499
0.11654
0.24715
0
0
0.51869
0.12413
0
0
0
0.31519
0.12583
0.10235
0
0
0
0.10185
0.1203
0
0
0
0.1802
0.2206
0.10201
0.58012
0
0.23103
0.03201
0.06324
0.10729
0.10656
0.29203
0.157
0
0.11782
0
0
0
0
0
0
0
0
0.06275
0.03423
0
0
0
0.20632
0
0.03827
0
0
0.1082
0.06409
0
0.49481
0
0
0.21631
0.03417
0.29705
0
0
0
0.25872
0
0
0
0
0.03131
0.21722
0.06148
0
0.05179
0
0
0.24404
0.14653
0.10049
0.09264
0
0
0
0
0
0.17601
0.30097
0
0
0.11477
0
0.03487
0
0
0.10276
0.07784
0.09348
0
0.1622
0
0
0
0
0.11309
0
0
0.10191
0
0
0.15821
0.25129
0
0
0.18829
0
0
0.10441
0
0
0
0
0.18988
0
0.1983
0
0
0
0.09647
0.62636
0
0.09496
0.09545
0.21512
0
0.30511
0.15901
0
0.16667
0.16406
0.03174
0.15029
0.0945
0
0.14534
0
0
0
0.34295
0.14112
0.2003
0
0.28874
0.14983
0.14843
0.13867
0.09314
0.14342
0.11976
0
0
0
0
0
0.09232
0
0.06342
0.22824
0.13231
0.26046
0
0
0.18921
0.24051
0
0
0
0
0.18615
0
0.19678
0
0
0.13865
0
0.16109
0
0.27137
0
0.1458
0
0.18067
0.15351
0
0
0.14347
0.13907
0.09148
0
0.19345
0.15348
0.18063
0
0.51852
0
0.18798
0.11482
0.64834
0.10491
0.15282
0.1324
0
0.03048
0
0.03812
0
0.39174
0
0
0
0.28302
0.23179
0.09358
0
0.45546
0.21686
0
0.29158
0
0.37188
0.26443
0
0.13171
0.16954
0.27605
0
0.10697
0
0
0.13383
0
0
0.14001
0
0
0
0
0.12902
0.10518
0.27032
0
0
0.45113
0
0
0
0.19634
0
0
0
0
0.3911
0
0.42785
0
0.0968
0
0
0
0.09631
0
0.26639
0.39151
0
0
0.12769
0
0
0
0.09318
0
0
0
0
0.14385
0.09273
0.199
0.16323
0
0
0.30617
0
0.12313
0
0
0
0.34815
0
0.09091
0
0
0
0
0
0.14104
0.13752
0
0
0.08172
0.09303
0.04774
0
0
0
0
0
0.16631
0.20298
0.2096
0.43375
0.15753
0.21053
0
0.09212
0
0.14381
0.68868
0
0
0.38879
0.21565
0.21527
0.16606
0.33412
0
0.08187
0.25816
0
0.39235
0.38836
0.26011
0.0948
0.13241
0.21398
0.09652
0
0
0
0
0.09238
0
0.09685
0.32506
0
0.0923
0
0.4838
0
0.38877
0
0
0.16073
0.14262
0
0
0.09002
0.127
0.15765
0
0.04695
0
0
0.0919
0.10818
0
0.16042
0.11766
0
0
0
0.09701
0
0
0.20427
0.16699
0.08539
0
0
0.31921
0.11056
0.3293
0
0
0.11581
0
0
0
0
0
0
0.11426
0.03542
0
0
0.77533
0
0.24979
0
0
0
0
0.1258
0
0
0
0
0.09735
0.05916
0.11208
0
0.0388
0.09346
0
0.10331
0
0
0.18516
0.41647
0
0
0.21861
0
0
0.03897
0
0
0.10373
0.03306
0
0.10783
0.13812
0
0
0.10109
0.36407
0.25259
0.80445
0
0.21772
0.47236
0.23152
0
0.25449
0.08696
0
0
0.18608
0.03401
0.16581
0.24067
0.41943
0.10632
0.06451
0
0.61865
0.09598
0.11522
0.25545
0
0
0
0
0
0.20848
0
0
0
0
0
0.14358
0
0
0.15942
0
0.386
0.33633
0
0
0.10118
0
0.1483
0
0
0
0.10054
0.04424
0
0
0
0
0.2183
0.14427
0
0
0.07786
0.14911
0.10304
0
0.10383
0.40987
0.10247
0
0
0
0.33036
0
0.15711
0
0.15383
0
0
0
0
0
0.12839
0.11789
0.26277
0.09262
0
0.70992
0
0.03274
0.17701
0
0.2535
0
0
0.13813
0.13536
0.20019
0
0
0.12439
0
0.23054
0
0
0
0
0
0
0
0
0.02917
0.0967
0.09269
0
0
0.13011
0.131
0.10745
0.25968
0
0
0.03248
0
0
0.39446
0.21922
0.39109
0.22687
0.06228
0.35745
0
0
0
0
0
0.26394
0.04558
0.10658
0
0.09839
0
0.08807
0.09479
0
0.10745
0.09645
0
0
0.14407
0
0
0
0
0.83331
0
0
0
0
0
0.13729
0.10469
0.14388
0
0
0
0
0
0.03343
0
0.03102
0.09369
0
0.15581
0.08457
0.09677
0
0.64928
0.06785
0
0.13046
0
0.24985
0
0
0.09609
0.08125
0.32319
0.10759
0.18369
0.10588
0
0.14702
0
0
0
0.10167
0.08325
0
0.20541
0
0.10967
0.10004
0.15678
0.10773
0
0.19439
0.2527
0.21317
0.17452
0
0
0
0
0.15335
0
0.06576
0
0.10727
0
0.09338
0.23417
0.07482
0.37695
0.0392
0.21403
0
0
0
0.09344
0
0.16041
0.09262
0.03908
0
0.17742
0
0
0.45455
0.14166
0.21069
0.29738
0
0.5246
0
0
0.25708
0.06319
0.38756
0
0
0
0.25202
0
0
0.10328
0
0.09157
0.19796
0.18824
0
0
0
0
0
0
0
0
0
0
0.15119
0.18863
0
0
0.13864
0.25505
0.26572
0
0
0.38004
0
0
0
0
0.16296
0
0.22593
0
0
0.18117
0
0.19183
0.19097
0.0976
0.11513
0
0
0.10526
0.44238
0.09346
0.09336
0.23514
0
0.23154
0.14928
0
0.03374
0.09235
0.23233
0.625
0
0.09761
0
0.13323
0.09235
0
0
0.27081
0
0
0.14139
0
0
0
0.34046
0
0.10915
0
0
0.11648
0.39357
0
0.14188
0.1862
0.21744
0.12444
0.15544
0
0
0.11858
0
0.13127
0
0
0.16616
0
0
0
0.1074
0.10528
0
0
0.22458
0
0.09458
0.10976
0.10168
0.12536
0
0
0.08413
0.17953
0.06852
0
0.14125
0.10547
0
0
0.12569
0
0
0.23703
0.28517
0
0.09697
0
0.10713
0.039
0
0
0
0
0.09378
0
0
0.09926
0
0
0
0.10364
0.42858
0
0
0
0
0.23983
0
0.29559
0
0
0
0.17753
0.09439
0.10674
0.09729
0
0
0
0
0.04078
0.21365
0.40031
0
0.09227
0.03396
0
0
0
0
0.11119
0.63243
0
0.14857
0
0
0
0
0
0.25363
0.13978
0.03666
0
0
0
0
0
0
0.40106
0.10812
0.40263
0
0
0
0.10812
0.33613
0
0.15086
0.16593
0.10653
0
0
0
0
0.12679
0.03383
0.30861
0
0
0
0
0.03093
0
0.09873
0.09601
0.38675
0
0
0
0.28926
0
0
0
0.12984
0
0
0
0.13644
0.03253
0.10542
0.1078
0.09964
0.12027
0
0.12256
0
0.15671
0.15312
0
0.25115
0.09343
0.09351
0
0
0.13526
0.09451
0.04291
0.09315
0
0
0.1062
0
0
0
0.63424
0.12787
0.22573
0.20569
0
0
0.1142
0.1751
0.12359
0
0
0
0.1218
0.13586
0.33241
0.04333
0.03117
0.0468
0
0
0.16019
0
0.10649
0
0.13946
0
0
0
0.09782
0
0
0
0
0.05179
0.09699
0
0
0
0
0
0
0
0.10107
0.1422
0
0
0.25827
0.25383
0.09378
0
0.22464
0
0.11516
0
0
0
0
0
0
0
0.24378
0.10637
0.13804
0
0.09189
0
0
0
0
0.2577
0.20794
0.1572
0.35621
0
0.12138
0
0
0
0.14004
0
0.26589
0.23696
0.24178
0.13996
0.09276
0
0.11
0.13944
0.03289
0.16377
0.20708
0
0.0947
0
0
0
0.10257
0.0315
0
0
0
0.42838
0
0
0.09784
0
0.07006
0.11746
0.06245
0.04713
0
0
0
0
0
0
0.09644
0.04481
0
0
0
0
0.3403
0.16585
0
0
0
0
0.09733
0
0.09744
0
0
0.09632
0
0
0.14531
0
0
0
0.13744
0
0.13821
0
0.14028
0.13985
0
0
0
0
0.09572
0
0.11571
0.10065
0
0
0
0
0
0.11714
0.19504
0
0
0.11635
0
0.10869
0
0
0
0.09373
0
0.13763
0.34073
0
0.16722
0.11642
0.47623
0
0.04812
0.15134
0
0
0
0.09533
0.35304
0.09202
0
0
0.11729
0.20809
0
0
0.1378
0
0.03465
0.4298
0
0
0
0
0.10448
0.33364
0.10036
0
0.14974
0
0.09739
0
0
0
0.45328
0.1413
0
0
0
0.10538
0
0.08077
0.07643
0.09117
0
0.11651
0
0.13532
0
0.27989
0
0
0
0
0
0
0
0.16784
0.13616
0
0
0.18824
0.0493
0
0
0.31769
0.10681
0.10081
0
0.11809
0
0
0.16636
0
0.05114
0
0
0.11593
0.11746
0.10432
0
0
0.21284
0.09776
0
0
0
0
0
0
0
0
0.1603
0
0.24957
0
0
0
0.0919
0.23857
0
0.58024
0.48394
0.03111
0
0
0.10281
0.0863
0.56698
0
0.29679
0.36662
0
0
0
0.1742
0
0.10253
0
0
0
0
0.12659
0
0
0.22466
0
0.12915
0
0
0.41145
0.10577
0.2941
0
0
0
0
0.09758
0.42847
0
0.20811
0
0
0
0
0
0.19995
0
0.03865
0
0
0
0.04396
0
0.10408
0
0
0
0.0881
0.2231
0.11527
0
0
0.39918
0
0
0
0.12932
0.10239
0
0
0
0
0.14956
0
0.03814
0.3402
0.09602
0.18235
0
0
0
0
0.23857
0.38724
0
0
0
0.3865
0
0.07235
0
0
0
0.24781
0
0
0.25024
0
0.09974
0
0
0.10524
0
0
0
0
0.21478
0
0.33331
0
0
0
0
0
0.13741
0
0.03151
0
0.51808
0.15274
0
0.23705
0
0.10858
0.16469
0
0.53603
0.14074
0
0
0
0
0.14356
0
0.05986
0.14088
0
0.21144
0
0
0.13038
0.32738
0.09704
0.10979
0.11594
0.11327
0.50504
0
0.03085
0.18234
0.11724
0.33666
0
0
0.21042
0.09326
0
0
0.09755
0
0
0
0.06494
0.07702
0
0
0.11809
0
0
0
0.09575
0
0.23311
0
0
0.11616
0.11813
0.06141
0.1874
0.11883
0.42434
0.23266
0
0.29101
0.03076
0
0
0.20198
0.129
0
0
0
0.09476
0
0.06132
0.19873
0.10927
0.22409
0
0
0
0
0.11449
0
0
0.10258
0
0.10586
0.1582
0
0
0
0
0.10644
0.10736
0.06848
0
0
0
0.14524
0.11598
0
0
0.09239
0
0.20831
0
0.14536
0
0
0.1688
0
0.24011
0
0
0.2042
0
0.1168
0.20088
0
0
0
0
0
0
0.08008
0
0.11523
0
0
0.12284
0
0.21173
0
0
0
0.15335
0
0
0.17731
0
0.0422
0.28223
0
0
0.13463
0
0
0
0
0
0
0
0.03113
0
0.10491
0.07329
0.26111
0.23386
0.29137
0
0.35069
0
0
0
0
0.23222
0
0.0349
0
0
0
0.08676
0
0
0
0.09539
0.11754
0.28053
0
0
0
0
0.20012
0
0
0
0
0
0.19215
0
0
0
0
0.34437
0
0
0
0.12034
0
0.1251
0.14866
0
0.31671
0
0.10116
0
0.19819
0
0
0
0.21563
0
0.48801
0
0
0
0
0.16187
0.05957
0.26793
0.15185
0
0.11726
0.04839
0
0.18544
0.14754
0.06763
0.13163
0
0.31218
0.213
0
0.20777
0
0
0.18698
0
0.27397
0.21466
0.10665
0
0
0
0.32627
0
0
0.09525
0.32895
0.09583
0.1574
0.26709
0
0.09274
0
0
0
0
0
0
0.12491
0
0.12648
0
0.23202
0
0
0.09706
0
0
0
0.16734
0.1329
0.12289
0
0.11212
0
0.10191
0
0
0
0.11425
0.10032
0.14764
0
0
0
0.12859
0
0
0.23086
0
0.10909
0.42714
0.42778
0
0.1333
0
0
0.21059
0.09471
0.15811
0.21472
0
0.11574
0.19401
0
0.09755
0
0
0
0.10516
0.56839
0.11349
0
0
0
0.50514
0
0.24115
0
0
0
0
0
0
0.24163
0.12231
0
0.32592
0
0.29335
0.09342
0.08715
0
0.21948
0
0
0
0
0.10128
0
0.11856
0
0
0
0
0
0
0
0
0
0.09872
0.18561
0
0
0
0
0
0
0
0
0.48424
0
0
0
0.23525
0.26904
0.11583
0
0.04647
0.33367
0
0
0
0
0.1086
0
0
0.45453
0
0.35067
0.11543
0
0.10469
0
0.527
0
0.21261
0.14004
0
0
0
0
0.11806
0.15391
0
0.37782
0
0.0314
0.16005
0
0
0.13778
0
0
0
0
0.03242
0
0.10341
0.10389
0.27948
0.47434
0
0.14406
0
0
0.10361
0.09184
0
0.15561
0
0.17269
0
0.12243
0
0.05013
0.26262
0.23774
0.24966
0
0
0.12017
0
0.39717
0.07967
0
0
0
0
0
0
0
0
0.03494
0
0
0.04111
0.15426
0
0
0
0.21541
0.10566
0.18533
0
0.04814
0.15107
0.12758
0.12301
0
0
0.14813
0
0.29736
0
0.11479
0.15603
0
0
0
0.11794
0
0.23326
0.2787
0.21146
0
0
0.23227
0
0
0.07281
0
0.2336
0
0.14064
0.1058
0.21388
0
0
0
0.08185
0.15919
0.10668
0
0.37994
0
0.14115
0
0
0.10713
0
0
0.24371
0
0.09851
0
0
0
0.03734
0.06519
0
0
0.0543
0
0
0
0
0.2415
0.22138
0.10787
0
0
0
0.23785
0
0
0
0
0
0.13922
0
0.06857
0.12567
0.16045
0
0
0
0.29026
0
0
0.15021
0.46202
0.95594
0
0
0
0.09366
0.14715
0
0.15327
0
0.12589
0
0
0.07859
0
0.21306
0
0
0.15025
0.093
0.1487
0
0.03487
0.22656
0.36991
0
0.08003
0
0
0
0.23306
0
0
0.12637
0.136
0
0
0
0.1925
0
0
0
0.09583
0.32823
0.29262
0
0
0.10089
0.1184
0
0
0
0.12307
0
0.91941
0
0
0
0
0.09313
0
0.10704
0
0
0.20177
0.10297
0
0.22342
0
0
0.10599
0
0
0.13297
0
0
0
0.33523
0.38099
0
0.09544
0
0.03652
0
0
0.47717
0
0
0
0.16974
0
0
0.09689
0
0
0
0
0
0
0
0
0
0.0623
0
0
0
0
0
0.24755
0.25917
0.10118
0
0
0
0
0
0
0
0.1056
0.13725
0.10915
0.16485
0.03281
0.11668
0.15272
0
0.09487
0
0
0.15049
0
0
0
0.17848
0
0
0
0
0.14387
0.26173
0.10065
0
0
0.66144
0.11584
0.2114
0.09329
0.09096
0.09751
0
0
0
0
0
0
0.29305
0
0
0
0.0347
0.10081
0.38996
0
0.27353
0.12389
0.20244
0
0
0
0
0.09486
0
0.12579
0
0.08253
0.15992
0
0
0
0
0.1337
0.17363
0.12047
0
0.18897
0
0
0
0
0.10619
0
0
0
0
0
0.03913
0.23148
0
0
0
0.11371
0
0.1361
0
0
0
0
0.07021
0
0
0.12868
0.29818
0
0
0
0
0.10081
0.18152
0.09143
0
0.14009
0
0.35291
0
0.08327
0
0
0.11703
0.04643
0
0.10362
0.19484
0
0
0
0
0
0
0
0.0965
0.10373
0
0
0
0
0.11242
0
0
0
0.13532
0
0.09792
0
0.32513
0.10723
0
0
0.09488
0
0.09541
0
0.13358
0.09631
0
0
0.09326
0
0.49478
0.1381
0.28474
0
0.03499
0
0
0.13173
0
0.62526
0.33775
0
0
0
0.17565
0.30265
0.35517
0
0.21719
0.11755
0.21143
0.12912
0
0
0
0
0
0
0
0.11821
0
0.10986
0.29281
0
0
0
0.26393
0
0.16045
0.39098
0.21738
0
0.14151
0
0
0
0
0
0
0.0757
0.09415
0.24122
0.47555
0
0
0
0
0.16006
0.12167
0.0925
0
0.1001
0
0
0
0
0.24973
0.3408
0
0
0.15146
0.18634
0.23375
0.15909
0
0.06352
0
0.29114
0
0
0
0
0
0
0.23196
0
0
0
0.50898
0
0.14691
0
0
0
0.21282
0.13641
0
0.22091
0.42053
0.09134
0.13416
0
0
0
0
0
0
0.11746
0
0
0.22152
0
0.14553
0
0.15762
0
0
0
0.14367
0.15614
0.0916
0.45406
0
0.23727
0
0.14203
0.10344
0.14055
0.10342
0
0.29435
0
0
0
0
0
0
0.10962
0
0
0
0
0.10534
0
0
0
0
0.87423
0.09823
0
0.24963
0.11886
0
0
0
0
0.19935
0
0.14413
0
0.09468
0.35801
0
0.15566
0
0
0.02967
0.14028
0
0
0
0
0
0
0.03506
0.48574
0.80196
0.09276
0
0
0.12938
0.25058
0
0
0
0.04044
0
0
0
0
0.13928
0.12602
0.10643
0.20703
0
0.12181
0
0
0.29061
0
0
0.0786
0
0
0.16061
0.12756
0.26872
0
0
0.12315
0
0
0
0
0
0
0
0
0.20449
0
0.16348
0.08744
0.11518
0.13984
0
0
0.10074
0
0.18599
0
0.04554
0.03315
0.04468
0.18485
0.22313
0.08368
0.03684
0
0.13362
0
0
0
0.15507
0
0.02989
0
0
0.16359
0
0.0692
0.09362
0
0.07748
0
0
0
0.15946
0.14029
0
0
0.09591
0
0
0
0.10227
0.1261
0.11581
0
0.25
0
0
0.15897
0.28925
0
0
0
0.16209
0.29675
0.3255
0
0
0
0
0
0.09494
0.29291
0.24752
0
0
0.1166
0
0
0
0.16722
0.342
0
0.03486
0
0
0.1375
0
0
0
0
0
0.10249
0
0.23434
0
0.07655
0.09465
0.05217
0.15812
0
0.11446
0
0.29702
0
0.16627
0
0.03515
0
0.33509
0.14125
0.11501
0
0
0
0.14557
0
0.29283
0.06298
0.22296
0
0.10922
0
0
0.15238
0.18937
0
0.22573
0
0
0
0
0
0
0.09211
0
0.30229
0
0.14754
0
0
0
0
0.06896
0
0
0
0.24061
0.10796
0
0.05912
0
0.24986
0
0
0.28138
0.06929
0
0.31325
0
0
0
0
0.13579
0
0
0
0
0.39223
0.14501
0
0.09725
0.15867
0
0
0.03381
0.1075
0
0.39835
0.11437
0
0
0
0
0
0
0.1027
0
0.16591
0
0.21594
0
0.03227
0
0
0.18098
0
0
0
0.09525
0.10803
0
0
0
0
0.10706
0.43951
0
0.21534
0.21411
0
0
0.13279
0.26058
0.10348
0
0
0.24394
0.15316
0
0.14062
0.13095
0.21323
0.13224
0.14445
0
0
0.04672
0
0.12589
0.03524
0
0.23429
0.28596
0.12497
0.11638
0.11467
0
0
0
0.14602
0.13795
0
0
0.07782
0
0.53452
0.2001
0
0.02716
0
0.35323
0.30809
0.1049
0
0
0.28964
0
0
0.09076
0.29085
0.13781
0.11561
0
0
0.14624
0
0
0.06326
0.30779
0
0.11776
0
0.29315
0.06218
0.29623
0.10432
0
0
0.10483
0
0.10232
0.09253
0
0
0
0.10578
0.09682
0
0
0
0.09977
0.29642
0
0
0
0
0.13587
0.25616
0
0.26946
0
0
0.13301
0.23557
0
0
0
0
0.09346
0.23723
0.13249
0.10386
0
0.06985
0.19833
0.07543
0.08164
0
0
0
0.06496
0.21428
0.14691
0.0965
0.14083
0
0
0
0
0.21657
0.09752
0
0.10422
0.12513
0
0
0.13171
0
0.26233
0.10201
0
0
0
0.11658
0.14016
0
0
0
0
0.10467
0
0.10529
0
0
0
0.35141
0
0.13604
0.71955
0
0
0.10607
0.10292
0.03893
0
0
0.17874
0.09966
0
0.11009
0.29496
0
0
0
0
0
0
0
0
0
0
0.03174
0
0
0.2428
0.21465
0.1327
0.10418
0
0.38712
0
0.21153
0
0
0
0
0
0
0
0
0
0.15789
0
0
0
0
0
0.15096
0
0.55973
0
0.08069
0
0.10249
0
0
0.20454
0.03099
0
0
0.11848
0
0.10678
0
0
0
0
0
0.53936
0.14665
0
0.14629
0.29837
0
0
0
0
0
0
0
0
0.16634
0.09687
0.14685
0.09717
0
0
0.38944
0
0
0.16331
0.06429
0.40376
0
0
0
0
0
0
0
0
0
0.2848
0
0
0
0.20471
0
0.10364
0
0
0.22439
0.2933
0
0.13493
0.33993
0
0
0
0.0935
0
0.28424
0.40447
0.1605
0.21599
0
0
0
0
0
0
0.10956
0.45866
0
0.21429
0
0
0
0
0.15691
0
0.10264
0
0
0
0
0
0.11358
0.10388
0.1005
0
0
0
0
0
0.15992
0
0
0
0
0
0
0.19526
0
0.23205
0
0
0
0
0
0
0.24436
0
0.15096
0.07927
0
0
0
0
0
0
0.57138
0.50136
0.1631
0.48878
0
0.24015
0
0
0
0
0
0
0.10404
0.11535
0.13692
0
0
0
0
0
0.11586
0.1236
0
0
0
0.10477
0
0.03258
0
0
0
0
0
0
0
0
0.10818
0.09725
0.18443
0
0
0
0.31725
0
0
0.126
0
0
0
0
0.24084
0.22548
0
0
0
0
0.03618
0
0
0.43731
0.10759
0
0.10374
0
0
0.34148
0
0
0.0958
0.03939
0
0
0.1415
0.19326
0.47169
0.21205
0
0
0
0
0.11526
0
0
0
0.09011
0
0.10592
0
0.14063
0.2425
0.10394
0
0.11798
0
0
0
0
0.0873
0
0.12174
0
0
0
0.18927
0
0
0
0
0
0.28386
0
0.0361
0
0.21377
0.03686
0
0
0
0
0.17063
0.7464
0
0
0
0.10517
0
0.04769
0
0
0
0
0.12868
0
0
0
0.19999
0
0.15803
0.10167
0
0
0.49737
0.2123
0.15594
0
0.15518
0
0
0
0.10803
0.11917
0.10863
0.03387
0.11491
0
0
0
0.20391
0
0.13781
0
0.13757
0
0
0
0
0
0.2425
0
0.10774
0.1456
0.10717
0
0.15729
0.29101
0
0.65239
0
0.03517
0.22215
0.13521
0.11628
0.2316
0.11307
0
0.0911
0
0.23583
0
0.14476
0.37319
0.18574
0
0.15615
0.14571
0
0.16985
0.27394
0.10863
0.11321
0
0
0
0.1618
0
0
0.10185
0
0.14419
0.22396
0.11444
0
0
0
0.50314
0
0
0
0.09655
0
0.27172
0
0
0
0.09334
0.10386
0.0774
0.1422
0.21769
0
0.09637
0.12426
0.09486
0
0
0
0.27822
0
0
0
0.16735
0
0
0.70287
0.23547
0.13524
0.04672
0
0
0
0
0.68842
0
0
0
0
0
0
0.17043
0
0.10295
0.09764
0.03685
0.06869
0
0.26973
0.12062
0
0
0
0.13991
0.19811
0.05395
0
0.14605
0.09138
0.11664
0
0
0
0
0
0
0
0
0
0.06963
0.1137
0
0.03385
0
0.17589
0
0
0.24978
0
0
0
0
0
0
0.10268
0.05987
0
0
0
0
0
0
0
0
0
0
0
0.15874
0
0.28994
0.24872
0.18651
0.12444
0.15336
0.23196
0.0701
0.04521
0.10169
0.16592
0
0
0.09136
0
0.10875
0
0
0
0
0
0
0.29003
0
0
0.2234
0
0.09177
0
0
0
0
0.09234
0.1563
0.0361
0
0.33772
0
0.16264
0
0
0
0
0
0
0.13902
0.18534
0
0
0
0
0.05144
0
0
0
0
0
0
0
0
0
0
0.09765
0
0
0
0
0.11681
0.37037
0.09947
0.20189
0.24309
0.24305
0
0
0
0.42713
0
0
0.20929
0.48271
0.23602
0
0
0
0
0
0
0.09341
0.19626
0.11815
0
0
0.09302
0
0.12868
0
0.04251
0
0
0
0.14885
0.34025
0.28489
0
0
0
0
0
0
0.22548
0
0.31197
0
0
0
0
0.06705
0
0
0.07094
0.18672
0.11913
0.09498
0.10921
0
0.35565
0
0.20157
0.19437
0
0
0.10195
0
0
0.13739
0
0
0
0.1262
0
0
0.10314
0.722
0
0
0
0.10442
0.15914
0.10806
0
0
0
0.80399
0.15326
0.18064
0.11995
0
0.04769
0.10471
0.10349
0
0
0
0.04424
0
0.10807
0.14483
0
0.09354
0
0
0
0
0
0
0.09352
0
0
0
0.03267
0
0
0
0
0.10681
0.07528
0.20363
0
0
0
0
0
0
0.37546
0.4695
0
0.15812
0
0.11833
0
0
0.11612
0
0
0.24104
0.13006
0
0.10052
0
0
0
0
0
0
0.10852
0
0
0
0
0.15575
0
0
0
0
0
0
0
0.12614
0
0
0
0.33945
0.03483
0.22276
0
0.13428
0
0
0
0.25314
0.10332
0
0.10199
0
0
0
0
0.15376
0
0.23328
0
0
0
0
0.15415
0
0
0
0
0.68738
0
0.2887
0.8637
0
0.11778
0.16361
0
0
0
0.3995
0
0
0
0
0.25408
0.04478
0
0
0
0.10379
0.0406
0.1445
0
0
0
0
0
0.11715
0.27604
0.14609
0
0
0
0
0.17541
0
0.24979
0
0
0
0.10787
0.28965
0.0913
0.11456
0.09654
0.03804
0
0
0.1772
0
0.12457
0.09272
0
0
0.35629
0
0
0.10627
0.1024
0.1058
0.23879
0
0.1212
0.12061
0.20655
0.13894
0.15618
0.23946
0.22541
0
0
0.2316
0
0
0.27757
0.11619
0
0
0
0.37647
0.32857
0.14104
0
0
0.21442
0
0
0.03917
0.11453
0
0
0.07263
0
0
0.14076
0
0.33767
0.20776
0
0
0
0
0
0
0.33919
0
0
0
0.0647
0
0.1257
0.23158
0.09569
0
0.09664
0.37026
0
0
0
0
0.10279
0.2155
0
0.36402
0.1231
0.26618
0
0
0
0.21347
0.10955
0
0
0
0
0
0
0
0
0
0.11453
0
0
0.13744
0
0.24179
0
0.08426
0
0
0
0
0
0.1153
0.10282
0
0
0
0.28956
0.13569
0
0
0
0.14741
0
0
0
0
0.28901
0.11805
0.0462
0
0.23705
0
0
0
0.27914
0
0
0
0
0.06176
0
0
0
0
0.32907
0
0.10069
0.25427
0.10928
0
0
0.12879
0
0
0
0
0
0
0.09642
0.0451
0
0
0
0
0.10731
0.23028
0
0.1868
0.38751
0
0
0
0
0
0.10964
0
0.33924
0.04312
0
0
0.1155
0
0
0
0
0.13507
0
0
0
0
0.23874
0.08565
0
0.42884
0.19223
0.38289
0
0
0.13939
0.13923
0
0
0
0
0
0.14802
0
0
0
0
0
0.2893
0
0.19239
0
0.15657
0.37253
0.28731
0
0.15729
0.23463
0.2932
0.13697
0.1023
0
0
0
0
0
0.09365
0.03024
0
0.2039
0.15595
0.10385
0.13574
0
0.15552
0
0
0.2419
0
0
0
0.25017
0.16993
0
0
0
0
0
0
0
0
0
0.15651
0
0
0.22436
0
0
0.03462
0.47484
0.13121
0
0.03294
0
0
0
0
0
0
0.15841
0.13828
0
0
0
0.10079
0.19646
0.12456
0.19579
0.09644
0
0
0
0.38949
0.19785
0
0.23272
0.14062
0
0.27003
0
0
0.03431
0.09497
0.10398
0
0.04625
0
0
0.09668
0.10215
0
0
0
0.12288
0
0
0.09482
0.23802
0.35664
0
0
0.05756
0
0.38592
0.20825
0
0.10718
0.20357
0.11332
0
0
0
0
0
0
0
0.16723
0
0
0
0
0
0.14642
0.45849
0
0
0.20107
0
0.24499
0
0.35034
0.12971
0.09756
0
0
0.10818
0
0.64661
0
0
0
0
0
0
0.10793
0.12621
0
0
0.11796
0.21238
0
0
0.06976
0
0.1655
0.10283
0.14162
0.11578
0
0
0
0
0
0
0
0.09543
0
0.15928
0
0
0
0
0
0
0
0
0.16202
0.09451
0.32364
0
0
0
0
0
0
0.22829
0
0.15366
0.13517
0.1065
0.3965
0.26038
0
0
0
0
0.09303
0
0.21751
0
0.10589
0.27817
0
0
0.06273
0
0.18468
0.15308
0
0
0
0.10321
0.13304
0
0
0
0
0
0.1377
0.19016
0
0
0
0
0
0
0
0.11936
0
0.18638
0
0
0
0
0
0.1721
0.09715
0
0.20082
0
0.19624
0
0
0.09483
0
0
0.69256
0.13676
0
0
0.13463
0
0.13615
0
0.12035
0.24101
0.10137
0.14647
0.18564
0
0.18496
0
0.3551
0.38827
0
0
0
0
0
0
0
0
0.13678
0
0.25438
0.45753
0
0
0
0
0.16185
0.1196
0
0
0.11726
0
0
0
0
0
0.90043
0
0
0
0
0
0
0.12712
0
0.21835
0.1334
0
0
0
0.11449
0.32903
0.22699
0
0.1568
0
0.39521
0
0
0.43553
0
0.16317
0.04609
0
0
0.10582
0
0.03831
0
0.12119
0.09422
0
0.25679
0.21309
0
0
0
0
0.12157
0
0.7178
0
0.03367
0
0
0
0.11107
0
0
0
0
0.27406
0.15547
0.11538
0.18933
0
0.10977
0.13318
0.10124
0
0.21215
0.12249
0.09557
0
0.11178
0.11645
0
0.38596
0.23492
0
0.15471
0
0
0.06424
0.13859
0
0.11603
0
0.24086
0
0
0
0
0
0
0
0.54154
0
0
0
0.03115
0
0.1038
0
0
0.03117
0.09263
0
0
0
0.10235
0.06473
0
0
0.10919
0
0.33004
0
0
0
0
0
0
0.11853
0
0.84473
0.48547
0.17209
0.09624
0.1032
0
0.0698
0.05097
0
0.14375
0
0
0.23298
0
0
0
0.09496
0
0
0
0.06852
0
0
0
0
0
0.10687
0
0
0
0.12537
0
0.14885
0
0.27757
0
0.0468
0
0.14706
0
0.41181
0.14054
0.53935
0.27611
0.20941
0.13264
0.20039
0
0
0
0
0.32536
0
0.08059
0
0.18134
0
0
0
0.1415
0
0.20962
0.21392
0.15845
0
0
0.13201
0.35951
0.32947
0
0.05301
0.10122
0
0.17978
0.39543
0
0
0.118
0.11698
0.03488
0
0
0
0.0953
0
0
0
0
0.1379
0
0.34624
0
0.1044
0
0
0
0
0
0.1261
0.07724
0.23977
0.13769
0.03994
0
0.07828
0.13778
0
0
0.21131
0.1426
0.10585
0
0
0
0
0
0
0.09626
0
0
0.10191
0
0.06947
0.14118
0.37228
0.2832
0
0
0
0.11234
0.31705
0.14876
0.06122
0
0
0
0
0.16609
0.18649
0
0.11995
0
0
0
0
0.2102
0
0.38256
0
0
0.10607
0
0.23242
0.14166
0.09332
0.5055
0
0
0.09531
0.23566
0
0.09836
0
0
0
0
0
0
0
0.38197
0
0
0
0
0
0
0
0.15337
0.23424
0
0
0.04351
0.19156
0
0
0
0
0
0
0
0.12311
0
0.12734
0
0
0
0
0
0
0
0.10392
0.15562
0
0
0
0
0
0
0
0.29254
0
0.13077
0.04622
0
0
0.09159
0
0
0
0
0
0
0.15616
0.15739
0.29356
0.45635
0
0.09071
0
0.1042
0
0
0
0.38509
0
0.10597
0
0
0.77645
0.09165
0
0
0
0
0
0.29535
0
0
0
0.0699
0
0.53125
0
0
0
0
0.09638
0.12307
0
0
0
0.12701
0
0
0.03177
0.11813
0.13545
0.09098
0.06709
0
0.44353
0
0.09213
0.10387
0.24278
0.11473
0.08228
0
0
0.15094
0
0
0.22668
0.47711
0.07994
0.23732
0
0
0
0.24024
0.09092
0
0
0.20931
0.45279
0.44068
0.11379
0
0
0.03275
0
0
0
0
0.12166
0
0
0
0.03426
0
0
0.1043
0.34421
0
0
0
0
0.13948
0
0
0
0
0
0.13018
0
0.47762
0
0.2012
0.29006
0
0
0
0
0
0.27213
0.13784
0
0
0.10441
0
0.11484
0
0.25988
0.1937
0.47932
0.24158
0.14159
0
0
0.11743
0.39245
0
0.22231
0
0.13115
0.09222
0.09458
0
0
0.06222
0
0
0.15947
0
0.13652
0.15093
0
0.33963
0
0
0
0.12484
0
0.08595
0
0.08187
0.23222
0
0
0.31289
0
0.09301
0.39407
0.03753
0
0
0.24899
0.29812
0
0
0.13763
0
0
0
0
0
0
0
0.10196
0.11544
0
0
0
0
0.09543
0
0
0
0.03046
0.43488
0
0.28131
0.14366
0.21486
0
0
0
0
0.03913
0.10287
0
0.09281
0
0
0
0
0
0
0
0
0
0.1952
0
0
0.23224
0
0.22777
0.10883
0.09781
0
0
0.24316
0
0
0
0.17182
0
0
0.11414
0
0.11482
0
0
0.30519
0
0
0
0.23577
0.3496
0
0
0
0
0
0
0.23991
0
0
0
0.24059
0.22066
0.12534
0
0
0
0.10112
0.13892
0
0
0.16783
0
0.10324
0.24158
0.0418
0.2339
0
0
0.15776
0
0.10411
0
0
0
0.03829
0.14117
0
0
0.23733
0
0
0
0.09349
0.1103
0
0
0
0
0.04873
0.06186
0.11989
0.37501
0
0.16059
0.27851
0.23523
0
0
0.10439
0
0.05867
0
0.50882
0
0
0
0.11791
0.35443
0
0
0.10492
0.08162
0
0
0
0.1354
0
0.16734
0.50941
0.28949
0.29719
0.61335
0
0.12933
0
0
0.07019
0.03448
0
0
0
0
0.51724
0.17603
0
0
0.16909
0.11721
0
0
0.13465
0
0
0
0
0.116
0.16027
0.12032
0.74193
0
0.1169
0
0.138
0
0.13726
0.10133
0
0
0
0.13704
0.21306
0
0
0
0
0
0
0.1638
0
0.441
0.10103
0.12481
0
0.08159
0.23432
0
0
0
0
0
0.23722
0.22146
0.18369
0
0
0
0
0.11052
0
0
0
0
0
0
0
0.31134
0
0.17005
0
0
0
0.21644
0.39745
0
0.10867
0.04041
0.14671
0
0.35653
0.12111
0.34988
0
0
0.13065
0
0.10173
0
0
0.09591
0
0.62617
0
0.35653
0
0
0
0
0
0
0.10466
0.10632
0.33468
0.03522
0
0
0
0
0.10575
0
0.24427
0
0
0.09346
0
0.17764
0
0.05391
0
0.10072
0.26536
0
0.0466
0.09291
0.09578
0
0.09693
0
0
0.15635
0.09418
0
0.13151
0
0.23085
0.10298
0
0
0
0
0.10294
0.27289
0
0
0
0
0
0
0
0.10257
0
0
0.20084
0.13223
0.10744
0.10454
0
0.15957
0.21207
0
0
0.45949
0
0
0.13163
0
0.10476
0.35484
0.11699
0
0
0.18437
0.19498
0
0
0
0.09731
0.34033
0
0
0
0
0
0.29584
0
0
0
0
0.23304
0
0
0.2325
0.11074
0.13889
0
0.28193
0.1063
0.11545
0.16086
0
0.20957
0
0
0.18658
0
0.09219
0.24976
0.11293
0.27609
0
0
0.25721
0
0
0.09591
0.09234
0.31861
0.20037
0.11988
0.0472
0
0
0
0.13031
0
0.10575
0.09868
0.29565
0
0
0.09103
0
0.11369
0.13083
0
0.15747
0
0.33287
0
0
0.09645
0.09534
0
0.03067
0
0.24116
0
0
0.12695
0.17599
0.07356
0
0.24668
0.13813
0.07095
0.09576
0.27299
0
0
0
0.19193
0
0
0.11275
0.26829
0
0.14572
0.09813
0
0
0.17669
0.15898
0.09556
0.3117
0
0.10472
0
0.09305
0.09767
0
0.06898
0
0.27548
0
0.06695
0.21831
0.1704
0.381
0.29615
0
0.15092
0
0.09308
0
0
0.09465
0.19791
0.09762
0.10691
0.03217
0
0
0.55996
0
0
0
0
0.13013
0
0
0
0
0
0
0.06491
0.23366
0
0
0
0.09346
0
0
0.26752
0.15519
0
0
0
0.4014
0
0
0.20247
0.14701
0
0.38903
0
0
0
0.11057
0.37368
0.49069
0
0
0.22385
0
0.04666
0
0
0.2222
0
0
0
0
0.37756
0.14277
0.12811
0.02998
0.09456
0.16235
0.351
0
0
0
0
0.27563
0
0
0
0.12578
0.09692
0.11616
0.22469
0
0.1163
0
0
0
0.3959
0
0.3124
0.09734
0
0.15478
0.23318
0
0.10376
0
0.13412
0
0
0
0.13307
0
0
0.21286
0.47815
0.27867
0
0
0
0
0
0.10721
0
0
0
0.28132
0
0
0.14599
0
0
0
0.3396
0
0.06436
0.10519
0
0.14386
0.1409
0
0.08367
0.12789
0
0.57224
0
0
0
0.07209
0
0.18136
0
0.04471
0
0.16717
0.12249
0
0.31163
0.1279
0.11433
0
0.25801
0.10747
0.15303
0
0.03957
0.11478
0
0
0
0.13825
0
0.24821
0
0.24068
0
0
0
0
0
0.3184
0
0
0
0
0.38605
0
0.09812
0
0
0.14698
0
0.13084
0.03987
0
0
0
0
0
0
0.13721
0
0
0
0.18547
0.21519
0
0
0.10944
0
0
0.10475
0.25332
0
0
0
0
0
0.19982
0
0.13202
0
0.10249
0
0.02819
0
0
0
0.1506
0
0.10196
0.10245
0
0.28977
0
0
0
0.12255
0
0
0
0.08628
0.20419
0
0.2335
0
0.26842
0
0.03816
0
0
0
0.29393
0.3366
0.23253
0
0
0.18639
0.1212
0.15896
0
0
0.10261
0
0
0.27792
0
0
0
0.10673
0.48446
0
0.144
0.20279
0
0.25741
0.10084
0
0.24359
0.10766
0.22061
0.22318
0.15805
0.19728
0.14788
0.1995
0
0.42904
0.10804
0
0.14047
0
0
0
0.19052
0
0.09277
0
0
0
0
0.10613
0.16227
0.13111
0
0.09336
0.13171
0.32509
0
0
0.12439
0.12377
0.13385
0
0
0
0
0.47777
0
0.11786
0
0.04611
0
0
0.1711
0.13099
0
0
0
0.25251
0.10825
0
0.40778
0
0.32555
0.28073
0.27911
0.14121
0
0.10657
0
0
0.11683
0
0
0.03487
0.28149
0.18365
0.27491
0.21452
0.1308
0
0.13434
0.64753
0
0.04092
0.18057
0
0
0.2271
0
0
0
0
0
0
0
0.38145
0
0.51035
0.28682
0
0.10377
0
0.27878
0
0
0.09355
0
0.35202
0
0.13933
0.19606
0
0
0
0
0.17569
0.10132
0.09353
0.10113
0
0
0
0
0
0.09551
0.09279
0.23243
0
0
0.13
0
0
0
0.12189
0
0.17641
0.34006
0
0
0.25393
0
0
0.09486
0.13605
0.09512
0
0
0
0
0.0674
0
0
0.14197
0
0
0
0
0.33894
0.08106
0
0.14197
0.29044
0
0.09235
0.13997
0
0.34319
0
0
0
0
0
0
0
0.26394
0
0
0
0
0.4859
0.23644
0.21066
0
0.12624
0
0.13728
0.13311
0
0
0.38306
0.10087
0
0.16542
0.09057
0
0.06349
0
0.25592
0.29166
0.07204
0.03907
0.12538
0
0
0.24092
0.1132
0.09331
0.48007
0
0
0.15694
0.09617
0
0
0
0.13747
0
0
0
0.21497
0
0.12219
0
0.08198
0.13951
0.1512
0
0.0922
0.18735
0.14536
0.80228
0.09168
0
0
0
0
0
0
0
0.09772
0.146
0.10123
0
0.09173
0
0
0
0
0
0.10221
0
0
0.09636
0.05791
0
0.09802
0
0.27462
0.15268
0
0
0
0.17909
0.22473
0
0.32377
0.1074
0
0
0
0
0
0
0
0
0.12698
0
0.10495
0.1405
0.09832
0
0
0
0.44499
0.1046
0
0
0.15999
0
0
0
0.11613
0.15722
0
0.09342
0.07426
0.10338
0.13775
0
0
0
0
0.20902
0
0
0.13663
0
0
0.12019
0
0.15721
0.29321
0
0.14077
0
0.09641
0.09471
0
0.10643
0
0.08368
0.15075
0
0
0
0.09387
0
0
0
0
0
0.1932
0
0
0.10033
0
0.09726
0
0
0
0
0.22463
0.09326
0
0
0.09296
0
0
0.24106
0
0.03349
0
0.28996
0.09676
0
0.34178
0
0.07961
0
0
0
0
0.3852
0.13825
0.10657
0
0.06527
0.34653
0.24904
0.09464
0.05964
0.47755
0.103
0
0
0
0.20562
0.09753
0
0.10526
0
0.13699
0.13887
0.09743
0
0
0
0
0
0.06931
0.09317
0.55806
0
0.21017
0.12953
0
0.13874
0.09241
0
0.15756
0
0.2735
0.43857
0
0.0928
0
0
0.23152
0
0.10336
0
0.15324
0.22101
0
0.44395
0.10786
0.50579
0
0.08661
0.15028
0.13313
0.09723
0.27664
0
0.10421
0
0
0
0.24979
0.59441
0
0.03041
0
0
0.09252
0.21586
0
0
0.09732
0.13788
0
0
0.15664
0.13908
0
0.0946
0.24861
0.10776
0.08183
0
0
0
0
0
0
0
0.0984
0.11169
0.19318
0.43733
0.34032
0
0
0.48812
0
0.3458
0.03388
0
0.21373
0.06349
0
0
0.09794
0.09329
0
0
0.09925
0.1292
0
0.10989
0.10508
0.24557
0
0
0
0.26796
0.04626
0.10335
0
0.04159
0.11164
0
0.10085
0
0
0.06314
0
0.12745
0.09625
0
0.30209
0
0
0.14567
0.50167
0
0.12386
0.09764
0
0.13811
0
0
0.20658
0
0
0.14061
0
0.09709
0
0
0
0
0
0.09818
0
0
0.10626
0.21145
0.14938
0
0.18113
0.34
0.21424
0.12109
0
0.15749
0.12773
0
0
0.24888
0.10409
0
0
0
0.14225
0
0
0.14015
0
0.20424
0.10372
0.18371
0
0.43749
0.47818
0
0.09227
0.32842
0.10315
0.23449
0
0
0
0
0
0
0.13936
0
0.0675
0.11354
0.12097
0.1386
0
0.10849
0
0.09966
0
0
0
0.09246
0
0.14496
0
0
0
0.17811
0.07977
0.23463
0.33663
0
0.16477
0.10059
0
0
0
0
0
0
0.10837
0
0.23771
0.1412
0
0
0
0.09423
0.03599
0
0
0
0.38222
0.32936
0.39718
0.10107
0
0.14825
0.2499
0
0.10537
0.21356
0
0.13314
0
0.24198
0
0.13412
0
0
0
0.13283
0
0.10647
0.09441
0
0
0
0
0.13235
0.51548
0
0
0.55376
0
0
0.04056
0
0
0.42825
0
0
0.25225
0
0
0
0.10325
0
0
0
0.09758
0
0
0
0
0
0.84485
0
0
0
0.09098
0.59108
0.23206
0
0
0.10334
0.09656
0.10074
0.14039
0.28887
0
0
0
0
0
0
0.26945
0
0.22468
0.03877
0.11871
0.23754
0
0.15886
0.30127
0.17218
0.05778
0
0.29715
0
0
0.14316
0
0
0.102
0
0.15813
0.09537
0
0
0.38981
0.23504
0
0.14561
0.1049
0.04817
0.13947
0.47254
0
0.40497
0.0966
0
0.10801
0
0
0.11323
0.08176
0
0.61476
0.03226
0.10467
0
0
0
0.13153
0.71868
0.11676
0
0
0
0
0
0.28562
0.09494
0.38774
0
0
0
0.14576
0
0
0.23188
0
0
0
0.15987
0
0
0
0.14559
0.06973
0.04106
0
0
0.11952
0
0
0
0
0
0.10282
0.11905
0
0.15101
0.09538
0
0
0
0
0.10646
0
0
0.26939
0.0361
0.09461
0.20629
0
0
0
0
0
0.09272
0
0
0.12111
0
