0
0.06383
0.36698
0.07225
0.09554
0.072
0
0
0
0.20803
0.31149
0
0.16623
0.08824
0.06578
0
0
0
0.0712
0.14226
0
0.02523
0.19201
0.43827
0.29386
0
0.43133
0
0.70412
0.23519
0
0
0.22933
0
0.16474
0.0729
0
0
0.08152
0
0
0
0.08555
0.38013
0.06289
0
0
0.54464
0.2958
0.15126
0
0
0.07248
0
0.31883
0.19103
0
0
0
0.06665
0.21067
0.08287
0
0.23485
0
0.1488
0
0
0
0.08114
0
0.07216
0
0
0.28819
0
0.0263
0
0
0.23297
0
0.07154
0
0.12715
0
0.13051
0.07188
0.22181
0.07038
0.25619
0.11926
0
0.07896
0
0.02721
0
0.38857
0
0.31472
0.06663
0.0636
0
0.1341
0.14956
0.08486
0
0.19862
0
0.25151
0
0
0.13574
0
0
0.18841
0
0
0
0.07511
0.0714
0
0.05758
0.16193
0.16572
0
0
0.18665
0.1291
0.34547
0
0
0.07367
0
0.02669
0.09884
0
0.08573
0
0.53851
0
0
0.08602
0
0.07322
0.52175
0.45056
0
0.08736
0
0
0
0.1384
0.06202
0
0
0.42941
0.15871
0
0
0.44594
0
0.02014
0
0
0
0.07097
0
0
0.06869
0.08695
0.14453
0
0.53035
0
0.07033
0
0
0
0
0
0
0.06206
0
0.29766
0
0
0.0858
0
0.09805
0.08451
0.20773
0.37594
0
0.52792
0.21959
0.28567
0
0.02689
0.24628
0.0715
0
0.08786
0.0886
0
0.0701
0
0
0
0.05488
0
0.29708
0
0
0
0
0
0.29337
0
0.13615
0
0
0.34992
0.31973
0
0
0.21118
0.07573
0.36058
0
0
0
0.22494
0
0
0
0
0
0.19146
0
0
0
0
0.28967
0.08446
0.33169
0.64973
0.08668
0.04691
0.38281
0.08573
0
0
0
0.61761
0
0
0.2573
0.28225
0
0
0
0
0.08079
0.14282
0
0
0
0
0.21905
0.08369
0
0
0
0.16125
0
0.0818
0
0
0
0
0
0.13474
0.06354
0.13114
0.10199
0
0.31013
0
0
0
0.31783
0.07263
0
0.06619
0
0.23214
0
0.09332
0.07981
0
0.1842
0
0
0.1469
0
0.76704
0
0
0
0
0.19745
0.13703
0.28427
0
0
0
0
0.53547
0
0.02447
0
0.22001
0
0
0
0.07196
0
0
0
0
0.16116
0
0.20902
0
0
0
0
0.15683
0.15089
0.15222
0.14868
0.06697
0
0
0
0
0
0
0.15402
0.18935
0
0
0.29837
0
0.0804
0
0.41132
0.06946
0.07131
0
0.07288
0.06484
0.31136
0.06741
0
0
0.08486
0
0.16462
0
0
0
0.45628
0.3745
0
0
0
0
0.08765
0.02874
0.19762
0.07196
0.15521
0
0.19787
0
0.23017
0.13413
0
0
0.32726
0.15721
0
0.02873
0
0
0.15317
0
0
0
0.08049
0
0
0.3129
0.54302
0.08576
0.0716
0
0.15004
0
0
0
0.31966
0.06839
0.25653
0.08649
0.2559
0.27403
0.07273
0
0.06178
0
0
0
0
0
0
0
0.44774
0.08267
0
0
0
0.27048
0.08283
0.0854
0.17147
0.06902
0
0
0.18887
0
0.31488
0
0
0.12952
0
0
0
0.06298
0.27508
0
0
0
0.58396
0
0
0.13991
0.21895
0
0
0
0
0
0.06337
0.02416
0.06619
0
0.08159
0
0
0
0.06307
0.226
0.14
0.29353
0.04786
0.47155
0
0.24925
0.19155
0.02428
0
0.07372
0.07239
0
0.06275
0.27734
0.08208
0.04096
0.08881
0.24888
0.53555
0
0
0.04461
0.13659
0
0
0
0.61695
0.19161
0.07209
0
0.31086
0
0.30425
0.15377
0
0
0
0
0
0
0
0
0.07208
0.08676
0.21362
0.04813
0
0
0
0.14008
0
0.02467
0.07191
0.18869
0
0.1616
0.14866
0
0
0.22375
0.30233
0
0
0
0.35525
0.37969
0
0
0
0.17892
0.08702
0.17202
0
0.05748
0.07994
0
0.06349
0.10234
0.05763
0.27217
0.12647
0
0
0.09267
0
0
0
0
0.17628
0
0.14802
0
0.30712
0
0
0.46004
0.16437
0
0
0
0.08522
0
0.10467
0
0.07841
0
0
0
0
0.08509
0
0.23544
0.065
0.04854
0
0.1469
0.08449
0
0.07287
0.07266
0.19216
0.12587
0.30996
0.08689
0
0.07829
0
0
0
0.083
0
0.04575
0.15996
0.06738
0
0.06233
0
0
0.6105
0
0.07155
0.1591
0
0.08635
0.11121
0.07271
0.13735
0
0.02878
0.14899
0
0.13053
0.08725
0
0
0
0.15792
0
0
0
0.08744
0.13614
0.08823
0
0.13656
0.07193
0
0
0
0
0
0
0.15006
0
0.30944
0.14609
0
0
0.06475
0
0.15805
0
0.08675
0.13844
0
0.23147
0.23438
0.07879
0
0.04848
0
0
0
0
0.20651
0
0.08787
0.06332
0
0
0.20057
0.11317
0.2251
0
0.49862
0
0.21059
0.23116
0
0
0
0
0
0.04873
0.1041
0.05201
0
0
0.08708
0
0.08264
0.07175
0.16249
0
0
0.1651
0
0.08219
0.19453
0
0
0.07101
0.02081
0.0208
0
0
0
0
0
0
0.27373
0
0.14564
0.06897
0
0
0
0.15312
0.07089
0.06102
0.56977
0
0
0.08199
0.0811
0
0.07283
0.10609
0
0.233
0
0.07346
0.10132
0
0
0.07092
0.22591
0
0.29523
0
0.45299
0
0.25573
0.19122
0
0.11811
0.18213
0
0
0
0.07996
0.04268
0.23296
0
0.55247
0
0
0
0
0.07273
0.07052
0
0
0
0
0.31693
0
0
0.17787
0.17323
0
0
0.09256
0
0.27206
0.06563
0
0.07297
0.06294
0.05503
0
0.13683
0
0
0.14331
0
0
0
0
0
0
0.06306
0.0878
0
0.07273
0
0
0.07242
0
0
0.13514
0
0.07247
0.13073
0
0
0
0.35785
0.09859
0.0652
0.02247
0.06004
0.08659
0
0
0
0
0
0
0.14914
0.02446
0.53994
0
0.25608
0.13647
0
0.29615
0
0
0
0
0.08075
0
0
0.06511
0
0.07257
0
0
0
0
0
0
0
0
0
0
0.02299
0
0
0
0.05747
0
0.07259
0.12891
0
0
0.06559
0
0
0.06796
0.23123
0
0.14216
0.07129
0
0.06277
0
0.07948
0.02413
0
0
0.08291
0.08303
0
0.04938
0
0.0881
0.21231
0
0.53118
0
0
0.08489
0.15923
0
0
0
0
0
0.18789
0
0.06311
0.22362
0
0
0
0
0
0.08429
0
0.22713
0
0
0.17948
0.06354
0
0
0.36172
0
0
0
0.13568
0.16042
0
0.08916
0.06556
0
0.11479
0
0
0.04241
0
0
0
0
0.34585
0.11239
0
0.06259
0.07019
0.06617
0
0.06418
0.12515
0.10373
0.28783
0
0
0
0.30969
0.31883
0.42784
0
0
0.08899
0
0
0.15827
0
0
0
0
0.12522
0
0.08667
0.22126
0
0.11583
0
0.13461
0.27133
0.06247
0
0
0.13767
0.14046
0
0
0.14956
0.17865
0.11548
0.06303
0.08423
0
0.52055
0.06354
0
0
0
0
0
0
0.1576
0.17971
0
0.07374
0
0
0
0.13666
0.43446
0
0.19922
0
0.36125
0.07281
0.3087
0
0
0
0
0.08209
0
0
0.0712
0.07087
0
0.06471
0.21993
0.06472
0.31082
0
0
0.14356
0.0628
0
0
0
0
0.13622
0.06112
0
0
0.02874
0
0
0
0.06176
0
0
0
0
0
0.06191
0
0
0.02506
0
0.04777
0.07071
0.06673
0.07162
0.12603
0.10029
0.27097
0
0.06571
0.07285
0.07082
0.15121
0
0.22922
0
0.16169
0
0.13634
0.07218
0.30201
0
0
0
0
0
0
0.07246
0.36695
0
0
0.07164
0.08636
0
0.0715
0
0.13696
0
0.08646
0.08766
0.24865
0.06467
0.06517
0.46005
0
0
0.25647
0
0.61853
0.23993
0
0
0
0.2273
0
0
0
0.28838
0.06528
0.3396
0.06254
0
0
0.30543
0.06182
0.06317
0
0.05747
0.06925
0
0
0.02197
0.07999
0
0.23027
0.06278
0.27282
0
0.06672
0
0
0
0
0
0
0.0626
0
0
0
0.08965
0
0
0.22737
0
0
0.09126
0
0
0
0
0.07247
0.0631
0
0
0.10064
0
0.08558
0.16054
0.25016
0
0.14568
0
0.07226
0
0.12482
0
0.14645
0
0
0
0
0
0
0.289
0.13666
0
0.60858
0
0.14535
0.13545
0.26329
0
0
0.06928
0
0
0
0
0.08657
0
0
0.08635
0.31778
0.14511
0.08715
0.35557
0
0
0.79296
0
0.07196
0.14802
0.33493
0.1478
0
0
0.13583
0.16384
0
0
0
0.37508
0.07419
0
0.07184
0
0.08487
0
0
0.12593
0.3886
0
0
0.07365
0
0
0
0
0
0.22448
0
0.16099
0
0.56451
0
0.08658
0
0.22822
0.36627
0
0
0
0.37768
0.30908
0.0613
0
0.06299
0
0.07187
0.23354
0.18479
0.20067
0
0.05748
0.08783
0
0
0.07364
0
0.07207
0.36787
0
0.0627
0.17882
0
0
0
0
0
0
0
0.07553
0.08657
0.51467
0.15619
0
0.13649
0.07167
0.06583
0
0
0
0.17143
0
0.07473
0
0.06347
0.06536
0
0.18481
0.07384
0
0.08832
0.19949
0.30925
0
0
0
0
0.1608
0
0
0.10499
0.19959
0.2107
0
0
0.12111
0
0
0
0
0
0
0.15291
0
0
0
0
0.13005
0
0.22492
0
0.14165
0
0.19926
0.28382
0.16025
0
0.08677
0.05755
0
0
0
0.12481
0
0.06767
0
0.0663
0
0
0
0
0
0
0
0.07013
0.14522
0.23142
0.07314
0
0.06268
0
0
0
0
0.38199
0
0.13636
0.07242
0.07243
0.25877
0.27339
0
0
0.13497
0.08286
0.0868
0.06019
0.3161
0
0.08729
0
0.41106
0
0
0
0.25463
0.27528
0.17893
0
0.08959
0
0
0
0
0.1534
0
0.07196
0
0
0.0798
0.13568
0
0.1361
0.06289
0
0
0
0.08715
0.07095
0.16176
0.07636
0.0743
0
0.2267
0.08873
0
0
0.12699
0.04697
0.23053
0
0.19207
0.12616
0
0
0.22414
0.07309
0.19563
0
0
0
0.2545
0.14527
0
0
0.3081
0
0
0.08661
0.06405
0
0.08196
0.06331
0.08023
0.08642
0.22178
0.16978
0.08659
0.0238
0.07119
0
0.06684
0
0
0
0
0
0
0.04843
0
0.14909
0
0.08726
0
0
0.06983
0.08818
0
0
0.07407
0.37077
0.37062
0.31666
0
0.07112
0.37928
0
0
0.23706
0.24998
0
0
0
0.14837
0.17773
0.07229
0
0.08086
0
0.02877
0.07276
0
0
0
0.06269
0
0
0
0
0
0.14228
0
0
0.20866
0
0.06247
0.08772
0
0
0
0.10603
0
0.06372
0
0
0.0699
0.22728
0.07188
0
0.07207
0.62119
0.20716
0.02135
0.16509
0
0
0.07933
0
0.0712
0.07064
0
0.07353
0
0.0652
0
0
0
0.04271
0
0.07077
0
0
0.08109
0
0
0.05426
0
0
0
0.08659
0.06705
0.02407
0
0
0
0.44631
0
0.19229
0.06357
0
0.06351
0.0727
0.30414
0.22487
0
0
0
0.11174
0
0
0
0
0.17484
0.16356
0
0
0.22037
0.19859
0
0
0.15344
0.06482
0.08493
0.08711
0.08671
0
0
0
0
0
0
0.21958
0.20783
0.0702
0
0
0
0.04236
0.08267
0.15829
0
0.15251
0
0
0.23489
0.06524
0
0.07489
0.08454
0
0
0
0.08685
0
0
0
0.06431
0
0.13516
0.03977
0
0
0.30924
0.19994
0
0
0
0
0.17509
0
0
0
0
0.2652
0.152
0.0863
0
0
0.13599
0
0
0
0
0.08349
0
0.08776
0
0.06581
0.32831
0
0.07017
0
0.13623
0.07199
0
0.22976
0.19877
0.08046
0
0
0.14131
0
0.0827
0.06364
0.06143
0.02512
0.16703
0
0
0
0.14559
0.71527
0.24902
0.22337
0
0.23262
0
0.1339
0.09231
0.13132
0
0
0.5297
0
0
0.08002
0.65045
0
0.13134
0
0.06328
0.21165
0
0
0.30956
0
0
0
0.25367
0.13536
0
0
0
0
0
0.07111
0.14505
0
0
0
0.083
0.08318
0.07271
0
0
0
0.08172
0
0.15064
0.37199
0
0
0.02848
0.02637
0.186
0
0
0
0.22556
0.06305
0.19902
0.02423
0.10337
0
0.05749
0.21833
0.08328
0
0.06199
0
0.02356
0.12437
0.13648
0.36038
0
0.0792
0.33105
0.0575
0
0.05749
0
0.06316
0
0
0.08428
0.11579
0.06708
0
0
0
0.0726
0
0
0
0
0.08987
0
0.02666
0
0.14846
0
0.12604
0.0798
0.30699
0
0
0
0
0.15261
0.07157
0.12436
0.12552
0.08753
0.28421
0
0
0
0.13063
0
0
0.06661
0
0
0
0
0.23194
0.14218
0
0.06253
0
0
0
0
0
0
0
0
0
0.07275
0
0
0
0.28427
0
0.29087
0
0
0.06237
0.2973
0.13754
0.18853
0
0
0
0
0
0.0238
0.16195
0.08881
0
0.21407
0.1365
0
0
0.08417
0
0.08099
0
0.06383
0.13561
0
0
0
0
0
0.29932
0.30185
0.06618
0
0
0
0.06265
0
0.08634
0
0
0.06937
0.3028
0
0
0.04772
0.07376
0.06382
0.08166
0
0
0.02406
0
0
0
0.1751
0
0.13812
0.19155
0
0
0.06341
0
0
0.20981
0.31308
0.07941
0
0.19897
0.39936
0.1519
0
0.0719
0.27072
0.06125
0
0
0.07979
0
0.08274
0
0.38915
0
0.07165
0
0
0
0
0
0.13704
0.06267
0
0.08915
0.18582
0.28645
0.30212
0
0
0.07048
0.07993
0
0
0.0215
0.08071
0
0
0.06393
0
0
0
0
0
0
0.6164
0
0
0.08804
0
0
0.07251
0
0
0
0
0.31966
0
0
0
0
0.16083
0
0.18637
0
0.14752
0
0.15767
0.08659
0
0
0.15282
0.08667
0.37967
0
0.0702
0
0
0.06075
0.06227
0.07223
0.06991
0.07074
0
0.30882
0.22152
0
0.27535
0
0.08664
0
0
0.11187
0.08407
0.0718
0
0
0
0.07164
0.06055
0.06348
0.06948
0.09068
0.06474
0.09853
0.05756
0.13191
0
0
0.07152
0
0
0
0
0
0
0.18754
0
0.11044
0
0
0
0.0864
0
0.59419
0
0
0.07943
0
0
0.07097
0.27356
0
0
0.14239
0
0.61766
0.06348
0.22959
0.06532
0.07015
0.2561
0
0
0.2128
0
0.08819
0
0
0
0
0
0.29482
0.35553
0
0
0
0
0
0
0
0
0
0.23132
0
0.23508
0.02328
0
0.15565
0
0.04822
0.28769
0
0
0
0.17676
0.14918
0
0.15278
0
0.0628
0.12232
0
0
0
0
0
0
0
0
0
0
0.06257
0.09131
0
0.18933
0
0.09226
0
0
0
0
0
0.07206
0.02874
0
0
0
0
0
0
0
0
0.23041
0.08719
0
0.13176
0
0.06537
0
0.06259
0
0.08669
0
0
0
0
0.08245
0
0.08476
0
0
0
0
0
0.08763
0
0
0
0.07265
0
0
0
0.52334
0.07177
0.07218
0.06437
0
0.08557
0
0.04249
0
0.37716
0
0.1296
0.08505
0
0
0
0
0
0
0.1929
0.04006
0.21363
0.13119
0.15218
0
0
0
0
0
0.15276
0.08295
0
0
0
0
0.04516
0
0.15617
0.13267
0
0
0.19769
0
0
0
0.07788
0.0868
0.22743
0.25669
0
0.06307
0
0
0.08669
0
0.22478
0.04162
0.31818
0.07149
0.23265
0.15014
0
0.02382
0.08167
0
0.13623
0
0
0
0
0.37329
0.06159
0.3629
0
0
0
0.15076
0
0.06555
0
0.15024
0.43916
0.30938
0
0
0
0
0.07237
0.13629
0.18392
0.0632
0.14304
0
0.02786
0
0.19
0.02416
0.0628
0
0
0.14543
0.0802
0.13637
0
0
0.0707
0.15411
0
0.07162
0.07178
0
0.06049
0
0.09122
0.15941
0
0.07879
0.06109
0.08643
0
0.07146
0.06073
0
0
0
0
0
0
0
0
0.3002
0
0
0
0.41415
0.13564
0.02637
0
0
0.08284
0.02604
0
0.13226
0
0
0
0.15726
0
0.13793
0
0.31582
0
0
0
0
0
0
0.07329
0
0
0
0
0.08631
0
0.11084
0.21315
0.06126
0
0.08437
0.07125
0.0864
0.13663
0.16166
0.25317
0.07146
0
0
0.06349
0.17201
0
0
0
0.08468
0.09249
0.28297
0.27218
0
0.06657
0
0.14966
0.23838
0
0
0.06135
0
0.11391
0.07138
0
0
0
0.15749
0
0
0
0
0.06897
0
0
0
0
0
0.05753
0
0
0.09135
0
0.14503
0.06395
0
0
0
0.07331
0.15809
0
0.06297
0.09133
0.24075
0.14871
0
0
0
0.19997
0
0
0
0
0
0
0.0629
0.12577
0.06129
0
0
0
0.06312
0.23389
0
0
0
0
0
0.23964
0.08638
0
0
0
0
0
0
0
0.3092
0.06755
0
0
0
0
0.07214
0.06374
0
0
0
0.07347
0
0
0.08546
0.13894
0.25771
0
0
0.06295
0
0
0
0
0
0
0
0
0
0.27366
0.04273
0
0
0
0
0
0
0.34191
0
0.27504
0
0
0
0
0
0
0.07954
0.30799
0.23031
0
0.06724
0
0
0.14523
0
0
0
0
0.08368
0.21134
0
0.0705
0
0
0.08668
0
0.06327
0
0
0.15752
0.25222
0
0.08657
0.14563
0
0
0.08796
0.11298
0.13762
0.30834
0.07229
0.15385
0
0
0.06559
0.08637
0.08309
0.14801
0.18209
0
0.07021
0
0
0
0
0.08887
0.22522
0
0.11325
0
0.06645
0
0
0
0.07133
0
0.07138
0.08845
0.14544
0.0613
0
0
0
0
0
0
0
0
0
0.0226
0
0.06515
0
0
0.309
0
0
0
0.22959
0.06317
0.17226
0
0.11873
0.06125
0
0.04897
0.07243
0
0.18947
0.23408
0
0
0.02487
0.07033
0.04786
0
0
0
0
0
0
0
0.05756
0
0
0.23057
0.17923
0
0
0
0.15178
0.08723
0
0
0.21008
0.02002
0
0
0.38834
0.02088
0
0
0
0
0.20891
0
0
0
0.09359
0
0.1879
0.02874
0.06277
0.02425
0
0
0
0.06306
0
0
0
0.16783
0
0.23538
0
0
0
0.13515
0.07008
0.08398
0
0.31798
0
0
0
0.02128
0
0
0.11297
0.0644
0
0.2575
0.06422
0
0.08316
0.08643
0.2019
0.21895
0.02426
0
0.02876
0.07656
0.08277
0.18959
0
0
0
0.07041
0.13587
0
0
0.19065
0.21
0
0.08654
0
0
0.06642
0
0
0
0
0
0.12766
0
0
0.1662
0.07509
0
0.07151
0.31383
0.07195
0.06772
0.07026
0
0
0
0
0
0.06287
0
0
0
0.1821
0
0
0.06635
0
0.21903
0
0
0.07425
0
0
0.02394
0
0
0
0.11039
0.06736
0
0.08382
0
0.13667
0
0.25433
0
0
0
0.066
0
0.13706
0.0621
0.09698
0.08446
0.18621
0.16567
0.215
0
0.07153
0.02145
0
0.23003
0.18395
0
0
0
0
0
0.14513
0.31018
0.23132
0.16539
0.03997
0
0
0.08735
0
0.08426
0.23158
0.25227
0
0
0.02875
0.0633
0
0.21914
0.06465
0.07472
0.18659
0.21275
0
0.19101
0.27233
0.12525
0.20846
0.20997
0.20555
0.20618
0.27208
0.21122
0.06317
0.06388
0.18104
0.20771
0.23668
0.06364
0.06366
0.20945
0.20733
0.18366
0.22953
0.27238
0.04281
0.02097
0.17993
0.06276
0.26913
0.27221
0
0.06318
0.0633
0.06103
0.06335
0
0
0.20884
0.12503
0.06342
0.09368
0.06143
0.0628
0
0
0.29943
0.13072
0.1873
0.18883
0.25244
0.27029
0.20989
0.27222
0
0.06175
0.07272
0.07227
0.0724
0.07281
0.1885
0.1894
0
0
0.25344
0.03969
0.18801
0.20894
0.24867
0.07197
0
0
0.07117
0.07133
0.07085
0.19085
0.12529
0.10339
0
0.31838
0.18907
0.272
0.06133
0
0.07043
0.06058
0.25234
0.06406
0.27152
0.12575
0.06388
0
0.11235
0
0.18802
0.20783
0.20809
0.2086
0.21105
0.06207
0.10442
0.1351
0.06287
0.0615
0
0.08192
0
0.27697
0
0.27176
0.06339
0
0.06361
0.06043
0.26933
0.18837
0
0.06299
0.07318
0.34798
0.31738
0.16867
0.27191
0.20853
0.21161
0.06319
0
0
0.07203
0
0.18973
0.2297
0.06347
0
0.04014
0.25627
0.31837
0.21368
0.27142
0.06144
0.07087
0.07054
0
0.14621
0.25612
0.25405
0.06315
0.18955
0.05984
0.10283
0.23148
0.27032
0.06173
0
0.06239
0
0
0.13505
0.06014
0.25424
0.20987
0
0.06312
0.02074
0.18909
0.06333
0.06286
0.04168
0.13598
0.07046
0
0
0.19128
0.27527
0.1893
0.29321
0.06336
0.02091
0
0.13593
0.13667
0.0629
0.06147
0
0
0.06044
0.25539
0.25485
0.02028
0
0
0
0.19019
0
0
0.19025
0.06072
0
0.1888
0.1446
0.27041
0
0.06335
0.06303
0
0
0.0627
0.06159
0.04122
0.13603
0.06275
0
0.07178
0.11556
0
0
0
0.12546
0.14701
0.18864
0.18844
0.06368
0.06374
0.0631
0
0
0.06168
0
0.07205
0.13766
0.07261
0
0.07195
0.25504
0.10383
0.27267
0.27283
0
0.06365
0.06406
0
0.06343
0.0637
0
0
0
0.06163
0.06248
0.06275
0.06272
0.06265
0.06244
0.06262
0
0
0.06238
0.1358
0
0
0
0.07077
0
0.06263
0.06278
0.06279
0.06259
0.0635
0
0.1374
0.1376
0
0.07224
0
0.06081
0.07318
0.03997
0.04907
0.07217
0.06657
0.07053
0.07157
0.04746
0.0595
0.04106
0.27183
0.16462
0
0.06402
0
0.06261
0.06256
0
0
0.06319
0
0
0.06258
0.06262
0.06259
0.06254
0.04217
0.06277
0.1352
0.0732
0.13751
0
0.02118
0.07208
0.31976
0.23184
0.25453
0.27178
0
0.04205
0
0.12299
0
0.06287
0.06339
0.06278
0.0627
0.06277
0.06291
0
0.13706
0.06271
0
0
0.07403
0.07149
0.10327
0.32007
0.23023
0.0213
0
0
0
0
0
0
0
0.06279
0
0
0
0
0.06256
0.06286
0.06213
0.13703
0.06266
0.13772
0.06273
0.06252
0.06271
0.08864
0.0627
0.13588
0.0625
0
0.02478
0.13754
0.06315
0.06345
0.07333
0.07377
0.06286
0.13737
0.07178
0
0
0
0.0666
0
0.0238
0.07171
0
0.19008
0.12568
0.32095
0.31957
0
0.13773
0
0
0.06294
0
0.0628
0.06285
0
0.07289
0.06686
0
0.27697
0
0
0.06529
0.32096
0.14718
0.25633
0.12265
0
0
0.02076
0
0.06267
0
0
0.06399
0.06422
0.06285
0
0
0
0.12538
0.29698
0.19037
0.19199
0.18591
0.24289
0.20319
0.06169
0
0
0.06266
0
0.04158
0
0.06349
0.13814
0
0
0
0
0.07247
0.07352
0
0.13819
0.06394
0
0
0.07367
0.04435
0.06595
0
0.12738
0.061
0.19037
0.19131
0.21832
0.2775
0.19239
0.18607
0
0
0.04295
0.06258
0.06282
0
0
0.06285
0.0626
0.06267
0.07237
0.07231
0.0733
0
0.07086
0
0.12648
0.1903
0.13101
0
0.25594
0.25618
0.12534
0.27153
0.27263
0.06399
0
0
0.19959
0
0.06212
0
0
0.11363
0
0
0
0
0
0.0727
0.07186
0.06611
0.07161
0.12706
0.12699
0.25663
0.19141
0.06142
0.06593
0.29933
0.29957
0.19857
0.25611
0
0.09362
0
0
0
0
0
0.06268
0.07289
0.06742
0
0.07224
0
0
0
0.19222
0.19136
0.25675
0.19768
0
0
0
0
0
0
0.06298
0
0.0633
0.0627
0.06311
0.06664
0
0.08597
0.06574
0
0.13159
0
0
0.20858
0
0
0
0
0
0
0.19129
0.19135
0.25662
0.23463
0.17153
0.13176
0.13052
0.18618
0.2553
0.20901
0
0.19791
0.04242
0.06297
0.07235
0
0.13833
0.06701
0
0
0
0.17195
0.27761
0.17262
0.32027
0.1311
0.25534
0.18983
0
0.04278
0
0.12679
0
0.12678
0.12668
0
0.19961
0
0
0.13706
0
0.07324
0.06616
0.23488
0.13135
0.06669
0.19093
0.06643
0.04387
0.19231
0.25659
0.19241
0.19019
0.19809
0.25623
0.063
0
0
0
0
0
0.0622
0
0
0.02115
0
0.06232
0.06268
0
0
0.06607
0.1308
0.06544
0.19142
0.13136
0.18543
0.23315
0
0.12672
0
0
0.06324
0
0.08576
0.13027
0.193
0.04081
0.25014
0.27236
0.19894
0
0
0.04233
0
0
0
0
0
0.06109
0.0652
0.1318
0.19763
0
0.19776
0.0841
0
0
0
0
0.16934
0
0.19212
0.1301
0.19265
0.25699
0.21897
0.06603
0.19147
0
0
0
0
0
0
0
0
0
0
0
0
0
0.07181
0
0.06598
0.19252
0.19307
0.25711
0.25722
0.21335
0.21851
0.21269
0.06364
0.08423
0.06348
0
0
0
0
0.06304
0
0
0
0.25746
0.19649
0.07126
0.12704
0
0
0
0.02085
0
0.02452
0.06326
0.0722
0
0
0.08433
0.19123
0.08498
0.21918
0.25604
0.25657
0
0
0
0.02128
0.06345
0.07325
0
0
0
0.1257
0.13167
0.19318
0.13234
0.21216
0.19166
0.19808
0.19971
0
0
0
0
0
0
0
0
0.10406
0.13132
0.04705
0.21926
0.19074
0.02056
0.25462
0.19028
0.13141
0.08537
0.14493
0.12619
0.19889
0.1986
0.13678
0
0.19969
0
0.02111
0
0.06337
0
0
0
0.19224
0.19271
0.06507
0.0615
0.19182
0.13146
0.21846
0.25632
0.19103
0.19223
0.13109
0.13671
0.06315
0.19995
0.19999
0.15689
0.19946
0
0
0
0
0
0.07224
0
0
0.08837
0
0
0
0
0.06623
0
0.0842
0.17235
0.08461
0.13184
0
0
0
0.02125
0
0
0.06289
0
0
0
0.06294
0
0
0
0
0.0727
0
0
0.0676
0.19328
0.16143
0.132
0.08694
0.08561
0.1305
0.19224
0.1996
0.19985
0.25801
0.13692
0
0.1981
0
0
0
0.06293
0
0
0
0
0
0.06665
0.06683
0.06112
0
0.25601
0.15091
0.13121
0.19218
0.19898
0.07227
0.20016
0.19937
0.1999
0.1367
0.19888
0
0.02124
0
0
0
0.06283
0.07269
0
0.06719
0.06706
0.06681
0.07397
0.19069
0.08555
0.19987
0
0
0
0
0
0
0
0
0
0.13207
0.19891
0.23799
0
0
0
0
0
0.06371
0
0
0
0.06435
0.13165
0.21957
0.17916
0
0
0
0
0
0
0
0
0
0.02252
0
0
0
0
0
0.06339
0.18551
0
0.13693
0.04231
0
0
0
0.06719
0
0
0
0.04407
0
0
0.0844
0.25658
0.19713
0.08429
0.27243
0.13713
0
0.19983
0
0
0
0
0
0
0
0
0
0
0
0
0
0
0
0.06576
0
0
0.13296
0.15267
0.08555
0.08313
0.15767
0.25812
0.0944
0.0721
0.04798
0.15433
0.13584
0.13581
0.07231
0
0
0
0
0
0
0
0.0855
0.13257
0.08417
0.13234
0.10844
0.06555
0.21946
0.23759
0.13576
0.07274
0.04272
0
0
0
0
0
0
0.06699
0
0
0.08262
0.0856
0.08578
0.0723
0.02417
0
0
0
0
0
0
0
0
0
0
0
0
0
0
0
0.06707
0
0
0.21958
0.22021
0.21922
0.13057
0.21914
0.13166
0.07098
0.20017
0.17925
0.13643
0
0
0
0
0.08806
0
0
0
0
0
0
0
0.0637
0
0
0
0
0
0.08398
0.06103
0.08518
0
0.19799
0.09333
0.24769
0
0.13681
0
0
0
0
0
0
0.06407
0
0
0
0.06682
0
0
0.10838
0
0.02827
0.21954
0.1155
0
0.094
0
0
0
0
0
0
0
0
0
0
0.2204
0.0857
0.08264
0
0.13623
0.04845
0.13666
0.13677
0.13689
0
0
0
0
0
0
0
0
0
0
0
0.08498
0.09544
0.0852
0.16028
0
0.15708
0
0
0
0
0
0
0
0
0.08293
0.0851
0.15268
0.083
0.23752
0.07095
0.19986
0.07236
0
0
0
0
0
0
0
0
0.02228
0.08426
0
0
0.15319
0.13265
0.19735
0.08543
0
0.19795
0.07162
0
0
0
0
0
0
0
0
0
0
0.08492
0.08501
0.14545
0.13625
0.13576
0.07208
0.19956
0.19916
0
0.07253
0
0.08635
0
0
0.06327
0
0.06351
0
0
0
0
0
0
0
0
0
0
0
0.06785
0.0852
0.21999
0.13534
0
0
0.07248
0
0
0.07255
0
0
0.0865
0
0
0
0
0
0
0
0
0
0
0
0
0
0.15328
0
0.02862
0.08509
0.08517
0.15261
0.0844
0.08548
0
0
0
0.08689
0
0
0
0.08715
0
0
0
0
0
0
0
0
0.06586
0
0
0
0.02734
0
0
0
0
0
0.06749
0.19276
0.21859
0.08427
0.05621
0.08482
0
0.09336
0.13671
0.13687
0.13679
0
0
0
0
0
0
0
0
0
0
0
0
0
0
0
0
0.09398
0
0.07178
0
0
0
0
0
0
0
0
0
0.08345
0
0
0
0
0.08311
0.02185
0
0.21955
0.08564
0.0711
0.13641
0.02403
0
0
0.13685
0
0
0.07232
0
0.08879
0
0
0
0
0
0
0
0.25746
0
0.14547
0.02215
0
0
0
0
0.08774
0
0
0
0
0
0
0
0
0
0.1318
0.08443
0.08454
0.08496
0.13617
0.137
0.1373
0
0
0
0
0
0.05751
0
0.08656
0
0
0
0
0
0
0
0
0
0
0
0
0.0832
0.08327
0
0.11088
0.08585
0.08358
0.07212
0
0
0
0
0
0.08638
0
0
0
0
0
0
0
0.06769
0
0
0.13222
0
0.08371
0.08544
0.08282
0.08508
0.0836
0.0834
0.15686
0.07217
0
0
0
0
0
0
0
0
0
0
0
0
0
0
0
0.06489
0.08298
0.10301
0.1035
0.07196
0
0
0
0.04847
0
0
0
0.08666
0
0
0
0
0
0
0
0
0.08387
0
0.08574
0.08401
0.07217
0.13732
0.02399
0
0
0.0867
0
0
0
0
0
0
0
0
0
0
0
0
0
0
0
0.21987
0.08365
0.08568
0.08337
0
0
0.08652
0
0
0
0.0484
0
0
0.08776
0
0
0
0
0
0
0
0
0
0
0
0
0.08408
0
0.20011
0
0.08648
0.08664
0
0
0
0
0
0
0.06493
0
0.08408
0.08271
0
0
0
0.02876
0.07244
0.08653
0.08701
0.0868
0.08698
0
0
0
0
0
0
0
0
0.08437
0.19099
0
0.08319
0.08387
0.08438
0
0.08281
0
0
0
0.04742
0
0
0
0
0
0
0
0
0.0865
0.08707
0
0
0.0869
0.08762
0
0
0
0
0
0.14537
0
0
0.02881
0.08711
0.08711
0
0
0
0
0
0
0
0.06578
0.08322
0.14497
0
0
0
0.08758
0
0
0.08657
0
0
0
0
0
0
0.05706
0.0839
0.05618
0.14562
0.08387
0.1454
0.10351
0.06499
0
0
0.13716
0
0.13644
0
0.088
0.08739
0
0.08638
0.08721
0
0
0
0.02156
0.08355
0.0841
0.145
0.08216
0.08303
0
0
0
0
0.08709
0.08833
0
0.08895
0.05757
0.08647
0
0
0
0
0
0
0
0
0.08423
0.15286
0.08365
0
0.07146
0
0
0.08859
0
0
0.08702
0
0
0.08771
0.08741
0.08715
0
0
0
0.08682
0
0
0
0
0
0
0
0.06787
0
0.06472
0.08422
0.0832
0.08279
0.17496
0
0
0
0
0
0.08818
0.08681
0
0
0
0.08739
0
0
0
0
0
0
0
0
0
0.08296
0.14517
0.14542
0.06983
0.08314
0
0
0
0
0.08773
0
0
0
0
0
0
0
0
0
0
0
0
0
0
0.08328
0.145
0
0
0
0
0
0.08973
0
0.08721
0
0.08646
0.08675
0
0
0
0
0
0
0
0.1242
0.08243
0.06494
0.14498
0.14514
0
0
0.08681
0
0
0
0
0
0.02875
0
0
0
0
0
0
0
0
0.08328
0.04341
0.06455
0.08218
0.13505
0.08243
0.12411
0.08207
0.14562
0.14545
0
0
0
0
0
0
0
0
0
0
0.08835
0.08752
0
0.08663
0
0
0
0
0
0
0
0
0
0.10297
0.08271
0.14565
0.0648
0.14537
0
0
0
0
0
0
0
0
0.08659
0.08896
0.09004
0.08647
0.08794
0
0
0
0
0.08255
0.14523
0
0
0
0.08729
0
0
0.08737
0
0.0887
0.08946
0.08938
0.08656
0
0
0.08639
0
0
0
0
0.06444
0
0.14506
0.14506
0
0
0
0.08731
0.08669
0
0.08668
0.08647
0.08744
0.0893
0
0
0
0
0
0
0
0.14531
0.05192
0
0
0
0
0
0.08656
0
0
0
0
0
0
0.04298
0.06499
0.08323
0.10344
0.06494
0.04276
0.06495
0
0.08642
0
0
0
0.08697
0
0.08899
0.08919
0.08852
0
0
0
0
0
0
0
0
0
0
0
0
0
0
0
0
0.08194
0.14548
0.14513
0.13517
0
0
0
0
0
0
0
0.08908
0
0.08655
0
0
0
0
0
0
0
0
0.06946
0.08382
0.02769
0
0
0
0
0
0
0.08698
0.08695
0
0.08717
0
0
0
0
0.05752
0
0
0
0
0
0
0.11395
0.06514
0.06473
0.06471
0.1246
0.14524
0.08324
0.06493
0.08663
0
0.05752
0
0.08938
0
0
0
0
0
0
0
0
0
0
0
0
0
0
0
0
0
0
0
0
0
0
0
0
0
0
0
0
0
0.06524
0.06582
0.14517
0.0657
0.06488
0.07769
0
0
0
0.02874
0.08693
0
0.08766
0
0
0
0
0
0
0.02758
0
0.06464
0.06554
0.0645
0
0.07821
0.07862
0
0
0
0
0
0
0.08825
0.0883
0
0
0
0
0
0.02161
0.06509
0.06463
0
0
0
0.05753
0.08855
0
0
0
0
0
0
0
0
0
0.08319
0
0.1356
0.14512
0.06554
0.06562
0.06481
0.14522
0.0793
0
0
0
0
0
0.08687
0
0
0
0.08672
0
0
0.08654
0
0
0
0
0
0
0
0.06495
0.06491
0.06497
0.13445
0
0
0.05748
0
0
0.08846
0.07857
0
0
0.02601
0.08723
0.08733
0.08644
0
0
0
0
0
0
0
0.11099
0.06633
0.07027
0
0
0
0.05752
0
0.08806
0.08726
0.05752
0.08688
0
0
0
0
0
0
0
0
0.06428
0.08342
0.14545
0.1337
0.13395
0
0
0
0
0
0
0
0
0
0.08695
0
0
0
0
0
0
0
0
0.06519
0.1342
0.11099
0.07797
0
0
0
0
0
0
0
0.08679
0.08713
0
0
0
0
0
0
0
0
0
0
0
0
0
0
0
0
0
0.06593
0.06495
0.07839
0.08026
0
0.08918
0
0.08717
0
0.08713
0.08751
0.0872
0
0.08628
0
0
0
0
0
0
0
0
0.05555
0.13563
0.06542
0.06595
0.0656
0.13588
0
0.14981
0
0
0.0866
0.08735
0.08776
0
0.08757
0.08669
0
0
0
0
0
0
0
0.13414
0.08852
0.13416
0.06503
0
0
0
0
0
0
0.08641
0
0
0
0
0
0
0
0
0
0
0
0
0.13421
0.13621
0.13421
0.06566
0.0652
0.13411
0.08217
0.06532
0.07003
0.05181
0.07813
0
0
0
0
0
0
0
0
0
0
0
0
0
0.06589
0.14528
0
0.06504
0.06609
0.06497
0
0
0.07908
0
0
0
0
0
0
0
0
0
0
0
0
0.0883
0.08851
0
0
0
0
0
0
0
0
0.06586
0.02751
0.13534
0.06564
0.06615
0.06544
0.06506
0
0.07853
0
0
0.08705
0.08753
0
0.08734
0.08692
0.0865
0.08837
0
0
0
0
0.06554
0.13388
0.0659
0.07852
0
0.08743
0
0
0.08626
0
0
0
0
0
0
0
0.11204
0
0.11124
0
0
0.07942
0
0
0
0
0
0
0
0
0
0
0
0
0.06583
0.06584
0.06539
0.06922
0.13561
0.13771
0
0.07775
0
0
0.07798
0
0
0.07863
0.07832
0.07906
0
0.08811
0
0
0
0
0
0
0
0
0
0
0
0
0
0
0
0.11123
0.06538
0
0
0.06499
0.0655
0.078
0
0.05756
0.08709
0
0.08801
0.0874
0
0
0
0
0
0
0
0
0
0
0
0
0.07118
0
0.07022
0.0796
0
0
0
0.07833
0
0.08727
0
0.0865
0.05749
0
0
0
0
0
0
0
0
0
0
0
0
0
0.13394
0
0.0648
0.1344
0.07032
0.13779
0.02599
0
0
0
0
0
0
0.08631
0
0
0
0
0
0
0
0.13602
0
0
0
0
0
0
0
0.08727
0.08664
0.08793
0.08833
0
0
0
0
0
0
0
0
0
0.13664
0.08852
0
0.07135
0.13765
0.11419
0.11515
0.0786
0.05179
0.07917
0.07935
0.052
0.02586
0
0
0
0
0
0.07928
0.02387
0
0
0
0
0
0
0
0
0
0
0
0
0
0
0
0
0.13612
0.06577
0.1362
0.13761
0
0
0
0
0.08748
0.02875
0
0
0
0
0.13611
0
0
0.06515
0.13547
0.08028
0
0.08165
0.07883
0
0.08678
0.07879
0
0.0894
0
0.08716
0
0
0
0
0
0
0
0
0
0
0.06522
0.13442
0.13707
0.13504
0.13608
0.07028
0
0
0.0788
0
0.07847
0
0
0.08907
0.08677
0
0
0
0
0
0
0
0
0.06876
0
0.13531
0.08038
0.0783
0.0786
0
0
0.07826
0.07884
0.02643
0.02643
0
0
0.0872
0
0
0
0
0
0
0
0
0
0.06879
0.1136
0.0438
0
0.02383
0.07085
0
0.0654
0.13447
0.07945
0.07985
0
0.0825
0.39516
0
0.24052
0
0
0
0
0
0.08637
0
0
0
0
0
0
0
0
0
0.09136
0.06992
0.07029
0.06543
0.13657
0.07907
0.07981
0.0797
0
0.0575
0
0
0.07046
0
0
0.06944
0.06954
0.06651
0.13683
0.13428
0.07125
0.07974
0.08154
0.07929
0
0
0
0
0.0521
0
0
0.08634
0
0
0
0
0
0
0
0
0
0
0
0.15758
0
0.13628
0.07014
0.13705
0.07956
0.10543
0.07936
0.07851
0
0
0
0
0
0
0
0
0
0
0
0
0.07076
0
0.0708
0.07078
0.08219
0
0.07987
0
0
0
0
0
0
0
0
0
0
0
0
0
0
0
0
0
0.1576
0.13456
0
0
0
0
0.06958
0
0.07005
0.13734
0.14994
0
0
0
0
0
0
0
0
0
0.07189
0.07109
0
0.07076
0.07162
0.14927
0
0.0816
0.07869
0.07912
0
0
0
0
0
0
0
0.07128
0
0.08048
0
0.02599
0
0.07949
0.07941
0
0.07974
0
0.08781
0
0.06932
0.06985
0.1353
0.07133
0
0.08243
0.10507
0.08003
0.08077
0
0
0
0
0
0
0
0
0
0
0
0
0.07241
0.1362
0.06974
0.07165
0.07106
0.07905
0.081
0
0
0.05754
0
0.08907
0
0
0
0
0
0
0
0
0
0.07085
0
0.07081
0.13583
0.07129
0.07109
0.1006
0.1496
0.07947
0.07957
0.07959
0
0
0
0.08715
0
0
0
0
0
0
0
0.1351
0.07148
0
0.02612
0.08059
0
0
0.10497
0.08047
0.07965
0
0
0
0
0
0
0
0
0
0
0
0
0
0
0
0
0
0.07041
0.13657
0.07058
0
0.081
0.14997
0.07882
0.07914
0
0
0.08109
0
0
0
0
0
0
0
0
0
0
0
0.07211
0
0.06984
0.07131
0.13596
0.07164
0.07962
0.14922
0.07926
0
0
0.07929
0.07991
0.07972
0
0
0
0
0
0
0
0
0.13587
0
0
0
0
0.10534
0.13652
0.07127
0.07087
0.07164
0.07047
0
0.08225
0
0
0
0.07985
0.08073
0
0
0
0
0
0
0
0
0
0
0
0
0
0.13538
0.07083
0.07049
0.08061
0.0799
0
0.02227
0.08057
0
0.08064
0
0
0
0
0
0
0
0
0
0
0.07023
0
0.08005
0.08121
0.0801
0
0.07927
0
0.08164
0
0
0
0
0
0
0
0
0
0
0
0
0
0
0
0.06915
0.23125
0.07097
0.07087
0
0.08152
0
0.0813
0.09593
0
0.11884
0.08034
0
0
0
0
0
0
0
0
0.07044
0
0.07073
0.02299
0.08203
0
0.51598
0
0
0
0
0
0
0
0
0
0.07145
0
0.13709
0.07189
0.08134
0.08186
0.0816
0
0
0
0
0
0
0
0
0.0722
0.2336
0.07196
0.07161
0.07284
0.08058
0.11104
0.08142
0.08233
0.08031
0
0.08002
0.08119
0
0
0.19129
0
0
0
0
0
0
0
0
0.07051
0.07281
0.07044
0
0.20799
0.14944
0.20801
0.2079
0.08185
0.08129
0
0
0.08217
0
0
0.08123
0
0.08673
0
0
0
0
0
0
0
0
0
0
0
0
0
0
0
0.11516
0.071
0.07146
0
0.08095
0
0
0
0
0
0
0
0.18512
0
0
0.07064
0.07049
0
0.07197
0.13497
0.07114
0
0.08206
0
0
0
0
0
0
0
0
0
0
0
0
0
0.25698
0.07077
0.07265
0.07235
0.07193
0.14956
0.10501
0
0.07995
0
0
0
0
0
0
0
0
0
0
0
0
0
0
0
0.07054
0.07249
0.07175
0
0
0
0
0.0502
0
0
0.02644
0.07096
0.07258
0.0717
0.08129
0.30598
0
0
0
0
0
0
0
0.07173
0
0
0
0
0
0
0
0.07131
0
0
0
0
0.07059
0.07206
0.07213
0.08109
0
0.14975
0
0.15015
0
0
0
0
0
0
0
0
0
0
0
0
0
0.07269
0.13762
0.07294
0.13569
0.07091
0.15003
0
0.14934
0.08004
0
0
0
0
0
0
0
0
0
0
0
0.04838
0.07248
0.07118
0.17748
0
0
0.08066
0.08632
0
0
0
0
0
0
0
0.13108
0.1492
0.13238
0.08064
0.07233
0.07811
0
0.30897
0
0
0
0
0
0
0
0
0
0.02726
0
0
0.0714
0.11454
0
0
0.07042
0.14954
0.12727
0
0.13348
0
0
0.21544
0
0
0.14018
0
0.04747
0
0.05134
0
0.25731
0.07245
0.0723
0.07165
0
0.12235
0.0444
0.07925
0
0
0
0
0.07187
0
0
0
0
0
0
0.14829
0.04782
0
0
0
0
0
0
0.07101
0.07088
0.07062
0.14874
0.14996
0
0.08126
0
0
0
0
0
0.24018
0
0
0
0
0
0
0
0
0
0.07265
0
0.07271
0.07159
0.07235
0.11904
0.07087
0.0709
0.07064
0.08153
0
0.08178
0
0
0
0
0
0
0
0
0
0
0
0
0.20704
0
0
0.07103
0.07063
0.07353
0.07033
0.071
0.07172
0.0707
0.05466
0.14996
0.02223
0.06648
0
0.08157
0
0
0.04856
0
0
0
0
0
0
0.02373
0
0
0
0
0.05257
0.07196
0.14949
0.08137
0.08187
0
0.1499
0.11113
0
0
0.07291
0
0
0
0.10253
0
0
0
0
0.07227
0
0
0
0
0
0.02487
0
0
0
0.07937
0
0
0
0
0
0
0
0.16104
0
0.15691
0.10707
0
0.06943
0.072
0.07142
0.07117
0.59671
0.07927
0.30958
0.27258
0
0
0
0
0.07383
0.13186
0
0
0
0
0
0
0.07113
0
0.07128
0.04859
0.02746
0.05472
0
0
0.36032
0.07377
0
0
0
0
0
0.15922
0.23345
0.05234
0
0.06955
0.13657
0.07124
0.07101
0.07115
0.08278
0.08088
0
0.21267
0
0
0
0
0
0.07904
0
0
0.15934
0.10328
0
0
0.07272
0.14248
0.08084
0.14858
0.10541
0.19807
0
0
0
0
0
0
0
0
0
0
0
0.05012
0
0
0
0.18358
0
0.17747
0.07126
0.35789
0.28729
0.33451
0
0.05466
0.02487
0.51631
0
0
0
0
0
0.05025
0
0
0.07175
0.07224
0
0.15101
0.25103
0.26244
0.39076
0.07347
0.29145
0.38167
0.44631
0
0
0.025
0
0
0
0
0.15802
0
0.0238
0
0.30885
0.07159
0.07173
0.14997
0.16429
0.15007
0
0.07105
0
0
0.10444
0
0
0
0
0.16176
0.23239
0
0.07327
0.07245
0.17012
0
0
0
0.19676
0
0
0.16165
0
0.07067
0.02426
0.07089
0.17929
0.51773
0.13975
0.14038
0.23759
0
0.07569
0.06831
0
0.09896
0.14222
0.071
0.07291
0.07131
0.30377
0
0.42598
0.12776
0.1165
0.17137
0.08308
0.38171
0
0.49661
0
0
0
0.07284
0.07541
0.23447
0.15912
0.30906
0.14318
0
0.07252
0
0.07058
0.42654
0.08313
0.44456
0
0
0
0
0
0
0.1851
0.16111
0.13289
0.06767
0.07401
0.07183
0.53261
0.52304
0
0.04804
0
0
0.07196
0.33731
0
0
0
0
0
0
0.07318
0
0.13232
0
0.16044
0
0.07278
0.0709
0.07187
0
0.02436
0.26988
0.45024
0.53262
0
0
0
0.07104
0.04731
0.05012
0
0
0
0.17258
0.15768
0.23454
0.07281
0
0.07153
0.09648
0.19934
0.28198
0
0.07466
0.11843
0
0.2965
0
0
0
0
0.07349
0.06844
0
0.23401
0.23254
0.0732
0.072
0.14314
0.14902
0.14971
0.49722
0.57461
0.56956
0.52509
0.36093
0.38506
0.52964
0.11847
0
0
0
0
0
0
0
0.31041
0.07726
0
0.04778
0.07241
0.15188
0.28802
0.47314
0.54605
0.54687
0.42663
0.14052
0
0
0.07149
0.15729
0
0
0
0.23323
0.19764
0.15703
0.07163
0.07083
0.07097
0.07187
0.12691
0.17053
0.47341
0.21209
0.09664
0.14071
0.04765
0
0.07231
0
0.08054
0
0
0.07206
0.23377
0.23511
0.07152
0.35386
0.09907
0.07141
0.57601
0.52539
0.44566
0.49811
0.07478
0.28488
0.07247
0.28854
0
0
0
0
0.23342
0.1309
0
0.2311
0.23529
0.44626
0.57468
0.40438
0
0
0.07448
0
0
0.09619
0
0.16973
0.07101
0.07095
0
0
0
0
0
0
0
0.17873
0.06923
0.23117
0.35631
0.06892
0.25323
0.07115
0.07392
0.14952
0.5326
0.20798
0.14142
0.09506
0.17102
0.07185
0.29715
0.07223
0.07534
0
0.02447
0
0
0
0.15829
0.2365
0.31318
0.07124
0.23359
0.2338
0.07183
0.61684
0.5325
0.5524
0.31098
0.55207
0
0.11898
0.02384
0.42288
0.15725
0
0
0.13165
0.15886
0.05204
0.18305
0.16006
0
0.07297
0.15107
0.40257
0.52281
0.53238
0.43129
0.15002
0.29724
0.07467
0.07195
0.08072
0
0
0
0.28794
0.07912
0.25689
0.23518
0.31155
0.30938
0.23245
0.43506
0.07192
0.07251
0.07123
0.0732
0
0.61645
0.57847
0.5244
0.41365
0.62606
0.07427
0.02272
0.14267
0.10822
0.11894
0.35574
0.14152
0.61735
0.5738
0.52783
0.19765
0.14095
0
0
0.3456
0
0.07207
0.16003
0.07957
0.07992
0
0.02577
0
0.28278
0.30804
0.1417
0.35506
0.0734
0.07011
0.44627
0.61787
0.33943
0.5798
0.45031
0.44571
0.07395
0.54727
0.30137
0.34826
0.07372
0.0729
0.07307
0
0.07267
0
0.0726
0.10496
0
0.30971
0.07846
0.25229
0.06874
0.02325
0.14638
0.11908
0.37691
0.38765
0.07984
0.34675
0.15078
0.07141
0.17549
0.15081
0.07101
0.41681
0.38937
0.48814
0.23773
0.56852
0.49618
0.16436
0.53017
0.40806
0.43135
0
0.17443
0.16438
0
0.07277
0
0.12035
0
0
0.26121
0.31707
0.20593
0.38682
0.31734
0.45901
0.32187
0.1737
0.11854
0
0.30822
0.35689
0.31818
0.09566
0.19143
0.07185
0.22714
0.23236
0.3743
0.2889
0.07149
0.39075
0.30427
0.30051
0.30873
0.2419
0.21523
0.37593
0.29961
0.07164
0.14309
0.07169
0.29593
0.15094
0.06933
0.13879
0.06894
0.21499
0.06908
0.22413
0.32787
0.1526
0.06947
0.74383
0.69405
0.07382
0.30146
0.36023
0.43124
0.14079
0.37054
0.27269
0.29766
0.07317
0.15617
0.07253
0
0.07258
0.07369
0
0.14677
0.22657
0.04617
0.06865
0.22737
0.1241
0.22733
0.16083
0.12211
0.06871
0.07924
0.25488
0.0777
0.22976
0.07989
0.15003
0
0.1495
0.38785
0.14951
0.30924
0.30799
0.14737
0.21121
0.07928
0.38792
0.37824
0.22827
0.38726
0.38636
0.37812
0.25463
0.30909
0.30815
0.37709
0.0228
0.23052
0.20603
0.38765
0.07267
0.25345
0.18019
0.07281
0.11991
0.13962
0.13954
0.42822
0.22793
0.20363
0.30649
0.20376
0.30639
0.20538
0.16029
0.06858
0.15053
0.42227
0.1501
0.06863
0.08002
0.29429
0.06947
0.44639
0.14002
0.40804
0.43157
0.28877
0.38464
0
0
0
0
0
0.15
0
0.08076
0.08072
0.07272
0.07275
0.15615
0.08142
0.23584
0.0272
0
0.15574
0
0.08045
0.07774
0.15991
0.20997
0.21205
0.2429
0.12917
0.1512
0.31228
0.26405
0.31016
0.30805
0.31259
0.23981
0
0.07271
0.07284
0.1394
0.32553
0.2498
0.20327
0.31718
0.20429
0.39717
0.22008
0.13854
0.07989
0.07955
0.37435
0.50115
0.61689
0.55184
0.59825
0.46503
0.14071
0.43131
0.1406
0.43227
0.4081
0.44873
0
0.37079
0.0242
0.04972
0
0.07339
0.20551
0.07336
0.10632
0.34959
0.37179
0.2303
0.29632
0.07318
0.15622
0.18093
0.07327
0.07608
0.05437
0.2431
0.17979
0
0.1618
0
0.31252
0.05408
0.15595
0.16087
0.20716
0.31133
0
0.14228
0.07212
0.1533
0.22769
0.29565
0.31733
0.37825
0.12551
0.14908
0.12211
0.06968
0.07913
0.59998
0.42671
0.40994
0.39563
0.29754
0.55083
0.22889
0.29717
0.44909
0.37128
0.42277
0.371
0.36931
0.15211
0.37012
0.34486
0.3139
0.07265
0.10221
0
0.2303
0.14735
0.23002
0.07942
0.13533
0.1263
0.10066
0
0
0
0.05032
0.31433
0.09422
0.14756
0.23163
0.07403
0.13228
0.14679
0.09689
0.1427
0.14176
0.36644
0.14664
0.21273
0.36539
0.3195
0.29584
0.44742
0.20334
0.20388
0.37898
0.15003
0.30137
0.2208
0.07978
0.49921
0.53393
0.61748
0.76299
0.61562
0.62337
0.63008
0.6176
0.61748
0.5337
0.64327
0.61863
0.72756
0.61808
0.05013
0.67158
0.52527
0.36026
0.43141
0.37002
0.43142
0.41037
0.44892
0.43146
0.3703
0.35935
0.21153
0.41906
0.75491
0.07475
0.05021
0.07223
0.07228
0.15751
0
0.07252
0.07255
0.2427
0.15095
0.07265
0.20255
0
0
0
0
0.07999
0.24037
0.14837
0.23437
0.14259
0.07324
0.07327
0.28491
0.23486
0.30902
0.30514
0.1951
0.42908
0.23679
0.1835
0.36566
0.21877
0.26259
0.34454
0.35574
0.20331
0.29767
0.27383
0.20358
0.20351
0.20365
0.07967
0.50001
0.61725
0.61673
0.6157
0.61721
0.65036
0.62299
0.63673
0.63961
0.61616
0.61743
0.53645
0.49584
0.54288
0.62239
0.20275
0.10394
0.28493
0.44873
0.45925
0.43191
0.28498
0.44814
0
0.6157
0.44095
0.12532
0.21269
0.38482
0.28662
0.15348
0.07264
0.24186
0.37116
0.43023
0.15336
0.16255
0.15207
0.61807
0.15243
0.15258
0.07554
0.24834
0.07247
0.07211
0.07229
0.29398
0
0.07312
0.08157
0
0
0.19953
0.06862
0.02743
0.31761
0.32893
0.31749
0
0.02709
0.14653
0.31877
0.31867
0.07397
0.3627
0.25172
0.27987
0.29424
0.29975
0.24997
0.20278
0.20347
0.20402
0.20162
0.44542
0.06875
0.7368
0.61543
0.83592
0.28712
0.61728
0.61744
0.23685
0.61365
0.62135
0.29816
0.43749
0.20046
0.28962
0.38534
0.75387
0.39741
0.07392
0.07508
0.0746
0
0.57496
0.15403
0.72001
0.15368
0.15311
0.15255
0.26168
0.15326
0.15359
0.21766
0.07195
0
0.07205
0.0743
0.16101
0.02493
0
0.27118
0.14746
0.3799
0.16274
0.10694
0
0.232
0.39474
0.31717
0.23585
0.06919
0.31791
0.23041
0.38699
0.14669
0.04922
0.07333
0.07361
0.15752
0.2288
0.14297
0.18331
0.33957
0.20352
0.31506
0.20451
0.44943
0.20309
0.20132
0.2038
0.20341
0.18295
0.20433
0.20347
0.22737
0.36461
0.07966
0.07974
0.53753
0.51927
0.61691
0.19888
0.41504
0.61641
0.62295
0.54127
0.6155
0.47352
0.624
0.29973
0.53724
0.49975
0.70954
0.39935
0.26504
0.08237
0.40256
0.27142
0.52294
0.15392
0.27488
0.26695
0.61508
0.10672
0.15319
0.29465
0.36274
0.33806
0.27459
0.15165
0.19715
0.22386
0.19707
0.22408
0.52778
0.30287
0.29478
0.27206
0.36395
0.17527
0.29438
0
0
0.07369
0
0.32023
0.24142
0.22809
0.07778
0.31362
0.29709
0.24017
0.15238
0.26644
0.42214
0.31151
0.3584
0.23605
0.31185
0.31485
0.28872
0.37691
0.25332
0.21938
0.3796
0.36654
0.07405
0.07332
0.23972
0.29973
0.20404
0.20426
0.39171
0.36529
0.49625
0.60603
0.52015
0.52582
0.52002
0.437
0.52071
0.47281
0.87379
0.30209
0.64715
0.68855
0.53672
0.35206
0.40245
0.49955
0.44923
0.37122
0.43474
0.50789
0.44955
0.48408
0.50439
0.35066
0.36172
0.35067
0.41091
0.15418
0.24461
0.37898
0.40041
0.5129
0.43246
0.36175
0
0.07478
0.15749
0.3468
0.40636
0.35796
0
0.0754
0.14688
0.07357
0.28941
0
0.16409
0.08069
0.11679
0
0.15348
0.23266
0.07521
0
0.12723
0.12937
0.24435
0.07563
0.10091
0.31241
0.38719
0.13617
0.38209
0.38771
0.38867
0.3883
0.38886
0.38139
0.14671
0.09409
0.09688
0.4609
0.07804
0.41589
0.28714
0.22884
0.30599
0.07221
0.31864
0.35362
0.22056
0.55159
0.18245
0.31163
0.26139
0.33477
0.44446
0.21537
0.3324
0.20449
0.20855
0.20302
0.20387
0.06892
0.24866
0.3448
0.29401
0.13837
0.14929
0.07917
0.07981
0.14882
0.6309
0.5394
0.47223
0.61784
0.42264
0.53934
0.43508
0.35084
0.43455
0.46911
0.37872
0.456
0.45585
0.44558
0.43309
0.46415
0.61578
0.54749
0.36226
0.33539
0.07471
0.43692
0.07528
0.15758
0.07338
0.14611
0.14779
0.0745
0.07335
0
0.29531
0.02656
0.07512
0.14079
0
0
0.17685
0.15225
0.17908
0
0.25037
0.10945
0.31905
0.33518
0
0.06774
0.38813
0.06843
0.38787
0.3354
0.14649
0.14666
0.05416
0.3849
0.08045
0.14659
0.15812
0.07379
0.07225
0.15822
0.30603
0.27504
0.64915
0.2023
0.27411
0.26983
0.17521
0.42333
0.06861
0.09555
0.68577
0.56752
0.5391
0.46872
0.50956
0.53976
0.49041
0.34928
0.60942
0.9353
0.61637
0.12844
0.42518
0.37087
0.07214
0.07512
0
0.15243
0
0.15438
0
0.02434
0
0.05372
0.15747
0.19046
0.11702
0.27028
0.07394
0
0
0.07466
0.23279
0.07961
0.24132
0.19787
0.07398
0.0766
0.07318
0
0.22841
0
0.16209
0
0.10099
0.16361
0.20691
0.23154
0.1466
0.12032
0.36156
0.36817
0.02832
0.09695
0.28906
0.28872
0.07398
0.14228
0.22839
0.16792
0.31248
0.21884
0.22774
0.20339
0.34039
0.20236
0.13931
0.2036
0.44671
0.52307
0.57059
0.20301
0.27048
0.29707
0.36451
0.36207
0
0.29141
0
0.15163
0.15168
0.396
0.15184
0.15255
0.12585
0
0.40055
0.07409
0.07389
0.08012
0.14867
0.2938
0
0.07362
0.32587
0.07272
0.2027
0.29693
0.23187
0.0815
0
0.02519
0.29741
0.22292
0
0.07727
0.23149
0.2223
0.15749
0.33083
0.23157
0.31877
0.10125
0.06797
0.1466
0.30982
0.33001
0.34236
0.14656
0.27818
0.38848
0.45017
0.36421
0
0.20438
0.07338
0.31879
0.20241
0.36618
0.20349
0.20274
0.27494
0.13825
0.06846
0.06848
0.36984
0.29498
0.14925
0.36433
0.69931
0.5538
0.54498
0.57144
0.56503
0.46901
0.83038
0.57648
0.40274
0.71149
0.61549
0.29955
0.27365
0.41492
0.27476
0.36371
0.23027
0.2745
0.29715
0
0.26961
0.37055
0.29469
0
0.1741
0.02477
0.37193
0.11367
0.29454
0
0.08117
0.15542
0.1556
0
0.13052
0.16346
0.16357
0.28324
0.1116
0.3092
0.33512
0.12028
0.14667
0.12035
0.1203
0.1809
0.14645
0.18281
0.15801
0.29701
0.16886
0.27341
0.07368
0.07404
0.21767
0.21888
0.37682
0.27053
0.23802
0.22486
0.30463
0.0687
0.27362
0.20314
0.14941
0.14907
0.44564
0.29571
0.53749
0.34817
0.49402
0.45239
0.4705
0.53942
0.69453
0.84849
0.61584
0.51856
0.41275
0.64264
0.56618
0.53674
0.40907
0.53678
0.63087
0.54743
0.58749
0.61556
0.37212
0.19657
0.57755
0.17227
0.21233
0.23067
0.33761
0.36279
0.15426
0.65902
0
0.29707
0.08078
0.07339
0.37185
0.29748
0.24162
0.21161
0.16284
0.29332
0.04227
0.17655
0.29471
0
0.15601
0
0.25116
0.16216
0.21343
0
0.23578
0.14668
0.14677
0.31389
0.12027
0.22823
0.14666
0.0677
0.15205
0.38778
0.07271
0.45026
0.07397
0.38771
0.21007
0.78163
0.25856
0.34136
0.27625
0.20468
0.20314
0.20412
0.37434
0.65616
0.54589
0.61074
0.59111
0.61514
0.23703
0.52327
0.23869
0.29671
0.28984
0.15561
0.29092
0
0
0.07216
0
0.07673
0
0.2228
0.10655
0.23246
0.31465
0.30819
0.20308
0.23574
0.1985
0.0848
0.2029
0.30544
0.20459
0.16996
0.20336
0.20901
0.06872
0.32259
0.58703
0.79343
0.51664
0.59937
0.6274
0.20853
0.54976
0.57336
0.18323
0.36838
0.44264
0.59899
0.54717
0.66199
0.29403
0.15589
0.57398
0.10069
0.28662
0
0.29527
0.29747
0.07494
0.07239
0.15735
0
0.29353
0.08108
0.15732
0.16247
0.07705
0.21938
0.21879
0.15731
0.08035
0.2161
0
0
0.23154
0.35683
0.27365
0.22311
0.30266
0.14698
0.20255
0.2031
0.37449
0.36575
0.20422
0.14908
0.3981
0.37602
0.30044
0.54542
0.52669
0.58059
0.29877
0.62408
0.50517
0.37527
0
0.21258
0.23032
0.0755
0.35932
0.37265
0.29523
0.2697
0.13183
0.20392
0.07326
0.07618
0.15733
0.21888
0.02789
0.08081
0.25708
0.15743
0.28222
0.76172
0
0.13368
0.21516
0.20395
0.20253
0.20328
0.36441
0.24993
0.14923
0.53835
0.44703
0.59714
0.36151
0.42494
0.23855
0
0.34304
0.45809
0
0
0.27544
0
0
0.2928
0.15744
0.15991
0
0.24218
0.24474
0.22645
0.22737
0.14819
0.22659
0.30099
0.27428
0.06821
0.06831
0.17684
0.12927
0.08099
0.07858
0.14933
0.06884
0.37817
0.0921
0
0.22874
0.37988
0.07942
0.14899
0.22768
0.12466
0.22619
0
0.22546
0.57002
0.33552
0.41191
0.15148
0.70849
0.65611
0.64836
0.73322
0.45425
0.40878
0.40225
0.40256
0
0.31
0
0.28406
0.23763
0.18326
0.05027
0.23805
0.02493
0.13951
0.15756
0
0.18259
0.15754
0
0.16274
0.16894
0.23165
0.15751
0.08279
0.17179
0.07931
0.0682
0.22331
0.25321
0.19933
0.22936
0.14773
0.251
0.20269
0.23235
0.2027
0.20248
0.29555
0.02286
0
0.20153
0.27321
0.09323
0.13944
0
0.32429
0.22786
0.09203
0
0.20069
0.22448
0.37482
0
0.069
0.05212
0.24876
0.29624
0
0.22489
0.14668
0.2931
0.36201
0.13566
0
0
0.29443
0.36103
0.02666
0.22779
0.61557
0.47237
0.57482
0.50041
0.54187
0.69787
0.23841
0.36273
0.2393
0.50012
0.43664
0.28617
0.13979
0.15359
0.37085
0.05421
0.07221
0.1574
0.15758
0.15737
0.02645
0.16971
0.05463
0
0.13341
0.22915
0.31041
0
0.36189
0.14631
0.22835
0.14832
0.30621
0.3673
0.2014
0.20106
0.19984
0.20133
0.20009
0.29406
0.29291
0.19986
0.33793
0.4958
0.36982
0.71467
0.49485
0.38223
0.68917
0.62829
0.61874
0.36397
0.62944
0.71098
0.69453
0.35839
0
0.15836
0.2458
0.43555
0.23129
0.0796
0.34246
0.08066
0.37268
0.15759
0.0807
0.29712
0.08011
0.08064
0
0.08072
0
0.08011
0.08015
0.0802
0.08055
0.19069
0.17014
0.71997
0.11593
0.13036
0.14783
0.28898
0.28655
0.19353
0.08192
0.12854
0.07855
0.83683
0.07963
0
0.2047
0.14717
0.20073
0.20274
0.02307
0.70666
0.35354
0.68536
0.62193
0.62772
0.67622
0.10191
0.709
0.57332
0.61675
0.16463
0.37085
0.28567
0.37137
0.37143
0.2884
0.08088
0.08089
0.13027
0.08087
0.08083
0.0808
0.29309
0.08071
0.08015
0.15731
0
0.15735
0.08095
0.08018
0.08025
0.08003
0.13193
0.08014
0.07997
0.19139
0.04701
0.2876
0.1975
0
0.07936
0.33086
0
0.15832
0.08118
0.07866
0.0796
0.21071
0.47288
0.09626
0.09684
0.29971
0.1965
0.21683
0.29796
0.2004
0.19956
0.16718
0.69494
0.57127
0.37797
0
0.26467
0
0
0.08025
0.1576
0.08098
0.22168
0.13192
0.08092
0.15761
0.08051
0.08091
0
0.07995
0.15759
0.29474
0.08087
0.1574
0.06858
0
0.2899
0.25305
0.10412
0.1044
0.07033
0.07031
0
0.07033
0.2973
0.02473
0.07649
0.20326
0.20375
0.14867
0.29584
0.21945
0
0.06929
0.29349
0.02283
0.0464
0.21889
0.02295
0.29696
0.29214
0.31165
0.20523
0.73474
0.63166
0.52695
0.61822
0.51828
0.39801
0.36388
0.16835
0.37019
0.26411
0.4197
0.15762
0.64796
0.08093
0.13184
0.04208
0.08042
0.18291
0.13964
0.15754
0.02515
0
0.13188
0.0809
0.08092
0.08002
0.08087
0.08059
0
0.22655
0.28746
0.25088
0.29673
0.14915
0.22697
0.07795
0.24961
0.22443
0.14838
0.33015
0.0459
0.22081
0.44906
0.19947
0
0
0
0.44788
0.29774
0.29626
0.29492
0.17831
0.29846
0.27415
0.07817
0.32606
0.29884
0.18519
0.20336
0.54678
0.82337
0.61087
0.47087
0.54076
0.48505
0.4074
0.43703
0.61786
0.36298
0.47639
0.45532
0.42063
0.5933
0.07522
0.17807
0.15751
0
0.2786
0.15224
0.22179
0.28709
0.43524
0.22518
0.14852
0.29988
0.19362
0.14675
0.20361
0.20348
0.07014
0
0.40815
0.30535
0.19338
0.21998
0.22369
0.1458
0.44846
0.07003
0.06982
0.16742
0
0.35028
0
0.02303
0.16991
0.27361
0.29606
0.27406
0.29423
0.36611
0.20095
0.18258
0.20409
0.62762
0.62701
0.0751
0
0.20391
0.21937
0.27858
0.20807
0.07586
0.15441
0
0
0.16903
0.19389
0.3972
0.20085
0
0.21702
0.12055
0.06917
0.22665
0.12011
0.37642
0.20377
0.21057
0.27197
0.29237
0
0.46155
0.47334
0.6323
0.42176
0.5378
0.43561
0.61891
0.02431
0.18376
0
0.02462
0.24792
0.29523
0.08146
0.16966
0.28798
0.25316
0.22594
0.02465
0.14538
0.21719
0.27141
0.35103
0.16758
0.57873
0.52569
0.57044
0.29269
0
0.1319
0.31218
0.0628
0.08016
0.0249
0.07971
0.16934
0.28665
0.81598
0
0.30736
0.36763
0.19398
0.11882
0.47555
0.38034
0.63184
0.43695
0.59376
0
0
0
0.05011
0.28766
0.29686
0.22197
0.10992
0.22493
0.22153
0.52443
0.14878
0.41289
0.62593
0.23077
0.39066
0.65914
0
0.22077
0
0.18322
0.06229
0
0.29504
0.15578
0.08152
0.13896
0.16966
0.26984
0.41081
0.17066
0.20076
0.14067
0.16641
0.42454
0.40307
0.28736
0.2745
0.50484
0.31991
0.31945
0.36745
0.25309
0.10024
0.2452
0.16641
0
0
0.09999
0.10654
0.22861
0.14526
0.20015
0.07065
0.31331
0.50772
0.49968
0.48465
0.61797
0.22919
0.61768
0.33341
0.3344
0
0
0.22007
0
0.28666
0.16896
0.14915
0.89182
0.12167
0.14582
0.22303
0.22186
0.14126
0.25918
0.57077
0.52114
0.5289
0.43971
0.38983
0.28712
0.22885
0.69328
0.54815
0.30728
0.42234
0.23868
0
0.42287
0.15761
0.2971
0.2222
0.22023
0.13995
0
0.2706
0.06266
0.28887
0.32496
0.1486
0.22218
0.2791
0.47097
0.22283
0.5424
0.41682
0.52264
0.23715
0.3232
0.35118
0.27189
0
0
0.16946
0.18701
0.08025
0.22523
0.65658
0.30034
0.1481
0.20158
0.17116
0.21847
0.1414
0.61744
0.5888
0.23738
0.62262
0.08247
0.61997
0
0.28746
0.0205
0.06951
0.09629
0.48194
0.65135
0.14508
0.64977
0.22308
0.16022
0.07576
0.14784
0.14648
0.29127
0.14845
0.37204
0.65909
0.49934
0.41694
0.45059
0.53522
0.5727
0.63218
0.09637
0.23435
0.31214
0.43069
0.29089
0.23424
0.07795
0.22113
0.15435
0.29602
0.23103
0.21284
0.25287
0.33142
0.12983
0.33126
0.8151
0.32999
0.14956
0.17708
0.07586
0.14152
0.21131
0.49109
0.74485
0.23746
0.18318
0.20468
0.21431
0.1555
0
0.2592
0.08336
0.23245
0
0.08064
0.21843
0.29739
0.59467
0
0
0
0
0.14068
0.76185
0.43703
0.22534
0.12066
0.09785
0.40173
0.25004
0.10285
0.23604
0.26861
0.14654
0.16469
0.15332
0.15281
0.63338
0.41718
0.45926
0.19077
0.15184
0.22952
0.23848
0.15351
0.23795
0.16712
0
0.62527
0.07525
0.29612
0
0
0.28622
0.83267
0.14482
0.30411
0.31848
0.2222
0.20256
0.07365
0.22604
0.22463
0.06904
0.48205
0.78131
0.29549
0.56705
0.15414
0
0.56182
0.22231
0.3786
0.29843
0.21624
0.20549
0.41095
0.22495
0.48866
0.22614
0.14546
0.07318
0.05148
0.50376
0
0.07466
0
0.06239
0.25872
0.42892
0.16984
0.21795
0.67136
0.61661
0.64604
0.17713
0.07334
0.14658
0.21104
0.0706
0.09659
0.56916
0.16477
0.21169
0.61978
0.64372
0.16411
0
0.09945
0
0.21903
0.13841
0.02622
0.28969
0.22796
0.1478
0.14588
0.14604
0.62011
0.17363
0.21078
0.35503
0.21572
0.06826
0.43332
0
0
0.29713
0.15758
0.36787
0
0.0544
0.57066
0.68028
0.10151
0.14408
0.14541
0.22444
0.15894
0.37933
0.21993
0
0.16052
0.1576
0.21714
0.33419
0.23338
0
0.36743
0.67456
0.22435
0.38304
0.18436
0.64695
0.64633
0.28766
0.20093
0.07051
0.02764
0.49881
0.10339
0
0.56379
0.28641
0.06854
0.07802
0.30008
0.14332
0.09363
0.14005
0.18803
0.57172
0.05539
0.103
0.13772
0
0.07569
0.22556
0.81199
0.33004
0.51491
0.10516
0.15083
0.15058
0.07063
0.07051
0.16933
0.62207
0.19118
0.06159
0.38238
0.08311
0.28362
0.62146
0.09418
0.89163
0.72127
0.63996
0.226
0.105
0.44877
0.14333
0.16051
0.37897
0.30366
0
0.37606
0.28546
0.05039
0.12983
0.19213
0.16644
0.09639
0.91703
0.22636
0.61076
0.27666
0.70181
0.07179
0.07069
0.37375
0.0702
0.56831
0.54351
0.53792
0.57217
0.66856
0.21433
0.0255
0.39823
0.06973
0.12592
0.19152
0.02331
0
0.1536
0.67874
0.07497
0.26938
0.07502
0.16884
0.11684
0.16302
0.13987
0.62122
0.52305
0.24709
0.37867
0.07698
0
0.02551
0.10216
0.2224
0.08174
0.17006
0.35751
0.22408
0.34958
0.22356
0.14737
0.19952
0.07257
0.07031
0.33494
0.65872
0.06863
0.10394
0.3037
0.15074
0
0.28435
0.17436
0.22143
0.22696
0.24704
0.99972
0.14469
0.09885
0.07407
0.49606
0.35068
0.02362
0.29918
0.27774
0.37206
0.38456
0.02739
0.26278
0.22758
0.07788
0.31632
0.24888
0.52778
0.55034
0.22386
0.58729
0.07033
0.53822
0.34925
0.09537
0.51747
0
0
0.19629
0
0.08068
0.48099
0.29038
0.56656
0
0.64684
0.64162
0.29871
0.47352
0.31442
0.15106
0.5282
0.5443
0.21854
0.29111
0.51401
0.54395
0.52486
0
0
0
0
0.26309
0.22958
0.30479
0.15995
0.446
0.05069
0.02528
0.27915
0.80432
0.29913
0.63598
0.31538
0.23957
0.16037
0
0
0
0.02312
0.0765
0
0.13916
0.45335
0.20236
0.1483
0.64825
0.17362
0.80411
0.09505
0.07611
0.17254
0.88783
0.96705
0.07384
0.69603
0.22356
0.11688
0.30274
0.30184
0.16372
0.14331
0.10404
0.41024
0.38255
0
0.18102
0
0.21375
0.07749
0.07818
0.6471
0.60944
0.20007
0.72558
0.12685
0.39354
0.17565
0.47876
0.29684
0.29505
0.07059
0.30498
0.11614
0.29619
0.07043
0.07046
0.32828
0.52492
0.06961
0.06886
0.08268
0.10737
0.19356
0.15247
0.17836
0.22292
0
0.29298
0.15289
0.2748
0.37048
0.58156
0.05609
0.29675
0.26679
0.14943
0
0.38157
0.0513
0.227
0
0.30775
0.16777
0.74718
0.30391
0.08161
0.22566
0.21993
0.14104
0.55305
0.07445
0.07268
0.30546
0.29735
0.61192
0.51729
0.23664
0.57428
0.4665
0.53535
0
0
0.38322
0.0254
0.29133
0.23042
0.05185
0.15842
0.10768
0.64624
0.02638
0.27932
0.15271
0.22452
0.17724
0.22499
0.22708
0.18637
0.63992
0.54421
0.40543
0
0.22848
0.15863
0.64271
0.08247
0.10382
0.20099
0.15253
0.72198
0.21922
0.07087
0.22484
0.16898
0.07383
0.07278
0.21059
0.36093
0.2273
0.39973
0.48486
0.55579
0.04853
0.46289
0.44161
0.30878
0.10175
0
0
0.33653
0.19964
0.67672
0.14844
0.4492
0.15418
0.67534
0.22193
0.25652
0.19529
0
0.30424
0.29663
0.13669
0.55205
0
0
0
0.07696
0
0.10401
0.15329
0.66921
0.5517
0.07555
0.41679
0.12947
0.09448
0.07112
0.1447
0.07354
0.22423
0.12059
0.23142
0.19649
0.0825
0.06866
0
0
0
0.15465
0.13226
0.63543
0.4792
0.08143
0.10403
0.72366
0.55316
0.38968
0.27229
0.02313
0.07252
0.21023
0.14024
0.16902
0.15313
0.29657
0.43729
0.64148
0.57874
0.46745
0
0.06978
0
0.22804
0.10175
0
0.06915
0.10266
0.50527
0.02745
0.47843
0.08167
0.6913
0.60525
0.47944
0.15381
0.22596
0.77752
0.41032
0.15632
0.06929
0.15347
0.21293
0.55539
0.06937
0
0.07655
0.06969
0
0.30531
0.55268
0.22352
0.30876
0.48452
0.60338
0.18885
0.06764
0.46217
0
0
0.22558
0.15234
0.63511
0.15163
0.22268
0.22667
0.07439
0.15152
0.09741
0.63439
0.23625
0.69024
0
0.30746
0
0
0.0611
0.15925
0.15364
0.26034
0.85292
0.24954
0.41756
0.22624
0.15133
0.58132
0.55619
0.60425
0.40406
0.08699
0
0.20692
0.58912
0
0
0.20225
0.30217
0.12713
0.15916
0.0994
0.15868
0.15702
0.0818
0.56236
0
0.55273
0.4958
0.22573
0.0691
0.59344
0.14327
0.25792
0.2447
0.4587
0.23379
0.07723
0.02573
0
0
0.07741
0.45894
0.02714
0.77097
0.15248
0.38824
0.25314
0.21226
0.44697
0.64395
0.14287
0.37705
0.64387
0.59365
0.15267
0.55966
0.0692
0.3068
0.02487
0.0754
0.08142
0.22596
0.17311
0.69607
0.17763
0.18134
0.22731
0.36826
0.53115
0.58258
0.53897
0.61778
0.33373
0.22724
0.12624
0
0.30437
0.02734
0.14911
0.08057
0.63466
0.17904
0.1503
0.15043
0.29647
0.72159
0.25236
0.49004
0.37863
0.2093
0.44617
0.40787
0.58518
0.068
0.38963
0.20552
0.66265
0.07574
0
0.30398
0.25241
0.20523
0.22752
0.4207
0.15663
0.45142
0.53499
0.30136
0.49274
0.4738
0
0.10101
0.02601
0.25266
0.10329
0.15113
0
0.14916
0.15869
0.43758
0.13107
0.08165
0.3047
0.08135
0.08035
0.15528
0.14884
0.15142
0.22492
0.63876
0.13218
0.45192
0.27652
0.20881
0.53922
0.39324
0.0679
0.51175
0.15506
0.38862
0.38963
0
0.30329
0.30501
0.12622
0.04935
0
0.15703
0.1032
0.14845
0.06851
0.1971
0.07877
0.07145
0.18657
0.07134
0.32435
0.2498
0.48336
0.0669
0.48883
0.06891
0.51554
0
0.15141
0.15451
0
0.15117
0.09896
0.07473
0.14898
0.39041
0.08053
0.0727
0.42025
0.15172
0.22284
0.16251
0.40695
0.39799
0.10722
0.32216
0.06761
0.47302
0.18829
0.56504
0.30305
0.15111
0.15099
0
0
0.02518
0.49353
0.0793
0.12996
0.15398
0.33118
0.15219
0.149
0.37628
0.16423
0.08391
0.16283
0.42429
0.15496
0.1537
0.66882
0.37795
0.5237
0.47177
0.02861
0.31583
0
0.06169
0
0
0
0
0
0.0518
0.15579
0.31363
0.08189
0.57683
0.07303
0.07788
0.42808
0.29929
0.23672
0.23408
0.22396
0.37819
0.14013
0.13769
0.15475
0.29655
0.54541
0.16985
0.65655
0
0.09972
0.15013
0.07477
0.07714
0.14871
0.27699
0.17963
0.08004
0.17829
0.60554
0.56727
0.38067
0.38013
0.65643
0.51352
0.06768
0.31003
0.46294
0.38686
0
0
0.07453
0.04064
0.07633
0.30311
0.02249
0.2867
0
0.12856
0.19939
0.07916
0.09853
0.29874
0.44543
0.61789
0.16388
0.29843
0.23623
0.49412
0.30791
0.48401
0.32456
0.069
0
0
0.06838
0.07408
0.23214
0.15015
0.07642
0.14858
0.12841
0
0.15755
0.17261
0.16822
0.29888
0.23397
0.23622
0.29652
0.37227
0.15304
0.49386
0.46305
0.69342
0.11601
0.06737
0.06805
0.06839
0.10729
0.2273
0.13822
0
0
0.07663
0.05026
0
0.07598
0.08188
0
0.10301
0.07271
0.07252
0.44979
0.07151
0.41908
0.24293
0.29706
0.16332
0.15365
0.23825
0.13007
0.65045
0.3772
0.25026
0.28182
0.54571
0.30335
0.14912
0.33376
0.35368
0.06836
0
0.06786
0.14981
0.106
0.07918
0.05183
0.09783
0.16221
0.25168
0.43804
0.06645
0.53515
0.06618
0.32472
0.38178
0.3145
0.34879
0
0.17817
0.06725
0.15378
0.12552
0.63378
0.24058
0.11806
0.32301
0.16248
0
0
0.2949
0.14947
0.07382
0.0993
0.1282
0.07406
0.05186
0.07388
0.08128
0.30289
0
0.3008
0.37756
0.37157
0.23732
0.16337
0.36355
0
0.32615
0.46291
0
0.07899
0.07441
0.14849
0.07322
0.07995
0
0.23504
0.07263
0
0.23749
0.22409
0.26106
0.16881
0.19194
0.26727
0.47241
0.37863
0.51646
0.42487
0.16343
0.29407
0.23607
0.51438
0.19486
0.08257
0.07467
0
0.0744
0.0742
0.07455
0.07366
0.07324
0.07526
0
0.08093
0.15247
0.07475
0.08032
0.10175
0.25177
0.25346
0.22413
0.29815
0.21169
0.27686
0.16151
0.16498
0.12053
0.57054
0.42411
0.4501
0.37483
0.07383
0.19913
0.12724
0.15015
0.27872
0.07494
0.24706
0.16266
0.19769
0.44867
0.07445
0.44713
0.44697
0.21783
0.0665
0.08262
0.07496
0.31755
0
0
0.09977
0.12949
0.07403
0.07622
0.15075
0
0.30608
0.29987
0.15105
0.25032
0.05252
0.07454
0.07481
0.17172
0.14768
0.1631
0.42533
0
0.15599
0.23758
0.05046
0.07705
0.07434
0.14848
0.07595
0.12432
0.44037
0.3733
0.07888
0.22336
0.16429
0.32767
0.06675
0.46112
0
0.04875
0.20484
0.07446
0.10694
0.16392
0.45084
0.52772
0.21246
0.06744
0.06608
0.06747
0.06732
0.37597
0.08267
0.07454
0.07556
0
0
0.07632
0.07466
0.07536
0.07466
0.07498
0.07644
0.07745
0.0257
0.15231
0.14961
0.32108
0.15003
0.07119
0.08002
0.22306
0.37366
0.49142
0.52444
0.37715
0.21315
0.22241
0.34909
0.32461
0.27459
0.08519
0.13473
0.05479
0.06644
0.07436
0
0.1499
0.14688
0.0799
0.14706
0.19874
0.27651
0.18685
0.10595
0.16507
0.37442
0.15792
0.16386
0.60307
0.23646
0.18066
0.30774
0.15964
0.16144
0.53596
0.16036
0
0.1107
0
0.11109
0.08523
0.08527
0
0.06817
0.05019
0.15013
0.58004
0.3059
0.22409
0.0721
0.17673
0.18619
0.15691
0.37657
0.28872
0.16536
0.42617
0.49216
0.37593
0.16479
0.32663
0.37868
0.30872
0.06697
0.08428
0.05002
0
0.0748
0.07521
0.07362
0.07358
0.05046
0.02549
0.17452
0.07683
0.10345
0.3996
0.0802
0.41329
0.1497
0.05274
0.4505
0.53846
0.23903
0.08222
0.23673
0
0.06779
0.05653
0.07511
0.07511
0.07427
0.07433
0.07426
0.14877
0.0753
0.15449
0.29818
0
0.16419
0.29975
0.07099
0.16201
0.37436
0.16235
0.32606
0.25672
0.45285
0.16371
0.16387
0.16525
0.13283
0.21308
0.52031
0.32729
0.26234
0.06726
0.05493
0.08478
0.08467
0.14894
0.07516
0.07467
0.07436
0.15679
0.30434
0.07716
0.29945
0.07734
0.07122
0.22447
0.15795
0.22216
0.22288
0.16615
0.21421
0.13478
0.14933
0.23881
0.08385
0.0754
0.1651
0.08002
0.19898
0.07426
0.08259
0
0.08352
0.13563
0.1489
0.07492
0
0.07555
0.14973
0.07507
0.07398
0.22489
0.15438
0.30302
0.1284
0.15666
0.32483
0.37553
0.29784
0.15356
0.14952
0.23484
0.16399
0.05548
0.07342
0.17395
0.14941
0.15451
0.1531
0.22359
0.27369
0.0766
0.15672
0.29662
0.08267
0.20994
0.07882
0.23694
0.18599
0.08397
0.0844
0.0277
0.07384
0.0985
0.07439
0.07396
0.07378
0.07309
0.30215
0.14815
0.22376
0.16491
0.15266
0.06655
0.08592
0.29756
0.07394
0
0.04887
0.14802
0.15381
0.22633
0.12884
0.30482
0.1539
0.30265
0.22337
0.2241
0.27488
0.16448
0.30776
0.29397
0.29321
0.22986
0.08276
0.35561
0.08411
0.09671
0.07514
0.07484
0.07472
0.15265
0.22324
0.07632
0.1558
0.22002
0.25756
0.28786
0.29471
0.08355
0.07763
0.12648
0.08278
0.21436
0.08355
0.1245
0.14679
0.22319
0.07629
0.15642
0.2476
0.16476
0.25763
0.08279
0.02202
0.15226
0.1563
0.31686
0.31423
0.08278
0.14955
0.14863
0.08386
0.07384
0.07451
0.08336
0.02571
0.15208
0.14648
0.37446
0.19829
0.27452
0.17375
0.29547
0.15583
0.34534
0.54429
0.20986
0.30756
0.08254
0.07494
0.0829
0.12265
0.074
0.12782
0.28051
0.30368
0.14946
0.37241
0.16577
0.28634
0.15881
0.22808
0.10206
0.16129
0.16055
0.07525
0.08311
0.08263
0.14874
0.07506
0.07518
0.14669
0.15212
0.3736
0.2992
0.29969
0.24934
0.15587
0.12195
0.5187
0.16012
0
0
0.31265
0.07812
0.08301
0.31635
0.08515
0.0666
0.0752
0.08348
0
0.06682
0.02549
0.08439
0.14758
0.14754
0
0.07443
0.10388
0.0744
0.14921
0.1234
0.37507
0.0741
0.08248
0.22388
0.28047
0.19853
0.0744
0.14785
0
0.15405
0.19975
0.24857
0.37391
0.37785
0.22496
0.2553
0.30001
0.3722
0.22943
0.15182
0.37029
0.156
0.10097
0.12669
0.30274
0.14715
0.15572
0.16253
0.14657
0.34799
0.16549
0.14563
0.08265
0.25327
0.22442
0.14753
0.51717
0.10228
0.23166
0.15742
0.48751
0.14673
0.08091
