0.43291
0.14922
0
0
0
0.18615
0.54892
0.06968
0.70696
0
0
0.05732
0
0
0
0
0
0
0
0
0
0
0
0
0
0
0
0.05727
0
0
0
0
0
0
0
0
0
0
0
0
0
0
0
0
0
0
0
0
0
0
0
0
0
0
0
0
0
0
0
0
0
0
0
0
0
0
0
0
0
0
0
0
0
0
0
0
0
0
0
0
0
0
0
0
0
0
0
0
0
0
0
0
0
0
0
0
0
0
0
0
0
0
0
0
0
0
0
0
0
0
0
0
0
0
0
0
0
0
0
0
0
0
0.0573
0
0
0
0
0
0
0
0
0
0
0
0
0
0
0
0
0
0
0
0
0
0
0
0.10934
0
0
0
0
0
0
0
0
0
0
0
0
0
0
0
0
0
0
0
0
0
0
0
0
0
0
0
0
0
0
0
0
0
0
0
0
0
0
0
0
0
0
0
0
0
0
0
0
0
0
0
0
0
0
0
0
0
0
0
0
0
0
0
0
0
0.48722
0.2585
0
0
0
0
0
0
0.10943
0.41418
0.5122
0.44371
0
0
0
0
0
0
0.06389
0.45373
0.18938
0.13538
0.17425
0
0
0.10936
0
0
0.10946
0.07472
0
0
0.51948
0
0
0.10929
0
0
0
0
0
0
0
0.0191
0
0.10945
0
0
0.45432
0.26153
0
0
0
0.10896
0
0
0
0
0
0.51924
0.5167
0.0572
0.10031
0.49489
0.19806
0.20884
0.12946
0
0
0
0.1478
0
0
0.47342
0.51694
0.51214
0.5114
0.21132
0.15214
0.18881
0.18813
0
0
0
0
0
0
0
0.10939
0.03648
0
0
0
0
0
0.14978
0.08736
0
0
0
0
0
0.01906
0.13125
0.12959
0.44652
0.51023
0.51188
0.46857
0.02213
0.45931
0.0641
0.38582
0
0
0
0
0
0.51986
0.48831
0.18777
0.30407
0.09436
0.23343
0.08715
0
0
0
0
0
0
0
0
0
0.04305
0.13507
0.31394
0.51664
0.51623
0.06384
0
0.51346
0.06393
0
0
0
0
0
0
0
0.17437
0.06582
0.19545
0.26179
0.5153
0.24925
0.2497
0.18951
0.34646
0.18883
0
0
0
0
0.54175
0.36557
0.02239
0
0.18975
0
0
0
0
0
0.10905
0
0
0
0
0.08401
0.41642
0.1526
0.4435
0
0
0
0
0
0
0
0
0
0
0.05698
0
0
0
0
0.14678
0
0
0
0
0
0
0
0
0.40476
0.12603
0.5166
0
0.2076
0
0.18765
0.1682
0
0
0
0
0.51405
0.12947
0.51672
0
0
0.05057
0
0
0
0
0.32395
0
0
0.42893
0.12321
0.48723
0.13454
0
0
0
0
0.10935
0
0
0.24086
0.10944
0
0.12924
0.30518
0.16984
0.19471
0.13079
0.04504
0
0
0
0
0
0
0.05716
0
0.51394
0.06373
0
0.25041
0.39607
0
0
0
0
0.25755
0.40677
0.10145
0.25818
0.189
0.18824
0.18914
0
0
0
0
0
0.32854
0
0.51087
0.04362
0
0
0.05048
0
0
0
0.13033
0.10286
0.06079
0.19275
0.34487
0.0641
0.13428
0
0
0
0
0.10942
0
0.17162
0.32598
0.08707
0.02
0.18937
0.4445
0.27075
0
0
0.07447
0.25335
0.07978
0.05825
0
0
0.16067
0.39609
0.11244
0.06384
0
0
0
0
0
0.06029
0.19486
0.15348
0.34082
0.13648
0.31917
0
0
0
0
0
0.10934
0.27552
0.05715
0
0
0.45233
0.3846
0.06696
0
0.06377
0.18725
0
0
0.05097
0
0
0
0.12951
0
0
0
0
0.05073
0
0.10897
0
0.32409
0
0.06467
0.26193
0.04345
0.0735
0.02006
0.19008
0.05804
0.03856
0.06286
0
0
0
0
0.05798
0.13263
0
0
0.18735
0
0
0.08452
0.25435
0.13602
0
0.39486
0.23147
0
0
0
0
0
0.51528
0.54312
0
0.1255
0
0
0.17021
0.24842
0.25072
0
0.24903
0
0
0
0
0
0
0
0
0
0.0641
0.13969
0.3959
0
0
0.05079
0.05068
0
0
0
0
0
0
0
0.06803
0.25502
0
0.0648
0
0.31893
0
0.39515
0
0
0
0
0
0
0
0
0
0.51659
0
0.10996
0.05994
0.01928
0.06319
0.39382
0.15266
0
0
0
0
0
0
0
0
0.51451
0.2168
0.18912
0.05852
0
0
0
0
0.10906
0.13343
0
0
0
0.10936
0
0
0
0.06864
0.08421
0.06382
0
0
0
0
0.22351
0
0.42162
0.37082
0.05812
0.13649
0.10858
0.1069
0
0
0
0.04992
0.09208
0
0
0
0.42862
0
0.08163
0
0.22938
0.11996
0.24947
0
0
0
0
0.10931
0.86227
0.94303
0.39374
0.19357
0.18876
0.01662
0
0
0
0.10943
0
0
0
0
0.45843
0.0684
0
0.02102
0.10854
0
0
0
0
0
0
0.05722
0.42338
0.32398
0
0
0
0.06814
0.39577
0.39671
0
0.37378
0.06334
0.07197
0.13061
0.1349
0.2499
0.17448
0
0
0.27552
0
0
0
0
0
0
0
0.51265
0.04914
0.51202
0.13452
0.25123
0
0.18798
0
0
0
0.05698
0
0.34771
0.069
0.10338
0.06871
0.12916
0
0.1012
0.26539
0.08746
0
0.1201
0.05412
0
0
0
0
0
0.06577
0.22587
0.13019
0.19515
0
0.18765
0.05026
0
0
0
0
0
0.07118
0
0
0
0.8587
0.86027
0.80266
0.13123
0.78127
0.6755
0
0.05995
0.21829
0.06852
0.19487
0
0.11125
0
0
0.19402
0.10936
0.17536
0
0
0
0.14383
0
0
0
0.32394
0
0
0
0.85929
0.60235
0
0.79612
0.32262
0
0.16199
0.10886
0
0.22836
0
0
0
0
0
0
0
0.81233
0.83807
0.30047
0.06826
0.02205
0.86683
0
0.32541
0
0
0
0
0.05289
0.05262
0.35048
0.06394
0.15302
0.05032
0
0
0
0
0
0
0
0
0
0.78692
0.3245
0.06488
0.79036
0.63567
0.07842
0.58072
0.68067
0.06562
0.05979
0.482
0
0.06912
0.39503
0
0.15102
0.14227
0.05479
0.13435
0.25466
0
0
0
0
0
0
0
0
0
0
0.06864
0.74237
0.02238
0.90535
0.07085
0.12932
0.38548
0.04488
0.12976
0
0.39701
0
0.20766
0.18916
0.24997
0.13522
0.05289
0.25395
0.0534
0.14231
0.18775
0.01669
0
0
0.25804
0.10927
0.05203
0.19534
0
0
0
0
0.04578
0.78338
0.85724
0.02206
0
0
0.08681
0
0.01989
0.06549
0.86393
0.54424
0.32744
0
0.23472
0.10543
0.21659
0.25889
0.05108
0
0.24958
0.24997
0.15259
0.13626
0.25103
0.17586
0.1855
0.0552
0.12978
0.14267
0
0
0
0
0
0
0
0
0.06702
0
0
0
0.56778
0.19953
0.32413
0.32704
0.06058
0.45605
0.06823
0.04589
0.40631
0.15532
0.54139
0.25344
0.13025
0.24902
0.13554
0.05234
0
0.32938
0.17411
0.18556
0.05307
0
0
0
0
0
0
0
0.22368
0
0
0.05611
0.38193
0.27828
0.3237
0
0.50841
0.83064
0.86402
0.06911
0
0.07962
0.08763
0.13981
0.03906
0.31582
0
0.13544
0.25458
0.254
0.05308
0
0
0
0
0
0
0
0
0.34392
0.12894
0.3244
0.14108
0.26479
0
0.25188
0.04238
0.18543
0
0.18555
0.05253
0
0
0
0
0
0
0.09359
0.90364
0.79273
0.73019
0.39582
0.58828
0.35389
0.1097
0.19181
0.17941
0
0.1565
0.2498
0
0.13569
0.13464
0.18861
0
0
0
0
0
0
0.10923
0.01734
0
0
0.63484
0.02181
0.04578
0
0.25219
0.3295
0.31618
0.3139
0.26059
0.32833
0.25078
0.10795
0
0
0
0.13285
0.05348
0
0
0
0
0.06053
0.04397
0
0.13277
0.16899
0.01994
0.02288
0.39575
0
0.05371
0.05207
0.0517
0
0
0.32875
0.0185
0.15607
0
0
0
0
0
0
0.05707
0
0.0669
0.0865
0.32824
0.3275
0.08628
0
0
0
0.15697
0
0
0.03668
0.01758
0
0
0
0
0
0
0.05081
0
0.8691
0
0.70644
0.60491
0
0.0689
0.39258
0.62885
0.06803
0.06572
0.1307
0.21696
0.32899
0.41241
0
0.13936
0
0
0
0
0
0.32369
0.15185
0.0654
0
0.86167
0.0877
0
0.32842
0.06817
0.06941
0.10892
0.12945
0
0.0521
0.17478
0.23117
0.18908
0.25033
0.21408
0
0.14601
0.24874
0.05282
0.05483
0
0
0
0
0
0
0.40624
0.50338
0.06601
0.11529
0.21819
0.25997
0.09054
0.19467
0
0.13186
0.05304
0.07981
0.1096
0.10889
0
0
0
0
0
0
0.32766
0.06871
0.06758
0.32634
0
0.02445
0.08364
0
0.39324
0.13084
0
0.26988
0
0.18891
0
0
0
0
0
0
0.04562
0.27701
0.8324
0
0.05972
0.15031
0.35348
0.32975
0.39684
0.25504
0.25464
0.15285
0.13498
0
0
0.10909
0.07636
0.13595
0.05292
0
0
0
0.41656
0.19648
0
0.19448
0.07091
0.1359
0.13424
0.01764
0
0.13604
0.05319
0.05321
0.05362
0
0
0
0
0
0
0
0
0.22365
0
0
0
0
0
0.84091
0.15405
0.47642
0.32658
0.0689
0.25545
0
0.0642
0.08405
0.24336
0
0.13453
0
0.24823
0.20711
0
0.05161
0.13615
0
0
0
0.21461
0
0
0
0.30382
0.21812
0.54637
0.06869
0.7292
0.12936
0
0
0.07976
0
0.05331
0.05346
0
0
0
0.38187
0.063
0
0.26524
0
0.06824
0.12973
0.19234
0
0.25949
0
0.11194
0
0.31604
0.18778
0.04402
0
0
0
0.05471
0.17419
0.05153
0
0
0.05059
0
0
0.05016
0
0
0.42429
0.29177
0
0
0
0
0
0.14037
0.32259
0
0.40294
0.67471
0.33398
0.32936
0.17902
0.24966
0.13506
0.25112
0.19465
0.16959
0.10781
0.01777
0.18864
0.05511
0
0.05423
0.13289
0
0
0
0.2564
0
0.16656
0
0.65694
0.0666
0.06925
0.56658
0
0.20495
0.06774
0.17528
0.19121
0.06077
0.05514
0
0.59658
0.3691
0
0.18564
0.05292
0.24992
0.01823
0.01844
0.03519
0.13469
0
0
0
0.05722
0
0.79381
0.2099
0
0.06749
0.23846
0.06112
0.05931
0.05804
0.32718
0.5147
0.39304
0
0.23595
0.1751
0
0.05116
0.19445
0.05511
0.05318
0
0
0
0
0.35223
0
0
0.06997
0.16382
0.06868
0.34599
0.06829
0.34554
0.06423
0.13447
0.0638
0
0.571
0.25093
0.0786
0.05135
0.16518
0
0.05237
0
0
0
0.10924
0
0
0.25685
0.32462
0.20402
0.06781
0
0.06057
0
0
0
0.25854
0.39489
0.19554
0
0.19511
0
0.43426
0.40485
0
0.15104
0.22904
0.17455
0.1094
0.05362
0
0
0
0
0
0
0
0
0.59109
0.33676
0
0.32034
0.3948
0.08705
0
0.16587
0.35331
0
0
0.12073
0.03532
0
0
0.05093
0.04996
0
0
0
0
0
0
0.0442
0.13984
0.06616
0.20559
0.06927
0.0435
0.06235
0.05685
0
0.05004
0.27405
0
0
0.42189
0.01923
0.32962
0.24991
0.15445
0.31579
0
0.05489
0
0
0
0
0
0
0
0
0.23501
0
0
0
0.13332
0.08155
0.28008
0.31217
0
0.1885
0.10787
0.0549
0
0
0
0
0.05049
0
0
0
0
0
0
0.39569
0
0
0.24628
0.06921
0
0
0.41218
0.29647
0.34308
0
0
0
0.20843
0.13405
0.12003
0.0535
0.1247
0
0
0
0
0
0.34249
0
0
0
0.21709
0
0.52337
0
0.58599
0.31013
0.43778
0.39509
0.34472
0.19509
0.1947
0.06002
0
0.25374
0.26281
0.34576
0.05047
0
0.06392
0.41086
0.23142
0.1202
0.18841
0.1083
0.13229
0.05457
0.2486
0.18756
0.05461
0.06362
0
0
0
0
0.18352
0
0
0
0.24013
0.13197
0.29074
0
0.45617
0
0
0.24686
0.33114
0.347
0
0
0.05477
0
0
0
0.26599
0.0528
0.05267
0
0.30764
0.05273
0
0.01755
0.05352
0
0
0
0
0
0
0
0.0382
0
0
0
0
0.85847
0.19889
0
0.06056
0.04994
0.13584
0.18582
0
0
0.24008
0.13564
0.07558
0.05406
0.07146
0
0
0.05299
0
0.05789
0.05042
0
0
0
0
0
0.019
0
0.04835
0
0
0
0.16362
0.06846
0.20482
0.52527
0.19701
0.13393
0
0.66351
0.42539
0
0
0
0.18848
0.33507
0
0
0.03652
0.15226
0.23168
0.10591
0
0.17514
0.06369
0.0508
0
0
0
0
0
0.37653
0.4023
0.76989
0.11263
0.32414
0.19928
0.06919
0.77378
0.02283
0.6612
0
0.15725
0.20382
0.06699
0.36966
0.12039
0
0.05806
0.31672
0
0
0.05474
0
0.05446
0.24904
0.05338
0.15694
0.05485
0
0
0
0
0.0436
0.32939
0
0
0.06433
0.39468
0
0
0.02158
0.18895
0.39638
0
0.05475
0.19069
0.08889
0.18591
0.05326
0.15861
0.17426
0
0
0.05025
0
0
0
0.10947
0
0
0.04653
0.34454
0.1761
0
0
0
0.32917
0.21897
0.0684
0
0.17102
0.40253
0
0
0.13204
0.15277
0
0.055
0
0.32687
0
0.05775
0
0
0
0
0
0
0.20871
0
0.39681
0.07367
0.328
0.24066
0.18886
0.21275
0.13814
0.05267
0.01687
0
0
0
0
0.05201
0
0.14061
0.24061
0.17251
0.20673
0.13969
0
0
0.26546
0.39524
0.25086
0.24975
0.45407
0
0.27847
0.18575
0.35486
0.12584
0.05306
0.05252
0.05337
0
0
0
0
0.42427
0.23447
0
0
0.39197
0
0
0.79883
0
0
0.18519
0
0.07399
0
0.24942
0
0
0
0.1862
0
0.37333
0.05267
0.0879
0
0
0
0
0
0
0
0
0.32296
0
0.73037
0.06861
0
0.2796
0.0394
0
0.04992
0
0
0.05813
0
0
0.22305
0.34868
0
0.05178
0
0.15989
0.10457
0
0
0
0
0
0
0
0.34338
0.13188
0.79487
0.22323
0.24992
0.37169
0.2172
0.12733
0.6537
0.38401
0.18808
0.28732
0.48124
0
0
0.17458
0
0
0.03551
0.18551
0
0
0
0.35074
0.057
0
0
0.17239
0.12812
0
0.40291
0.09156
0.06796
0.06561
0.06101
0.18979
0.13505
0.0579
0.34694
0.40477
0
0.20873
0.08955
0
0
0
0
0
0
0
0
0.16629
0
0.13799
0.68621
0
0.06464
0.21205
0.1957
0.0392
0.05257
0.31335
0.05222
0
0
0.33446
0
0
0.18592
0.05356
0.05065
0
0
0
0
0
0
0
0.02246
0.3796
0.06901
0.24423
0.57907
0.51257
0.19105
0
0.06706
0
0.25889
0.12803
0.30869
0
0
0.16374
0.33474
0
0
0.03846
0
0
0
0
0
0.05203
0.10032
0.2212
0.43435
0
0.42148
0.02045
0.14337
0.06541
0
0.28813
0
0.39324
0.3022
0
0
0.05508
0
0
0
0.15348
0
0.07
0
0.04022
0.25933
0.39426
0.61639
0
0.59348
0
0.09866
0
0.35231
0.05299
0
0.35308
0
0
0.05317
0.18534
0
0.08707
0
0
0
0
0
0
0.76612
0.8809
0.31584
0.24787
0.13185
0.12911
0
0.3965
0.37732
0
0.40447
0.5006
0.17452
0.36623
0.19444
0
0
0
0.12703
0.10444
0.05298
0
0.17491
0
0
0
0
0
0.26701
0.3221
0.1256
0.19465
0
0.12817
0.0689
0
0
0.0635
0.3938
0.396
0
0.32959
0.34926
0
0
0.14748
0
0.25495
0.25329
0
0.33697
0.05174
0.05128
0.10439
0.1498
0
0
0
0.05311
0
0
0
0
0
0.78371
0.19981
0.06423
0.13821
0.04087
0.25017
0.05882
0.02145
0.288
0.23914
0
0.08753
0.06714
0.17119
0
0.22788
0
0.32844
0
0
0.05067
0
0
0
0
0
0
0
0
0.12656
0.01861
0.58124
0.10494
0.31698
0
0.15366
0.23792
0
0
0.18751
0
0.50424
0.26109
0.11933
0.25441
0.01954
0.06328
0.20715
0.05435
0.09467
0
0
0
0.05312
0.05191
0.01767
0.05038
0
0
0
0
0
0
0
0.77725
0.40379
0
0.02331
0.06183
0.06877
0.08397
0.06525
0
0.12014
0.36976
0.21119
0.3345
0
0.05155
0
0.40111
0
0.05351
0.05471
0.10604
0
0.03384
0.05021
0
0
0
0
0
0
0.47995
0.06168
0
0.10275
0.28224
0.51096
0.04075
0
0.14693
0.26104
0.26006
0.2532
0.03834
0.33409
0.05137
0.05853
0.05293
0.05135
0.12862
0
0
0
0
0
0
0
0.22078
0.10938
0
0.1251
0.19963
0.38279
0.176
0.12235
0
0.167
0
0
0.34415
0.06682
0.19265
0
0.27708
0
0.49851
0
0
0
0.05355
0.22587
0
0.31669
0.05219
0.13256
0.05505
0.05111
0
0
0
0
0
0
0
0.05206
0.21477
0.10936
0
0
0
0.32373
0.04403
0
0
0
0.06351
0.36481
0.3956
0.47472
0.05179
0.42159
0.0415
0.14624
0.05395
0
0.10407
0.21945
0.05186
0.05399
0.10505
0.0508
0
0.06666
0
0
0
0
0
0
0
0
0.05707
0
0.06969
0.27571
0.25548
0
0.25426
0.06131
0.11946
0.37178
0.13287
0.4117
0.50074
0.29569
0.13583
0.04269
0.10519
0.05078
0
0.20168
0.05271
0.01758
0.05097
0.05044
0
0
0
0
0
0
0
0
0
0
0
0
0.05969
0.32114
0
0.11153
0.06655
0.04422
0.25103
0.02164
0.17364
0.35233
0
0
0.28618
0.26018
0
0.13021
0.54602
0.20814
0.37454
0
0.05198
0.05153
0.12919
0.05438
0.12798
0
0
0
0
0
0.91994
0
0.32259
0
0.19859
0.17568
0.45591
0.06916
0.06881
0.05683
0.05635
0.39592
0.05231
0.65395
0.34644
0.3336
0.08852
0.1749
0.17132
0.0504
0.1059
0.06775
0
0.10508
0
0
0
0.2669
0
0
0.92007
0.04419
0.06672
0.06962
0
0.04086
0.14695
0.14007
0
0.37166
0
0.19518
0.38551
0.02249
0.32779
0
0.12599
0.17024
0
0.05085
0.05031
0.05091
0
0.05051
0
0
0
0
0.31398
0
0.19764
0.04558
0
0.25418
0.29338
0
0.25457
0.32994
0.19576
0.42226
0.38776
0.39453
0.26575
0.1086
0.33822
0.3333
0.22347
0.1973
0.05427
0.05114
0.12764
0.09097
0.05385
0.05429
0.05336
0
0.05128
0
0
0
0
0.42384
0
0
0
0
0.36972
0.15854
0.26564
0.30289
0.58152
0.12818
0.04668
0
0
0.39276
0.24868
0.04595
0.19034
0.19357
0.40658
0.06547
0
0.27776
0.10406
0.14608
0.65713
0.24456
0.05132
0.40094
0.15349
0.05195
0
0.05085
0
0
0
0
0.73955
0
0.46215
0.06604
0
0
0
0.33725
0.25447
0.03893
0
0.05473
0.05051
0.05277
0.03401
0
0
0
0.05203
0.36923
0.22423
0.28325
0.02393
0.32107
0.3247
0.5104
0
0.32195
0.17428
0.40521
0
0
0
0.04277
0
0.37383
0.36615
0.4047
0.13494
0
0.18604
0.2609
0.52339
0.27776
0
0
0
0
0
0
0
0
0
0
0
0.12587
0.19747
0.11005
0.5072
0
0
0.25204
0.06552
0.26524
0.05626
0.0824
0.19444
0.60853
0.41276
0.23162
0.40329
0.22238
0.19587
0.05089
0
0.12841
0
0
0
0
0
0
0
0.10041
0
0.25751
0.32137
0.41434
0.21864
0.06938
0.12595
0.59663
0.46029
0.65011
0.37441
0.42218
0.05183
0.01679
0.05346
0
0
0
0
0
0
0
0
0
0.47875
0
0.06833
0.12552
0.11316
0
0
0
0.42332
0.32115
0.32286
0.14027
0.19243
0.13113
0
0
0.39378
0.34589
0.05427
0.09724
0.34578
0.05819
0.25426
0.39951
0
0.05113
0
0.05108
0
0.01675
0
0
0
0
0
0
0.31419
0
0.2146
0
0
0
0
0.37597
0.32055
0.13233
0.21837
0
0
0.49212
0
0
0.60584
0.36243
0.36839
0.06873
0.28798
0.40897
0.48405
0.40169
0.19447
0.05039
0
0.05134
0.05127
0
0
0.05262
0
0.05429
0
0
0
0
0.31451
0.45914
0.32338
0.32093
0.32207
0
0
0
0
0.3854
0.47506
0
0.40248
0
0.2394
0
0
0.47267
0
0.07271
0
0
0
0
0
0
0
0
0.31429
0
0
0.91949
0.15464
0
0.32064
0.11302
0.13893
0.32109
0.1389
0.19469
0.31317
0
0.13674
0.38191
0.26618
0
0.1429
0.40242
0.1101
0
0
0.44358
0.2389
0.14632
0.37482
0.33738
0.33422
0
0.38078
0
0.05082
0.05105
0
0
0
0
0
0
0
0
0.86232
0
0
0.20695
0.06493
0.15463
0.32052
0.07176
0.25588
0
0.12556
0
0.32286
0.44926
0.2603
0.32238
0.06961
0.1254
0.04096
0.20458
0
0.04503
0.24228
0.65683
0
0.06554
0
0.6319
0.31196
0.13408
0.36587
0.59319
0
0.13378
0.26183
0
0.13033
0.33481
0.07239
0.10999
0
0
0
0
0.4217
0.25616
0
0
0
0.29597
0
0.06834
0.12575
0.13768
0.06652
0.81178
0
0.26045
0.26168
0.03862
0.06283
0
0.20706
0.40316
0.06389
0.05047
0
0
0.20178
0
0
0
0
0.06819
0
0.05733
0
0.41211
0
0.34508
0
0.06583
0.27571
0.06787
0
0.25249
0.20747
0.10261
0.58528
0.24935
0.06532
0.28298
0
0
0.37321
0.32622
0.05191
0.05072
0.05151
0.05011
0
0
0
0
0
0.36517
0.32047
0
0.12538
0.04665
0.32046
0
0.04778
0.03944
0.3239
0.24935
0
0.13968
0.25032
0.33844
0.25527
0
0.42572
0
0.2659
0
0.24662
0.13043
0.05314
0
0.08817
0
0
0
0
0.31405
0
0.10038
0
0
0.30202
0.13116
0.32462
0.27911
0.34649
0
0.13737
0.08556
0.32238
0.06887
0.21789
0.3587
0.27315
0.21892
0.42176
0.37332
0.4122
0.4109
0.06716
0.40076
0.32307
0
0.36031
0.37736
0.35608
0.05277
0
0.06745
0.05039
0
0
0.10916
0
0
0
0
0.58731
0.81392
0.2407
0.12628
0
0.14085
0.67368
0
0
0
0.02334
0.21252
0.38537
0.04369
0.24722
0.25354
0.04485
0
0.05904
0
0.42356
0.06666
0.25349
0.06777
0.05279
0
0
0
0.11668
0.37352
0.44767
0.35404
0.19362
0.60437
0.37448
0.3217
0
0
0.16668
0
0.13585
0.191
0.12593
0.25938
0
0.29667
0.26251
0.47259
0.22579
0
0.40244
0.3993
0
0
0.05116
0
0
0.05388
0
0
0
0
0
0
0.24931
0
0
0.06009
0.32107
0.34006
0.30459
0
0.25094
0.34064
0.25246
0
0.1328
0.11925
0.10869
0.2713
0.4968
0.2618
0
0.05047
0.05383
0
0
0
0
0
0
0
0.10039
0
0
0.05993
0.12654
0.19654
0
0.13216
0.22137
0.26411
0.07175
0.32341
0.34659
0.34652
0
0
0.11239
0.24821
0.37877
0.32165
0.34489
0.06661
0.40903
0.27196
0.33321
0.07743
0
0.06783
0.12739
0
0.05123
0
0
0
0.04852
0.21448
0
0
0
0.37256
0.26719
0.32349
0.11458
0
0
0.06732
0.32274
0
0.06715
0.25065
0.06832
0.36127
0
0.07012
0.19663
0
0
0.26105
0.41057
0.37789
0.65611
0
0
0
0.02379
0
0.05053
0
0
0
0
0
0.1004
0.35885
0
0
0.13218
0.11668
0.49391
0.35912
0.12807
0.35792
0.19659
0.37298
0
0.19652
0.25128
0.06504
0.24877
0.25271
0
0.02381
0.05391
0.18549
0.05388
0.01694
0
0
0
0
0
0
0
0
0
0
0
0.12466
0.12832
0.3726
0.19301
0.068
0.24079
0.1255
0.25256
0.37725
0.06691
0.01952
0.35198
0
0
0.06675
0.19583
0.13351
0.40402
0.38097
0
0.05177
0.44925
0
0
0
0
0.52234
0.57845
0.0601
0.52063
0
0.34373
0
0.05999
0.32311
0.32096
0.08907
0
0.1914
0
0.06532
0.0695
0.39648
0
0.05844
0.1311
0.33732
0.08244
0
0
0
0
0.39886
0
0
0
0
0
0.5972
0.57448
0.52539
0.62576
0.86761
0.18774
0
0.39192
0
0.26702
0.13376
0
0
0.32406
0
0
0.07011
0.37099
0.28652
0.32983
0
0.33425
0.01953
0
0.33499
0
0
0.18779
0
0.05264
0
0
0
0
0
0.81336
0.92055
0.4516
0.42388
0.38785
0.12523
0.2219
0.12575
0
0
0.07032
0.32402
0.08752
0.2294
0.25316
0.25543
0.32726
0
0.40501
0.12014
0.43547
0
0
0
0.22271
0
0.52294
0.22269
0.0671
0.0511
0
0.0506
0.05217
0
0
0
0
0
0
0.90097
0.41262
0.55461
0.437
0.42469
0.32356
0
0.07079
0.24989
0.07069
0.33262
0.0672
0
0.21261
0.2751
0.26661
0.19576
0.25744
0
0.29545
0.05335
0.05046
0
0
0.14998
0
0
0.31483
0.71407
0.47815
0.57407
0.52405
0.12604
0.32096
0.23424
0.12628
0.32118
0.06846
0.32026
0
0.07026
0.3427
0
0.25322
0.32074
0.10875
0.25887
0
0
0.08109
0.21559
0.45334
0.36853
0.4445
0
0.40138
0.47559
0
0.06557
0.40165
0.2804
0.06779
0.05079
0.27049
0
0
0
0
0
0
0
0.61851
0.4545
0.4362
0.18636
0.43891
0.06063
0.57851
0.12629
0.2653
0.04069
0
0.0448
0.06589
0.32165
0.35684
0.06599
0
0.33468
0
0.33059
0
0.24919
0
0
0
0.05769
0
0.39893
0.33499
0.33442
0
0.05116
0.24845
0.1488
0.05152
0
0
0
0
0
0
0
0.82101
0.62562
0.06008
0.52958
0.06765
0.13682
0.06001
0
0.06808
0.32076
0.1391
0.2529
0.06698
0.18076
0.06646
0.48307
0.6814
0.06631
0.23876
0.40494
0.13455
0.31451
0.36059
0
0
0
0.40266
0
0.33332
0.05131
0
0
0
0
0
0
0
0
0
0.52581
0.77574
0.55128
0.60592
0.35807
0.71635
0.84399
0.49879
0.73128
0.50035
0.1264
0.26501
0.32111
0
0.20153
0.34414
0.26312
0.02214
0.34679
0.02068
0.37212
0.19211
0.25468
0.34535
0.2471
0
0.4012
0.38088
0
0.1325
0
0.05045
0.05293
0
0.13257
0.07573
0.0718
0
0.05029
0
0
0
0
0
0
0.3762
0
0.82216
0.41265
0.79859
0.88952
0.94399
0.57114
0.95234
0.06055
0.12528
0
0.71334
0
0.09065
0.06098
0
0.38422
0
0.24967
0.19442
0.27333
0.23241
0
0.59738
0.08673
0.40531
0.31378
0.42805
0.51735
0
0.33663
0.65358
0
0.2697
0
0
0.33613
0
0.33677
0.05263
0.33341
0
0
0.05114
0.05072
0
0.03534
0
0
0
0.70237
0.83887
0.42608
0.45832
0.70192
0.86119
0
0
0
0.11011
0.27436
0.30913
0.3005
0.1892
0
0.1898
0.25643
0.25159
0.27506
0.16116
0.38764
0.14012
0.27035
0.35336
0.46856
0.20576
0.27828
0.33652
0.19469
0.33343
0
0.33384
0.06711
0
0.05068
0.05157
0
0
0
0.01732
0.45688
0.45369
0.53922
0.06376
0.50501
0
0.29368
0.24928
0.25004
0.14018
0.06868
0.25042
0.25026
0.04378
0.06698
0.2534
0.17446
0.40518
0.17484
0.65604
0.33485
0.33298
0.06723
0.33444
0.3144
0
0
0
0
0
0
0
0
0
0.11671
0
0
0.52772
0.43553
0.57663
0.32055
0.19503
0.54787
0.25264
0.2351
0
0.35437
0.28809
0.33603
0.33621
0
0.05036
0
0.01675
0
0.88735
0.47934
0.81681
0.56473
0.42443
0.85921
0.52536
0.57931
0.67215
0.15476
0.81728
0.60044
0.19206
0.76423
0.14093
0
0.32259
0.14768
0.46541
0.36644
0.06727
0.28155
0.12915
0
0.05723
0.14598
0.33066
0
0
0.05093
0.06795
0
0
0
0
0
0
0
0.43701
0.48562
0.88331
0.03722
0.59602
0.27285
0.32513
0.12784
0.19043
0.12545
0.46595
0.25572
0.24947
0.21831
0.25291
0.23192
0.3948
0.34677
0.65593
0.41227
0.34755
0.12967
0.3331
0
0.05044
0.08539
0
0.29553
0
0
0
0.21441
0.01612
0.4336
0.59805
0.70068
0.82142
0.429
0.74412
0.10457
0.47792
0.60896
0.26386
0.07115
0.19349
0
0
0
0.19783
0.06445
0.23176
0.06452
0
0.13979
0.12953
0.05175
0.43059
0.33437
0.55976
0
0.05302
0.06649
0
0.07224
0
0
0
0
0
0
0
0.46411
0.78381
0.64656
0.72021
0.69405
0.50419
0.60343
0.78705
0.62826
0.29779
0.19394
0
0.54977
0.04671
0
0.14948
0.14777
0.27344
0.14068
0
0.19609
0.32943
0.39316
0.38998
0.58986
0.20743
0.40224
0.10812
0
0.05776
0.05287
0.05281
0.05314
0.05119
0.27591
0
0
0
0.54946
0.05601
0.68221
0.44754
0.83932
0.4259
0.82207
0.62686
0.1486
0.57893
0.07121
0
0.13754
0.03927
0.34727
0.0657
0
0.6539
0.06657
0.65425
0
0.05657
0.40086
0.35784
0
0
0.33537
0.02131
0.3345
0
0
0
0
0
0
0
0
0
0
0
0
0.42551
0.43816
0.69809
0.4586
0.85522
0.07281
0.13617
0.85627
0.35338
0.69451
0
0.11215
0.32341
0
0.27257
0.41262
0
0.65402
0
0.51264
0.04764
0
0.33333
0
0
0
0
0.56245
0.50003
0.78867
0.51138
0.57947
0.66764
0.14794
0.64254
0.71199
0.80133
0.02234
0.34029
0.12586
0.6841
0.54389
0
0.1395
0.13972
0.32152
0.41142
0.06598
0.35477
0.16542
0.05064
0
0.26138
0.05067
0.08815
0.20901
0
0
0.05073
0.05212
0
0
0
0
0
0.14903
0.06818
0
0.01612
0.49111
0.70205
0.06984
0.71858
0.37602
0
0.23239
0.32188
0
0.39501
0.53225
0.05279
0
0
0.33448
0.0506
0
0.13239
0
0.47662
0.53898
0.63965
0.45114
0.90431
0.52666
0.57824
0.32204
0.09221
0
0.07014
0.27278
0.3437
0.09213
0.16776
0.06784
0.2845
0.12598
0.39573
0
0
0
0.05122
0
0
0.71771
0.62744
0.39774
0.19106
0.82369
0.65968
0.92587
0
0.28519
0.04742
0.69027
0
0.26164
0
0.33959
0.38468
0.18063
0
0.2225
0
0.38102
0.3341
0
0
0
0.27245
0.55237
0.59079
0.54254
0.36335
0.71387
0.13886
0
0.34874
0
0.1414
0.19097
0.07205
0.18464
0
0.64671
0.27481
0.33374
0.10986
0.33723
0.05323
0.19531
0
0
0.05075
0
0
0
0
0
0
0
0
0.52344
0.79376
0.12595
0
0.62605
0.5528
0.63197
0.7519
0.88124
0.19184
0.13627
0.63288
0.60045
0.79454
0.86044
0.12532
0.12421
0.3249
0.15411
0.32204
0
0.18347
0.1398
0
0.07418
0.40467
0
0.48161
0.39435
0
0.38317
0.34486
0
0.0176
0.52389
0
0.18581
0.0515
0
0
0
0
0
0
0
0
0
0
0
0.53739
0.42632
0.36406
0.54253
0.28391
0.06076
0.71273
0.02263
0.02295
0.07878
0
0
0.37487
0
0.34462
0.28038
0.37207
0.07152
0
0
0
0
0
0
0
0
0
0
0.59808
0.42505
0.42387
0.14311
0.42487
0.45962
0.1549
0.57775
0
0.33623
0.13251
0.16555
0.3223
0
0.32176
0
0
0
0.37281
0
0
0
0
0
0
0
0
0
0
0
0
0
0.27605
0.66635
0.74134
0.85646
0
0.14841
0.24812
0.13828
0.15837
0.3218
0.37486
0.20232
0.11609
0.40477
0.38248
0.1282
0.12451
0
0.0335
0
0
0
0
0
0
0
0
0
0
0
0
0
0.64248
0.54641
0.14342
0.27414
0.63394
0.19987
0.57608
0.12586
0.74074
0.70741
0.30883
0.33493
0.05587
0.4131
0.097
0.7711
0
0
0.136
0.13901
0.27323
0.06686
0.36553
0
0.12752
0.09155
0.19501
0
0.05056
0
0
0
0
0
0.05117
0
0
0.62367
0.71521
0.50408
0.37053
0.42535
0.13722
0.62475
0.77225
0.13606
0.46009
0
0.06051
0.2746
0
0.04804
0.20568
0.20573
0.08051
0.13683
0
0.23975
0.18057
0.46677
0.47129
0.1614
0.19493
0
0
0.14947
0
0.12729
0
0
0.10629
0.74622
0.82134
0.53112
0.60204
0.52728
0.32135
0.13803
0.70386
0
0.88692
0.1093
0.69172
0.28107
0.76264
0
0.41386
0
0.25
0
0.13984
0.24014
0.37649
0.25224
0
0.3472
0.05147
0.06786
0.24892
0.39972
0
0
0
0
0
0
0.05036
0
0
0
0.15392
0.21925
0
0.73509
0.03729
0.14963
0.66097
0.7389
0.12556
0.49233
0.43479
0.45702
0.03747
0.48788
0
0
0
0.06843
0.19827
0
0.19049
0
0
0.06531
0.13723
0.13813
0.06642
0.33001
0.31544
0
0.33443
0.05058
0
0
0
0
0
0
0
0
0.31758
0.23976
0
0.73424
0.73724
0.57748
0.27301
0.35865
0.06004
0.13734
0.5744
0.81021
0.60565
0.82019
0.88595
0.69283
0.24477
0.33013
0.27881
0.1394
0.15089
0
0.12988
0.63498
0
0.31239
0
0
0
0.05096
0
0.05062
0
0
0
0.2973
0.29674
0.5764
0.33936
0.5743
0.93129
0.5541
0.61767
0.42778
0.45151
0.26007
0.47564
0
0.1391
0.07163
0.02393
0.24765
0
0.44221
0
0.24793
0.17086
0
0.13791
0
0.21605
0.22772
0
0
0
0
0
0
0
0
0
0
0.88734
0.48556
0.03759
0.15924
0
0
0.06442
0
0
0.02229
0
0
0
0.11239
0.0669
0.09524
0.36587
0.1291
0.06432
0
0
0
0
0.05039
0
0
0
0
0
0
0
0
0.43295
0.55664
0.62296
0.55536
0.64705
0.67255
0.14029
0.53474
0.11339
0.13096
0.32191
0
0.19011
0
0.13739
0.06562
0.20338
0
0.55863
0
0
0.0338
0.01692
0.0506
0
0.01688
0
0
0
0
0
0.45091
0.69374
0.45696
0.32215
0.13765
0.23103
0.1797
0.07128
0.34626
0
0.19103
0.06813
0.115
0.23994
0
0.37794
0.03889
0.13661
0.14497
0
0.45033
0.05844
0.16185
0.39861
0
0.20927
0
0
0
0.05052
0
0
0
0.4445
0.42834
0.58504
0.68889
0.17332
0.65032
0.62645
0
0.06878
0.24598
0
0
0.20671
0.06935
0.02213
0.25469
0.14043
0.13772
0.06611
0.34846
0.27463
0.26563
0.65669
0.65542
0.33443
0
0
0
0
0.38715
0.59513
0.13723
0.82259
0.01875
0.13649
0.07116
0.20668
0.15761
0.25971
0.19733
0.38505
0
0.32119
0.39512
0.39835
0.65474
0.38635
0.0573
0.56224
0.21949
0
0
0
0
0.08424
0
0
0.44573
0.88792
0.12699
0.39302
0
0.15163
0.07121
0
0.35424
0.1667
0
0.13791
0
0.37803
0
0.47727
0.06682
0.31451
0.65425
0.13042
0.35088
0.57976
0.45732
0
0
0.31196
0.33459
0
0
0
0
0
0
0.04864
0
0.61326
0.70193
0.33554
0.63802
0.4743
0.38346
0.7653
0
0.58614
0.19172
0.75889
0.1331
0
0
0.06499
0.14081
0.13694
0.07409
0.11946
0.11932
0
0.25048
0
0.12861
0.52314
0.16931
0.05846
0.56452
0.37932
0
0.01678
0
0
0
0
0
0
0.44786
0.16556
0.27436
0.50603
0.57448
0.51419
0.60329
0.81981
0.71444
0.47866
0.82064
0.62798
0.29437
0.12512
0
0.37004
0.08194
0.06445
0.13799
0.32557
0.14044
0.41051
0.06665
0
0.19242
0
0
0.56302
0.05077
0.31499
0
0
0
0
0
0
0
0.34905
0.4267
0.2726
0.63791
0.6065
0.07183
0.02248
0.45974
0
0
0.36583
0
0.49359
0.06253
0.47265
0
0.05837
0.06601
0
0.1389
0.11934
0.24937
0
0.65637
0.56607
0
0
0
0.05135
0
0
0
0
0
0
0.14388
0.5369
0.72751
0.4977
0
0.02246
0
0.36686
0.37515
0.13974
0.0656
0
0.05786
0.05847
0.07387
0.13723
0.06602
0.06626
0.06628
0.05712
0.41054
0.13367
0.26697
0.36513
0.05651
0
0
0
0.04843
0.31414
0.33846
0.62442
0.63867
0.42584
0.26772
0.64315
0.62435
0.55267
0.887
0.14953
0.69945
0.05597
0.42148
0
0.06426
0.06839
0.13926
0.16108
0.07277
0.39957
0.35906
0
0.21512
0.05705
0
0
0.28022
0.52185
0.06774
0.29038
0.04524
0.01696
0
0
0
0
0
0
0
0
0
0.65654
0.51977
0.42973
0.54834
0.52502
0.57589
0.1365
0.13668
0.13732
0.24889
0.11953
0.05812
0.38797
0.09869
0.2795
0.25526
0.16298
0.04479
0
0
0.13051
0
0
0.05062
0
0
0
0.81442
0.51783
0.05636
0.62925
0.78403
0.13973
0
0.53635
0.7641
0
0.09068
0
0.13883
0.39678
0.37573
0.13058
0.13595
0.13678
0
0.03993
0.06636
0.31384
0
0.18236
0.34747
0.07637
0.23688
0
0
0
0.54562
0
0.50447
0
0.19538
0
0
0
0
0
0
0
0.88143
0.404
0.62668
0.71486
0.65801
0.27406
0.48012
0.60002
0.23687
0.07115
0.13933
0
0.20666
0
0.23055
0.01948
0.06622
0.10819
0.31403
0.05708
0
0.21839
0
0.51088
0.29007
0.16163
0
0.39842
0
0
0
0
0
0
0
0
0
0.6419
0.37219
0.54998
0.42566
0.15696
0.4355
0.48495
0.42864
0
0.34168
0
0.06407
0
0
0.38441
0.05815
0.06633
0.20282
0.47104
0
0.18489
0.37409
0
0.50815
0.07277
0
0.17279
0
0
0.2373
0.51124
0.15378
0.05779
0
0.37647
0.01706
0.18549
0
0.31408
0
0.6149
0.58974
0.53614
0.55333
0.6435
0.67846
0.88698
0.17545
0.51968
0.29481
0.881
0.69384
0.5482
0.5478
0.12692
0.06061
0.13117
0
0.44495
0.38826
0
0.32804
0.37675
0.12167
0.07171
0.06698
0.40867
0.0571
0.09994
0
0.19998
0.05627
0
0.34645
0.54256
0.22056
0.04844
0.05104
0
0
0.33318
0
0
0
0
0.40812
0.2379
0.05225
0.74542
0.42128
0.59849
0.6043
0.04581
0.20545
0.13822
0.38758
0.16519
0
0.50834
0.05801
0
0
0.10835
0.34608
0.41192
0.06676
0.05689
0.26786
0
0.05105
0
0.4143
0
0.37705
0
0
0
0
0.10039
0.52029
0.45983
0.66807
0.81346
0.38148
0.05988
0.12818
0
0.06047
0.07066
0.36842
0
0.32169
0.40002
0.20579
0.17801
0.08929
0.11357
0.31365
0.05897
0.12381
0.32232
0.06488
0.06624
0.44652
0.01961
0.06583
0.13774
0.41168
0
0
0
0.21869
0.55293
0.05616
0
0.12787
0.33421
0.33479
0.05173
0
0
0.05069
0
0
0
0.40723
0.24736
0.27338
0.72162
0.64197
0.06044
0.3156
0.06762
0.07101
0
0.37954
0.15617
0.13914
0.06821
0.38573
0.19745
0.07425
0.06516
0.12085
0.40887
0.02078
0
0
0.28815
0.24721
0
0
0
0.0548
0.33495
0
0
0
0
0
0
0
0.42444
0
0.72133
0.40927
0.57459
0.5542
0.0729
0.49089
0.26452
0.81407
0.12802
0
0.73313
0.45218
0.12768
0.26667
0
0.44527
0.21751
0.44648
0.33507
0.4493
0.4445
0.0662
0.37505
0.08724
0
0.12012
0
0.40493
0.42748
0.06662
0.05791
0.07871
0
0.25475
0
0
0.13036
0
0
0
0
0
0.47815
0.44414
0.17032
0.19365
0.70941
0.90486
0.44971
0.49791
0
0.11386
0.13793
0.06593
0.11953
0.15805
0.3782
0.4504
0.25886
0.05693
0.42343
0
0.05672
0.5742
0.03864
0.08336
0.05667
0.4034
0.27211
0.05088
0
0
0
0.04842
0
0
0
0
0.48656
0.74804
0.23815
0.55184
0.14016
0.2736
0.06061
0.32194
0
0.22043
0.23857
0.06572
0.06758
0
0
0.44651
0.29537
0.07368
0.28076
0.42592
0.13793
0.1381
0
0.27491
0.06604
0.40909
0.13327
0.05659
0
0.12593
0
0.38511
0
0.05629
0.48758
0.65178
0
0
0.12956
0
0
0
0
0
0
0
0
0
0.07587
0.49567
0.30253
0.4824
0.11458
0.11122
0.19611
0.19685
0
0
0.22242
0
0.20591
0.15044
0.44632
0.3223
0.02249
0.12959
0.38358
0
0.05737
0.05716
0.55724
0
0.24387
0.29128
0
0.05363
0
0
0
0.31469
0
0
0.44589
0.42696
0.57796
0.38465
0.81451
0.44743
0.05644
0.01881
0.04239
0
0.25079
0.3014
0
0.04656
0.51326
0.40602
0.03779
0.18189
0.36825
0.12734
0.20239
0.46741
0.37591
0.08551
0
0.44807
0
0.23719
0.26095
0
0.08698
0
0.05728
0
0
0.05162
0
0
0.05084
0.0239
0
0.05073
0
0
0
0
0.4535
0.4281
0.52109
0.40298
0.47804
0
0
0
0.07316
0.02047
0.16074
0.20426
0.31592
0
0.13803
0.01931
0.1224
0.04182
0
0.14195
0
0.12864
0.11418
0
0
0
0.51128
0.76761
0.40401
0.67281
0.77651
0.62708
0.55035
0.57908
0.18549
0.06799
0.27908
0
0.2567
0.07011
0.12141
0.06498
0
0
0.19562
0.13835
0
0.25569
0
0.14268
0.05651
0.05683
0
0
0
0.60156
0.21995
0
0.0507
0
0
0
0
0
0
0
0.5761
0.69302
0.6692
0.57831
0.86939
0.67011
0.3968
0.1311
0.43919
0.11739
0.06832
0.07182
0.09244
0.06011
0
0.2177
0.44689
0.06628
0.06559
0.17729
0.05677
0.0652
0.5596
0.05719
0.50235
0.26296
0.36634
0.33516
0.05151
0
0
0
0
0
0
0.27224
0.39681
0.63933
0.54345
0.80311
0.42754
0.6002
0.27335
0.06977
0.06799
0.91745
0
0.07166
0.07058
0.3628
0.1144
0
0.3965
0
0.14021
0.15579
0.20511
0
0.08724
0.19511
0.05663
0
0.06624
0
0.05753
0.25597
0.29249
0.0673
0.19743
0
0
0
0
0
0
0
0
0.02379
0
0
0.62317
0.20152
0.42151
0
0.12886
0.06853
0.12527
0
0.06389
0
0.28801
0.13803
0
0.06431
0.06467
0.38344
0.06531
0.32093
0.08755
0.02256
0.48721
0.13187
0.12
0.346
0.05681
0.34859
0.10112
0
0
0
0
0
0.31408
0.21019
0.5809
0.89891
0.62516
0.29922
0.64672
0.06786
0.0645
0
0.25005
0.14594
0.23984
0
0
0.13912
0.07425
0
0.06617
0
0
0.33352
0.40504
0.07307
0.18113
0
0.45273
0.16325
0
0.05734
0.13073
0
0.09142
0.05061
0
0
0
0
0.77388
0.47345
0.79879
0.56412
0.74548
0.49516
0.28161
0.40769
0
0.04265
0
0
0.50836
0.37449
0.16307
0.37664
0.15791
0.44541
0.12851
0.12024
0.05735
0.50464
0.43092
0.50498
0
0
0
0.05122
0
0
0
0
0.58454
0.58322
0.71735
0.42699
0.56648
0.85953
0.12486
0
0
0.0611
0.13884
0.07282
0.38232
0.07144
0.10194
0.06439
0.06577
0.0649
0.4021
0.15617
0.37403
0
0.13503
0.26204
0.33515
0.10798
0.10149
0
0
0.33316
0.22028
0.33433
0.60113
0
0
0
0
0
0
0
0
0.31455
0.53414
0.40883
0.36886
0.86486
0.79991
0.73491
0.41324
0
0.1918
0.40691
0
0.06377
0.13843
0.06822
0
0.55787
0.24864
0.09131
0.07251
0.37438
0.44573
0.06252
0.40946
0.11957
0.31373
0.0583
0.06642
0.14074
0.13223
0.05858
0.36611
0.13242
0
0
0.1289
0
0
0
0
0
0
0
0
0
0
0
0.64863
0.2227
0.50869
0.49398
0.79165
0.57949
0.69118
0.76819
0.83674
0.12648
0.44677
0.6302
0.69961
0.62849
0.26688
0.29608
0
0.05595
0.07088
0.02045
0.06029
0.32206
0.16691
0.14917
0.21419
0.38082
0.14065
0.06404
0
0.06564
0.37495
0.13677
0.50849
0.36466
0.48761
0.02213
0.02116
0.5566
0.49104
0
0.56519
0.52896
0.17274
0.42444
0
0
0
0
0
0.15593
0.42654
0.42573
0.62466
0.81464
0.36028
0.13654
0.26714
0
0.37362
0.14275
0.06105
0.04091
0
0
0.04243
0.04305
0.37682
0.07041
0.38892
0.20507
0
0.0582
0.37689
0.23907
0.0658
0.38716
0.05659
0
0
0.12931
0.13187
0.50456
0
0.4766
0
0
0.05063
0
0
0
0
0
0
0.42432
0.88316
0.17231
0.84056
0.8866
0.666
0.6432
0.27459
0.69581
0.83895
0.62751
0.47315
0
0
0.40514
0.06465
0.10705
0.37811
0.38398
0
0.06482
0.42905
0
0.43704
0.21848
0.21851
0
0.12934
0.01866
0
0
0.10845
0
0
0
0
0.06577
0
0
0.27246
0.82077
0.422
0.88118
0.45217
0
0.11654
0.10988
0.06401
0.32173
0.13564
0.0647
0
0
0.44793
0.17785
0.24976
0.07414
0.37611
0.02096
0.18097
0.59923
0.4574
0
0
0
0
0
0.05066
0
0
0
0
0.81754
0.79644
0.69191
0.60303
0.55214
0.37237
0.47378
0.77413
0
0.35968
0.47824
0.06103
0.14197
0
0.09239
0.07026
0
0.30221
0.26088
0.06894
0.0645
0
0.37599
0.48724
0
0.36218
0.23087
0.06778
0
0.05768
0
0
0.1296
0.1534
0.51335
0.61206
0
0.4673
0
0.06766
0
0
0
0
0
0
0
0.03235
0
0.40896
0.58071
0.61559
0
0.06875
0.32102
0
0.50383
0.136
0.06531
0.13554
0
0
0.06625
0
0.10934
0
0
0.03742
0.40462
0.13014
0
0
0
0
0
0
0
0
0
0
0.64071
0.62347
0.66583
0.72245
0.69681
0.4712
0.6979
0.6467
0.07156
0
0.04395
0
0.04286
0.11336
0.06975
0.12729
0.13841
0.23958
0.42532
0.02376
0.06404
0
0
0.181
0
0.20289
0.09525
0.1197
0.31393
0.10815
0
0.0565
0.02207
0
0.50492
0.30471
0.5443
0
0.56563
0.05182
0
0.12947
0
0
0
0
0.31446
0
0
0
0.60488
0.76426
0.40678
0.06722
0.18928
0.19177
0.06434
0.07167
0.06559
0.06404
0.02125
0.13664
0.13764
0.31333
0.12911
0.25578
0
0.02158
0
0.30824
0
0.48887
0
0
0.12941
0.05111
0
0.05087
0
0
0
0.19991
0.83814
0.55418
0.35808
0.42932
0.06901
0.06771
0
0.13601
0.06428
0.02159
0
0.06491
0
0.20238
0
0.14397
0
0.06401
0.23228
0.25472
0.11983
0.37452
0
0.56523
0
0
0.50759
0
0.45815
0.12977
0
0
0
0.42593
0.72392
0.63166
0.04181
0.13942
0.11355
0.54554
0.20017
0.02289
0.13608
0.06547
0.12181
0.28275
0.23772
0.06882
0.06433
0.06586
0
0.06442
0.06602
0
0
0.24967
0
0
0
0
0.05775
0.19737
0.25541
0.03842
0
0
0
0.019
0.26833
0.30781
0
0.33059
0
0.12927
0
0.05077
0
0
0
0
0.21925
0
0
0.77769
0.81382
0.45482
0.74995
0.07116
0.33996
0
0
0.09159
0.06502
0.06471
0.06456
0
0
0
0.16174
0.0668
0.40671
0
0.05779
0.06597
0
0.0583
0.28804
0.03909
0
0
0.4853
0.12919
0.43149
0
0
0
0
0
0
0
0.48098
0.65111
0.44629
0.48702
0.62747
0
0.14443
0.13793
0.11385
0.1381
0.07166
0
0.0216
0.13922
0.13779
0.0215
0
0.06489
0
0.04425
0
0.14785
0.20543
0.48681
0.06617
0.13364
0.14697
0
0
0
0.05616
0
0
0
0
0.16262
0
0
0.02249
0.29518
0
0
0
0
0
0
0
0
0.4895
0.27422
0.42375
0.1999
0.62174
0.07057
0
0
0.61494
0.13279
0
0
0
0.33581
0.07098
0
0.0706
0
0.06857
0
0.11954
0.19481
0.4889
0.38551
0.3861
0.31409
0.31413
0.06523
0.45084
0.06481
0.06247
0
0.20511
0
0.17092
0.04237
0
0
0
0
0
0
0
0
0
0.29207
0.09056
0
0
0.48863
0
0
0
0.16624
0
0
0.42803
0.6606
0
0.09265
0
0.19058
0.11297
0.11645
0.19741
0.06006
0.06458
0.1253
0
0.58021
0
0
0.04449
0.12717
0.15588
0.38357
0.48721
0.37697
0.02441
0.0656
0
0
0
0.05739
0
0
0
0
0.06949
0
0
0
0
0
0
0.03482
0.61955
0.49126
0.08031
0.13909
0.07
0
0.04882
0.13675
0.06455
0.0651
0.13861
0
0.06829
0.06885
0.02281
0
0
0.20489
0.0215
0.12824
0.06421
0.20326
0.06482
0.20326
0
0.27599
0.06543
0
0.50824
0
0.10056
0
0.32351
0
0
0.08735
0.2546
0
0.65304
0
0
0.3385
0.29033
0.12859
0
0
0
0
0
0
0.41326
0.37103
0.17541
0.64858
0.13622
0.26183
0
0.27342
0.07174
0
0
0
0.02119
0.07178
0.25126
0.32929
0.34479
0.28417
0.30449
0.13903
0.23055
0.364
0
0.07252
0
0.31475
0
0
0
0.05699
0
0.47711
0
0
0
0.33598
0.3342
0
0
0
0
0
0
0
0
0
0
0.32443
0.12718
0.17293
0.1903
0.06812
0.06746
0.06381
0
0
0.02128
0.06885
0
0
0
0
0
0.06521
0.06451
0.09234
0.06533
0.27521
0.05618
0.25115
0.25132
0.06768
0
0.0667
0
0.3461
0.06701
0.06728
0
0
0
0.04781
0
0
0
0.62428
0.47829
0
0.06386
0.32503
0.06986
0.0434
0.07097
0.06608
0.41521
0.11732
0.06517
0.09669
0.06603
0
0.12165
0.05781
0
0
0
0.02263
0
0.10449
0.2903
0
0.65312
0
0
0.07166
0
0
0
0
0
0
0
0
0.2125
0.02267
0.07008
0.0602
0
0.06968
0.06927
0.27386
0
0.32175
0.17116
0
0.29952
0.06867
0.52775
0.38606
0.04425
0
0.0645
0
0.06105
0.06444
0.06425
0.10671
0.0241
0
0.10788
0.10638
0.07877
0.1359
0.05769
0.12048
0.12913
0.13013
0
0
0.18186
0.64942
0.12807
0
0
0
0
0.05071
0
0
0.31413
0
0.62689
0.55485
0.09215
0.09306
0.02305
0
0.06933
0.06397
0.1702
0.02273
0.0712
0
0.06941
0.06532
0.25842
0.06506
0.04327
0.17592
0.21679
0.27531
0.02123
0
0
0.37366
0
0
0
0
0
0
0
0
0
0.55057
0.4754
0.40296
0.06809
0.06041
0.13771
0.30446
0.02287
0.13699
0.1991
0.0677
0.06908
0
0.06559
0.07008
0
0
0.06854
0.07062
0
0.06065
0
0.06473
0.11777
0.06401
0.06616
0.06405
0.14174
0.0663
0
0.1814
0
0
0
0
0.06619
0.05809
0
0.05717
0
0.27041
0
0.56031
0
0.12832
0
0.43192
0.05045
0
0
0
0
0
0
0
0
0.36684
0
0.39299
0
0.06843
0.34162
0.49832
0.11639
0.31526
0.13706
0.07027
0.06778
0.07039
0.04412
0.48546
0.04597
0
0
0.0685
0
0
0
0.06851
0.38513
0.06481
0.06483
0
0.11983
0.05812
0
0
0.12181
0.06258
0
0
0.55849
0.56592
0
0
0
0
0
0
0
0
0
0
0
0
0.43163
0.43195
0.06821
0.15805
0.06938
0.07013
0
0
0
0
0.19235
0.06883
0
0.06594
0
0.06563
0
0.06126
0.06631
0
0.04423
0.09252
0.3151
0
0
0
0
0
0
0.12948
0
0
0
0
0.1275
0
0
0
0
0
0
0
0
0.27367
0
0.07066
0.06583
0.06481
0.0649
0
0.04584
0
0.07361
0.06583
0.0709
0.31356
0.35644
0.20259
0
0.56166
0.34022
0.05732
0.05079
0.45114
0
0.131
0.44522
0
0.43123
0
0.12705
0
0
0
0
0
0
0.42402
0
0.04405
0.13612
0
0
0.32212
0.07081
0.2993
0.07042
0.06948
0
0.02154
0
0
0.06964
0.07047
0.0644
0.06548
0
0.06435
0.07081
0
0.06632
0.03794
0
0.20667
0.14308
0
0
0
0
0
0
0.50683
0
0
0
0
0
0
0
0
0
0
0
0.02129
0.06928
0
0
0.02281
0
0.02302
0
0.06475
0.27366
0
0
0.32204
0.32195
0.06899
0.19261
0.06495
0
0.31511
0.06623
0.12863
0.04426
0
0
0.05738
0
0.1292
0
0
0
0.63024
0
0
0.52369
0.0508
0
0
0
0
0
0.06825
0.07112
0.14019
0
0
0
0.18928
0
0.02133
0.0643
0.31517
0
0.05893
0.06689
0
0
0
0
0
0.13692
0
0.65193
0
0.12866
0
0
0.48912
0.072
0
0
0
0
0
0
0
0
0
0
0
0
0.04281
0.06535
0
0.1292
0
0.58506
0
0.12952
0.04456
0.21962
0.61675
0.56534
0
0.0441
0
0
0
0
0
0
0
0
0.04854
0.06464
0.06452
0.06424
0
0
0
0
0.05648
0.11603
0.12207
0.0661
0
0.55647
0.50798
0
0
0
0.26877
0
0
0
0
0
0.54565
0
0
0
0
0
0
0
0.12942
0
0
0.03842
0.50695
0
0
0
0
0.59082
0
0
0
0
0.3148
0.10717
0
0
0
0
0.12118
0.12964
0
0.05735
0
0
0
0
0
0
0
0
0
0
0
0
0
0.29482
0.12863
0.03845
0
0
0.22747
0.49143
0.52841
0
0
0.03745
0
0
0
0
0
0
0
0
0
0
0
0
0
0
0
0
0
0
0.20189
0
0
0
0
0
0
0
0
0
0
0.03242
0
0
0
0
0
0.13279
0
0
0
0.12413
0.32104
0
0
0.13195
0
0.17953
0
0.06699
0
0
0
0
0.04439
0
0
0
0
0
0
0.07097
0
0
0
0
0
0
0.34942
0.50114
0.05697
0
0
0
0
0
0
0
0
0
0.06622
0
0
0.33119
0
0
0.30342
0
0
0
0
0
0
0
0
0
0
0
0
0
0.17103
0
0
0.39327
0
0
0
0.39311
0
0
0.23037
0
0
0.31494
0.06602
0
0
0
0
0
0.61041
0
0
0.4875
0.33425
0
0
0
0
0
0
0
0
0
0.14878
0
0
0.14909
0
0
0
0
0.12196
0.06453
0
0
0
0
0.40855
0.02217
0.44515
0
0
0.45083
0
0
0
0
0
0
0
0
0
0
0
0
0
0
0
0
0.10634
0
0
0.59006
0.57003
0
0
0
0
0
0
0
0
0.4236
0.18152
0
0
0
0
0.10707
0
0
0.50703
0.30328
0
0.48972
0
0
0.28977
0
0
0
0.05106
0
0
0.39225
0.42342
0
0
0
0
0
0
0
0.42591
0
0
0
0
0
0
0
0
0
0
0
0
0
0
0
0
0
0
0
0.1796
0
0.10878
0
0
0
0
0
0
0
0
0
0
0
0.05886
0
0
0.20555
0
0.04459
0
0
0
0
0
0
0
0
0
0
0.06681
0
0.15567
0.56463
0
0
0
0
0
0
0
0
0
0
0
0
0
0
0
0
0
0
0.3144
0
0
0
0
0
0
0
0
0
0
0
0
0
0
0
0
0
0
0
0
0
0
0
0
0
0
0
0
0
0
0
0
0
0
0
0
0.0831
0
0.06562
0
0
0
0
0
0
0
0
0
0
0
0
0
0
0
0
0
0
0
0
0
0
0
0
0
0
0
0
0
0
0
0
0
0
0
0
0
0
0
0
0
0
0
0
0.1407
0
0
0
0
0
0
0
0
0
0
0
0
0
0
0
0
0
0
0
0
0
0.16626
0
0
0
0
0
0
0
0
0.3151
0
0
0
0
0
0
0
0
0
0
0
0
0
0
0
0
0
0
0
0
0
0
0.11434
0
0
0
0
0
0
0
0
0
0
0
0
0
0
0
0
0
0
0
0
0
0
0
0
0
0
0
0
0
0
0.10034
0
0
0
0
0
0
0
0
0
0
0
0
0
0
0
0.24674
0
0
0
0
0
0
0
0
0
0
0
0
0
0
0
0
0
0
0
0
0
0
0
0
0
0
0
0
0
0
0
0
0
0
0
0
0
0
0
0
0
0
0
0
0
0
0
0
0
0
0
0
0
0
0
0
0
0.2122
0
0
0
0
0
0
0
0
0
0
0.31431
0
0
0
0.08676
0.26653
0
0
0.28023
0
0
0
0
0
0
0
0
0.30502
0.31479
0.53177
0.04862
0
0
0
0
0
0
0
0.40504
0
0.20606
0.0643
0
0
0.2603
0.3016
0.21592
0
0.06485
0
0.44918
0.37556
0.33933
0.13321
0.18988
0.14078
0.47173
0
0.16618
0
0
0.10041
0.09025
0
0.20568
0
0
0
0
0
0
0.06411
0
0.05704
0
0
0.10932
0.1204
0.06462
0
0
0.61721
0.3959
0.1949
0
0
0.13555
0
0
0
0
0
0
0
0
0.26142
0
0
0
0.10975
0
0
0
0
0
0
0.10019
0
0
0.20206
0
0
0.06561
0
0
0
0
0
0
0.07765
0.08448
0
0
0.13113
0
0
0.21413
0.19225
0
0
0
0
0.06097
0
0
0.18949
0
0
0
0.12901
0
0
0.63481
0.38384
0.49
0
0.13249
0.1093
0
0
0
0.06594
0.06912
0
0.29281
0
0.12779
0
0.19728
0.12995
0.05982
0
0.13438
0
0
0
0.1701
0
0
0
0.05751
0
0
0.3922
0
0
0
0.15427
0.46564
0
0
0
0
0
0
0
0.14895
0
0
0
0
0.32865
0.42409
0
0
0
0
0
0
0
0
0.03239
0.02483
0
0.12919
0.17591
0.06555
0
0.33431
0
0.2721
0.13294
0.02264
0.25511
0.12957
0.06502
0.25052
0.05767
0.8131
0
0.01903
0
0
0
0.13566
0
0.06821
0.06628
0.04367
0
0
0
0.21427
0
0
0
0.04427
0.38206
0
0
0
0
0.05746
0
0
0
0.06774
0.28809
0.06517
0
0
0
0.12872
0
0
0.19649
0
0.17561
0
0.2017
0
0
0.37072
0
0
0.69979
0
0
0
0.59034
0.42384
0
0
0
0
0
0.37624
0
0
0
0
0.64952
0
0.40496
0
0.0902
0
0.07073
0
0.376
0.30728
0.18852
0.05187
0.13861
0
0.03615
0.51544
0
0.424
0
0.03951
0
0
0.13238
0
0
0.11268
0
0.12121
0
0
0.39887
0.14903
0.23588
0
0.31346
0
0
0.32185
0.04371
0.02043
0.25228
0
0.42423
0
0
0.69703
0
0
0.05969
0
0.25023
0
0
0.73356
0.05274
0
0
0.25674
0
0
0
0
0
0
0.02178
0.09515
0.32222
0.02195
0.38644
0
0
0.05201
0
0.10943
0.06565
0.09021
0.05116
0.06496
0.02248
0
0
0
0
0
0
0
0.12972
0
0.13027
0
0
0
0
0
0.19666
0.05983
0
0.06797
0
0
0.34668
0.10762
0
0
0.75338
0
0
0.42543
0
0
0
0.32152
0
0.21075
0
0.06476
0
0
0
0
0.20911
0.60528
0.05287
0.57354
0.03352
0
0
0
0
0
0
0.1352
0.10945
0
0
0
0.05692
0
0
0.03338
0
0
0.07458
0.29643
0
0.04208
0
0
0.73676
0
0.12998
0.04598
0.3351
0
0.32409
0
0
0
0.26168
0.26677
0
0
0.38852
0
0.32379
0
0
0
0.04271
0
0.19751
0
0
0
0
0
0.63795
0
0.09038
0.13628
0
0
0.34764
0
0
0.62403
0.79009
0
0.05081
0
0
0.05208
0
0
0.10606
0
0
0
0
0
0.31429
0
0.3155
0
0
0
0
0
0.06977
0
0
0
0
0
0.1299
0
0.18335
0.04479
0
0.07012
0
0
0
0.37793
0
0.31578
0
0
0
0.45697
0
0.06568
0.15121
0
0
0
0
0
0
0.13437
0.06058
0
0
0.38278
0
0.32457
0
0
0.06996
0.56268
0
0
0.09345
0.19541
0.13186
0.13852
0.26224
0
0.73337
0.18977
0
0.02078
0
0.48649
0
0
0
0
0
0.51447
0.23657
0
0.11628
0
0
0
0.37606
0
0
0
0.26523
0
0
0.05357
0.06455
0
0
0
0
0
0
0
0.24964
0.6549
0
0
0
0
0
0.25947
0.03386
0
0.13002
0
0
0.15093
0
0
0
0.04505
0
0.06483
0
0.27239
0
0
0
0
0.05075
0
0
0
0
0
0
0.11465
0.03904
0.06856
0.60536
0.33592
0
0
0
0.12973
0
0
0
0.04456
0.0662
0
0
0.13225
0
0
0
0.29403
0
0
0
0
0
0
0
0
0
0
0
0
0
0
0.04771
0
0
0.2512
0.58383
0
0.3138
0
0.21555
0
0
0.15031
0
0
0.31542
0.02289
0
0.06544
0
0
0
0
0
0.6722
0
0
0
0.06643
0.54388
0
0.03442
0.05164
0
0.2001
0.06543
0
0
0
0
0
0
0
0
0
0
0
0
0
0
0
0.12646
0.12073
0.25022
0.10234
0
0
0.73226
0
0
0.16735
0
0
0
0
0.10044
0.05726
0
0
0
0.06486
0.21155
0
0
0.32245
0
0.05414
0
0.90331
0
0.06238
0
0
0.06444
0.55418
0.05996
0.8202
0
0.06884
0.05108
0.36214
0
0.02133
0
0.22372
0
0
0.0513
0
0
0.06905
0
0.31453
0
0
0.17067
0.23406
0
0.11271
0.41034
0
0.1833
0.42431
0.56374
0
0
0
0.0665
0.01893
0.14072
0.65592
0.25173
0.15805
0
0.31269
0
0
0.12984
0.20294
0
0
0
0
0.54692
0.27498
0
0
0.47301
0.622
0
0
0.26185
0.20674
0
0
0
0.83692
0.06034
0
0
0.06734
0.13809
0
0.11367
0.01683
0
0
0.20236
0.28802
0
0.68307
0.13224
0.13287
0.05619
0.71937
0
0.05133
0
0.46546
0
0
0
0
0
0.19736
0.80412
0
0
0
0.43655
0
0
0
0.11956
0.06834
0
0.91567
0.06568
0
0
0.1982
0
0
0
0
0.06618
0
0.24938
0
0.28637
0.4183
0.53313
0
0
0
0
0
0
0.05086
0
0.06678
0.39404
0
0.06241
0
0.06793
0.25029
0.18786
0
0.05061
0.12912
0.12094
0.44429
0.42325
0
0.15674
0.19233
0
0
0.0556
0
0
0.1885
0.06597
0
0
0.0508
0.13741
0
0.33398
0
0.31449
0
0.25362
0
0.28834
0
0
0
0
0.10932
0
0.10906
0.21826
0
0
0.91735
0
0.36037
0
0
0.39227
0.10938
0
0
0.08851
0.06555
0.37517
0.44403
0
0
0
0
0.21654
0.37128
0
0
0.61534
0.08852
0
0.05982
0
0
0
0
0
0
0.05771
0
0
0.10935
0.27288
0
0.12629
0
0.05132
0
0.05345
0
0.15824
0.06911
0
0
0
0.36509
0
0.25077
0.44644
0.13762
0.49348
0
0
0.25062
0
0
0.10935
0
0
0.04797
0
0.21153
0.12529
0.36714
0.20068
0
0
0.46645
0.61127
0
0.10924
0
0
0
0.81668
0
0.04152
0
0.19657
0.06631
0
0
0.25202
0.3962
0
0
0.13264
0
0.25501
0
0
0.21873
0
0.05665
0.06966
0.04772
0
0
0.12636
0
0
0.13142
0
0
0
0.3242
0
0
0.45672
0.31508
0
0
0.06619
0
0
0
0.05661
0.1812
0.11757
0.47457
0.0664
0
0
0
0
0
0
0
0.38331
0.25089
0.55502
0.16084
0.30152
0
0
0.34482
0
0.84222
0.15129
0.31103
0
0
0.38401
0
0
0
0
0
0
0
0.62055
0
0
0.06544
0.06624
0
0
0
0.39409
0.24708
0.10038
0.31652
0.21773
0.10911
0
0
0.29467
0
0
0
0.31453
0
0
0
0
0.48304
0
0.13097
0
0.32601
0.06608
0.14038
0.12765
0
0
0
0
0.13811
0
0
0.06661
0.09205
0
0
0
0.04207
0.12448
0
0.0518
0
0
0.0743
0.42418
0
0.1605
0
0
0
0
0
0
0
0.128
0
0
0
0.02244
0.3221
0
0
0.63932
0.06595
0
0
0.18343
0
0.18121
0.109
0
0
0.10938
0
0.11638
0.0228
0
0
0
0.19382
0.63948
0.34652
0
0
0.13033
0.06104
0
0.1372
0.48927
0.37239
0.14032
0.39517
0
0
0.07956
0
0
0.06624
0
0.06526
0
0.42421
0
0.51538
0.0645
0
0
0
0.05634
0
0.38464
0
0
0
0
0.01921
0.06541
0.34008
0
0.25176
0
0
0
0
0.51076
0.23207
0
0
0.44589
0.38264
0.71366
0
0
0.12703
0
0
0.06609
0
0
0
0
0.13012
0.09138
0.14071
0
0.51131
0.05709
0
0.14894
0
0
0.81381
0.05005
0
0
0.79775
0
0
0.63879
0
0.51158
0
0.04352
0
0
0
0.06416
0.18834
0
0.13706
0
0.65119
0.05416
0
0.27973
0.14162
0.32357
0
0.12874
0
0
0
0
0.51588
0
0.02128
0.10941
0
0.10942
0.06578
0.13486
0
0.40945
0
0
0.12549
0
0.0694
0.13796
0.62778
0
0
0
0
0
0
0.30201
0.82319
0.5239
0.36584
0
0
0.19379
0
0.04283
0.12124
0
0.2326
0.19986
0
0.32444
0
0
0.13629
0.14101
0
0.05834
0.34942
0
0.17474
0.04044
0
0.05277
0
0.04579
0
0.17888
0
0
0
0.30012
0.05754
0.04359
0
0.12926
0
0.13799
0.13844
0
0
0
0
0.11616
0
0.08276
0
0
0
0.15474
0.54969
0.39673
0
0.04416
0.18862
0.31427
0.02482
0
0.07045
0.34711
0
0
0.06616
0.05038
0
0
0
0.17065
0
0.10042
0.13962
0.18742
0
0.08116
0
0
0
0.0523
0
0
0.56241
0.02121
0
0
0.12211
0.04437
0
0
0.07093
0.10942
0
0
0
0.06501
0
0
0
0.05799
0.15395
0.86039
0.78732
0.49262
0.20427
0
0
0
0.06469
0
0.05834
0.05082
0.06611
0
0
0.08469
0
0.69204
0.40548
0.9185
0.19177
0.34655
0.26357
0.04224
0.4922
0.29057
0
0.1381
0
0
0
0
0.06405
0.13274
0
0.10946
0
0
0
0.26119
0
0.27296
0.05995
0.59481
0
0.38695
0.37392
0
0
0.13441
0.12486
0.06744
0
0
0
0
0.22036
0.1373
0
0
0
0.10873
0.55167
0.33096
0
0
0.05144
0.04715
0.43577
0.09523
0.2062
0
0
0
0
0.40322
0
0.06077
0
0.3211
0.24133
0
0
0
0.05012
0.13282
0
0.18916
0
0
0.46264
0.46621
0
0.23004
0
0
0
0.12509
0.45034
0
0
0
0.0597
0
0
0
0
0
0.06428
0
0
0
0.11594
0
0
0
0.80035
0.05139
0
0.07117
0.20607
0
0.30267
0
0
0.34587
0
0
0.29172
0.69939
0.1207
0
0
0
0.56661
0
0.12118
0
0
0.11585
0.7732
0
0.10193
0
0.31472
0.06536
0.18086
0
0.19723
0.05727
0.29918
0.06506
0
0.15661
0
0
0.30481
0
0.48766
0.12817
0.0714
0
0.544
0.34452
0
0
0.06876
0.03653
0.12991
0.24261
0
0.39968
0.25094
0
0.14063
0.07072
0.0573
0.38445
0
0
0
0
0
0.58783
0.39968
0.10657
0.3237
0.06013
0.21091
0
0
0.34601
0.67199
0.43275
0.26847
0.42373
0
0
0
0.51302
0
0.26416
0.17306
0
0
0
0
0.20635
0
0
0
0
0.31458
0
0.81622
0
0
0.94411
0
0
0
0.32181
0
0.32887
0
0
0
0.08416
0.21721
0
0.1519
0.24941
0
0.32483
0.19787
0
0
0.06618
0.42359
0
0.13903
0.06529
0.20434
0
0.0507
0
0
0
0
0.81642
0
0.31222
0
0.11975
0
0
0.45955
0.46112
0
0
0
0
0.06825
0.10526
0
0.35888
0.06494
0.06394
0.08703
0
0
0
0.12876
0
0.32566
0.13626
0
0
0
0.65484
0.58547
0.06645
0.07059
0
0
0.09022
0
0.06573
0.65534
0
0.06486
0
0.01913
0
0.66793
0.38526
0
0.47388
0.14092
0
0
0
0.06865
0.06855
0.06907
0
0
0.02127
0.09017
0.18911
0.24899
0
0
0.31404
0
0.17796
0.10916
0.10956
0
0
0
0
0.05685
0
0
0.53094
0
0
0.05677
0.31791
0.48721
0
0
0.05332
0.63462
0.4306
0
0
0
0
0
0
0
0.27241
0.26005
0.17794
0
0
0.47813
0
0.09293
0
0
0
0
0.05083
0.17114
0.20987
0
0.3815
0
0
0
0.13191
0.07124
0
0.19622
0.26617
0.56168
0
0.05095
0.13015
0.37646
0
0.08417
0.06808
0
0.05659
0.05435
0.26121
0.04237
0.73791
0.06748
0
0.54057
0
0.45832
0
0.245
0.1095
0
0.45137
0
0.79149
0
0
0
0
0
0
0
0.0452
0.41945
0
0
0
0.35043
0.15235
0.45877
0.62745
0
0
0.62535
0
0.05201
0.04857
0.10032
0.46264
0.22234
0
0
0.16124
0.27372
0
0
0
0.06024
0.0723
0.06875
0
0
0
0.13225
0
0
0.06567
0
0
0.06141
0
0
0
0.05033
0
0.4567
0
0.01904
0
0
0.31551
0
0
0
0.14071
0.06445
0
0.18615
0.0572
0
0.25691
0.31461
0.57034
0.25264
0
0.80279
0.69884
0.06548
0
0
0.40365
0
0
0.31442
0
0.54069
0
0
0.08916
0
0
0
0.31532
0.12147
0
0
0
0
0
0
0.49448
0
0
0.04003
0.13988
0.26304
0
0
0
0.37202
0
0
0.24105
0
0.13797
0
0.79571
0
0
0.06625
0
0
0.10943
0.5344
0
0
0.06626
0.33017
0.51135
0
0
0.0214
0
0
0
0
0
0.02126
0
0.05096
0.06427
0
0.81875
0
0
0
0
0.29751
0
0
0
0.01768
0.23567
0.06761
0.18864
0.05375
0
0
0.37872
0
0.83763
0
0
0.18894
0.12602
0
0
0.42387
0
0
0
0
0.06557
0.18905
0
0
0.41619
0
0.48906
0.13537
0.05059
0.04553
0
0
0.0655
0
0
0.31319
0
0
0.66516
0.1283
0
0.07039
0.81406
0
0
0
0
0.32569
0.28184
0
0.13988
0.15138
0
0
0.12872
0.1295
0.32072
0.10951
0
0
0.10962
0
0
0
0.05654
0
0
0.06436
0.25033
0
0
0
0
0.05434
0
0
0
0.1862
0
0
0
0
0
0.15442
0.2406
0
0
0
0
0
0.05023
0
0.1375
0
0
0
0
0.10041
0.24903
0.06334
0
0.14874
0
0
0
0
0
0.07356
0.0654
0
0.1381
0.21622
0
0.65359
0
0
0.10359
0.06419
0
0
0.0222
0.27393
0.5169
0.31005
0
0
0
0
0
0
0
0.26177
0.08839
0
0
0.19159
0.3718
0.13797
0
0.23621
0
0
0.06013
0
0.54345
0
0.06071
0
0
0.37333
0.13452
0.12661
0
0
0
0.17917
0
0.10033
0
0.71439
0
0
0
0
0
0
0
0
0
0.15237
0.28726
0.24747
0.11944
0
0.53492
0
0
0
0.10302
0
0
0
0
0.20317
0
0.12922
0.45209
0
0
0.05723
0.12947
0.05217
0
0
0.06696
0.1269
0.34724
0
0.06056
0
0.13337
0.18057
0
0.05036
0.45069
0.05127
0
0.42881
0.26291
0
0.39902
0
0
0
0.0427
0.85681
0
0.09021
0.31379
0.16065
0
0
0.21447
0
0.05061
0
0.27621
0
0.31418
0
0
0
0
0
0
0
0
0
0
0
0.40787
0
0.06744
0
0.15663
0.54471
0
0
0
0.40119
0
0.12815
0
0.07106
0
0
0
0.06072
0
0
0.42713
0
0.06949
0.44846
0
0.14859
0
0.06917
0
0
0
0
0
0.3342
0
0.38023
0.01843
0
0.48314
0
0.5568
0
0
0
0
0.39191
0.1005
0.31432
0.07422
0
0
0.11663
0.06512
0
0
0.12877
0.37644
0
0
0
0
0.07401
0
0
0.39271
0
0.75219
0
0
0
0
0
0
0
0.0712
0.06614
0.10755
0.13126
0.07124
0
0.26668
0
0
0
0.13871
0.51094
0.42141
0
0
0
0
0
0.31166
0
0
0
0
0.62824
0
0
0.48351
0.25479
0.05041
0
0
0.12935
0.22997
0.1877
0.36019
0
0
0.12732
0.50825
0
0.05686
0.07246
0
0.10796
0
0
0.43825
0
0.06807
0
0.13177
0
0
0.05657
0
0.34752
0
0
0
0
0
0.19757
0
0.07738
0.05312
0.10925
0
0
0
0
0.13933
0.49706
0.30236
0
0.43704
0.32179
0.0711
0
0
0
0
0
0
0
0.40205
0.07261
0
0.91615
0
0
0.18556
0.329
0.16629
0.13108
0.73136
0
0
0
0.06622
0
0.32195
0
0
0
0.27324
0
0.06385
0
0
0.55385
0.32658
0
0
0
0.48088
0.1947
0.13798
0.59663
0
0
0
0.69987
0
0
0
0.2466
0
0.06869
0.05275
0.39447
0
0.72739
0.04727
0
0.39539
0.20492
0
0
0
0.10058
0
0
0
0.07048
0
0.07127
0
0.18758
0.0187
0.12833
0
0.38465
0
0.05689
0
0.55498
0.25996
0.61099
0.2641
0.42425
0
0
0
0
0.05951
0.15217
0
0
0.07175
0.42553
0.21054
0.07164
0.06703
0.02084
0.314
0
0
0
0.42602
0
0.05648
0
0.55757
0
0
0.20432
0.02283
0.52849
0
0
0
0.0425
0
0.42349
0.16058
0
0
0
0.10034
0.17317
0
0.42404
0
0.22912
0
0.55677
0
0.20435
0.25102
0.12036
0
0.42526
0.85421
0.06587
0.08739
0
0.13913
0.02136
0
0
0
0
0.70126
0
0.4341
0
0
0
0
0.81375
0
0
0.12019
0.60986
0.18193
0
0
0
0
0
0.31392
0.10036
0
0
0
0.39001
0
0.05081
0.79183
0.10939
0
0.19723
0.33518
0.03374
0
0.22262
0.06611
0
0.12833
0
0
0
0
0.29115
0.2289
0.36007
0.1704
0
0
0
0.07146
0.13661
0
0
0
0.138
0
0.12868
0.06096
0.4578
0
0
0
0
0
0
0
0
0.3587
0.05788
0.11384
0.13239
0.36629
0.20556
0
0.12675
0
0.05664
0
0.33369
0.37049
0.3707
0.05882
0
0
0.13564
0
0.60083
0
0.41272
0
0
0.06037
0
0
0.32023
0.39143
0
0
0
0
0
0.48619
0.40831
0
0
0.10936
0
0
0.26675
0.13006
0
0
0
0
0.12942
0.33518
0.40738
0.04996
0
0.05659
0.16517
0.10944
0
0.13687
0
0.05805
0.10927
0
0
0
0
0
0.5797
0
0
0
0
0.05397
0.84072
0
0.10046
0
0.05083
0
0
0
0
0.42445
0.38461
0.81396
0
0
0
0
0
0.42684
0
0
0.05705
0.06546
0
0
0.12988
0.45686
0
0
0.08617
0.20397
0.20386
0
0
0
0
0.37662
0.10946
0.22371
0
0
0
0
