0.10357
0
0
0
0
0
0
0.86359
0.05693
0.21201
0
0
0.36105
0
0.18767
0.04303
0
0
0
0
0
0
0
0.49071
0
0
0.4254
0.65901
0
0.06071
0.10524
0.21043
0.01773
0
0
0
0
0.10322
0.26659
0.13228
0
0
0
0
0.05532
0.42392
0.01605
0.35029
0.01686
0
0
0.10295
0
0.31449
0
0.05061
0
0
0.05042
0
0
0.05007
0
0.07545
0.10161
0
0
0.14516
0.01593
0.51967
0
0.17413
0
0
0.83275
0
0.15992
0
0
0.15164
0.41215
0
0.05526
0.05722
0.0659
0
0
0
0
0
0
0
0
0.52002
0.07535
0
0
0.23105
0
0
0
0
0
0.11833
0
0
0
0
0.13331
0
0
0.03843
0
0.83086
0.83151
0.10496
0
0.1059
0
0.10241
0.16928
0.05216
0.23012
0
0
0
0
0
0.43634
0
0
0
0
0
0
0.61624
0
0
0.47083
0.22182
0
0
0
0.26818
0
0
0
0
0.64547
0.13006
0
0.13971
0
0
0.06041
0.09848
0
0
0.05061
0.25235
0
0
0
0.13928
0.6677
0.66827
0
0.7379
0.12059
0.57741
0.10365
0
0.10508
0.22154
0.14855
0.23074
0
0
0
0.83091
0
0
0.73064
0
0
0.15439
0
0
0.01738
0
0.04795
0
0.05188
0
0
0
0
0.15765
0.06453
0
0
0
0
0.10659
0.04884
0.22515
0.42497
0
0
0
0
0.05066
0.0482
0.43874
0.15606
0
0
0.13255
0.32694
0.19207
0.23611
0
0.05493
0.35178
0.22256
0
0.19871
0.05068
0.78336
0
0
0
0.34729
0.05071
0
0
0.75226
0.37658
0.15739
0
0
0
0.05299
0
0
0
0
0.14102
0.26241
0
0
0.13037
0.12712
0
0
0.26927
0
0
0.08604
0
0
0.148
0
0
0.10337
0
0.05095
0
0
0
0.05699
0.14087
0.05087
0.05516
0.39935
0
0.42377
0.49469
0.34847
0
0.22261
0.41541
0
0.61709
0
0
0
0.19055
0
0
0
0.05498
0
0
0.04902
0
0.10361
0
0
0.65882
0.0506
0.10439
0
0
0.61789
0
0.28619
0.01699
0.14956
0
0
0
0
0.20515
0.1589
0
0
0.0571
0
0
0.82015
0.05187
0
0.17282
0
0
0
0.32505
0.08816
0
0
0
0.17968
0
0
0
0.10287
0.25797
0.56518
0.33289
0
0
0
0
0
0
0
0
0
0.71105
0.05361
0
0.1572
0.1313
0.52212
0
0.06023
0.1952
0.05538
0.10391
0
0
0.05018
0.10311
0.10297
0
0
0
0.66585
0
0.04972
0.46008
0
0
0.10963
0
0
0.01667
0.05004
0.12747
0.10308
0
0.05015
0
0
0
0.1572
0.12243
0.4883
0.76419
0.05587
0.04979
0.49127
0.61791
0
0
0
0.13264
0
0
0
0.05546
0.21033
0
0
0.07028
0.3581
0.20846
0.05013
0
0
0
0
0.0494
0
0.08634
0
0
0.05055
0.05272
0.35075
0
0
0.05113
0.25202
0.48833
0.1247
0.10502
0.16893
0
0
0.1317
0.25832
0.10258
0
0.25334
0
0
0.0507
0
0.21916
0
0.10595
0.33486
0.10299
0
0
0
0.04775
0.0551
0.11157
0
0
0
0
0.56881
0.05001
0
0.06745
0.07296
0.13135
0.05178
0.25108
0.05479
0
0
0
0.34668
0.0386
0
0
0
0
0
0
0
0
0.10105
0.27578
0
0
0
0
0.18224
0
0
0.21343
0
0.73356
0
0.63876
0
0.25543
0
0
0
0.58146
0
0
0.05064
0
0.30637
0.05332
0.19019
0
0.71888
0
0
0
0
0
0
0
0.05683
0
0.36161
0
0
0
0.57367
0
0
0
0.15362
0.10325
0
0.10002
0.31113
0
0
0
0
0
0.04505
0
0.61484
0
0
0.10289
0
0.23243
0.0963
0
0
0.12026
0.30067
0
0
0
0.0505
0
0
0.04233
0
0
0
0.0502
0
0.05006
0
0.31094
0
0
0.12249
0
0.23633
0
0.13249
0.18359
0
0.66468
0.05127
0
0
0
0
0.04512
0
0
0.0507
0.42654
0.05001
0.0507
0
0
0.10324
0
0
0.6378
0
0.24916
0.24852
0.52775
0
0.10479
0.13755
0
0.2444
0.22704
0.15894
0.15916
0.30821
0.12324
0
0
0
0.50017
0
0
0.10315
0.18649
0.1559
0
0.05432
0.26995
0.12004
0
0.05025
0
0
0
0
0.04943
0.65565
0
0.03372
0
0
0.65418
0
0.05021
0.19038
0.28425
0
0.58003
0.76307
0.53217
0.06434
0.13239
0.0511
0
0.1573
0
0.15617
0.05113
0
0
0.13839
0.13217
0.05553
0.12367
0.22552
0.10332
0.75554
0.0649
0.21073
0.15421
0
0
0.04911
0.19091
0.47064
0
0
0.11412
0.60983
0
0.13908
0.05676
0.7289
0.13246
0.1084
0.24046
0
0
0.30305
0.04783
0.06524
0.19313
0
0
0
0
0.14128
0
0
0.31303
0
0.16025
0.09554
0
0
0.28933
0.43106
0.13255
0.53494
0
0.08578
0
0.17023
0.05932
0.65897
0.05058
0
0.05007
0
0.37044
0
0
0
0.17281
0
0.15695
0
0.31771
0.17262
0
0
0
0
0.27165
0.05468
0.12929
0
0.57631
0
0.11204
0.05017
0
0.75404
0.38943
0
0
0.45742
0
0
0
0
0.55979
0.20057
0.18696
0
0
0
0.69625
0.9375
0
0
0.05005
0
0.34855
0.27171
0
0
0.17961
0.61115
0
0
0
0
0.50007
0.03753
0.05491
0.13762
0
0
0.33276
0
0
0
0.59155
0.05473
0
0
0
0
0
0
0
0.10442
0
0.51963
0
0
0
0
0
0.21167
0
0
0.58553
0.31664
0.02152
0.05072
0
0.15888
0.10321
0
0
0.05038
0.13241
0.5342
0
0.51669
0
0
0
0
0.05596
0.01696
0
0
0.12215
0.2578
0
0
0.5536
0.12028
0.17078
0.17344
0
0.01986
0.19307
0
0.85872
0
0
0
0
0
0.09313
0.15382
0.12221
0.05067
0.42748
0
0
0
0.04974
0.50098
0
0
0
0
0.44481
0
0
0.05747
0
0
0.52053
0
0.0477
0.33868
0.05565
0
0.21614
0.677
0
0
0
0.50828
0
0
0.06471
0
0.2631
0
0.53917
0
0
0.11362
0.98967
0.13247
0.13896
0
0.75433
0.1669
0
0
0.81618
0
0.71175
0
0
0.30429
0.30824
0.0371
0
0.2999
0
0
0.31237
0
0
0
0.78537
0.41838
0.37559
0.34363
0
0.35772
0
0.10444
0
0
0.04933
0.08569
0
0
0
0.18268
0
0
0
0.12057
0
0
0.37814
0.15995
0.05074
0.12322
0
0
0.48251
0.4571
0
0
0.08663
0.05061
0.2688
0.03371
0
0
0.29767
0
0.15657
0.3699
0
0.17335
0
0.13214
0.05658
0.65053
0.13244
0
0
0.33302
0
0
0.05084
0.13953
0.13188
0
0
0.03238
0.15655
0
0.13246
0.13969
0.52453
0.15922
0
0.13311
0
0
0
0.32166
0
0
0.05155
0.05503
0.10646
0.22401
0.05001
0.13361
0.15254
0.13251
0
0.68761
0.10573
0
0.1304
0.03987
0
0.15682
0.14948
0
0.26775
0.08511
0
0.05018
0.59072
0.0502
0.01585
0.05471
0.05048
0
0
0
0.12158
0
0.26353
0.35057
0
0.05502
0
0
0
0.60487
0
0.15928
0.25826
0.08502
0.01825
0
0.05501
0
0.05086
0
0.05053
0.57572
0.1221
0.42445
0.15714
0
0
0
0.0502
0.12274
0.05191
0
0
0.08837
0.25806
0
0
0
0
0.76238
0.0506
0
0.06404
0.68344
0.31513
0.05069
0.13247
0.10261
0.08677
0.10376
0.10393
0.62219
0.28874
0
0
0.10525
0
0.08826
0.62466
0.08824
0
0
0
0
0.06611
0.3568
0.05757
0
0
0
0.07093
0
0
0.12828
0
0.10496
0.03667
0
0.43363
0
0.04933
0.01825
0.10537
0
0
0.04989
0
0
0.15881
0.05012
0.49809
0.60159
0.13244
0.05309
0.24805
0.28846
0.19718
0.13263
0.73552
0.59111
0.62677
0
0
0.10599
0
0.05045
0
0
0
0
0
0.12234
0
0
0
0.05036
0.03306
0
0
0.15445
0.01686
0.13176
0.17896
0.48803
0
0
0
0.37363
0.05069
0
0.65826
0.54135
0
0
0
0.05064
0.10362
0.37533
0.04891
0
0
0.13241
0
0
0.10516
0.05404
0.01669
0
0
0
0.10448
0
0
0
0.05039
0.09422
0
0
0
0.19201
0.06648
0.13339
0
0.08415
0
0
0
0
0
0.30119
0
0
0.24911
0.13252
0.13016
0
0
0
0
0
0.05057
0.27344
0.8799
0
0.07647
0.24025
0
0
0.7819
0
0.13913
0.67061
0
0.1207
0.10224
0.10316
0
0
0.12086
0.20718
0.78699
0
0.73968
0
0.19738
0
0
0
0.17156
0.10339
0.74017
0
0.73485
0.68538
0.05046
0.15777
0.75057
0
0
0.05005
0.24285
0
0
0
0.11418
0.05215
0
0
0.24223
0.0502
0
0.19043
0.0564
0
0.13954
0.11716
0.8015
0
0.596
0.50555
0.12951
0.05191
0.36442
0
0
0.18792
0.05067
0.22
0
0.05071
0
0.06467
0.53338
0
0
0
0.05036
0
0.51812
0.73424
0.15524
0
0
0.10082
0
0
0.18215
0
0
0.57607
0.02162
0
0
0
0
0.2189
0.05196
0.0511
0.69418
0
0
0
0
0.05071
0.05192
0
0
0
0.08348
0
0
0
0
0.44426
0
0.58316
0
0
0
0.05194
0
0
0
0.10399
0
0.18352
0
0
0
0
0
0
0.27221
0
0
0
0.01686
0
0.05019
0.36506
0.10374
0
0.26575
0
0
0.11465
0
0
0
0.05085
0
0
0
0
0
0.03493
0.10749
0
0.05143
0
0
0
0
0
0
0
0
0
0.64295
0.35483
0
0
0.33271
0.32201
0.05053
0
0
0
0.05073
0.05139
0
0
0
0
0
0.10706
0.04856
0
0
0
0.1002
0.21374
0.04797
0
0.25827
0
0
0
0
0
0
0.05069
0
0
0.05005
0
0.1613
0
0
0.5899
0.05025
0.15571
0
0
0.16913
0
0
0
0
0.19048
0.3745
0
0
0.47402
0
0
0.15474
0
0
0
0.17262
0.79115
0
0
0
0
0
0.26761
0.05663
0.48672
0
0
0.15886
0.15607
0.05583
0.52325
0.24175
0
0
0
0
0
0.77808
0.02187
0
0.16642
0.20621
0
0.0514
0.04849
0
0
0.15421
0
0
0.12022
0
0.5075
0.63466
0
0
0.11848
0.24417
0
0
0
0
0
0
0
0.18027
0
0
0
0.15627
0.05185
0.12264
0
0
0
0
0.20172
0
0.31693
0
0.1076
0
0
0
0
0.15691
0.71627
0
0.10193
0.01867
0
0
0
0.04321
0.05774
0
0
0
0.10324
0
0.15927
0.32577
0.10496
0
0.05716
0.98245
0
0
0.35699
0
0.22979
0
0.39239
0.30341
0.0546
0.01928
0
0.05057
0.12314
0
0
0.56252
0
0.10594
0
0.46229
0.61496
0.37582
0.3128
0
0.11601
0.4068
0
0
0.19387
0
0.15876
0
0.0545
0
0.18005
0
0
0.33362
0
0.6646
0
0
0.65587
0
0
0
0.0504
0
0
0.06335
0.13445
0
0
0.80704
0
0.05039
0
0.01682
0.06768
0
0
0
0
0
0
0.12168
0
0
0.0344
0
0
0
0
0
0
0.1226
0.2241
0
0.13276
0
0.19654
0
0
0
0.05043
0.05609
0.80162
0.05429
0.24553
0.24263
0.32461
0
0
0.05025
0.14888
0
0.10936
0
0.65657
0.05095
0.33648
0.07036
0
0.10311
0
0
0
0
0
0.62181
0
0.06463
0
0.19777
0.12167
0.11961
0
0
0.2292
0.05062
0
0
0
0.17993
0.05069
0
0
0.27157
0.05006
0
0
0
0.05088
0
0
0.10013
0
0.23034
0
0
0
0
0.05465
0.05065
0.16255
0
0
0
0
0.01863
0
0.70701
0
0.19383
0
0.1051
0
0.67271
0.10361
0
0.05638
0.11105
0
0
0
0.2242
0
0.52266
0
0
0
0.05015
0
0.1021
0
0.60027
0.11806
0
0.15091
0.15208
0
0
0.05064
0
0
0
0
0.08434
0
0
0
0.06972
0
0
0
0.10026
0.27326
0
0.38316
0.03331
0
0.40288
0
0.47382
0
0
0
0
0
0
0
0.01985
0
0
0.21186
0
0
0.46139
0
0
0.28438
0
0
0.05604
0.22445
0.62105
0
0.14561
0
0
0
0
0
0
0.05076
0.21753
0.55285
0.33635
0.14959
0.19569
0
0.05116
0.18011
0
0
0.17516
0
0
0.1492
0.85793
0.04831
0.13457
0
0
0.26845
0.22839
0.3764
0.25797
0
0.04985
0.23098
0
0
0.31576
0.27475
0
0.0561
0
0.05263
0.53482
0.13284
0
0.05086
0
0
0.05493
0
0
0
0
0.12339
0.06984
0
0
0
0
0.03404
0.10508
0
0
0.09868
0.04955
0.0506
0
0
0.05067
0
0
0
0
0.0572
0.3829
0
0
0
0
0
0
0.80007
0.66057
0.05057
0.05738
0
0.04912
0.10315
0.05063
0.256
0.05071
0
0.09232
0
0
0
0.19206
0.1538
0.05066
0
0
0
0
0
0.72496
0
0
0
0
0
0
0
0
0
0.111
0.05061
0
0
0.057
0.39045
0
0.12923
0.70603
0
0.12401
0
0
0
0
0.68579
0.77213
0
0
0.05557
0
0.13266
0.10228
0
0.05017
0.25627
0
0.05016
0.05705
0.03231
0.0573
0.93237
0
0
0
0.10151
0
0
0
0.36558
0
0
0
0.1565
0
0
0
0.45271
0
0.24369
0.08776
0.06439
0.27173
0.05013
0.35992
0.05516
0
0
0
0.05519
0.05051
0
0.05386
0
0.15949
0
0
0
0
0.05023
0
0.05066
0
0
0
0
0.10825
0
0.46168
0
0.12428
0
0
0.01667
0.04909
0
0
0
0.08728
0
0
0
0.59428
0
0
0.17316
0.15531
0
0.04995
0.66735
0.5392
0
0
0
0
0
0
0.26066
0.03688
0
0.1089
0.69208
0.62291
0.18241
0.24775
0.23343
0
0.27211
0.05426
0.01862
0.05648
0
0.10703
0
0
0
0
0.05017
0
0
0.19741
0
0
0
0
0
0.05031
0.23679
0.15908
0.63793
0
0.10304
0.82942
0.05057
0.58201
0.38335
0.50614
0.10476
0
0.20343
0.29391
0.66254
0.4717
0
0
0.18092
0
0
0.04782
0
0.10469
0.12198
0
0
0.40489
0
0.29514
0
0
0
0
0
0
0.05534
0
0
0.15342
0
0
0
0.15664
0.05097
0
0
0
0
0.34576
0
0.05386
0.24452
0.14166
0
0
0
0.33277
0.19131
0.30123
0.05172
0
0.05164
0
0.10582
0
0.08633
0.04919
0
0
0.20755
0
0
0.05683
0.1583
0
0
0
0.13264
0.36933
0
0.17364
0.05569
0
0.05682
0
0
0
0
0
0
0
0.0568
0
0.0767
0
0
0.05932
0
0.2091
0
0.05443
0
0.05158
0.05048
0
0.04963
0.11349
0.105
0.10311
0
0
0
0
0
0
0.05514
0
0.04921
0.21175
0.15493
0.04939
0
0.77816
0.6013
0
0.44334
0.0319
0.06745
0
0
0.30479
0
0
0.18954
0
0.09874
0.79931
0.30188
0.13262
0.08604
0
0
0
0.05157
0
0.06975
0
0.70667
0.1741
0.10271
0
0
0.18742
0
0.05088
0
0.15531
0
0.23838
0.10072
0.6398
0.13273
0
0
0
0
0.11621
0.46332
0
0
0.05444
0.12226
0
0
0
0.17285
0
0
0.51479
0
0
0.17495
0
0
0.12768
0.76615
0
0
0
0.69105
0
0
0
0
0.25333
0
0
0.06041
0.33096
0.13977
0.01697
0.26881
0.10313
0.10391
0
0
0
0
0
0.15449
0
0.49011
0
0
0.83115
0.13079
0.04993
0
0
0.05186
0.19278
0.05
0
0
0.05456
0.10547
0
0
0
0
0.05187
0
0.15578
0
0
0
0
0.30157
0
0.10327
0
0.15818
0.04899
0.20235
0.49079
0.70374
0
0
0.55497
0
0
0
0
0.10328
0.04999
0
0
0
0
0
0.15506
0
0.06735
0.08511
0.03277
0.10856
0.23671
0
0.05141
0
0.21782
0
0
0.14062
0
0.05072
0
0.6316
0
0.09071
0.1151
0
0.50637
0
0
0
0.06591
0
0
0.0519
0.10324
0
0
0.03298
0.24426
0.17522
0.05912
0
0
0
0.05615
0
0.15703
0
0
0
0
0
0
0.13991
0.05132
0.06459
0.68679
0
0
0
0.05091
0
0
0.62759
0
0
0.05463
0
0.52689
0.19105
0.19111
0
0.11349
0.1419
0.04824
0
0.23756
0
0
0.27684
0
0
0.01595
0.22834
0.30741
0
0.08672
0.05269
0.06993
0.26129
0
0
0.04822
0.32289
0
0
0.10343
0.27401
0.05271
0.1504
0
0.14998
0.15893
0
0
0.10495
0
0
0
0.23005
0.35819
0.15918
0.68152
0
0.60672
0.10442
0.21412
0.24449
0
0
0
0
0
0
0
0.18706
0
0.60129
0
0.26976
0
0.10257
0
0.12337
0
0
0
0
0.13035
0.27453
0
0
0.12087
0.13766
0
0
0
0
0
0
0
0
0.11224
0.15946
0.48576
0.66377
0
0.12605
0.43504
0.13272
0.01657
0.74727
0
0.05083
0.54507
0.70557
0.05578
0.14137
0
0
0
0.07084
0
0
0
0
0.06362
0
0.21014
0
0
0.40792
0.10732
0.27299
0
0.75585
0
0.13824
0.5402
0.10306
0
0.18995
0
0
0.17059
0.19379
0.21858
0
0.04941
0
0
0.82036
0.05128
0.45831
0.03453
0
0.20832
0
0
0.13259
0
0
0
0.2157
0
0
0
0
0
0
0.05252
0.09102
0
0.22168
0.04789
0
0.05333
0.12074
0
0.15165
0.11131
0
0.44643
0.6408
0.51641
0.17901
0.15878
0
0
0
0.13871
0.0437
0.44266
0
0.10591
0.48756
0.30478
0
0.10332
0.04859
0.14097
0
0.46418
0.61939
0.10397
0.15558
0.05137
0.19694
0.58536
0.36762
0.1903
0
0.13259
0.43688
0.07392
0
0
0
0
0
0.05652
0.86112
0.2094
0.05033
0.05672
0
0.76934
0
0.05046
0
0
0
0
0.59519
0.05168
0
0
0
0.54558
0.60874
0.11858
0.10483
0
0.01615
0
0.61662
0.06884
0.19276
0.44737
0.1256
0
0.15032
0.31467
0.15676
0
0
0.05744
0
0.10745
0
0
0
0
0
0
0
0
0
0.5078
0
0
0.1739
0.05844
0.57396
0.13236
0
0.58049
0.10069
0.06953
0.1019
0.05064
0.57179
0.27088
0.04963
0
0
0
0.3309
0.05298
0
0
0
0
0.1055
0.11305
0.07202
0.05423
0.15043
0
0
0
0
0.11311
0.10466
0
0.26812
0
0
0.75822
0.30175
0.3708
0.05197
0.05598
0.05027
0
0
0.04966
0
0
0.72186
0.10544
0.24245
0
0
0
0
0
0
0.38511
0.10073
0
0.15945
0.14927
0
0.05694
0
0.05092
0.45264
0
0
0
0
0.05151
0
0.11355
0.27325
0
0.05744
0.10669
0
0.05405
0.10493
0
0
0
0.11805
0
0
0
0
0
0
0.10076
0.05012
0
0
0
0
0.13247
0.38758
0.11977
0
0
0
0.21777
0
0
0.06808
0.75644
0.12678
0
0.01898
0.51438
0.17367
0.14037
0
0
0
0
0.10626
0.04799
0.04955
0.10311
0.05233
0
0
0
0
0.05045
0
0
0.12442
0
0
0
0
0
0
0
0.06411
0.12949
0
0
0
0
0
0
0.30541
0
0
0.05124
0.27358
0.15612
0.1079
0
0.04788
0
0
0
0.61917
0.223
0.34764
0
0
0.09032
0.2931
0.12956
0
0.57642
0.13269
0.21427
0.42421
0.576
0
0
0.12143
0
0
0
0.61939
0
0.10656
0
0
0
0
0.42247
0.49477
0
0
0
0
0
0
0.67879
0
0.60156
0
0
0
0
0
0
0
0.07014
0
0.17336
0
0
0
0
0
0
0
0.11077
0
0
0.1293
0
0
0.3568
0
0
0.14703
0
0.37318
0
0
0.08703
0.30142
0.67649
0
0
0
0.08346
0.18371
0.15146
0.40809
0
0
0
0.26897
0.04447
0
0
0
0
0
0
0.30202
0
0
0.27543
0
0
0
0
0
0.25051
0.13013
0.38549
0.77266
0
0
0.01593
0
0
0.23667
0.11557
0.18584
0.43391
0.63323
0.04773
0
0
0
0
0
0.51699
0
0.18263
0
0
0
0
0
0
0.1025
0
0.29623
0.4243
0
0.05932
0
0.81386
0.38304
0.36281
0
0
0.04768
0
0
0
0
0
0.12919
0
0.35725
0.50929
0.34913
0.77223
0.01805
0
0.05587
0.05602
0
0.08121
0
0
0
0
0.10263
0.31426
0
0
0.10107
0.0665
0.34852
0.67578
0.13995
0.33356
0
0.05705
0
0
0
0
0.04782
0
0
0.05873
0
0
0.53536
0.59891
0
0
0.15388
0
0
0
0
0
0.63967
0
0
0
0.93663
0
0
0.14292
0
0
0
0.52865
0
0.10537
0.59107
0.76173
0
0
0.6246
0
0
0.08696
0
0.68157
0
0.7245
0.39723
0.80184
0
0
0.63778
0
0
0
0
0
0.31372
0.28975
0
0
0
0
0
0
0
0
0.1555
0.03233
0.38259
0
0
0
0
0
0
0
0.19199
0.05759
0.60876
0.01829
0
0
0.25718
0.10251
0
0
0
0
0.24409
0
0
0
0
0
0
0
0
0
0
0
0
0.18456
0
0
0
0
0
0.15258
0.73031
0.11336
0
0
0
0
0
0
0
0
0.14007
0.13088
0
0
0
0
0.19675
0.05506
0.10609
0.84696
0
0
0
0.07174
0
0
0
0
0
0.13088
0.13092
0
0.06014
0
0
0.15272
0.09567
0.01834
0.11464
0.05626
0
0
0
0
0
0
0
0
0
0.1512
0
0
0
0
0
0
0
0
0.34268
0.60425
0.20559
0
0
0
0
0
0.17805
0.22098
0.2506
0.55256
0
0
0
0.0584
0
0
0
0
0
0
0
0
0
0.01809
0
0.27456
0
0
0
0.56082
0
0.04773
0
0.06982
0
0
0
0
0.09568
0
0
0
0
0.3491
0.28952
0
0
0.21178
0
0.41804
0.56908
0.1702
0
0
0
0.77862
0
0
0
0.05542
0.17365
0.05535
0
0
0.05112
0
0
0
0
0
0
0
0.22992
0.04819
0.1714
0
0
0
0.16378
0.06496
0
0.21852
0
0
0
0
0
0.06054
0
0.23044
0.0404
0.10275
0.04798
0
0
0
0.0681
0
0
0
0
0
0
0
0.43621
0
0.09365
0.0509
0.12217
0
0
0
0
0
0
0
0
0.1533
0
0
0.04759
0
0
0.10461
0
0
0.23369
0.05095
0.15508
0
0
0
0.24684
0
0
0
0.11444
0.14963
0
0
0
0
0
0.10318
0
0.05063
0
0
0
0
0
0
0
0.20985
0
0.11452
0
0
0.01648
0.03921
0.18199
0.53078
0
0.45238
0.03398
0
0.07626
0
0
0
0
0.06459
0
0.05256
0
0.15244
0
0
0
0.3581
0
0
0.52617
0.9665
0.0507
0
0
0
0
0
0
0
0
0
0.06768
0
0.09654
0
0
0.53693
0.10285
0.05359
0
0
0.33406
0.27154
0
0
0
0.80154
0
0
0.15549
0
0.60503
0
0
0.10308
0
0.17015
0
0
0
0
0.0587
0.03599
0.11386
0.9081
0
0
0
0
0
0
0
0
0
0
0.19725
0
0.01964
0.05688
0
0
0.05385
0.05499
0
0.01821
0
0
0.05248
0.14812
0
0.04778
0.07031
0.05123
0
0
0
0
0
0
0.12771
0
0.12792
0
0
0.05403
0.05403
0.05389
0
0
0.80724
0.12032
0
0
0
0
0
0
0
0
0
0.05844
0
0
0.01828
0.04963
0.30474
0
0
0
0.20638
0
0.17104
0
0
0
0.25014
0.25887
0.26918
0.12132
0
0.18902
0.55314
0
0
0
0
0
0
0
0
0
0.21045
0
0
0
0
0
0
0
0.58227
0.05714
0
0
0
0
0.45592
0.21059
0
0.29246
0
0
0
0
0
0
0
0
0.71573
0.05412
0.05362
0.05024
0
0
0
0
0
0.05794
0.05116
0
0
0
0
0
0
0.04807
0
0.01891
0
0.10247
0
0
0
0.29575
0
0.08434
0
0
0.56006
0.30378
0.10565
0.0517
0.2501
0.01844
0
0
0
0
0
0
0
0
0
0
0
0.05662
0
0
0
0
0
0
0.03797
0
0.27361
0
0
0
0
0
0
0
0
0.05695
0.13313
0.45358
0
0
0
0.21807
0
0.10367
0
0
0
0.17016
0
0
0
0
0
0
0
0.40648
0
0
0
0.64012
0.10267
0.17
0.10317
0
0
0
0
0
0
0.15381
0.21204
0
0
0
0
0.12163
0.28985
0.1144
0
0.17008
0
0
0.05687
0
0
0
0
0.07784
0
0
0
0.13239
0.04776
0
0
0
0
0
0.11324
0
0
0
0
0.05429
0
0
0
0.05432
0.38211
0.42365
0
0.12256
0
0.12356
0
0
0.10346
0
0
0
0.0371
0
0.0562
0
0
0
0
0.17546
0
0.05465
0
0.42394
0.24315
0
0.17021
0
0
0
0
0
0
0
0
0.01777
0
0
0.2722
0
0.13301
0
0.11468
0
0
0.21803
0
0
0.21699
0.27383
0.17027
0
0
0
0
0.07837
0.0706
0
0
0
0.05597
0
0
0
0.27262
0
0.0547
0
0
0
0.11397
0
0
0
0.05637
0
0.37966
0
0
0.71714
0
0
0
0.273
0
0
0
0
0
0
0.05092
0
0.1164
0
0
0.04032
0
0
0
0
0
0.10186
0.17031
0.21723
0.13306
0.17177
0.11426
0
0.29286
0
0
0
0.24598
0
0
0
0
0.21729
0.10235
0
0
0
0
0.11451
0
0.11462
0.17118
0
0
0
0
0.17026
0.17026
0
0.17028
0
0.23067
0
0
0
0
0.46079
0.18038
0
0.58122
0.10398
0
0
0
0
0.19273
0
0
0
0
0.05755
0
0
0
0
0.17023
0
0.17026
0.16911
0.55289
0
0
0.22786
0.17011
0
0
0
0
0
0
0.10228
0.07786
0
0
0.10359
0
0.15668
0
0
0
0
0.14706
0
0
0
0
0
0
0.1341
0
0
0
0.10323
0
0.1782
0.5877
0
0
0
0.14777
0
0.11347
0.11384
0.0778
0
0.01924
0
0.515
0.23091
0.10336
0.05585
0.2749
0
0.7116
0
0
0
0
0
0
0
0
0
0.15285
0
0.29852
0
0.11991
0.10294
0
0
0.17779
0
0
0
0.49936
0
0
0
0.09645
0
0
0
0.03811
0
0
0
0.11484
0
0
0
0
0.05353
0
0
0.15331
0
0
0.27306
0.11325
0
0
0
0.18885
0
0
0
0
0.25251
0
0
0
0
0.05917
0
0
0
0
0.09343
0
0.13913
0
0
0
0
0.45783
0.27428
0.11329
0.19197
0
0.36959
0
0
0
0
0
0.1723
0
0
0
0.59295
0
0
0
0
0
0
0.09476
0.24553
0
0
0
0
0
0
0
0
0
0
0.10394
0.12207
0.41186
0.86305
0
0
0
0
0
0.11451
0
0.35652
0.05624
0.05493
0
0.11388
0.10372
0
0.10463
0
0.01986
0
0.17269
0
0.05761
0
0
0
0
0
0.2029
0
0
0
0.01924
0.05944
0
0
0
0.53917
0.05674
0
0.14688
0.10445
0.41369
0.05963
0.23057
0.05941
0.11696
0.23156
0.11635
0.25661
0
0.05789
0
0
0
0
0.23073
0.23094
0.01897
0
0
0.03964
0
0.10427
0.01613
0
0.23038
0
0
0.11859
0.11714
0.01912
0.0777
0
0.23114
0
0.03975
0
0
0
0
0
0
0.17331
0
0
0.01871
0
0.05721
0.05451
0
0
0.22978
0
0
0.11431
0
0.15238
0.27123
0
0
0
0
0.11849
0
0.1734
0.23089
0.23079
0
0
0.11504
0
0
0
0
0
0.23069
0
0
0.19423
0
0
0
0
0
0.07165
0
0
0.07853
0.22959
0.23127
0
0.03766
0
0
0
0
0
0
0
0.08
0.2293
0
0.07903
0
0.11336
0.10314
0
0.05724
0
0
0
0.23127
0
0
0.21078
0
0.5843
0
0
0
0
0
0
0
0.10073
0
0
0
0
0.05068
0
0.11989
0.07102
0.057
0.01981
0.05459
0.13675
0
0.15476
0
0.23592
0
0.73748
0.12269
0.08508
0
0.15465
0.05651
0.05194
0
0
0
0
0.56744
0.05024
0.0547
0
0
0
0
0
0
0.33849
0
0
0.84479
0.26585
0
0
0
0.31574
0.4852
0.77839
0.03745
0
0.15479
0.27078
0.12888
0.30593
0.55279
0.33233
0.38358
0
0
0
0
0
0.17218
0.52413
0.08314
0
0.55369
0.31164
0.44153
0.21928
0
0
0.31208
0.33069
0.28824
0.57631
0.34087
0
0
0
0
0
0
0
0
0
0.17462
0.22345
0.18665
0.58903
0.78313
0.29849
0
0
0
0.05656
0
0
0.10352
0
0.0491
0
0
0.20407
0.18553
0.61507
0.53016
0.17273
0
0.15458
0.1495
0
0
0
0
0.12722
0.12721
0.14671
0.10475
0.17477
0.18679
0
0
0.1807
0
0
0
0.15169
0
0
0
0.06162
0
0.16188
0.30679
0.29971
0.18084
0
0
0.17971
0
0
0.19781
0
0.22165
0
0
0.01862
0.07542
0.11202
0
0.50481
0
0.15317
0
0
0
0.4921
0
0
0
0
0
0.19703
0
0
0.2448
0
0.45887
0
0
0.48938
0.14169
0
0.12797
0
0.31497
0.58777
0
0
0.42108
0.31485
0
0
0.73131
0
0.42885
0.37003
0.08464
0.01836
0
0
0
0.31475
0.18408
0
0.03681
0
0
0.0489
0
0
0.68306
0
0
0
0
0
0
0.04995
0.10362
0.43834
0
0
0
0
0.23732
0
0
0
0.0584
0
0
0
0.04689
0.4249
0
0.26906
0.2091
0.26819
0
0
0.08536
0
0
0
0
0.05607
0
0
0
0.59766
0
0
0
0
0
0
0.15394
0.10329
0
0
0
0.15864
0.04296
0.17849
0.23454
0
0
0
0
0
0
0
0
0
0.05821
0.31539
0
0
0.39634
0.27957
0.06371
0
0
0
0.05072
0.29482
0.10296
0.0368
0
0.54144
0
0
0.06325
0.0839
0.15966
0.26892
0.04957
0
0
0.51509
0
0.16667
0
0
0.34663
0
0
0.05639
0
0.05819
0
0
0
0
0
0
0
0
0
0.11459
0
0
0.0221
0.69204
0.71746
0.86257
0.15362
0
0.03843
0
0
0.16001
0.54611
0.578
0
0.34413
0.04796
0.53982
0.39252
0.01949
0
0.06024
0.24652
0.84319
0.04961
0
0.15012
0.15085
0
0.91972
0.03219
0.35921
0.50519
0
0
0
0
0
0
0
0
0
0.14195
0
0
0
0.80159
0.0574
0.05482
0.14991
0
0
0.10446
0
0.80744
0.32021
0
0
0
0.05315
0.16892
0.50755
0
0.1974
0.66601
0
0
0
0.38194
0
0
0.23035
0.3398
0.65756
0
0.28207
0
0.2101
0
0.65502
0
0
0
0.11412
0
0
0.11741
0
0.07928
0
0.05625
0.15093
0
0.29002
0
0.32265
0
0.01945
0
0
0
0
0.93392
0.61915
0
0
0
0
0
0
0.57668
0
0.04783
0
0
0
0
0
0
0.12342
0
0
0
0
0
0
0
0
0
0.05599
0
0
0.50344
0
0
0.05011
0
0
0.236
0.0567
0
0
0
0.04309
0.85798
0
0
0.06632
0
0.17843
0
0.10338
0.04821
0
0
0
0
0
0
0
0
0
0.05342
0
0.15318
0
0.31078
0
0
0
0
0
0
0
0.27903
0.04806
0.04844
0
0.05506
0
0
0.05426
0
0.04982
0
0.05441
0
0.09493
0
0
0
0
0
0
0
0.1304
0.32904
0.49819
0.06493
0.37328
0
0.19196
0.0502
0.0553
0.19506
0.1969
0
0.67106
0
0
0
0.85151
0
0
0
0.05504
0
0.01616
0
0
0
0
0
0
0
0
0.19181
0.11555
0.10315
0
0.0397
0
0
0
0.15171
0.14999
0
0
0
0
0.14226
0.01964
0
0
0.15199
0
0
0.1918
0
0
0
0.89199
0
0
0.25878
0
0.04792
0
0
0
0.04847
0
0.30415
0
0.41417
0.1311
0.75612
0
0
0
0.2762
0.05402
0.54104
0
0
0
0.60002
0.16275
0
0.84146
0
0.22259
0.13079
0
0
0
0
0
0.05109
0.47893
0.1804
0
0
0
0.48713
0.13259
0
0.1324
0
0.48596
0.05443
0
0.05364
0.5135
0.32608
0.05367
0
0.87534
0.14984
0
0
0.25689
0
0
0
0
0.01915
0.06636
0.04792
0
0
0.05667
0.84592
0.58658
0.4455
0
0.05483
0.26834
0.25619
0.74048
0.04986
0
0
0
0
0.14946
0
0
0.05725
0.05463
0
0.74055
0.0404
0
0.05279
0
0
0
0.1286
0
0
0
0
0.19985
0
0
0
0
0.1521
0
0
0
0
0.62616
0.64624
0
0
0
0
0
0
0.16988
0
0.13212
0.68514
0.1203
0
0
0
0
0.32119
0
0.50231
0
0
0.10202
0.19196
0
0
0.05721
0
0.23641
0
0
0.64612
0.18692
0
0.05492
0
0.08489
0
0
0
0
0.08701
0
0.38236
0.11381
0
0.06562
0
0
0.08618
0
0
0
0.2364
0
0
0
0
0
0
0
0
0.188
0
0
0
0
0
0.28711
0.12373
0
0
0.14939
0
0.52755
0
0
0.05581
0.11998
0
0.35411
0
0
0
0
0
0
0
0.62323
0
0
0
0.1497
0.15237
0
0
0
0
0
0.30193
0
0.13157
0.11632
0
0
0.96164
0
0
0
0
0
0
0
0
0.19437
0
0.05349
0
0.05819
0.04959
0.23042
0
0
0
0.10076
0
0.18571
0.25385
0
0.52561
0
0
0
0
0.02004
0
0.05917
0
0.04772
0
0.1837
0.13152
0.36487
0.34033
0.09963
0
0.1225
0
0
0
0
0
0.66347
0
0.17246
0.13243
0.04806
0
0
0
0
0
0
0
0
0
0
0
0
0.01803
0
0.19535
0
0.12067
0.88696
0.05558
0
0
0
0.03852
0
0
0.14979
0.05469
0
0.05126
0.38921
0.30516
0
0.45956
0.05695
0.065
0.11877
0
0.1495
0
0.13161
0
0
0.61521
0
0.36872
0.37327
0.10445
0.22989
0.22936
0.04989
0
0
0.51741
0
0.65532
0.39234
0
0.11087
0.4687
0
0.04834
0
0.15157
0
0
0.05595
0.05436
0
0
0.51246
0.66316
0
0
0
0
0
0
0.40492
0
0.35716
0
0.53175
0.53811
0
0
0.13691
0
0.13609
0
0
0
0
0.54595
0.13238
0
0
0.19187
0
0.01965
0
0
0.0489
0
0.12265
0.23675
0.58456
0
0
0.50325
0.05719
0
0
0
0
0
0
0
0
0
0.55584
0
0
0
0
0.63118
0.36413
0
0
0
0.36974
0
0
0
0
0
0
0
0
0
0.05823
0.05193
0
0.05862
0.25937
0.16724
0
0.10469
0.52025
0
0
0
0
0.31318
0.15847
0.10276
0
0
0.25415
0.37418
0
0.05649
0.35244
0
0
0.56973
0
0.05144
0.10377
0.33386
0.65847
0.21171
0.71084
0.69779
0.28885
0.47798
0
0.83168
0.15608
0.30113
0.29102
0
0.04967
0
0.06825
0.33292
0.18062
0
0
0
0
0.31544
0.03683
0.61132
0.3215
0.17139
0
0
0.37852
0
0
0.42474
0.10271
0.27195
0.53167
0.14997
0
0
0
0
0.03396
0
0
0
0.29225
0.52093
0
0.05703
0
0.14125
0.58797
0.36064
0
0
0
0
0
0.37754
0
0.71336
0.45282
0
0
0
0.74121
0.05999
0
0
0.33251
0.2769
0
0
0.41123
0.43642
0
0
0
0
0
0.19311
0.42462
0.05611
0
0
0
0
0
0
0.10392
0
0
0
0
0
0.08665
0
0.05149
0
0
0
0
0
0.11695
0.31981
0
0
0
0.18394
0
0.66189
0
0
0
0.50763
0.7206
0
0.12266
0.28237
0.29455
0
0.80439
0
0
0
0.33298
0
0
0
0
0
0
0
0.03458
0
0.57025
0
0
0
0
0
0
0
0.2678
0.2983
0
0
0
0
0
0
0.25658
0
0.36595
0.67894
0.65314
0.22959
0
0
0.08781
0.16402
0
0.18196
0
0.10298
0
0
0.22896
0
0.17397
0
0
0.21881
0
0
0
0
0.05761
0.05656
0.61497
0.06655
0
0.44501
0
0
0
0
0
0.06482
0.28201
0.33375
0.04919
0
0
0
0
0
0
0.05563
0
0.06375
0.10285
0.53246
0.04771
0.03505
0
0.21338
0
0
0
0
0
0
0.10291
0.08812
0.16466
0
0
0
0.04837
0.05518
0.08791
0
0.07056
0.1039
0.62442
0.60912
0.32172
0
0.18153
0.47224
0
0.03441
0.05588
0
0
0.55597
0.10282
0
0
0
0.26859
0
0
0
0
0.43849
0
0
0.05682
0.05705
0
0.61219
0.04817
0
0.2964
0.15664
0.04963
0.5484
0.71316
0
0
0
0
0.74535
0.25909
0.05105
0.19065
0
0.59531
0
0
0.18729
0
0
0.71592
0.26465
0
0
0
0.10561
0
0.75848
0
0.65413
0
0
0.01956
0
0
0
0
0.25789
0.3324
0.81425
0.10648
0.10494
0
0
0.05006
0
0.05615
0
0
0
0
0
0
0
0.04299
0.34327
0.33239
0
0
0.72137
0.54749
0.24542
0
0.02137
0
0
0.31313
0.67135
0.5946
0
0
0
0
0.15372
0
0.07783
0.05294
0.04937
0
0.10336
0.48419
0.10413
0.6862
0.2559
0
0.05038
0
0
0
0
0
0
0
0.52274
0.67067
0
0.13475
0.80755
0
0
0
0
0
0
0
0
0.15174
0.5191
0.59708
0.20363
0.71741
0.48942
0.07381
0.40654
0
0
0
0.10424
0
0
0
0
0.01611
0
0.25797
0.04541
0
0.31124
0.10248
0
0.25462
0
0.46754
0.44845
0
0.03816
0
0
0
0
0
0.15119
0
0
0
0
0.15625
0
0.47259
0.12072
0.07469
0.05788
0.06526
0.80279
0
0.05766
0.05017
0
0.46228
0
0.12104
0.10291
0
0
0
0.04828
0.04833
0
0.0637
0
0
0.06566
0.59107
0
0.52484
0
0
0
0
0
0.10388
0
0.04842
0.35477
0
0
0
0.48691
0.41068
0.05719
0.05323
0
0.05598
0.70375
0
0
0
0
0.04847
0
0
0
0
0.13256
0.23049
0.31573
0.06962
0
0
0.05407
0.14913
0.71555
0
0
0
0
0
0
0.15194
0.05259
0
0.55432
0.56152
0
0.05252
0.05342
0.05325
0.10385
0
0
0
0
0
0
0
0
0
0.03226
0
0
0
0.11399
0.08959
0
0.12109
0
0
0.38893
0.05495
0
0.15093
0.06653
0
0.57277
0
0
0
0.15364
0
0
0.18357
0
0.10293
0.5373
0.12062
0.65494
0.05288
0
0.10303
0.11835
0.15161
0.15078
0
0
0.04917
0.04817
0
0.41336
0.23194
0.13421
0
0
0
0
0.05444
0
0
0
0
0.65549
0.2032
0.08539
0
0.22062
0.65539
0.84417
0.2219
0.58823
0
0.12961
0
0.22272
0.60342
0.75809
0.37767
0.57115
0.81178
0.5816
0.25895
0.07743
0.68647
0.26314
0.23086
0
0.43891
0
0.88282
0.15062
0.10238
0
0.46752
0.18695
0
0
0.04796
0.15157
0.44634
0.04763
0
0.09823
0.11913
0.25836
0.15209
0.11927
0.05701
0.36132
0.19288
0.13463
0
0.08574
0.11839
0.15265
0.1528
0
0
0.10294
0.10328
0
0.05585
0.19386
0.35505
0.27921
0.06528
0
0.51567
0
0
0.08123
0.3797
0.86133
0.50681
0.33198
0
0.25854
0
0.06007
0.45504
0
0.10392
0.08531
0.10399
0.2314
0
0.48391
0.70229
0
0.19959
0
0
0
0.04936
0
0.38702
0
0.67244
0
0
0.05527
0.56889
0.25835
0.05756
0.18398
0
0.12062
0
0
0.28986
0
0
0.71193
0.25829
0.25829
0
0.18356
0.24521
0.38006
0.34254
0.60716
0.13331
0.24658
0
0.29422
0
0.32487
0.06997
0
0
0.26466
0
0.64738
0
0.37767
0.33661
0.53095
0
0
0.10223
0.23099
0.23648
0.03819
0.12007
0.32378
0.13238
0.17271
0.63577
0.27925
0
0.18276
0
0
0.17086
0.51753
0.31738
0.52706
0.79419
0.17476
0.18252
0.62234
0
0
0.79034
0.22463
0.11125
0.19192
0.1707
0
0
0
0
0
0
0.21109
0.11064
0.84631
0
0
0
0
0
0.37986
0
0.2584
0.04779
0
0.15295
0.1941
0
0.04776
0.53144
0.13245
0.1146
0.47853
0
0.6368
0.70798
0
0
0.18587
0
0.63735
0.25615
0
0.1237
0.16835
0.24012
0.27881
0.23193
0.44747
0
0
0.3523
0
0
0.65991
0
0
0.13224
0.34321
0.09263
0.25853
0.38011
0.21174
0
0
0.11988
0.06444
0.43638
0.06421
0.40381
0.20658
0.13971
0.32219
0
0.65557
0.32475
0
0.16666
0
0.19376
0.05644
0.10896
0.12122
0.07629
0
0.6086
0
0
0.1276
0.1359
0
0
0.35397
0.06465
0
0
0.57528
0
0
0.23525
0.42025
0
0.82748
0
0
0
0
0
0.37426
0.5415
0.66203
0
0
0
0
0
0
0
0
0.11099
0
0.66303
0
0
0
0
0
0.55444
0.25848
0
0
0.03731
0
0
0
0
0.62791
0.25821
0.61224
0.61827
0
0
0
0
0
0
0
0.69578
0
0.2154
0.50123
0.05516
0.38389
0
0
0
0
0.10102
0.4851
0
0
0
0
0.14964
0.37989
0
0
0
0
0
0
0
0
0.48529
0.40582
0.39766
0
0
0.15608
0.06556
0.25302
0
0
0.75269
0.3925
0.77471
0.06406
0
0
0.11085
0.40531
0
0
0
0
0
0
0
0.71166
0
0.07637
0
0.80034
0.21006
0.08073
0
0
0
0
0
0
0.18562
0.47958
0
0.60371
0.11923
0
0
0.08788
0
0
0
0
0
0
0.10426
0
0
0
0
0
0
0
0
0
0
0.58584
0
0.19682
0.17204
0.59926
0.01867
0.71128
0
0
0
0
0
0
0
0
0
0
0
0
0.68882
0.70754
0
0
0
0
0
0
0.71201
0.67526
0
0
0
0
0
0
0.59967
0
0.47736
0
0.59769
0.64178
0
0.34304
0
0
0
0
0.04214
0
0
0
0
0
0
0
0
0.2951
0.25083
0.12998
0.33686
0.07544
0.2254
0
0
0
0.15319
0.65783
0
0.6768
0
0.88468
0.71493
0
0
0
0
0
0
0
0.12341
0
0
0.0586
0
0
0
0.25825
0.68591
0
0
0
0
0.19674
0.19531
0
0
0
0.65924
0
0
0
0
0
0
0
0
0
0.11366
0.40198
0.16924
0
0.21744
0.59703
0
0
0
0
0.38727
0.62783
0
0.19291
0.30713
0
0
0
0
0
0
0.52401
0
0
0.07689
0
0
0
0.23969
0.05095
0
0
0
0
0.2788
0
0
0.19178
0.11739
0
0
0
0
0
0
0
0
0.10661
0.27271
0
0.28355
0.13641
0.25091
0.12049
0.10673
0.08757
0
0
0
0
0
0
0.25639
0
0
0.36143
0.19048
0
0.13095
0.05438
0
0
0
0
0
0
0.62304
0.18083
0.30856
0.4222
0.13188
0.06607
0
0
0
0
0
0
0
0
0
0
0.12063
0
0
0
0
0
0
0
0
0
0
0
0
0
0
0.06516
0
0
0
0.10263
0
0
0
0
0
0
0
0
0.0644
0
0.84503
0
0.11433
0
0
0
0.7184
0.12215
0.15231
0.60967
0
0
0.10559
0
0
0.19119
0.0182
0
0
0
0
0
0.16959
0.466
0.74983
0
0.27159
0.16977
0.55227
0.0587
0
0
0.77346
0.08631
0.19949
0.06489
0
0.0517
0
0.03718
0
0
0
0.65231
0
0
0.58912
0.30658
0.13264
0.01736
0.8641
0.16651
0.20884
0
0.15256
0.63494
0.2618
0.33287
0
0
0.43797
0.25155
0.13214
0.01965
0.11648
0.03707
0.05622
0.17026
0.42938
0.11965
0.17024
0
0.31593
0
0.31763
0.10005
0.01989
0
0
0.23699
0.10243
0
0.10386
0
0.10334
0.62022
0.09422
0.05925
0.05415
0.19244
0.69105
0
0.16885
0.01845
0.17039
0.10649
0
0
0
0
0
0.64486
0.47686
0
0.06686
0.18808
0.17015
0
0.05643
0
0.10489
0.11405
0.03713
0
0.23519
0.26912
0
0.17346
0.10358
0
0
0
0
0.27167
0.13121
0
0
0.10475
0
0
0.26982
0.27135
0.11785
0.1381
0
0.85621
0.39205
0
0
0
0.01851
0.022
0
0.23151
0.411
0
0
0.10291
0
0.68403
0
0
0.10458
0
0.04823
0
0.19734
0
0.05639
0
0
0.05793
0
0
0.04587
0.45269
0
0.10357
0.23677
0
0.17024
0.18511
0
0.66753
0
0.03364
0
0
0.12468
0.09229
0
0
0.20599
0
0.13843
0
0
0
0.27222
0.04928
0
0.12885
0.05495
0.11016
0.11622
0
0
0.42147
0
0
0.10293
0
0.6757
0
0
0.68545
0
0
0
0
0
0.05082
0
0
0.65684
0.05091
0.06937
0
0.06864
0.08584
0
0.08783
0
0.23148
0
0
0
0
0
0.13937
0
0.20777
0.20772
0
0.77255
0.05055
0.55935
0.61898
0
0
0.05225
0.10216
0
0
0.19123
0
0
0.27267
0
0
0
0
0.17024
0.15876
0.10265
0.04977
0.23889
0
0
0
0.79244
0.76215
0
0
0.05111
0.22157
0
0.48361
0
0.01722
0.2352
0.10416
0
0.18681
0.10486
0.15646
0.08364
0.1112
0.15714
0.05155
0.05011
0.05676
0
0.21315
0.31613
0.10444
0.15234
0.43955
0.52956
0.10342
0
0
0
0
0
0.47172
0.10558
0
0.11393
0
0
0
0
0.13293
0.05104
0.0184
0
0.3958
0.10494
0.15498
0
0
0
0
0.15744
0
0
0
0
0
0
0.07059
0.25604
0
0.05974
0.05989
0.2669
0
0.19895
0.5174
0.39439
0.68509
0.1196
0.17015
0
0
0
0
0
0.19605
0
0.13346
0.04951
0
0
0
0.01821
0.05682
0
0
0
0
0
0.05128
0
0
0.77892
0
0.15575
0
0
0
0.66241
0.18321
0
0
0
0
0
0
0
0.21928
0.07534
0
0
0.31461
0
0.11374
0
0
0.09176
0.83138
0.07575
0.34626
0.22238
0.10369
0.10336
0
0
0.12327
0
0
0
0.36964
0
0
0
0
0
0
0
0
0
0
0
0.12879
0
0
0.05108
0
0.05065
0
0
0
0
0
0
0
0.01979
0
0.33294
0.11989
0.19424
0.05108
0.06814
0
0.06673
0
0.15751
0.90003
0
0.03762
0
0
0
0
0
0
0
0
0.18109
0
0
0.09048
0.23073
0.0502
0.09813
0
0
0.04977
0
0
0
0
0
0
0
0
0
0.07524
0.17416
0.94778
0.66542
0.83154
0
0.10524
0.06867
0.15931
0
0
0
0
0.10138
0.50822
0.16911
0.18925
0.51816
0.09758
0.05052
0.10245
0.1047
0.17193
0
0.15699
0
0
0
0
0
0
0.37259
0.54899
0.43858
0.17528
0.06007
0.05992
0
0.05732
0.23143
0
0
0
0
0
0
0
0.7047
0.15803
0.03604
0.31109
0.23708
0.30285
0
0.85104
0
0.13265
0
0.10228
0.05187
0
0
0
0
0
0
0
0
0
0
0
0.14012
0
0.13545
0.05983
0.13269
0.02008
0
0
0
0.05138
0
0
0
0
0
0
0
0
0
0
0
0
0.24558
0.04068
0.39627
0.44648
0
0.1888
0.18864
0
0
0.13263
0.13271
0
0.1064
0
0
0
0
0
0.58439
0
0
0
0
0.05024
0.65741
0.29362
0.29051
0.59802
0
0.35458
0.22903
0
0
0
0
0
0
0
0
0
0.58248
0.55431
0
0.14921
0.72613
0.69042
0.71296
0.68006
0.59822
0.30086
0.69659
0
0.58712
0.71074
0.74806
0.74721
0
0.75786
0.70509
0.60019
0.70168
0.7546
0.88876
0.75842
0.573
0.60783
0.74058
0.6727
0.12858
0.47407
0.69175
0.71872
0.69435
0.84075
0
0.74928
0.71257
0.66193
0.12185
0.06462
0.06879
0.40376
0.48106
0.67437
0.57233
0.51707
0.4761
0.47431
0.5891
0.51766
0.72236
0.05957
0.76979
0.76905
0.71002
0.72555
0.63387
0.67853
0.7968
0.13168
0.37123
0
0
0
0
0.03967
0.82031
0.73622
0
0.69359
0.77952
0
0
0
0
0
0
0
0.05047
0.72419
0.10586
0
0
0
0
0
0.57533
0
0
0
0
0
0
0
0
0.26753
0
0
0
0
0
0.10799
0.19106
0.40359
0.16289
0.24575
0
0
0
0
0
0
0
0
0.75097
0.02141
0
0
0
0.05009
0.10388
0.66109
0.06476
0
0
0
0
0.18904
0.24975
0.73298
0.01742
0.18644
0
0
0
0
0
0
0
0
0
0
0.22239
0.53347
0.82877
0.40534
0.55647
0.04778
0
0
0
0
0
0
0
0.10329
0.60703
0
0.10269
0
0.33194
0
0
0
0
0
0
0
0
0
0.05524
0.57897
0
0
0
0
0
0
0
0.15178
0
0
0.05225
0
0
0
0
0
0.68287
0
0.05105
0
0
0.10261
0
0
0
0
0
0
0.17304
0.6599
0.68124
0.61469
0
0
0
0
0
0
0
0.052
0
0
0
0
0
0.5302
0.50971
0
0
0
0
0.55839
0
0
0
0
0
0.03655
0.74869
0
0
0.05188
0
0
0
0.125
0
0.12138
0.19102
0.50417
0
0.44667
0.61042
0
0
0
0
0.03468
0.05189
0
0
0.22329
0.22327
0.01989
0.3701
0.46914
0.11924
0.59916
0.43719
0.82662
0.66109
0
0
0
0.10557
0.28041
0.25305
0.1219
0.12145
0.40253
0.13473
0.10857
0.0503
0.05091
0
0
0
0
0.02341
0.05915
0.6718
0.06341
0
0.52932
0
0.05042
0.19487
0.05022
0
0.03189
0.29765
0.24339
0
0
0.05054
0.6835
0
0
0
0
0
0
0
0
0
0.11657
0.48353
0
0.05003
0.05081
0
0
0.1972
0
0
0.05026
0
0
0.19143
0.17311
0.49733
0.05122
0
0
0
0.04947
0.13512
0.3326
0.7098
0.61288
0.4833
0.17365
0.44896
0.24499
0.62169
0
0.73588
0
0
0
0
0
0
0
0
0
0
0
0
0
0
0
0.31314
0.11088
0.24503
0
0.22465
0.10589
0
0
0.49037
0.14191
0
0.06791
0.14742
0.34679
0
0
0
0
0
0
0
0
0
0.34658
0
0
0.191
0.33729
0.13542
0.232
0.16387
0.33253
0.01592
0.05108
0
0
0
0.63417
0
0
0
0.21194
0.46574
0.12987
0
0.15698
0
0
0
0.83941
0
0
0
0
0.15664
0.64739
0.20818
0
0
0.10303
0.04776
0.6412
0.06465
0.06812
0
0
0.40355
0
0
0
0
0
0
0
0
0
0
0
0
0
0.15088
0
0.14164
0.06337
0.65775
0.19179
0.6126
0
0.11146
0
0
0
0
0
0
0
0
0
0
0
0
0
0.05493
0.10804
0.70647
0.45981
0.54145
0.79282
0.21209
0.1028
0.06472
0
0
0
0
0
0.05053
0
0
0
0
0
0
0
0
0
0
0
0
0.12111
0.24345
0
0
0
0
0
0.27326
0
0
0
0
0
0
0
0
0.27214
0.5298
0
0
0
0.55611
0
0
0
0
0
0.10608
0
0
0
0
0
0
0
0
0
0
0
0
0
0
0
0
0
0.12883
0.27818
0.01718
0.32634
0.1554
0
0
0
0.11527
0
0
0
0
0
0
0
0
0
0
0
0
0
0
0
0
0
0
0
0
0
0
0
0
0
0.10936
0
0
0
0.10444
0.33342
0
0
0.03614
0
0.04998
0
0
0
0
0
0
0
0
0
0
0
0.05138
0
0
0
0
0
0.12119
0.86449
0
0
0
0
0
0
0
0
0
0
0
0
0
0
0
0.13256
0.25806
0.46076
0.63715
0
0
0
0
0
0
0.29669
0.29686
0
0
0
0.24375
0.40577
0
0.05009
0.10319
0
0
0
0
0
0
0
0
0
0
0.314
0.09905
0.17332
0
0.41814
0.05052
0
0
0
0
0
0
0
0
0
0
0
0
0
0
0.40023
0
0.21557
0
0.10489
0
0
0.04999
0
0
0
0
0
0
0
0
0
0.05931
0
0
0.33203
0.2923
0
0.35493
0.09305
0
0
0.37037
0.16151
0
0.15746
0
0.08471
0.15654
0.06511
0
0
0
0
0
0
0
0.27188
0
0.2724
0.05254
0
0
0
0
0
0
0
0
0
0
0.33555
0
0
0
0
0
0.05175
0
0.21234
0
0
0.05692
0
0
0
0
0.48752
0
0
0.04985
0
0
0
0
0.05693
0
0
0
0
0
0
0
0
0
0
0
0.58909
0
0
0
0
0
0
0
0
0
0
0
0
0
0
0
0
0
0
0
0
0
0
0
0
0
0
0
0
0
0
0
0
0
0
0
0
0.05001
0
0
0
0
0
0.05697
0
0
0
0
0
0.05008
0
0
0
0
0
0
0
0
0
0
0
0
0
0
0
0
0
0.05584
0
0
0
0
0.51948
0
0
0
0
0
0
0
0
0
0
0
0
0
0
0
0
0
0
0
0
0.2564
0.34397
0
0
0
0
0
0
0
0
0
0.0509
0
0
0
0.038
0
0
0
0
0
0
0
0
0
0
0
0
0
0
0
0
0
0
0
0
0
0
0.60513
0
0
0
0
0
0
0
0
0
0
0
0
0
0
0.14935
0
0
0.05699
0
0.2362
0.17291
0
0
0
0
0
0
0.10465
0
0
0
0
0
0
0.10499
0.46194
0
0
0.64264
0
0.05534
0.30228
0.13026
0.05586
0
0
0
0
0
0.67237
0
0
0
0
0
0
0
0
0
0
0
0
0.10724
0
0
0
0
0.05557
0
0
0
0
0
0
0
0
0
0
0
0
0
0
0.13267
0
0.04312
0
0
0
0.58237
0.0487
0
0
0
0
0
0
0
0
0
0
0
0
0
0.71151
0
0.05464
0
0
0
0
0
0.06505
0
0
0
0
0
0
0
0
0.39545
0
0
0
0
0.27418
0
0
0
0
0
0
0
0
0
0
0
0
0
0
0
0.07029
0
0
0
0
0
0.33395
0
0.05696
0
0
0
0
0
0
0.32629
0
0
0
0.05062
0
0
0
0.04999
0
0
0
0
0
0
0
0
0
0
0.13203
0
0
0
0
0
0
0
0.13001
0
0
0.13401
0
0
0
0
0
0
0
0.21752
0.23643
0
0
0
0
0
0
0
0
0
0
0
0
0
0
0
0
0
0
0.16993
0.22497
0.05206
0
0
0.10073
0
0
0.05674
0
0
0
0
0
0.18015
0
0
0
0
0
0
0
0.08703
0
0
0
0
0
0
0
0
0
0
0
0
0
0.10371
0
0
0
0
0
0
0
0
0
0
0
0
0.72407
0.53461
0
0
0
0
0
0
0
0
0
0
0
0
0
0
0
0
0
0
0
0
0
0
0
0
0
0
0
0
0
0
0
0
0
0
0
0.13373
0
0
0
0
0
0
0.0355
0
0
0
0
0
0
0.19097
0
0
0
0
0
0
0.08945
0
0.62218
0
0
0
0
0
0
0
0
0
0
0
0
0.967
0
0
0
0
0
0
0
0
0
0
0
0
0
0
0
0
0
0.10966
0
0
0
0
0
0.27224
0
0
0
0.14183
0
0
0
0
0
0
0.04911
0
0.42797
0
0
0
0
0
0
0
0
0
0.15874
0
0.05068
0
0
0.10376
0
0.13293
0.13334
0
0
0
0
0
0.58409
0
0
0
0.15859
0
0.06688
0
0
0
0.58894
0
0
0
0.52729
0
0
0
0
0
0.04988
0.08406
0
0
0
0
0
0
0
0
0
0
0
0
0
0
0.05024
0
0
0
0
0.05709
0.21063
0
0
0
0.06703
0.06934
0
0
0
0
0
0
0
0
0
0
0
0
0
0
0.15672
0
0
0
0
0
0
0
0
0
0
0
0
0
0
0.05034
0.0754
0
0.0509
0
0
0.08669
0.21162
0
0
0.05687
0
0
0
0.05614
0
0
0.04771
0.05621
0
0
0
0.03459
0
0.06219
0.04862
0.07028
0.06469
0
0.05654
0.05651
0
0
0
0
0
0.05705
0
0
0
0
0
0.05699
0
0
0
0
0
0.05019
0
0
0.10486
0.15338
0
0.05762
0
0
0
0
0.47029
0.19176
0
0
0.01593
0
0
0
0.04925
0
0
0.01916
0
0.05698
0.05702
0
0
0.17632
0
0
0
0
0
0
0
0
0
0
0
0
0
0
0
0
0
0.05243
0
0
0
0
0.03807
0
0.05704
0
0
0
0
0
0.08749
0
0.01901
0
0
0
0
0
0
0
0
0.13077
0
0
0
0
0
0
0
0
0.69655
0
0
0
0
0
0
0
0
0
0
0
0
0.05125
0
0.04741
0
0
0
0
0
0
0.15169
0
0
0.05738
0
0
0.05625
0
0
0.15767
0.23687
0
0.10246
0.0568
0
0.05682
0
0
0
0.21161
0.10417
0
0.37013
0
0.10411
0
0.16939
0
0
0
0
0
0
0
0
0
0
0.05032
0
0
0
0
0
0
0
0
0
0
0
0
0
0
0
0
0
0.05159
0
0
0
0.33364
0.21198
0
0
0.05638
0
0
0
0
0.48107
0
0.66137
0
0.6072
0.21208
0
0
0
0
0
0
0
0
0
0.69976
0
0
0
0
0
0
0
0
0.45992
0
0.24333
0
0.05056
0
0
0
0.07271
0.08899
0
0.38316
0.25884
0.54048
0
0
0
0
0
0
0
0
0
0
0
0
0.05701
0
0
0.8883
0
0
0
0
0
0
0.19431
0.64697
0
0
0
0
0
0
0
0
0
0
0
0
0
0
0.03465
0.05121
0
0
0
0
0
0
0.31305
0
0
0
0
0.05239
0
0
0
0.04883
0
0
0
0.04938
0
0
0
0
0
0
0
0
0
0
0
0
0
0.19094
0
0
0
0.0502
0
0.3232
0
0
0
0
0
0
0.17366
0
0
0.04998
0
0
0.04907
0
0
0
0
0
0
0
0
0
0
0
0
0
0
0
0
0
0
0
0
0
0
0
0
0
0
0.58447
0
0
0
0
0
0.10881
0
0
0
0
0
0
0
0
0
0
0
0
0
0.30919
0
0.1391
0
0.38243
0
0
0
0
0
0
0
0
0
0.42065
0
0
0
0
0
0
0
0
0
0
0.05051
0
0
0
0
0
0
0
0.15328
0
0
0.0866
0
0
0.45767
0
0
0
0
0
0
0
0.67238
0
0
0
0.05053
0.13403
0
0.03479
0
0
0
0
0
0
0
0
0
0.61229
0
0
0
0
0
0
0
0
0
0
0
0
0
0
0.08844
0
0
0
0
0
0
0
0
0
0
0
0
0
0
0
0
0
0
0
0
0
0
0
0
0
0
0
0
0
0
0
0
0
0
0
0
0
0
0
0
0
0
0
0
0
0
0
0
0
0
0
0
0
0
0
0
0
0
0
0
0
0
0
0
0
0
0
0
0
0
0
0
0
0
0
0
0
0.05563
0
0
0
0
0
0
0
0
0
0.05087
0
0
0
0.09771
0
0
0
0
0
0
0
0
0
0
0
0
0
0
0.13196
0
0
0
0
0
0
0
0
0
0
0
0
0
0
0
0
0
0
0
0
0
0
0
0
0
0
0
0
0
0
0
0
0
0
0
0
0
0
0
0
0
0
0
0
0.15832
0
0.24262
0
0.10571
0
0.0506
0
0
0
0
0.05029
0
0.13892
0
0.05006
0
0
0
0
0
0
0
0
0
0
0
0
0
0
0
0
0
0
0
0
0
0
0
0
0
0
0
0
0.30763
0
0
0
0
0
0
0
0
0
0
0
0.19919
0
0
0
0
0
0
0
0
0
0
0
0
0
0
0
0
0
0
0.21176
0.04998
0
0
0
0
0
0
0
0.03474
0
0.15862
0
0
0
0
0
0
0
0
0
0
0.15713
0
0
0
0
0
0
0
0
0
0
0
0.15803
0
0.0664
0.6796
0
0.01802
0.4468
0
0
0
0
0
0
0
0
0.63262
0
0
0
0.1315
0
0
0
0.05106
0
0
0
0
0
0
0.05277
0.20591
0
0
0.14116
0.05066
0.78377
0
0
0.0506
0
0
0
0
0
0
0
0.13247
0
0.05112
0.05113
0
0
0
0
0
0
0.37536
0
0
0.31682
0
0.39953
0
0.05151
0
0
0
0
0
0
0
0.19728
0
0
0.15326
0.52488
0.43205
0.34137
0.38001
0
0.05018
0
0
0
0
0
0
0
0
0
0
0.19383
0
0
0
0
0.49515
0.5158
0.52151
0
0.01669
0
0
0
0
0
0
0
0.35906
0
0
0
0
0.10249
0.05754
0.17904
0
0
0
0
0
0.05114
0
0
0
0
0
0
0
0.10203
0.13158
0
0.10836
0
0.40163
0
0
0
0
0
0
0
0
0
0
0
0
0
0
0
0
0
0
0.26915
0.66063
0
0
0
0
0
0
0
0
0
0
0
0.15681
0
0.10529
0.53669
0.4594
0.4235
0.53624
0
0
0
0.0517
0
0
0
0
0
0
0
0
0
0.45799
0.62926
0.10333
0
0
0
0
0
0
0
0
0
0.46973
0
0
0
0
0.03253
0.49251
0
0.05013
0.05146
0
0
0
0
0
0
0.0491
0.4391
0
0.3998
0.17878
0
0
0
0
0
0
0
0
0.22385
0.13
0
0
0
0
0.14697
0.67466
0.75499
0
0.06872
0
0
0.29601
0.5098
0.10369
0
0.01726
0.05012
0
0
0
0
0.71419
0
0
0
0
0.05701
0
0.05546
0
0.04983
0.05013
0.13022
0
0
0
0
0
0
0
0.15905
0
0
0
0
0
0
0.03856
0.04992
0.04887
0
0
0
0
0
0
0
0.05345
0.05227
0
0
0
0.15036
0.57688
0
0.21898
0
0
0.05882
0
0.04941
0
0
0.05025
0
0.27347
0.25027
0
0
0
0
0.05076
0
0.03659
0.0504
0
0.04985
0
0
0
0.24663
0.0496
0.25357
0
0
0.05059
0
0
0
0
0
0
0.38336
0.07351
0.03698
0
0
0.05003
0
0.58569
0.04956
0
0.05004
0.86436
0
0.09778
0.4124
0
0
0
0
0.05478
0
0.07106
0
0
0.04427
0.05189
0
0
0
0.10538
0
0.05673
0.04988
0.05565
0.10583
0
0.0498
0.50706
0
0.35831
0.61583
0
0.26968
0
0.04873
0
0.01648
0.05443
0.08463
0
0
0
0.5165
0.32877
0.26973
0
0.27109
0.10374
0
0.51625
0.43055
0.18019
0.30987
0
0
0.04918
0
0
0.10381
0.18019
0.01673
0
0
0
0
0
0.03371
0.06557
0.16914
0.05272
0
0
0
0
0
0
0.05566
0.27334
0
0
0.48728
0.30882
0.24371
0
0
0
0.10283
0.03572
0.32726
0
0
0
0
0
0
0
0
0
0
0
0
0.2654
0
0
0
0
0.65798
0.05396
0
0
0
0
0
0
0
0.26902
0
0.49899
0.49977
0
0.05013
0
0
0
0.24442
0
0
0.53195
0.63536
0
0
0
0
0
0.26985
0.20809
0
0.05063
0
0
0
0.05549
0
0
0.06897
0.41301
0.04927
0
0
0
0
0.52436
0.42128
0.16461
0
0
0
0
0
0
0
0
0.16472
0
0
0.0562
0
0.20417
0.10559
0
0
0
0
0
0
0
0
0
0
0
0.22263
0.23973
0.31779
0
0
0.07757
0
0.66225
0
0
0
0
0
0
0
0
0
0
0
0.27201
0.55867
0.5861
0.03393
0
0
0
0
0
0
0
0
0
0.05443
0.7564
0
0
0.15964
0
0
0
0.05045
0
0.0649
0.0575
0
0
0
0
0
0
0
0
0
0
0
0
0
0
0
0.20931
0
0
0
0
0
0.04965
0
0.17311
0.12771
0.05402
0
0.01806
0.18207
0
0
0
0
0.6613
0.05123
0
0
0.05176
0
0.0516
0
0
0
0
0.10534
0.58661
0
0.77946
0
0
0.10497
0
0
0
0
0
0
0
0
0
0
0.10578
0
0
0.60946
0.88371
0
0
0.10212
0.10499
0
0
0
0
0
0.05972
0.05003
0
0
0.25755
0
0.15923
0.05096
0.19243
0.16014
0
0
0
0
0
0
0
0.10563
0
0
0.0753
0
0.10672
0.10634
0
0
0
0
0
0
0.12234
0.15618
0.1568
0.10455
0
0.27484
0
0
0
0
0
0
0
0
0.04941
0.1561
0.1563
0.13894
0.31452
0.05109
0
0
0
0
0
0
0
0.10075
0.06642
0.05134
0
0.14244
0.05109
0
0
0
0.10072
0.05062
0.13992
0
0.05092
0
0
0.05719
0
0.0688
0.04978
0.158
0.0502
0.10313
0.07593
0
0.05129
0.05072
0
0.05101
0
0
0
0.05139
0.10196
0.10241
0
0.06811
0.05004
0.05102
0
0.05159
0.20948
0
0
0.12103
0.15451
0.0506
0.12086
0
0.05136
0.27423
0.14282
0.14195
0.1032
0
0
0
0.0518
0.05032
0.05062
0.10484
0.03373
0.15675
0.10585
0.15788
0.26719
0.05044
0.04894
0
0
0
0.05
0.05045
0.15676
0.05103
0
0.77104
0.44923
0.04998
0
0
0
0
0
0
0.10048
0.05063
0.138
0.05205
0.08576
0
0
0.04984
0
0
0
0.01798
0
0
0.05059
0.08516
0
0
0.15601
0
0
0
0
0
0
0
0.15893
0.06805
0.10569
0.10567
0.17314
0.18935
0.05125
0.04989
0.04948
0.10473
0
0
0.2746
0
0
0.10071
0.03369
0.01752
0.10409
0.18934
0.22165
0
0
0
0
0
0
0.05003
0.05249
0
0.17305
0.20539
0.09987
0
0
0
0
0
0.18687
0
0
0.10102
0
0.01664
0.15077
0
0
0
0
0
0
0
0.05017
0
0.05062
0
0
0
0
0.10538
0.15111
0.26943
0.15878
0.05119
0
0.05993
0.05166
0.08404
0.10561
0.10373
0.08771
0.25461
0.05409
0.12178
0
0
0
0
0
0
0
0
0.10508
0.10071
0.1038
0.26828
0.15633
0.77208
0
0
0.04884
0.05068
0
0
0.0173
0
0.10364
0.22494
0
0
0
0.03265
0
0.05133
0.10077
0
0.04999
0.05016
0
0.14981
0.13765
0.0485
0.10497
0
0.05144
0.05038
0.05027
0.05067
0.10497
0.2733
0.10621
0
0
0
0.04975
0
0
0
0.05071
0.1352
0
0
0
0
0
0.0168
0
0
0
0.16761
0.0503
0
0
0.05301
0
0
0
0.0503
0
0.05012
0.06885
0.06756
0.1237
0
0
0.05
0
0
0.05157
0
0.05144
0.04986
0
0
0.01733
0
0
0
0
0
0
0.0668
0.10084
0.10257
0.05082
0.26202
0.26643
0.18815
0.0493
0
0
0
0.1645
0
0
0
0
0
0
0.05468
0.25199
0.07165
0
0.2744
0
0.03468
0
0.01686
0.10016
0.10551
0
0.11966
0.10316
0
0
0
0
0.05062
0
0.0173
0.10299
0.10557
0.38295
0.01845
0.01693
0
0
0.0519
0.05026
0
0
0
0.10071
0
0.15872
0
0
0.15735
0.10295
0.10267
0.21039
0.11611
0.10239
0
0.08663
0
0
0
0
0
0
0
0
0
0
0
0
0
0
0.10364
0.2438
0
0.05599
0
0.0487
0
0.15955
0.105
0
0.08387
0.07107
0.10563
0.0505
0.12229
0.15901
0.17764
0.08368
0.2343
0
0.12088
0.15584
0.10572
0.14944
0.12308
0.10365
0.05019
0
0
0
0.04986
0
0.05497
0
0
0
0
0
0.05038
0
0.04931
0.04968
0.05034
0.05485
0.04971
0
0
0
0.04969
0
0.05071
0.05065
0.05067
0.10541
0.05023
0
0
0.01582
0.10383
0
0.055
0
0.05111
0.05135
0
