0
0.37102
0
0
0.07596
0
0
0
0
0.08059
0.0863
0.08348
0
0
0.12098
0.10709
0
0
0
0
0
0.09063
0
0
0
0.21226
0.4871
0
0
0
0
0.02637
0
0
0
0
0
0
0
0
0.08157
0
0
0
0
0
0.18612
0
0.30394
0.10454
0
0
0
0
0
0
0
0
0
0
0
0.08125
0
0
0.5702
0
0
0
0
0
0
0.26343
0
0
0
0
0
0
0
0
0
0
0
0
0
0
0
0
0
0.07806
0
0
0.22775
0
0
0
0
0
0
0
0
0
0
0.13618
0
0
0
0
0
0
0
0
0.08105
0.30923
0
0
0
0
0
0
0
0.09952
0.09675
0
0
0
0
0
0
0.13544
0
0
0
0.1213
0
0
0
0.14396
0
0
0
0
0
0
0
0
0.31665
0
0
0
0
0
0
0.1713
0
0
0.17248
0
0
0
0.08157
0.08673
0
0
0
0
0
0.72366
0
0
0
0
0.43547
0.08033
0
0
0.09201
0.03077
0
0
0
0
0
0
0
0
0
0
0
0
0
0.09337
0
0
0
0
0.02795
0
0.08146
0
0
0
0
0
0
0
0
0
0.09303
0.49621
0
0
0
0.43384
0
0
0
0.3857
0
0
0
0
0
0
0
0.29127
0.31309
0
0.47371
0.37829
0.11604
0
0
0
0
0
0
0
0.10942
0
0
0.24592
0
0
0
0
0
0
0
0
0.24409
0.06152
0.11538
0.22109
0.16349
0
0.08404
0.0818
0
0
0
0.11612
0
0
0
0
0
0
0
0
0.11504
0
0
0
0.0616
0.70368
0
0
0
0
0
0.09097
0
0
0
0
0.0363
0
0
0
0.08049
0.08111
0.29735
0
0.53327
0
0.09387
0
0
0.14535
0.09246
0
0
0
0.11375
0
0
0.37324
0
0
0.07954
0
0
0.50205
0
0
0
0
0
0
0
0.08043
0.08042
0
0.10886
0
0.09632
0
0
0
0.08214
0
0
0.12402
0
0
0
0.09748
0
0
0.19243
0
0.31611
0
0
0
0
0
0.2117
0
0
0
0
0
0.10023
0
0
0
0
0
0
0
0
0.50146
0
0
0.20076
0
0.07919
0
0
0
0
0
0
0
0
0
0
0
0
0
0
0
0
0.1145
0
0
0
0
0
0
0
0
0
0
0
0
0.08141
0
0
0
0
0
0.09185
0.37524
0.08156
0
0
0
0
0
0
0
0.08411
0.06012
0
0
0
0.30103
0
0.1906
0
0
0
0
0
0
0.03001
0
0
0.84775
0
0
0
0
0
0
0.15731
0.64968
0
0
0
0
0.51288
0
0.09224
0
0
0
0.07293
0
0
0
0
0
0
0
0.07277
0
0
0
0
0.33638
0
0
0.03106
0
0
0
0
0.23362
0
0
0
0
0
0.03185
0
0
0
0
0.09526
0.42856
0.64855
0
0
0
0
0
0
0
0
0
0.05412
0
0
0
0
0
0.43191
0
0
0
0
0
0
0
0.09033
0
0
0
0.11483
0
0
0
0
0
0
0.26104
0.19763
0
0
0.63535
0
0
0
0
0
0
0
0.30773
0
0
0
0
0.06499
0
0
0
0
0
0.02729
0
0
0
0.45402
0
0
0
0
0
0
0.22924
0
0
0
0.07554
0
0
0
0
0
0
0
0
0
0
0.10025
0
0.09184
0.09062
0
0.38284
0
0
0
0
0.09659
0.03712
0.08904
0
0
0
0
0
0
0
0
0
0
0
0
0
0
0
0
0
0
0
0
0
0
0
0
0
0.12099
0
0.02824
0
0
0
0
0
0
0
0
0.09838
0
0.08121
0
0.11013
0
0
0.05246
0
0
0
0
0
0.06933
0.12965
0
0
0.09987
0
0
0
0.22025
0.19445
0
0
0
0
0
0
0
0
0
0
0.02719
0.08681
0
0
0
0
0
0
0
0.14333
0.59642
0
0.0891
0.09069
0
0
0.26965
0
0.50793
0.20533
0
0.51612
0
0
0
0.06263
0
0
0.21451
0
0
0
0
0
0.12454
0
0.03584
0.12149
0
0
0
0
0
0
0.17191
0
0
0
0
0
0
0
0
0
0
0.35445
0
0.16744
0
0
0
0
0
0
0
0
0
0.30959
0
0
0
0
0.10949
0
0
0.10353
0.37415
0.09154
0
0.15179
0
0
0
0
0.10021
0
0
0
0
0.26828
0
0
0
0
0
0
0.15648
0
0
0
0.37421
0
0
0
0
0
0
0
0
0
0
0
0
0
0
0
0.0963
0.09102
0
0
0
0
0
0
0.12034
0
0.29399
0
0
0
0.13198
0
0
0
0
0
0
0
0
0.09305
0
0
0
0
0
0
0.02722
0
0
0
0
0
0
0
0
0
0
0.06639
0
0
0
0.35816
0
0
0
0
0.0337
0.10544
0
0
0
0
0
0
0.08283
0.08332
0.09042
0.03678
0
0.06223
0
0
0
0.64726
0
0
0
0
0
0
0
0
0
0
0
0
0
0
0
0
0
0.0914
0
0
0
0
0
0
0.46009
0
0
0
0.07966
0
0.1362
0.08841
0
0.0792
0.08453
0
0.08147
0.03952
0
0.2564
0
0.03507
0
0
0
0
0
0
0.185
0
0
0.14339
0
0
0.03627
0
0
0
0.13807
0
0
0.12827
0
0
0.24441
0
0.10442
0
0
0
0
0.29127
0
0
0.10682
0
0
0.09813
0
0
0.09605
0
0
0.08424
0
0
0
0
0.09152
0
0.46854
0
0
0
0
0.08517
0
0
0.03075
0
0.11631
0
0
0.08638
0.17549
0
0.24777
0
0
0.30379
0
0.07957
0.02761
0
0
0.22281
0.09594
0
0
0
0
0
0
0
0
0
0
0
0.08178
0
0
0
0.40449
0
0
0
0
0
0
0
0
0.09595
0.61212
0
0
0
0
0
0.10303
0.1306
0.08362
0
0.81838
0
0
0
0.08058
0
0
0
0.11463
0
0
0
0
0
0
0
0.12332
0
0
0
0
0
0.02855
0
0
0
0.11536
0
0
0
0
0.07204
0
0.05408
0
0
0
0
0
0
0
0
0
0
0
0
0
0
0
0
0.09505
0.13473
0
0
0
0
0
0
0
0
0
0
0
0
0
0
0.39625
0
0
0
0.07894
0
0
0
0
0
0
0
0
0.02496
0
0.0327
0
0.12038
0
0
0
0
0
0.12918
0
0
0.96883
0
0
0
0.06701
0
0.09491
0
0
0
0
0.0612
0
0.18336
0
0.08022
0
0.2404
0
0
0
0
0
0
0
0
0
0.54692
0
0
0
0
0
0
0
0
0.22238
0
0.14489
0.30482
0
0.11229
0
0
0.08128
0
0
0.12973
0
0.34502
0
0.21378
0
0
0.09767
0.08127
0
0
0.09697
0.09809
0
0.11439
0.07633
0
0
0
0
0.1236
0
0
0.08185
0
0
0.1684
0
0
0
0.02706
0
0
0.08162
0
0
0.5681
0
0
0
0
0
0
0
0.08273
0
0
0
0
0
0.92418
0
0
0.17219
0
0
0
0
0.84515
0
0
0
0
0
0
0
0.46966
0
0
0
0.02998
0
0
0
0
0
0
0.44487
0
0
0
0.25653
0
0.10211
0
0.05939
0
0
0
0
0
0
0
0.09239
0
0
0
0
0
0
0
0
0
0
0
0
0
0
0
0
0.10322
0
0
0
0
0
0
0.1198
0
0
0
0
0.1631
0.09096
0
0
0
0
0.10048
0.02791
0
0
0
0
0.03038
0
0
0
0
0
0
0
0
0
0.05538
0.02739
0.26708
0
0
0
0
0
0
0.02773
0
0
0
0
0
0
0
0
0.46435
0
0
0.05739
0
0
0
0
0
0
0
0
0
0.12021
0
0
0
0
0.07604
0.06154
0.10347
0
0
0
0
0.16082
0.25948
0.4057
0
0.02687
0
0
0
0
0
0
0
0
0
0
0
0
0
0
0
0
0
0
0
0
0
0
0.21156
0.20259
0.08912
0
0
0
0
0
0
0
0
0
0
0
0.08981
0
0
0
0
0.09519
0
0
0.3593
0
0
0
0.05376
0
0.37696
0
0
0
0
0.09809
0
0
0
0
0.17653
0.09147
0.95448
0
0.22185
0.79328
0
0
0
0
0
0
0
0
0
0.08478
0
0
0
0
0
0
0
0
0
0
0
0
0
0
0
0.08149
0
0.50239
0
0
0
0
0
0
0
0.08559
0
0.39558
0.10467
0.21012
0
0
0
0
0
0
0
0.05579
0
0
0.21536
0
0
0
0
0
0
0
0
0
0
0
0
0
0
0
0
0
0
0
0
0
0.30604
0
0.49848
0
0
0.38474
0.14958
0
0
0.09174
0
0
0
0
0.50794
0.65673
0
0
0.15309
0.27417
0.53649
0.18287
0
0
0
0
0.41357
0.41546
0
0
0.17492
0
0
0
0
0
0
0.19732
0
0
0
0
0
0
0
0
0
0
0
0
0
0.12099
0
0
0
0
0
0.12008
0
0
0
0
0
0
0
0
0
0.02709
0
0
0
0
0
0
0
0
0
0
0
0
0
0.11656
0
0
0.22506
0
0
0.0815
0
0
0
0
0
0
0.11933
0
0
0
0
0.09765
0.09119
0
0
0
0
0
0
0.2762
0
0
0.16485
0.06114
0
0
0
0
0
0
0
0.13385
0
0.63138
0
0
0
0.08067
0
0.08081
0
0
0.69842
0.09845
0
0
0
0
0
0
0
0
0
0
0
0.07945
0
0
0
0
0.0272
0.13203
0
0
0.09448
0
0
0
0
0.16511
0.1101
0
0.09783
0
0
0
0
0
0.09206
0
0
0
0
0
0
0.10588
0
0
0
0
0.11703
0.03365
0
0
0
0
0
0
0
0.09197
0.38742
0.08071
0
0
0.09861
0
0
0.1087
0
0
0
0
0.09391
0.09326
0
0.0825
0.12968
0
0
0.09098
0.49914
0
0
0
0
0
0.0922
0
0
0
0
0
0
0
0.08152
0.09954
0
0.09841
0.5154
0.1565
0
0
0.5996
0.07895
0
0
0
0
0
0
0
0.11874
0.26606
0.9198
0
0
0
0
0
0
0
0
0
0
0
0
0
0
0
0
0
0
0
0.10163
0
0
0
0.31064
0
0
0.34399
0
0
0.40718
0
0.08195
0
0
0
0
0
0.05419
0
0
0.22049
0.03547
0
0
0.08236
0
0
0
0
0.08154
0
0
0
0
0.27392
0
0
0.05277
0
0
0
0
0
0.23919
0
0
0.40284
0
0
0
0
0
0
0
0
0
0.16506
0
0.295
0
0
0.05541
0
0
0
0
0
0
0
0.08965
0
0
0
0
0
0
0
0
0
0.04033
0
0
0
0
0
0
0
0
0
0
0
0
0.11434
0
0
0
0
0
0
0
0
0
0
0
0
0
0
0
0
0
0.19612
0
0.23388
0.27237
0
0
0.23455
0
0
0
0.1275
0
0
0
0
0
0
0
0
0
0
0
0
0.42759
0
0
0.17161
0
0
0
0
0
0
0
0.14769
0.10857
0
0
0
0.14072
0.62182
0.14916
0
0
0
0
0
0
0
0
0
0
0
0
0
0
0
0.08457
0.79235
0
0
0
0.40673
0
0.06099
0
0
0
0
0
0.56251
0.19863
0
0
0
0
0
0.08123
0
0
0
0
0
0
0.19806
0
0.17947
0
0
0
0
0
0
0
0
0
0
0
0
0
0
0
0
0
0
0
0.20803
0
0
0.38758
0
0
0.71152
0
0
0.09323
0
0
0.07953
0
0.08435
0
0
0
0
0.0605
0.08231
0
0
0
0
0.35554
0
0.05574
0.02501
0
0
0
0
0
0
0
0
0
0.08062
0
0
0
0
0
0
0
0
0.08924
0
0.11413
0
0.12038
0
0
0.40745
0
0
0
0
0
0.53093
0
0
0.07801
0.11158
0
0
0
0
0.2448
0
0.11053
0
0
0
0.08182
0.08209
0
0
0
0
0
0
0
0
0
0
0
0
0
0
0
0
0
0.11743
0
0
0
0
0
0
0
0
0
0.03064
0
0.14504
0
0
0
0
0.08478
0.07847
0
0
0
0.06048
0
0
0.13117
0
0
0
0
0.12928
0
0.09338
0
0
0
0
0
0
0
0.08056
0.02826
0
0
0
0
0
0
0
0
0
0
0
0.08372
0
0
0
0
0
0
0
0
0
0.32889
0
0
0
0
0
0
0.0803
0.07831
0
0
0
0
0
0
0
0.11124
0.07955
0
0.20363
0
0
0
0
0.03855
0.06257
0
0
0
0
0.08501
0
0
0.09952
0.15768
0.08466
0
0
0
0
0.03632
0
0
0
0.0574
0
0.10507
0
0
0
0
0
0.13692
0
0
0
0
0
0
0
0
0.31165
0
0
0.19791
0.08201
0
0.05439
0.2127
0.09045
0.05478
0.19267
0.05379
0
0
0
0
0
0
0
0
0
0
0
0
0
0.09072
0
0.30486
0.1135
0.12609
0
0
0
0
0.27783
0
0
0
0
0
0
0
0
0.22475
0
0.10736
0
0
0
0
0.21999
0
0
0
0.0922
0
0
0
0
0
0
0
0
0
0.66125
0
0
0
0
0
0
0
0
0
0
0
0
0
0.21486
0.18546
0
0
0
0
0
0.11301
0
0
0
0
0
0
0
0
0
0
0.39685
0
0
0
0
0
0
0
0
0
0
0
0.11386
0.03012
0.10388
0.09239
0
0
0
0.1315
0
0.74889
0
0
0.23481
0
0
0
0
0.03369
0
0
0.05304
0.09201
0
0
0
0
0
0
0
0
0
0.08158
0
0
0
0
0
0
0
0
0.0996
0
0.16663
0
0
0
0
0
0
0
0
0
0
0
0
0.49293
0.3508
0
0.35135
0
0
0
0
0
0
0
0
0
0
0.35981
0
0
0.11117
0
0
0
0
0
0
0
0
0
0
0
0
0
0.08116
0
0
0
0
0
0.31246
0
0
0.64531
0
0
0
0
0
0
0
0.08381
0
0
0
0
0
0.3039
0
0.19738
0.23752
0
0.50136
0.16518
0
0.39245
0.17161
0
0.60918
0
0
0
0
0
0
0.12788
0
0
0
0.46733
0
0
0
0
0.37646
0
0.07599
0
0
0.36047
0.46616
0
0
0
0.08096
0
0
0
0
0
0
0
0.40734
0
0
0
0.03833
0
0
0
0
0
0.06844
0
0.08118
0
0
0
0
0
0
0.04045
0
0
0
0
0
0
0
0
0
0
0.77247
0.09776
0
0
0
0.14016
0.06292
0
0.15566
0
0.29636
0.08612
0
0.50178
0
0.16835
0
0
0.05665
0
0
0
0
0.69983
0.70516
0
0
0
0
0
0
0
0
0
0.03132
0
0
0
0
0
0
0.16531
0.03438
0
0.11477
0
0
0
0
0.36366
0
0
0.09142
0
0.09182
0
0
0
0
0
0.321
0
0.08196
0
0.1339
0
0
0
0.20595
0
0
0
0
0
0
0.19723
0
0.09321
0
0
0
0.48319
0
0.07631
0
0
0
0.0764
0
0.21496
0
0
0
0
0
0
0.08473
0
0
0
0
0
0
0.29084
0
0
0
0
0
0.08289
0
0
0
0
0
0
0
0
0
0.106
0.13441
0
0.50271
0
0
0
0
0
0.0902
0.16295
0
0
0.19259
0
0
0.02683
0
0
0
0
0
0
0.11887
0
0
0
0
0.41677
0.09656
0.54645
0.43244
0
0
0
0
0
0
0
0
0
0
0.18055
0
0.08163
0
0
0.12564
0
0
0
0.731
0.88928
0
0
0
0
0
0
0.03351
0
0
0.1626
0
0
0
0.52606
0.58065
0
0.03056
0
0
0
0
0
0
0
0.09371
0
0
0.0274
0.52789
0
0
0
0
0
0
0.53176
0
0
0
0
0
0.05501
0
0
0
0.1177
0.08175
0
0
0
0
0
0
0
0
0
0
0
0
0.1373
0
0
0
0.06872
0
0.08176
0
0
0
0
0
0
0
0
0
0
0
0
0
0
0
0
0
0
0
0
0
0.09262
0
0.17221
0
0
0
0
0
0
0
0
0.07965
0
0
0
0
0
0
0
0
0.67884
0.15744
0
0
0
0
0.18525
0
0.20359
0
0.19918
0
0
0
0.37865
0
0
0
0.07754
0
0
0
0
0
0.10013
0
0
0
0
0
0.21126
0.08478
0
0.09773
0
0
0
0
0
0
0
0
0.20028
0
0
0
0
0
0.41481
0
0.08133
0
0
0.17588
0.08828
0
0
0.09467
0.02742
0
0
0.10807
0
0
0
0
0
0.07462
0
0
0
0
0
0.0957
0.45454
0
0
0
0
0
0
0
0
0
0
0.03061
0
0.17181
0
0
0
0
0
0
0
0
0
0.3909
0
0
0
0.08952
0
0
0
0
0
0
0
0.43907
0
0.06486
0.38876
0
0.6244
0
0
0
0
0
0
0.37454
0
0
0.17872
0
0.53554
0
0
0
0
0
0
0
0
0
0.16679
0
0.25537
0.51133
0
0
0
0.09107
0
0.3849
0
0
0
0.58767
0
0
0
0
0
0
0
0
0
0
0
0
0
0
0
0
0
0
0
0
0
0
0
0
0
0
0
0.09028
0.02476
0.08312
0
0
0
0
0
0
0
0
0
0.21974
0
0
0.08183
0
0
0.11244
0
0.02535
0
0.21446
0
0
0
0
0
0.06224
0
0.13478
0.10492
0.13408
0
0.11419
0.08167
0
0
0
0
0
0
0.02949
0.02672
0
0
0.22263
0.19984
0
0.35253
0
0.1073
0
0.12126
0
0
0.47766
0.55128
0
0
0
0
0
0
0
0
0
0.21833
0
0
0
0
0
0
0
0
0
0.09437
0
0.16685
0
0
0
0.21382
0
0
0
0
0
0
0
0
0
0
0
0
0
0
0
0
0
0
0
0
0.25581
0
0
0
0.09367
0
0
0.08139
0
0
0
0
0.66123
0
0
0
0
0
0
0
0
0
0
0
0
0
0.41363
0
0.30348
0.1139
0
0
0
0
0
0
0
0
0.08043
0.17233
0
0
0
0
0
0
0.09889
0
0
0
0
0.09538
0.62637
0
0
0
0
0
0
0
0.84692
0
0
0
0
0
0
0
0
0
0
0.44069
0.05616
0
0.171
0.08435
0
0
0
0
0
0.59845
0.30696
0
0
0
0
0.14383
0
0
0
0
0.08164
0.13465
0
0
0
0
0
0
0
0
0
0
0
0
0
0
0
0
0
0
0
0.11481
0
0.08166
0
0.09061
0.28385
0.24054
0.8644
0
0
0.07876
0
0.29175
0
0.05597
0
0
0
0
0
0.09903
0
0.22777
0.12717
0
0
0
0
0
0.08312
0
0
0.57115
0
0
0
0
0
0
0
0
0
0
0
0
0
0
0
0
0.19008
0.21273
0
0
0
0
0
0
0.08897
0
0.08127
0
0
0
0
0
0
0.19151
0.08962
0.03267
0
0
0
0.06278
0
0
0
0
0.08129
0
0
0
0.09102
0
0
0.12407
0
0
0
0.07945
0
0
0
0
0.27483
0.02685
0.36164
0
0
0
0
0
0
0
0
0
0
0
0
0
0.09087
0
0
0
0
0
0
0
0
0
0.07639
0
0.09065
0
0
0
0
0
0
0
0.13676
0
0
0
0
0.22465
0
0.60069
0.31844
0
0
0
0
0
0
0.19281
0.07544
0
0
0
0
0
0.19822
0
0
0
0.68863
0
0
0
0
0
0
0
0.12495
0
0.37306
0
0
0
0.08096
0
0.33488
0
0
0
0
0.44175
0
0
0
0.20089
0
0.91454
0
0
0
0.08914
0
0
0
0
0
0
0
0
0.14579
0.09393
0
0
0
0.10774
0.08039
0.19817
0.09599
0.33859
0.08886
0
0.82021
0
0
0.14572
0
0.29324
0.08137
0
0.0331
0
0
0
0.38827
0
0.09028
0.08614
0.17832
0.3827
0
0
0
0
0.36501
0
0
0
0
0.03365
0.08
0
0
0.09994
0
0
0
0
0.04953
0
0
0.18657
0
0
0.08225
0
0
0
0
0.67316
0
0.21146
0
0
0
0
0
0
0
0
0
0
0.17261
0
0
0
0
0
0
0
0
0
0
0
0
0
0
0.47207
0
0.10364
0
0
0.05904
0
0.13183
0
0
0
0
0
0
0.05512
0.11187
0
0
0
0
0.08876
0
0
0.33561
0.03462
0
0.08165
0.0796
0
0.08476
0
0.09361
0
0
0
0
0
0
0
0
0
0
0
0
0
0
0.29235
0
0
0
0
0
0
0.22197
0.09762
0
0
0.1986
0
0
0.08468
0.08095
0
0
0
0.08983
0.56901
0.62993
0
0
0
0
0
0
0
0.10235
0
0
0
0
0
0.22112
0
0
0
0.23499
0.21367
0
0
0
0.06868
0
0
0
0
0
0
0
0
0
0
0
0.09593
0
0
0
0
0
0
0.09695
0
0.06059
0
0
0
0
0
0
0
0
0
0
0
0.15879
0
0
0
0
0
0
0.056
0.13601
0
0
0
0
0
0
0
0
0
0
0
0
0
0
0
0
0
0
0.09383
0.37594
0.21373
0.02518
0
0
0.08167
0.0834
0
0
0
0
0
0
0
0.25431
0
0
0
0
0
0
0.06085
0.02857
0
0.0797
0
0
0
0.2196
0
0
0.11882
0
0
0
0
0
0
0.02591
0.10811
0.49807
0
0
0
0.09033
0
0
0.09938
0.19735
0
0
0.02988
0
0
0
0
0
0
0
0
0
0.11653
0
0.03574
0
0.08483
0.08504
0
0
0
0
0
0
0
0
0
0
0
0
0.11268
0
0
0
0
0
0
0
0
0
0.09152
0
0
0
0
0
0
0
0.21267
0
0
0
0
0
0.11079
0.34096
0.09228
0
0
0
0.51497
0
0
0.47227
0
0
0.20494
0
0
0
0.02654
0
0
0
0
0
0
0
0
0.07871
0
0.05334
0.12563
0.12677
0.09279
0
0
0
0
0
0
0
0
0
0
0
0
0.39299
0
0
0
0
0
0
0.09925
0
0.08468
0
0.0819
0
0
0
0.08161
0
0
0
0
0
0
0
0
0
0
0
0
0
0
0
0
0
0
0.07989
0
0
0
0
0
0.21719
0
0.0505
0
0
0.67587
0
0
0
0.34599
0
0.62448
0.09845
0
0
0
0
0
0
0.11249
0.08419
0
0
0
0.03046
0
0
0
0
0
0
0
0
0.29748
0
0.08497
0
0
0
0
0
0.4288
0.11936
0
0
0.44766
0
0
0
0
0
0
0
0
0.54141
0
0.51721
0
0
0
0
0
0
0
0.08941
0
0
0.41342
0
0
0
0.09135
0
0.5892
0
0
0
0
0
0.08415
0
0
0.26522
0.18564
0.70181
0
0
0
0
0
0
0
0
0
0.08189
0.15169
0
0
0
0
0
0
0
0
0
0.17957
0
0
0
0.09365
0
0
0
0.10841
0
0.03999
0
0
0.02668
0
0
0
0
0
0
0
0
0.33766
0
0
0
0
0
0
0
0
0
0
0
0
0
0
0
0
0
0.08915
0
0
0.75695
0
0
0
0.03396
0
0
0
0.08168
0.09536
0
0.10024
0
0
0
0
0
0
0
0
0
0
0.08456
0
0.222
0
0
0
0.06083
0
0
0.16833
0
0.08108
0
0.14025
0.4062
0
0.50096
0
0
0
0
0
0
0
0
0
0
0
0
0
0.13365
0
0
0
0
0
0.38612
0.09261
0
0
0
0.11518
0
0.13784
0
0
0
0
0
0
0
0
0
0.11062
0
0
0
0
0
0.09069
0.16565
0
0
0
0
0
0
0
0
0.53395
0
0
0
0.11519
0
0
0
0.4882
0
0.37934
0
0
0
0.12201
0
0.66937
0.52781
0
0
0
0
0
0
0
0
0
0
0
0.22797
0
0.13106
0.07588
0
0.4576
0.2639
0.4604
0
0
0
0
0.0267
0
0
0.10703
0
0
0
0
0
0
0.4888
0
0
0
0
0
0
0
0
0
0
0
0.08974
0
0
0
0.11822
0
0
0
0.02717
0
0
0
0
0
0
0
0
0
0
0.12295
0
0
0
0
0
0
0
0.09504
0.61782
0.1891
0.05467
0
0.11352
0
0
0
0
0
0.13271
0.09242
0
0
0
0
0
0.09419
0
0.06876
0.08913
0
0.16457
0
0
0
0.02749
0.08435
0.44338
0.0929
0
0
0
0.10024
0
0.08168
0
0
0
0
0.07631
0
0
0
0
0
0
0
0
0
0
0.27522
0
0
0
0
0
0.12482
0
0
0
0
0
0
0
0.02618
0
0
0
0
0
0
0
0.58909
0.37314
0
0.16313
0
0
0
0
0
0.06074
0
0
0.10309
0
0.12344
0
0.11148
0
0.10519
0
0
0.09926
0
0
0
0
0
0
0
0
0.07675
0
0
0.18653
0
0
0
0
0
0
0
0
0
0
0
0
0.13545
0.09487
0
0
0
0.37871
0.50142
0
0.0286
0
0
0
0
0.09464
0
0
0.09075
0
0
0
0.18252
0
0
0.08876
0
0
0.54258
0
0.0967
0
0.08139
0
0
0
0
0
0
0
0
0
0
0
0
0
0
0
0
0
0.29598
0
0
0
0
0
0
0
0
0
0
0
0
0
0.17477
0
0
0
0
0
0
0
0
0
0
0
0
0.33637
0
0
0
0
0.30289
0
0.06267
0.11656
0
0.17232
0
0.55918
0
0.48124
0
0
0
0
0
0
0.23478
0
0
0
0.0818
0
0.31901
0.30655
0
0
0
0
0
0
0
0
0
0
0
0.62469
0
0.0902
0.42416
0
0
0
0.56911
0
0
0
0
0
0.1269
0
0
0
0.0985
0.09623
0
0.12617
0.11336
0
0
0
0
0
0
0
0
0.1376
0
0
0.2493
0
0
0.1028
0
0
0
0
0
0
0
0
0.39011
0
0
0.07281
0.0937
0
0
0
0
0
0.52156
0
0.75176
0.50126
0
0
0
0
0
0
0
0.07701
0.37542
0
0.0946
0
0.37556
0.07535
0.07677
0
0
0
0
0
0
0.47705
0
0
0
0
0
0
0.05091
0
0.60004
0.07991
0
0
0
0
0
0
0
0.42676
0.03057
0.47514
0
0.41242
0
0.5423
0
0.08045
0
0
0
0
0
0
0
0
0
0
0
0
0
0
0
0
0
0
0
0
0
0.1155
0.2164
0
0
0
0
0
0
0.09717
0
0.14989
0
0
0
0
0
0.09766
0
0
0
0.08169
0
0
0
0
0
0
0.21864
0.22454
0
0
0
0
0
0
0
0
0
0
0
0
0
0
0
0
0.09319
0
0
0
0
0.07131
0
0
0
0
0.08406
0
0
0
0
0.07921
0
0
0
0.35907
0
0
0.03142
0
0
0
0
0
0
0
0
0
0.83367
0.05963
0
0.12157
0
0
0
0
0
0
0.02677
0.18066
0
0
0
0.28819
0
0.08025
0
0.08496
0
0
0.10498
0
0
0
0
0
0
0
0
0.0386
0
0
0.07931
0.08237
0
0
0
0.40654
0
0.93199
0
0
0.11512
0
0
0.03092
0
0
0
0
0
0
0
0
0
0.30345
0.09028
0
0
0
0
0
0
0
0
0
0.0273
0
0
0
0
0
0.08907
0
0
0.11301
0.18543
0.0293
0.02723
0.08143
0
0
0.08047
0
0
0
0
0
0
0
0
0
0.5948
0
0.11217
0
0
0.06147
0
0
0.09032
0
0
0
0
0
0
0.11179
0
0
0.08436
0
0
0
0
0
0.27467
0
0
0
0
0
0
0
0
0
0
0.36665
0
0
0
0
0
0
0
0
0
0
0
0
0
0.42712
0
0
0
0
0
0
0
0
0
0.17153
0
0.55946
0.3421
0
0
0
0
0
0.09005
0
0
0
0
0.49264
0
0
0
0
0
0.10353
0.02676
0.08178
0.16589
0.12682
0
0
0
0
0
0
0
0
0
0
0
0
0
0
0
0
0
0
0
0
0
0
0
0
0
0
0
0
0
0
0
0
0
0
0
0
0
0
0
0
0
0
0
0
0
0
0
0
0
0
0
0
0
0
0
0
0
0
0
0
0
0
0
0
0
0
0
0
0
0
0
0
0
0
0
0
0
0
0
0
0
0
0
0
0
0
0.08021
0.10402
0.06785
0
0
0
0
0
0
0
0.67105
0
0
0
0
0
0
0
0
0.09528
0
0
0
0.34207
0.07588
0.14245
0.18961
0
0
0.09988
0
0
0
0
0
0
0
0
0
0.05931
0.09284
0.03089
0
0
0.37143
0
0.03094
0
0
0
0
0
0
0
0
0.06459
0
0
0.16628
0
0
0
0
0
0.08125
0
0
0
0
0
0
0.14394
0.11569
0
0
0
0
0
0
0
0
0
0
0
0
0
0
0.16199
0.08048
0.08454
0
0
0
0
0
0
0
0.21278
0.05717
0
0
0
0
0.27231
0.16323
0
0
0.08694
0.37826
0
0
0
0
0
0
0.10322
0
0
0
0
0
0
0
0
0.49724
0.13013
0
0.0589
0.17108
0
0
0
0
0
0
0
0
0
0.08246
0.11269
0
0.11755
0
0.15525
0
0
0
0
0
0
0
0.5045
0
0
0.11666
0
0
0
0
0
0.08134
0
0
0
0.08452
0
0
0
0
0
0.02771
0
0
0.08492
0
0
0
0
0
0.11941
0
0
0
0
0.09029
0.08189
0
0.0794
0.02679
0
0.18279
0.03248
0
0
0
0
0
0
0
0
0
0
0
0
0
0.09196
0.16054
0
0
0
0
0.09209
0
0.60241
0.5302
0
0.05609
0
0
0
0
0
0
0
0
0
0
0
0.08041
0
0
0
0.17844
0
0.09275
0
0
0
0.04993
0
0.03086
0.09844
0
0.40969
0
0.36386
0
0
0
0
0
0
0
0
0
0
0
0
0
0
0
0
0
0
0
0
0
0
0
0.11258
0.08038
0
0
0
0
0
0
0
0
0
0
0
0
0
0
0
0
0.17395
0
0
0
0.48227
0.36756
0
0
0
0.02865
0
0
0
0
0
0.58154
0.02803
0.07901
0
0
0.44384
0
0
0
0
0
0
0
0
0
0
0
0.06432
0
0.09095
0
0
0
0
0
0.22469
0
0
0
0
0.22542
0
0
0
0.57103
0
0
0.37645
0
0
0
0
0
0
0
0
0
0
0
0.09039
0.10354
0
0
0
0
0
0
0
0
0
0
0
0
0.09268
0
0.11653
0.07934
0.08202
0
0
0.04252
0
0.07754
0.19045
0.14363
0
0
0
0
0
0.09284
0
0
0.36718
0.08099
0
0
0
0
0.13117
0.11651
0.09931
0
0.27163
0
0
0
0
0
0
0
0
0.03665
0
0
0.20171
0
0
0
0
0
0
0.08862
0.13971
0
0
0
0.19649
0
0.17295
0
0.13389
0
0
0
0.09366
0
0
0
0
0
0
0
0
0
0
0.03559
0
0
0
0
0
0
0
0
0
0
0
0.08102
0
0
0.47221
0
0
0
0
0
0
0
0
0
0
0
0
0.10059
0
0
0
0
0
0.42817
0
0
0.08468
0
0
0
0
0
0
0
0
0
0
0
0
0.08477
0.075
0
0
0.08554
0
0
0
0
0
0
0
0
0
0
0
0
0.342
0
0
0.2506
0.90435
0
0
0
0
0.05991
0.09936
0
0.14027
0
0
0
0
0
0.11572
0
0
0
0
0
0
0
0.02812
0
0.59457
0
0
0.56537
0.12408
0.26462
0.17268
0
0
0
0
0
0
0
0
0
0
0
0
0
0
0
0.14245
0
0.87646
0.2127
0
0.26958
0
0
0
0
0
0
0
0
0
0
0
0
0
0
0
0.16512
0
0
0
0
0
0
0
0
0
0
0.0992
0.37942
0
0
0.08967
0
0
0.0281
0
0
0
0.05596
0
0.22859
0
0
0
0
0
0
0
0
0
0.11322
0
0
0
0
0
0
0.17145
0.0974
0.3694
0
0
0
0
0
0
0
0
0.05973
0
0
0
0
0.59496
0
0
0
0
0.08132
0
0
0
0.09431
0
0
0
0
0
0
0
0
0
0
0
0
0
0.09851
0.03574
0
0
0
0
0
0.07142
0
0
0
0
0
0
0.56548
0
0
0
0.77
0
0.05922
0
0
0.82936
0
0
0
0.24443
0
0
0
0
0
0
0
0
0
0
0.85079
0
0.43965
0
0
0
0.0825
0
0
0
0.25274
0
0
0
0
0.11252
0
0
0.22534
0.16528
0.22563
0
0
0
0.17606
0
0
0.19882
0
0
0.12112
0
0
0.11457
0
0
0.11933
0.51494
0
0
0
0
0
0
0
0
0.14065
0.08881
0
0
0
0
0
0
0
0
0.09945
0
0
0
0
0
0
0
0
0
0
0
0
0
0.27142
0
0
0
0
0
0
0.16782
0.09046
0
0
0
0.08162
0
0
0
0
0
0
0.08071
0
0.02538
0
0
0
0
0
0
0.08316
0
0
0
0.0932
0
0
0
0
0
0
0.21516
0
0
0
0.11796
0
0
0
0
0
0
0.11541
0
0.54968
0
0.21432
0
0
0.08202
0.20091
0
0
0.21276
0
0
0
0.24273
0
0
0
0.32107
0
0
0
0
0.74544
0
0
0.29316
0
0
0.03044
0
0
0
0
0.1112
0
0
0
0.08394
0.18199
0
0.05651
0
0
0
0
0
0
0.09055
0
0
0
0
0
0
0
0
0
0
0
0.06175
0
0
0.08486
0
0
0.38041
0.14345
0.07548
0
0
0
0
0
0
0
0
0
0
0
0
0
0
0
0
0.29397
0
0
0
0
0
0
0.08966
0.10454
0
0
0
0.38693
0
0
0
0.28691
0
0.0982
0
0
0
0.08173
0
0
0
0
0
0
0
0.1228
0
0
0
0
0
0.09071
0
0
0
0
0
0
0
0
0
0
0.23372
0
0
0
0
0
0
0
0
0
0.40581
0
0
0
0
0
0
0
0.12674
0
0
0
0
0
0
0
0
0.08532
0
0
0
0
0.12744
0
0
0.10804
0
0
0
0.35651
0
0
0.02724
0
0
0
0
0.07273
0
0
0
0.16638
0
0
0
0
0.51223
0
0
0
0.82766
0
0
0
0
0
0
0
0
0
0
0
0.05367
0
0
0
0
0
0
0
0
0
0.11532
0
0
0
0
0
0
0
0
0
0.09521
0.07273
0
0
0
0
0
0
0.11582
0
0
0
0
0
0
0
0
0
0.53278
0.2984
0
0
0
0
0.11423
0
0.35573
0
0
0
0
0
0
0
0.0767
0
0
0
0.46168
0
0
0
0.0801
0
0.17273
0
0
0.06364
0
0.45445
0
0
0
0
0
0.08038
0.14475
0
0
0
0
0.37001
0.06023
0
0
0.34889
0
0.08179
0
0.08067
0
0.69969
0
0.03094
0
0
0
0
0
0
0
0
0
0
0
0
0.0808
0
0
0
0
0
0
0
0
0
0
0
0
0
0
0
0
0
0
0
0
0
0
0
0
0
0
0
0
0
0
0
0
0
0
0
0
0
0
0
0
0
0
0
0
0.38699
0.15241
0.16955
0
0.08277
0
0
0
0
0
0
0
0
0
0.06091
0
0
0
0
0.08975
0
0
0
0
0
0
0
0.08063
0.08286
0
0.26671
0.02738
0
0
0
0.08148
0
0
0.18636
0
0
0
0.09585
0
0
0
0
0
0
0
0
0
0
0.10418
0
0
0
0.1095
0
0
0
0.44503
0.14785
0
0.24678
0
0.0774
0
0.51477
0.03035
0
0
0.12873
0
0
0
0.14012
0.03089
0
0
0
0
0.63024
0.26479
0
0
0.08209
0
0
0
0.14847
0.09298
0
0
0
0
0
0
0
0
0
0.13467
0.0787
0
0
0
0
0
0.13404
0.13421
0
0.08164
0
0
0
0.59104
0
0
0
0.42626
0
0
0
0
0
0
0
0
0
0
0.08202
0
0
0
0
0.08055
0.22878
0
0.06309
0.08042
0
0
0
0
0
0.08068
0
0
0
0
0
0
0
0
0
0
0
0.03038
0
0
0
0.35801
0
0
0
0.11086
0
0
0
0
0.18725
0
0
0
0
0
0
0
0
0
0
0
0
0.07663
0
0
0.17098
0
0.35097
0
0
0
0
0.51942
0
0
0
0
0
0.14316
0.26559
0
0
0
0.08314
0.09115
0
0
0.16363
0
0
0
0
0.09064
0
0.02782
0
0
0
0
0
0.27484
0
0.19962
0
0
0.37735
0
0
0.10433
0
0
0
0.30411
0
0
0
0
0.08607
0
0
0
0
0
0
0
0
0
0.07959
0
0.58467
0
0
0
0
0
0
0
0
0
0
0
0
0
0
0
0
0
0
0
0
0
0
0.08419
0
0
0.03999
0.03655
0
0
0
0
0.06852
0
0
0.09249
0.14547
0
0.11973
0
0
0
0.05459
0
0
0
0.16801
0
0.17959
0
0
0.15983
0
0.39145
0
0
0
0.08241
0
0.1168
0
0.11489
0
0.08513
0
0
0
0
0.09051
0
0
0
0
0
0
0
0
0
0.07973
0
0
0
0
0
0
0
0.24439
0.20021
0
0
0
0.4432
0
0
0.07724
0.09124
0
0.27507
0.18301
0
0.08228
0
0.07631
0.12833
0
0
0
0.2898
0.51792
0
0
0
0
0
0
0.08038
0
0
0
0
0
0
0.09996
0
0.11139
0
0
0
0
0
0
0
0.41083
0
0
0.05082
0
0
0.26019
0.09756
0.17694
0
0
0
0
0
0
0
0.10423
0
0
0
0
0
0.09791
0
0
0
0
0
0
0
0
0
0
0
0
0
0.13416
0.07907
0
0
0
0
0
0
0
0
0
0
0
0
0
0
0
0
0
0
0
0
0.19474
0
0
0
0
0
0.11452
0.12017
0.59048
0
0
0
0
0
0
0
0
0
0
0
0.08171
0
0
0
0.22393
0
0
0
0.10954
0
0.09943
0
0
0
0
0.66631
0.25776
0
0.06284
0
0
0
0
0
0
0
0
0
0
0
0
0
0
0
0
0
0
0
0
0
0
0
0
0
0
0
0.02987
0.09053
0.56834
0
0.71424
0
0
0
0
0
0
0.12569
0.08154
0
0
0
0
0
0
0
0
0.03294
0
0
0
0
0
0
0
0
0
0
0.19815
0
0
0
0
0
0.09523
0.27325
0.55502
0.09122
0
0.33185
0
0
0
0
0.11705
0
0.45853
0
0
0
0
0.13365
0
0
0
0
0.09161
0
0
0.04343
0.53314
0
0
0
0
0
0
0
0
0
0
0
0
0.49019
0
0
0.08081
0
0
0
0
0
0
0
0
0
0.37843
0
0
0
0.57473
0.08175
0.32909
0
0
0.16796
0.1343
0
0.098
0
0
0
0.07314
0
0.29729
0
0
0
0
0
0
0.02705
0.09064
0.22349
0
0
0
0
0.13421
0
0
0
0.11087
0
0
0
0
0
0
0
0
0.08333
0
0
0
0
0
0
0
0
0
0
0.78938
0.0435
0
0.16268
0
0
0
0
0
0
0
0.03842
0
0
0.60303
0.07659
0
0
0
0
0
0
0
0
0
0
0
0
0.08128
0
0
0
0
0
0.08963
0.08884
0
0
0
0
0.58895
0
0.09307
0.12946
0
0
0
0
0
0.19974
0
0
0
0
0.26173
0
0
0
0.26746
0.342
0
0
0
0
0
0
0
0
0
0
0
0
0.37078
0
0
0
0.51438
0.15599
0
0
0.08474
0
0
0
0
0.55057
0
0
0
0.02941
0.1265
0.09781
0
0.10741
0.10034
0
0.08042
0
0
0
0
0
0
0.52954
0
0
0
0
0
0
0
0
0
0
0
0
0
0
0
0
0
0
0
0
0
0
0
0
0
0
0
0
0
0
0
0.10717
0.6445
0.55038
0
0
0.475
0
0
0
0.10971
0
0
0
0
0
0
0.09916
0
0.2161
0
0
0
0.30769
0
0
0
0
0
0.03285
0
0
0.19956
0
0.09516
0.08444
0
0
0.05278
0
0
0
0.22826
0
0
0
0
0
0
0.05529
0
0
0
0
0
0.07738
0
0
0
0
0.053
0
0
0
0
0
0.21502
0
0
0
0
0.08061
0.20396
0
0
0
0.08039
0
0
0
0
0
0
0
0.26883
0
0.06143
0
0
0.03346
0
0
0
0.08167
0
0
0
0
0.06281
0
0
0
0
0
0
0.26467
0
0
0
0
0
0
0
0
0.0828
0
0
0
0
0
0.13124
0
0
0.09445
0
0
0
0
0
0
0.08118
0
0
0
0
0
0
0
0.07972
0
0
0
0
0
0
0
0.82863
0
0
0.35343
0
0
0.11111
0
0
0.18542
0
0.56689
0.20873
0
0
0
0
0
0
0.18205
0
0
0
0.23587
0
0
0
0
0
0
0
0
0.10301
0
0
0.11175
0
0
0
0
0.34947
0
0.58474
0.10057
0
0.10465
0
0.13333
0
0
0
0.2622
0
0
0
0
0
0
0
0
0
0
0.09765
0.37904
0
0
0
0
0
0
0
0
0
0.03228
0
0
0.1541
0.20851
0
0
0.22641
0
0
0
0
0
0
0
0
0.12744
0.23387
0
0.13751
0
0.3368
0
0
0
0
0
0
0
0.61936
0
0.53151
0
0
0.12673
0
0.61732
0
0.17421
0.09073
0.08125
0
0
0
0
0
0
0
0
0
0
0
0
0.03945
0
0
0
0
0
0
0
0.35559
0
0
0
0.08761
0
0
0
0
0
0
0.04032
0
0.09164
0
0
0
0
0
0
0
0
0
0
0
0
0
0
0
0
0
0
0
0
0
0
0
0
0
0
0
0
0
0.53999
0
0
0
0
0.05355
0
0
0
0
0.64997
0.04203
0
0
0
0
0.08539
0
0
0
0
0
0
0
0
0
0
0
0
0
0.14893
0
0.22842
0
0
0.14584
0
0.09938
0
0
0
0.11666
0
0
0
0.16807
0
0
0
0
0.12758
0
0
0
0
0.10642
0
0
0
0.08515
0
0
0
0
0
0
0
0
0
0
0
0.21112
0.10048
0
0
0
0
0
0
0
0
0.07605
0
0
0
0
0
0
0
0.05481
0.08126
0.13696
0
0
0
0
0
0
0
0.1354
0
0.13624
0
0
0
0
0
0.08105
0
0
0
0
0
0
0
0
0
0
0
0
0
0
0
0.17169
0.0862
0
0
0
0
0.37882
0
0.06017
0
0
0
0
0
0
0
0
0
0
0
0
0
0.81753
0
0
0
0
0.13477
0
0
0
0
0
0
0
0
0.25566
0
0.22467
0
0
0
0
0
0
0
0.08051
0
0
0
0
0
0
0
0
0.09092
0
0
0
0
0
0
0
0.02522
0
0
0
0
0.1089
0.03121
0
0.50663
0
0
0
0
0
0.09443
0.11594
0
0
0.03269
0
0
0
0
0
0
0
0
0
0
0
0
0
0
0
0
0
0
0.10613
0
0.18119
0
0
0.75299
0
0
0.03614
0
0.18365
0.50842
0
0
0
0
0.09107
0
0
0.08243
0
0
0
0.52047
0
0
0
0
0
0.1198
0
0
0.31934
0.23301
0
0.16485
0
0
0.02681
0
0
0
0
0.40357
0
0
0
0.1323
0
0
0
0
0
0.09339
0
0
0
0.08053
0
0
0
0.08508
0
0
0
0
0
0.11234
0
0
0
0
0.5632
0
0.03489
0
0.06568
0
0
0
0.10729
0
0
0
0
0.08883
0
0
0
0
0
0
0.03964
0.1067
0.09092
0.6196
0
0.07622
0.22042
0
0
0.09086
0
0
0
0
0
0
0
0
0
0.19986
0.35587
0
0
0
0
0
0
0.02763
0.08936
0.05649
0
0
0
0
0
0
0
0
0
0
0
0
0
0.10781
0
0
0
0
0
0
0
0.11217
0.25054
0
0
0
0
0.39346
0
0.05674
0
0
0.10296
0
0
0
0.37838
0.14581
0
0
0
0
0
0
0
0
0
0
0
0
0
0
0
0
0
0
0
0
0
0
0
0
0.18687
0
0.13572
0
0.07787
0
0
0
0
0.30098
0
0
0
0
0
0
0
0
0
0
0.2149
0
0
0
0.07997
0.08106
0
0.2976
0
0
0.23338
0.42838
0
0
0
0
0.08164
0.02852
0
0
0.09806
0
0
0.09258
0.10809
0
0
0
0
0
0
0
0
0
0
0
0
0
0.17143
0
0.05468
0.08138
0
0
0
0
0
0
0
0
0
0
0.11697
0
0
0.08212
0
0.18698
0
0
0.08231
0
0
0
0
0.08485
0
0
0
0
0
0
0
0.07838
0
0
0.0936
0.17518
0
0.09019
0
0.17216
0.63623
0
0.09284
0
0.05645
0
0
0
0
0.12144
0.12879
0
0
0
0
0
0
0.09447
0.09597
0
0.41969
0
0
0
0
0
0.23512
0
0
0
0.08237
0
0
0
0
0
0
0.09764
0.47769
0
0
0.0816
0
0
0
0
0.18255
0
0.75029
0
0
0
0
0
0.08178
0
0
0
0
0
0.16014
0.08125
0.37177
0
0
0
0
0
0
0
0.08107
0.08229
0
0.09981
0
0
0
0
0
0
0
0
0.08929
0
0
0
0
0
0
0
0
0
0
0.50669
0
0
0
0
0
0.0893
0
0
0.27608
0.0932
0
0
0
0
0
0
0.59711
0
0
0
0
0.69747
0
0
0
0
0
0
0
0.11439
0
0.08049
0
0
0
0
0
0
0
0.11839
0
0
0
0.09842
0
0
0
0
0
0
0
0
0
0.40916
0
0
0.29554
0
0
0
0
0
0
0
0
0
0.421
0
0
0
0
0
0
0.24749
0
0
0
0.38857
0
0
0
0
0
0
0.03263
0.59041
0
0.10523
0
0.12805
0
0
0.18303
0
0
0
0.11789
0
0
0
0
0
0.087
0
0
0.09095
0
0
0
0
0
0.05999
0
0.16611
0.07953
0
0
0.87621
0
0.08147
0.28662
0
0
0.09008
0
0
0
0
0
0
0.08053
0.0798
0.09335
0
0
0
0.08146
0
0
0.07703
0.50339
0
0
0.14611
0.40617
0
0
0
0
0
0
0
0.15775
0
0
0
0
0
0.08044
0
0
0
0
0
0
0.08092
0
0
0
0.12115
0
0
0
0
0
0.09031
0
0.03022
0
0.13653
0
0
0.07927
0
0
0
0
0
0
0
0
0.11469
0
0
0
0
0
0
0
0
0
0
0
0
0
0
0
0
0.10581
0
0
0.03338
0
0
0
0
0
0
0
0
0
0
0.07533
0.49533
0
0
0
0.08978
0
0
0
0.0998
0
0
0
0
0
0.08933
0
0
0.11146
0
0.03076
0
0.08182
0
0
0
0
0.02568
0
0
0
0.03239
0
0
0
0
0
0
0
0
0
0
0
0
0
0
0
0.15428
0.45934
0
0
0
0
0.15517
0
0
0
0
0
0
0
0.09807
0.50229
0.2078
0.12718
0
0
0
0
0.08216
0
0
0.17847
0
0
0
0
0
0
0
0.1182
0
0
0
0.41466
0
0
0
0
0
0
0
0
0
0
0
0
0.10371
0
0
0
0
0
0
0
0
0
0.10501
0
0
0
0
0
0
0.15739
0
0.08345
0
0
0
0
0.12855
0
0.25949
0
0
0
0.09531
0.50123
0
0.1006
0.08047
0
0.75089
0.24227
0
0
0
0
0
0
0
0
0
0
0.06529
0
0
0
0.05373
0
0.0511
0
0
0
0
0
0.09137
0
0
0
0
0
0
0
0
0
0
0
0
0
0
0
0.08638
0
0
0
0.19462
0
0
0
0
0
0
0
0
0
0
0
0
0
0
0
0
0
0
0.11828
0
0
0.07982
0
0.09326
0.60133
0
0
0
0
0
0
0
0
0
0.03077
0
0
0
0
0
0
0
0.09149
0
0
0
0
0
0
0
0
0
0
0.08097
0.57073
0
0.0766
0
0
0.17101
0
0.3525
0
0
0
0
0
0.21608
0
0.08076
0
0
0
0
0.07534
0
0
0
0
0
0
0
0
0
0.03115
0
0
0
0.06053
0
0
0
0
0
0
0.11371
0
0.08141
0
0
0
0
0
0
0
0
0
0
0
0
0
0
0
0.45118
0.15746
0
0
0
0
0.1473
0
0
0
0
0
0.05475
0.07615
0.09862
0
0
0.11482
0
0
0
0
0
0
0.05073
0
0
0
0.09122
0
0.21253
0
0
0
0
0
0.39151
0
0
0
0
0
0.07841
0
0
0
0
0.09037
0
0.26842
0.10401
0.03122
0
0
0
0
0
0
0
0
0.155
0
0
0
0
0
0
0
0
0
0
0
0
0.45645
0
0
0
0
0
0
0
0
0
0
0
0
0
0
0
0
0
0
0
0
0
0
0
0
0
0
0.08297
0
0
0
0.06054
0.03291
0
0
0
0
0
0
0
0
0
0.14907
0.08392
0
0
0
0.13668
0
0
0
0
0
0
0.10762
0
0.08139
0
0
0
0
0
0
0
0
0
0
0
0
0
0
0.13138
0
0
0
0
0
0
0
0
0
0
0
0
0
0
0
0
0
0
0
0
0
0
0
0
0
0
0
0
0
0
0
0
0
0
0.09873
0
0
0
0
0
0.07152
0
0.27657
0
0
0
0
0
0
0
0
0
0
0
0
0
0
0.33855
0
0
0.29789
0
0
0
0
0
0
0
0
0
0
0
0.02833
0
0
0
0.02816
0
0
0
0
0
0
0.23328
0
0
0
0
0
0
0
0.22563
0
0
0
0
0
0
0
0
0
0
0
0
0
0
0
0
0.0917
0
0
0
0
0
0
0.08227
0.10991
0
0.08229
0
0
0
0
0
0
0
0
0
0
0
0
0
0
0
0
0
0
0
0
0
0
0
0
0
0
0
0.09923
0
0
0
0
0
0
0
0.56708
0.11671
0
0.19741
0
0.56367
0
0
0
0.12068
0
0
0
0.26727
0.06643
0
0
0
0
0
0
0
0
0
0
0
0
0
0
0
0
0
0
0.09482
0
0
0
0
0
0
0
0
0.08078
0.08054
0
0
0
0
0.82513
0.10988
0
0
0
0.11337
0
0
0
0
0
0
0
0
0
0
0
0.14404
0.09352
0
0
0
0
0
0.07924
0
0
0
0
0
0
0.22464
0
0.08506
0.09189
0
0
0
0.75129
0
0
0
0
0
0
0
0
0
0
0.14516
0
0
0
0
0
0
0
0
0
0
0
0
0
0
0
0.96847
0
0.0978
0
0
0
0
0
0
0
0.05716
0
0
0
0
0
0.13977
0
0
0
0.45495
0
0
0
0
0
0
0.08182
0
0.08136
0
0
0
0
0
0
0
0
0.15687
0
0
0
0
0.08351
0.03865
0
0
0.17217
0
0.08186
0
0
0
0
0
0
0
0
0
0
0
0.09286
0
0
0
0
0.08988
0
0
0
0
0
0
0
0
0
0
0
0
0
0.08363
0.08369
0
0
0.03056
0.05577
0
0
0
0
0
0.09427
0
0
0.218
0
0
0
0
0
0
0
0
0.07962
0
0
0
0.34254
0.05463
0
0
0.16242
0.08971
0.54161
0
0.26277
0
0.08372
0
0.02933
0
0
0
0.22265
0
0
0
0
0
0
0
0
0
0
0
0
0.21312
0
0
0
0
0.08557
0
0
0
0.56596
0
0
0.09487
0
0
0
0
0
0.09972
0
0
0.11534
0
0
0
0
0
0
0
0
0
0
0
0
0
0
0.07985
0
0
0
0
0.85784
0.09053
0
0.08499
0
0
0.07908
0
0
0
0
0
0
0
0
0
0
0
0
0
0
0
0
0
0.0902
0
0
0
0.08324
0
0
0
0.11443
0
0
0.09838
0
0
0
0.02639
0
0.05383
0
0
0
0
0.18772
0
0
0
0.09915
0
0
0
0
0
0
0
0
0
0
0
0
0
0
0
0
0
0
0
0
0
0
0
0.35439
0
0
0
0
0.1112
0
0
0
0
0
0
0
0
0
0
0
0
0
0
0
0
0.79509
0
0.0546
0
0
0.09297
0
0
0
0
0
0
0
0.42371
0
0.06171
0.35899
0.09042
0
0
0
0
0
0
0.07706
0
0
0
0
0
0
0
0
0
0.77977
0
0
0
0
0
0.09309
0
0
0
0
0
0
0
0.07451
0
0.09027
0.26328
0
0
0
0
0
0
0.13049
0
0.51208
0
0
0
0.31489
0
0
0
0
0.13788
0.09327
0
0
0
0
0
0
0
0
0
0
0
0
0
0
0.07915
0
0.56548
0
0
0
0
0
0.33315
0.37129
0
0
0
0.31791
0
0
0
0.52195
0
0
0
0
0
0
0
0
0
0
0
0
0
0
0
0
0
0
0
0
0
0.1438
0
0.07896
0
0
0
0
0
0
0
0
0
0.04455
0
0
0
0
0
0
0
0
0
0
0
0
0
0
0
0
0
0
0
0
0
0
0
0
0.11156
0.08438
0
0
0
0
0
0.04044
0.35548
0
0
0.07668
0
0
0
0
0
0
0
0
0
0
0
0.06059
0
0.08582
0
0
0
0
0.081
0
0
0.03172
0
0.85376
0
0
0
0
0.45839
0.11627
0.25877
0.12944
0
0.09097
0
0
0
0.38396
0
0
0
0
0
0
0.08436
0
0.08935
0
0
0
0
0
0
0
0.08387
0
0
0
0
0
0
0
0
0
0
0
0
0
0
0
0.09097
0
0
0
0
0.09203
0
0
0
0
0
0
0
0
0
0
0
0
0
0
0
0
0
0
0
0
0
0.09097
0.12773
0.06129
0.09184
0
0
0
0
0
0
0
0
0
0.0391
0
0
0
0
0
0
0
0
0
0.10339
0
0
0
0
0
0
0
0
0
0
0
0
0
0
0
0
0.08614
0
0
0
0
0.03539
0
0
0
0
0
0
0
0
0
0
0.08063
0
0
0
0
0
0.08055
0
0
0
0
0
0.09433
0.09316
0
0.09318
0.21693
0
0
0
0
0
0
0
0
0
0.09347
0
0
0
0
0
0
0
0
0
0
0.0933
0
0
0.14075
0
0
0.09683
0.10293
0
0
0.17451
0.11596
0.08746
0.12056
0
0
0.10669
0
0.07537
0
0.09441
0.19302
0.09849
0.29748
0
0
0
0
0
0
0.2608
0
0
0.03038
0
0
0
0
0
0
0
0
0
0.07683
0
0.39035
0
0.07669
0
0.32841
0
0
0.11701
0
0
0
0
0.07612
0.11036
0
0.02987
0.18702
0.08677
0
0
0
0
0.09413
0
0
0.21629
0.19777
0
0.09942
0
0.07522
0.06715
0
0
0
0
0
0
0.05967
0
0.2054
0.20022
0
0
0.05005
0
0
0
0
0
0
0.38684
0
0
0.0764
0.02943
0
0
0.02803
0
0.16797
0
0
0
0.22235
0
0
0
0.0556
0
0
0.09986
0
0
0
0
0
0
0
0.11408
0.11567
0
0
0.03338
0
0
0.1628
0
0.0912
0
0.2993
0
0
0.08712
0
0.0264
0
0.17467
0
0
0
0.06071
0
0
0
0
0
0
0.02687
0
0.50498
0
0
0
0.36902
0.05295
0
0.03018
0
0
0
0
0.31648
0
0
0
0
0
0.08062
0
0
0
0
0
0
0
0.08084
0.11073
0
0
0.09939
0
0
0.11442
0
0
0
0.48219
0.15029
0
0.07939
0
0
0
0.26081
0
0.19978
0
0
0.03225
0
0.03251
0.16496
0
0
0
0
0.19839
0
0
0.0649
0.13242
0
0
0
0.18401
0
0
0
0
0
0.26876
0
0
0
0
0.06164
0
0
0
0
0
0.3145
0.22272
0.06506
0
0.08178
0
0
0.08608
0
0
0
0
0
0
0.33517
0
0
0.08221
0.62491
0
0.08134
0.43706
0
0
0
0
0
0
0
0.0819
0
0.08056
0
0
0
0.08157
0
0
0
0
0
0
0
0.1218
0
0
0
0.45901
0
0
0.10498
0
0
0.08178
0
0
0
0
0
0
0
0.08114
0
0
0.12758
0
0
0
0
0
0.5051
0.44095
0
0
0
0
0
0
0.16445
0
0
0
0
0
0
0
0
0.17912
0.13216
0.06755
0.56547
0.14395
0
0.53589
0.0976
0
0
0
0
0.08154
0
0
0.1148
0
0
0
0
0
0.17619
0
0.05498
0
0.12889
0.07987
0
0.08146
0
0
0
0
0
0.46708
0.12497
0.08193
0.50398
0
0.4071
0
0
0
0
0
0
0.48957
0.11097
0
0
0
0
0
0
0
0
0
0
0
0
0
0
0.08126
0
0
0.61757
0
0.40916
0.1931
0.32291
0
0
0
0
0
0
0
0
0.12494
0
0.08234
0
0
0.09293
0.03243
0
0
0
0
0
0
0
0.18245
0
0
0.12777
0
0
0.12969
0
0.28465
0
0.70805
0.62475
0.33384
0
0
0
0
0
0.09325
0.19946
0
0.05572
0
0
0
0
0.05404
0
0.18444
0.09261
0
0
0
0
0
0
0
0
0
0.16324
0
0.58164
0.21346
0.5438
0
0
0
0.09297
0.09728
0
0.59488
0.43725
0
0.5591
0
0
0.0932
0
0
0
0
0.26451
0
0
0
0.08333
0
0.34832
0.42057
0
0
0.31674
0
0
0
0.37896
0
0.56668
0
0.26552
0
0
0
0
0.7604
0
0
0
0
0.13179
0.09234
0.54299
0
0
0.08152
0.02836
0.63282
0
0
0.45819
0
0
0
0
0
0
0.1653
0.08176
0
0.02808
0
0.09316
0
0
0
0
0
0
0
0
0
0
0.50397
0.47833
0.32113
0.08502
0
0.1155
0
0
0
0
0.03036
0
0
0
0
0
0
0
0
0
0
0
0
0
0
0
0
0.07981
0
0.09823
0
0
0.02665
0.40836
0
0.18232
0
0.03071
0.12542
0
0
0
0
0.08477
0
0
0
0
0
0.84558
0
0
0
0
0
0
0
0.02805
0.09378
0
0
0
0
0.0562
0
0.09239
0
0
0
0
0
0.39878
0.53425
0
0
0
0
0
0
0
0
0.11472
0
0
0
0
0.11496
0
0
0.56941
0
0
0
0
0.07938
0
0
0.11463
0.53419
0.08191
0
0
0
0
0.06882
0.69565
0
0
0
0.11291
0
0.19681
0
0
0
0
0
0.26736
0
0
0
0.08026
0
0
0
0
0.09558
0
0
0
0
0
0
0
0
0
0
0
0
0
0.05433
0
0
0
0.08482
0
0
0
0
0
0
0.12143
0
0
0.26123
0
0
0
0
0
0
0
0.09834
0
0.03832
0
0
0
0
0
0
0
0
0
0
0
0.13899
0
0.18199
0.08299
0
0
0
0
0
0.58913
0.08501
0.08044
0
0
0.12744
0
0
0
0
0
0.181
0
0
0
0
0
0
0
0
0
0
0
0
0
0
0.07852
0
0.20849
0
0
0
0
0
0
0
0
0.08488
0.26484
0.17519
0
0.14648
0
0.16589
0.12962
0
0
0.0281
0.13646
0.0529
0
0
0
0
0
0.07973
0.0261
0
0
0
0
0
0.05336
0.05859
0
0
