0
0
0
0
0.87992
0.08581
0
0.38333
0
0
0
0
0
0
0.22777
0
0
0
0
0
0
0
0.52762
0.52841
0.21903
0.22045
0.02554
0
0.35139
0
0
0.07678
0.07989
0.75722
0
0.33964
0
0
0
0.48807
0
0.06735
0
0
0
0
0
0.41704
0
0.05749
0
0
0
0
0
0
0
0.21795
0.08172
0
0
0
0
0.33901
0.30916
0.24211
0.29067
0.0861
0
0
0.19382
0
0
0.14177
0.09694
0.16594
0
0.1649
0.07455
0
0
0
0
0
0
0
0.16845
0.08647
0.16289
0
0
0.36267
0
0.05487
0
0
0
0.45272
0.23556
0.09174
0
0
0
0.15475
0.07881
0.45082
0
0
0
0
0
0.40859
0
0
0
0.03398
0
0
0
0
0
0
0
0
0.03869
0
0.15463
0
0
0
0.08661
0.08689
0
0.08686
0
0.18944
0
0
0.08356
0
0
0.07405
0
0
0
0
0.22027
0
0.07719
0
0
0
0
0
0.11912
0
0
0
0
0
0
0
0.02572
0
0.75155
0
0
0
0
0.67359
0.81411
0
0
0
0.31804
0.52222
0.56662
0
0.08893
0.17157
0
0
0
0
0
0
0.5252
0.63257
0
0
0
0.73632
0.09197
0.08293
0.16509
0
0
0.7672
0
0.44686
0.17782
0.17832
0
0
0
0.53707
0.27578
0
0
0
0
0
0
0
0.05766
0
0
0
0.16288
0.68154
0.29689
0.18681
0
0
0
0
0
0
0
0.31718
0
0.21917
0
0.06734
0
0
0.17931
0.03398
0
0.07969
0.07972
0.14418
0
0
0.63365
0.10834
0.08646
0
0
0
0
0.67942
0.30255
0
0
0
0
0.12516
0.28686
0.1769
0.23339
0.23298
0.05887
0
0
0.39195
0
0.40366
0
0.23167
0.19493
0
0.07684
0.02676
0.07846
0
0.18419
0
0
0
0
0
0
0
0
0
0
0
0
0
0.45531
0
0
0
0
0.72576
0.7237
0
0
0.16055
0.15461
0
0
0.4247
0
0.08056
0.07837
0
0
0
0.27443
0
0
0
0
0.11205
0
0.44188
0
0.39792
0.31522
0
0.68221
0
0.66048
0.58256
0.42523
0.75223
0
0.8044
0
0
0
0
0.05845
0.05806
0
0
0
0
0
0.51442
0
0.09223
0
0
0
0.18202
0.03802
0
0
0
0.07628
0.15455
0
0
0
0.24192
0.05598
0
0
0
0
0.48762
0
0
0.12247
0.44717
0
0
0
0.09733
0.75364
0.28089
0.17126
0.08656
0.07732
0
0
0.09049
0
0.63997
0
0.20857
0.78042
0
0
0
0
0
0.49238
0
0.09767
0
0
0.09035
0
0
0
0
0
0
0
0
0
0
0.07615
0
0
0.16854
0.14205
0
0
0
0
0
0.13443
0.52983
0
0
0
0.0883
0
0
0
0.43572
0
0
0
0.05697
0
0
0
0
0
0
0.08838
0.53024
0.39783
0
0.30987
0
0
0
0
0
0
0
0.35504
0.4977
0.33628
0.38725
0
0
0.17269
0
0
0
0
0
0
0
0.74784
0
0
0
0.09402
0
0
0.0808
0
0
0
0.17683
0
0
0.08464
0.16765
0.08076
0
0.12924
0.2624
0.06968
0
0
0.1695
0.16617
0.058
0
0
0
0.15429
0.56073
0.52456
0.08493
0
0
0
0.3618
0.08573
0.08793
0
0
0
0.15031
0.0366
0.08686
0
0.07695
0
0
0
0
0.76141
0.76243
0
0
0
0
0.53038
0.05436
0
0.49753
0
0
0
0.77966
0.84985
0.08608
0
0
0
0.73058
0
0.02671
0
0
0
0
0.02678
0
0
0
0.36451
0.72721
0.21245
0
0
0
0
0
0
0.25894
0
0
0.06415
0
0
0.32462
0
0.08595
0.08567
0
0.03231
0
0
0
0
0
0
0
0
0.03167
0.07999
0
0
0.08544
0
0
0.05766
0
0.83099
0
0
0
0
0
0.505
0
0.07774
0
0
0
0.44643
0
0.7206
0.09265
0
0.20888
0.12875
0
0
0
0
0
0.56206
0.0907
0.0923
0.02599
0
0.07892
0
0.29692
0.27633
0
0.23302
0
0.08537
0.08645
0
0
0
0
0
0.2421
0.3976
0.74124
0
0
0.23765
0.23801
0.19298
0
0
0.07928
0.57965
0.14347
0
0
0
0
0
0
0
0.5653
0.18903
0.09108
0.23997
0.15171
0
0
0
0
0
0
0.23627
0
0
0
0.04901
0.2559
0
0.07321
0
0
0
0.02236
0
0
0
0
0
0.07884
0
0
0
0
0.24045
0.47167
0.21022
0
0
0.02542
0
0.0759
0.09087
0
0
0
0
0.21107
0.22511
0.31219
0.42697
0
0.51085
0
0.08202
0
0
0
0.12902
0
0.02217
0
0
0
0
0.49511
0
0
0.08585
0
0
0.37471
0.35086
0.0796
0
0.21369
0.43609
0
0
0
0
0.07985
0
0
0.03873
0.13093
0
0
0.07007
0.13507
0
0
0
0
0.2635
0.12817
0.16498
0.17591
0.07946
0
0
0
0
0.67743
0
0
0
0
0
0
0
0.29513
0
0
0.11961
0
0
0
0.34805
0.08934
0
0
0.3398
0.26287
0
0
0
0
0.17647
0
0
0
0.87305
0.06632
0.42136
0
0
0
0
0
0
0
0.79749
0
0
0.0508
0
0
0.56647
0.72711
0.17308
0.23308
0.48189
0.23454
0
0.08087
0
0
0.18374
0
0
0.09225
0.29405
0
0.11316
0
0
0
0
0.377
0
0
0
0
0
0
0.0809
0
0
0
0
0
0.18843
0
0
0
0
0.62041
0.50732
0
0
0
0.46918
0
0
0
0
0.33139
0
0
0
0
0
0
0
0.05506
0.21668
0.019
0.08081
0.23462
0
0
0
0
0
0.25338
0
0.21972
0
0
0
0
0
0
0
0
0
0
0
0
0
0
0
0
0.04548
0
0.09019
0.16852
0
0
0
0
0
0
0
0
0
0
0
0.83953
0.21258
0
0
0
0
0.1511
0
0
0
0
0.04528
0
0
0
0
0.06743
0.22882
0.17129
0.12125
0
0
0
0
0.25666
0
0
0.09867
0
0
0.10862
0.17126
0
0.06693
0.17159
0.72185
0.1347
0.46397
0.32268
0.11975
0.74257
0
0.75123
0.12143
0.06827
0
0
0
0
0
0.19849
0.2066
0.03001
0.43902
0.02522
0.07648
0.25875
0
0
0
0
0.06668
0.06735
0
0
0.74299
0
0
0
0
0
0
0
0.0983
0
0
0.17712
0
0
0
0
0
0
0
0
0
0
0
0
0
0
0
0.21409
0
0.25557
0.09565
0
0
0
0
0
0
0
0
0
0.09696
0
0.31341
0.075
0
0
0
0
0
0
0
0
0
0.39901
0
0.66508
0
0
0
0
0.35267
0.57639
0
0.18115
0.63656
0.42348
0
0
0
0
0.23481
0.07779
0.55689
0
0.23705
0
0
0
0
0.17971
0
0
0
0
0
0.07025
0
0
0
0.16536
0
0
0
0
0.07802
0.39335
0
0
0
0.22778
0
0
0.09813
0.43326
0
0
0.62168
0
0
0
0
0
0
0
0
0
0
0.07601
0.77223
0.3057
0
0
0
0
0.1431
0
0
0
0.28496
0
0
0.32377
0
0
0
0
0
0
0
0
0
0.6898
0.05562
0.35739
0.11728
0.10343
0
0
0
0.07878
0.05476
0
0
0
0
0.79222
0
0
0
0
0.12581
0
0
0
0
0
0
0
0
0
0.28858
0.07663
0.41189
0
0
0
0.16539
0.09302
0
0.24021
0.05732
0.13123
0
0.05495
0
0.40835
0
0
0
0
0
0.72819
0
0
0
0
0
0
0
0
0.02451
0.0798
0
0
0
0.39867
0
0
0.44453
0
0
0
0
0
0
0
0
0
0
0
0
0
0
0
0.14443
0
0
0
0
0.177
0
0
0
0
0.16483
0
0
0.45969
0
0
0
0
0.59235
0
0
0
0
0
0
0
0.11723
0.0256
0.13512
0
0
0
0
0
0
0
0
0
0
0
0
0
0
0.29538
0
0
0
0
0
0
0.1287
0
0
0
0
0
0.54837
0.18763
0
0.44533
0
0.05498
0
0.52331
0
0
0
0.2401
0
0
0.07743
0.44753
0.4005
0.07782
0.27376
0
0
0
0.10992
0
0
0
0
0.15247
0.42077
0.65357
0
0
0
0
0
0.09772
0
0
0
0.15586
0.0757
0
0
0
0
0.15372
0
0
0
0.08331
0.05515
0
0
0
0
0
0
0
0.21403
0
0
0
0.07822
0.17657
0.09635
0
0
0.65745
0.76065
0.43612
0.05516
0.17173
0
0
0.05514
0
0
0
0
0.47356
0.12567
0.34754
0
0
0.19021
0.09364
0
0
0
0
0
0.30671
0
0
0.17207
0.26223
0.47135
0
0
0.40076
0
0
0
0
0
0
0
0
0
0
0
0
0
0
0
0.43515
0.24604
0.5943
0.17094
0
0.21217
0
0
0.58888
0
0.27022
0
0
0
0.22497
0
0
0
0
0.09363
0
0
0
0
0.37512
0
0
0
0
0
0
0
0
0
0
0
0.72674
0.08837
0
0
0
0
0
0
0
0
0
0.07401
0
0
0.14636
0
0
0.42031
0
0
0
0
0
0
0
0.15407
0
0.38759
0
0.13336
0
0
0.07907
0
0
0
0
0
0
0.20014
0.16553
0
0
0.29851
0
0
0
0.1542
0.05244
0
0
0
0
0.07898
0
0
0
0.05054
0.1096
0
0
0
0.63644
0
0
0.19171
0.11364
0.60314
0
0
0.05786
0.14182
0
0
0
0.4284
0
0
0
0
0
0
0
0
0.29684
0.36354
0
0
0.05234
0
0
0.17047
0.45195
0
0.25064
0
0
0
0
0
0
0.37225
0.35704
0
0
0.08025
0
0.28894
0.07739
0
0
0
0
0
0
0.09671
0.09665
0.1268
0
0
0
0
0
0.16967
0.15122
0
0
0
0
0
0
0
0
0
0
0
0.29269
0
0
0
0.09499
0.0904
0.22734
0
0.47431
0
0
0
0
0
0
0
0
0
0
0
0
0.3061
0
0
0.0185
0.10411
0
0
0
0
0.18494
0.16491
0
0.21357
0.33103
0
0
0.05957
0.16549
0
0
0
0
0
0
0
0
0
0.68736
0
0
0.15493
0.22148
0
0
0
0
0
0.28217
0
0
0.52024
0
0
0
0
0
0
0
0
0.51204
0
0
0
0
0.73737
0.09531
0.15406
0
0.12764
0
0
0
0
0.06739
0.49749
0
0
0
0
0
0
0
0
0
0.05427
0
0
0
0
0.26513
0.21142
0
0
0
0
0
0.07654
0
0
0
0
0
0.2341
0.57219
0
0
0
0
0
0
0.30791
0.09766
0
0
0
0
0
0
0.09605
0
0
0
0.02577
0
0
0
0.05691
0.07877
0
0
0.08426
0
0.43553
0.08614
0.79596
0.58629
0.47875
0
0
0
0.05767
0
0
0.17953
0
0
0.47009
0.68186
0.04767
0
0
0
0
0
0
0.21014
0
0.06455
0.15325
0.1637
0.47402
0
0
0
0.62548
0.58251
0
0
0
0.15332
0
0
0.1507
0
0
0.05547
0.58491
0.12185
0
0
0
0.08639
0
0.06649
0.42604
0
0
0
0.16345
0.23354
0.06325
0
0
0
0.25311
0
0.08627
0
0.07905
0.08673
0.18982
0.43879
0
0
0
0
0
0
0
0
0
0.07336
0
0
0.18144
0
0
0
0.16924
0
0
0
0.08842
0
0
0.02577
0
0
0.21062
0.37217
0.09631
0
0
0
0
0.25409
0.09482
0
0
0.32242
0.20949
0
0
0
0
0
0.92934
0.72369
0.4416
0
0.05585
0
0.17132
0
0
0
0.15344
0.02969
0.16918
0
0
0.16357
0.16419
0.05825
0.1466
0.12819
0.12777
0
0
0
0.07657
0
0
0
0.17207
0.70658
0
0
0
0
0
0.08209
0.30546
0.14658
0.47055
0
0.08525
0
0
0.19369
0.49737
0
0
0
0
0.06001
0.10598
0
0
0.0795
0.08831
0.05895
0
0.76036
0
0
0
0
0
0
0
0
0
0
0.11626
0
0.26055
0.23806
0
0
0
0
0.10296
0.09496
0.17228
0
0.20937
0
0
0.09458
0.27911
0.15525
0
0.32923
0
0.40944
0
0.08686
0.22047
0.65567
0.41647
0
0.22252
0
0
0.2355
0
0.43216
0
0
0
0.42998
0
0
0
0.2134
0.40191
0.18059
0
0
0
0
0
0
0
0.07817
0
0
0.47277
0
0
0
0.0318
0.18451
0.21802
0.15377
0.16972
0.74514
0.08697
0.52141
0
0
0
0
0.28938
0
0
0.72713
0
0
0
0
0
0
0
0.66041
0.24513
0.34517
0
0
0.0781
0
0.41161
0.33619
0
0.36679
0.43187
0
0
0
0
0.25999
0.23122
0.46522
0
0
0
0.16321
0
0
0
0.51782
0
0.16829
0.13019
0
0
0
0.44655
0
0
0
0.4825
0.1526
0.46575
0
0
0
0.54697
0
0.14503
0
0
0.56893
0
0
0.30894
0.05345
0
0
0.72918
0
0
0.15464
0.08496
0
0
0.07973
0
0
0.0799
0
0
0.24265
0
0
0
0
0
0.67751
0.3197
0
0
0
0.48385
0
0
0.11432
0
0.39866
0.05565
0
0
0
0.30097
0.21772
0.05765
0
0.5588
0
0
0
0.47482
0.15507
0
0
0.26908
0.54801
0
0.35297
0
0
0.43984
0
0
0.36332
0
0
0
0
0
0
0
0
0
0
0.079
0.86462
0.67813
0
0
0
0
0
0
0
0.52103
0
0.50831
0
0
0.11356
0
0
0.36493
0
0
0.07647
0.27712
0.06428
0.60778
0
0
0.15412
0.08642
0.26166
0.23175
0
0
0
0.06721
0
0
0
0
0
0
0
0
0
0.74222
0
0
0
0
0
0.38399
0.028
0.0282
0
0
0
0
0.68904
0.41694
0
0.37812
0
0.70354
0
0.442
0
0.0301
0.16564
0
0
0.23257
0
0
0.62041
0
0.06437
0
0.37183
0
0
0.20776
0.50866
0
0.34477
0.05141
0
0
0.09673
0
0
0
0
0
0.02725
0.08045
0
0.09371
0
0.24163
0.20056
0
0.69842
0.58462
0.27541
0
0.09629
0
0
0
0
0.11945
0.13586
0
0
0
0.19688
0
0
0
0
0
0.07521
0.09368
0
0
0
0
0
0
0
0.15455
0
0.08424
0.06053
0.75276
0
0
0.14009
0
0.49766
0
0.22784
0
0
0.56848
0
0.09583
0
0
0
0
0
0.07589
0.25561
0.5975
0
0
0
0
0
0
0.08851
0
0
0
0
0
0
0
0
0
0
0
0
0
0.05592
0
0.16057
0
0
0
0.09631
0
0
0.52923
0.08454
0.17617
0.49343
0
0.17282
0.41158
0
0.09588
0.09411
0
0
0
0
0.546
0
0
0
0.50481
0.31588
0
0
0
0
0.08522
0
0
0
0
0
0.6812
0
0
0
0
0.21107
0.64299
0.15841
0.39762
0.30943
0
0.09125
0.02567
0
0
0
0
0.47622
0
0
0
0
0
0
0
0.37859
0.34118
0.4722
0.06711
0.07945
0.17273
0.59686
0.39132
0.16536
0
0
0
0
0
0
0
0
0
0.05631
0
0.05264
0.16661
0
0
0
0
0.17457
0
0.09558
0.0539
0.13095
0.28921
0
0
0
0
0
0
0
0
0.67921
0
0
0
0.02855
0.18801
0.02855
0
0.07042
0
0
0.30663
0.16186
0.15884
0
0.56921
0
0
0
0.09249
0
0
0
0.05376
0
0
0.66722
0
0
0
0.19609
0
0
0
0
0.57205
0
0
0.06847
0
0.21306
0.06695
0
0.43259
0
0.0391
0
0.22188
0.32486
0
0
0.1
0.14398
0
0.12918
0
0
0
0
0
0
0
0.21026
0
0.29918
0.07926
0
0
0
0
0
0.08495
0
0
0
0.40121
0
0
0
0.05744
0.16369
0.13023
0
0
0.09356
0
0
0
0
0
0
0
0.06184
0.75636
0
0.1468
0
0
0
0
0
0.09719
0
0.80589
0.0877
0.28549
0.19868
0.12915
0.07553
0.26321
0
0
0
0
0
0.07824
0
0
0
0.61864
0
0
0.086
0.16472
0
0
0.1124
0.15522
0.58836
0.3226
0.08142
0.29905
0.35506
0.16691
0.0577
0.31456
0
0.09475
0
0.68058
0.08652
0.35752
0.28664
0
0.81244
0
0
0.04436
0
0
0.49939
0
0.40843
0
0
0.09916
0
0.44974
0.45838
0
0.18942
0.05104
0.16201
0.07356
0.0851
0
0
0
0
0.09654
0.08507
0
0.65558
0
0
0
0
0
0.13724
0.07628
0
0
0
0.06149
0.25734
0
0.47312
0.20175
0.17206
0.15413
0.21675
0.07653
0
0
0
0.41604
0.41722
0
0.28946
0
0
0.06856
0
0
0
0
0
0
0
0.12709
0
0
0
0
0
0
0.43935
0
0.05165
0.0796
0.77974
0.68549
0
0.07512
0.67755
0
0.45072
0.18318
0
0
0
0.28135
0
0
0.41228
0
0.35518
0.375
0
0
0.2162
0
0
0
0
0
0
0.13152
0
0
0.17143
0
0
0.77454
0.83037
0
0.20998
0
0.16183
0
0
0.5707
0
0
0
0
0
0
0.15545
0.1419
0.03798
0.08119
0
0.26455
0.06673
0
0
0
0.16979
0.2628
0.23668
0
0
0
0
0
0
0
0.7438
0
0.56571
0
0
0.12832
0
0
0
0.14442
0
0.39814
0.21176
0
0.54193
0.03237
0.23996
0.347
0
0.08874
0
0
0
0
0.17196
0
0
0.11741
0.23317
0.06848
0.20955
0.22784
0.11241
0
0.3147
0.51339
0
0.43479
0
0.09402
0
0
0.12953
0
0
0.07146
0
0.09244
0
0.14354
0.6179
0
0.06791
0
0.31424
0
0
0
0
0
0
0
0.6597
0
0.11335
0.56751
0
0.09747
0
0.14619
0
0
0
0.52761
0
0
0
0
0.60177
0
0
0
0
0.59922
0
0.07737
0.09625
0.30935
0
0.0316
0.58543
0
0.07452
0.1016
0.2106
0
0.07671
0
0
0
0
0
0
0
0
0
0
0
0
0.18813
0.28635
0.76136
0
0
0
0
0
0
0.08851
0.17299
0.08005
0
0.10057
0.07392
0
0.06877
0
0
0
0
0
0.23687
0.58734
0
0
0.1718
0.17165
0.2333
0.23285
0.05685
0.07669
0
0
0
0
0
0.19204
0
0.03212
0
0.165
0.16682
0
0
0
0
0
0
0
0
0
0.19196
0
0
0
0
0
0.03732
0.11302
0.05431
0.28501
0
0
0.26198
0.13999
0.09496
0.83559
0.52831
0
0
0.16998
0
0
0.29421
0.23922
0
0
0.34323
0
0
0
0
0.62126
0.26259
0.07406
0.36985
0.08974
0.09521
0
0.07684
0
0.07686
0
0.02799
0
0
0
0
0
0
0.1533
0
0
0.0947
0
0.42513
0.48539
0
0.14098
0.26077
0.83032
0.41502
0
0.1658
0
0.08633
0.22561
0.21297
0
0
0.37422
0
0
0
0
0
0.13524
0
0.2063
0
0
0
0
0
0
0.52108
0
0.72606
0
0
0
0
0
0.21168
0
0
0
0
0
0
0
0
0
0.0767
0
0.07787
0
0.26974
0.15514
0
0
0
0
0.09073
0
0.16678
0.64359
0
0
0.77908
0
0
0
0
0.19552
0
0.23192
0
0.33699
0.02393
0
0.56151
0.47774
0
0.0959
0.13268
0.18083
0.07425
0
0.029
0
0.66397
0
0.57936
0.0687
0.04521
0.46631
0.31035
0
0
0
0
0.20615
0
0.49688
0
0
0
0
0.24415
0.19781
0
0
0
0
0
0
0
0.21804
0
0
0
0
0
0
0
0
0
0.2395
0.05041
0.80058
0.05807
0.07104
0.34111
0
0
0
0.13072
0
0
0
0
0.15437
0
0
0.44525
0.23192
0.1679
0
0.41968
0
0.13778
0
0.55801
0
0
0.09978
0
0.03164
0
0.42312
0.09231
0.07631
0.24302
0
0
0
0
0
0
0
0
0
0
0.16861
0
0
0.096
0
0.28909
0.57978
0
0
0.08287
0.17698
0
0
0.15427
0
0.09615
0
0
0.28678
0
0.45029
0
0.46966
0.42931
0
0
0
0.22757
0
0.12992
0.09546
0.49467
0
0.05794
0.20901
0
0
0
0
0
0.02582
0.32245
0.16335
0
0
0
0.55787
0.07869
0
0
0.10039
0.07603
0
0
0
0.49632
0.38551
0
0.10138
0.02278
0
0
0
0
0.11479
0
0
0.11416
0.23825
0.29484
0.41308
0.12083
0.0323
0
0.20193
0
0
0.81748
0.18905
0.16656
0
0.26226
0.09408
0.16728
0.15861
0
0.08597
0
0
0
0
0
0
0
0
0
0
0
0
0.11768
0
0
0
0
0.06714
0.07883
0
0.09676
0.24323
0
0.75517
0.23868
0.27332
0
0
0.49642
0
0
0.26821
0.1409
0
0
0
0.09337
0.16615
0.24696
0.18964
0.65214
0
0.31079
0.08107
0
0.12776
0.0813
0.41727
0.26863
0.18957
0.06067
0
0
0
0
0
0.05847
0
0.73874
0
0
0
0
0.64812
0
0
0.16379
0
0
0
0.05842
0
0.09782
0.08906
0.19644
0.15463
0.45312
0.30847
0
0.09466
0.19922
0.35801
0
0.17145
0
0.08782
0.19258
0
0
0.08535
0.60136
0
0.2459
0
0.06147
0.16994
0
0
0
0
0.38514
0
0.09428
0.20828
0.09747
0.08742
0.06817
0
0
0
0.15776
0
0.28673
0
0
0
0.54722
0.63731
0
0
0
0.29362
0
0.44645
0
0
0
0
0.2557
0.23503
0
0
0.15466
0.38065
0.09541
0.07996
0
0.8179
0.1703
0
0
0.15884
0
0.13465
0
0.09533
0
0.18619
0.07648
0
0
0
0
0.35413
0.26084
0
0
0
0
0
0.11284
0
0.68128
0.11953
0
0.12284
0
0.20619
0.48475
0
0.33197
0.2595
0.45155
0.23125
0.02637
0
0
0
0
0
0.06747
0
0
0
0
0
0.09181
0.06427
0
0
0.13097
0
0
0
0
0
0.40328
0
0
0
0
0.25519
0
0.57276
0
0
0
0.41361
0.70578
0
0.60568
0.02227
0.07629
0
0
0.07981
0
0.05528
0.05746
0
0
0.64005
0.23913
0.12641
0
0
0
0
0.09336
0.28593
0.60852
0.23735
0
0
0.64749
0
0
0
0.16503
0
0
0.0297
0.65849
0
0.79883
0
0
0
0.09427
0.13986
0
0.09043
0.55752
0
0
0.16645
0.30783
0
0
0.09283
0
0
0.11034
0
0
0
0.12143
0.09032
0.29615
0
0
0
0.12892
0.19724
0
0
0
0
0
0
0
0.82985
0.03162
0
0
0
0
0
0.4764
0
0
0
0
0
0.58396
0.21438
0
0
0.08806
0
0
0.09211
0
0
0
0
0
0
0
0.02577
0
0
0
0
0
0
0.0544
0
0
0.07863
0.68783
0.48009
0
0.24833
0
0
0
0
0.11195
0.73217
0
0
0
0.09588
0.24037
0
0
0
0
0
0
0.42573
0.47476
0
0
0.15361
0
0
0
0
0
0.66225
0
0.29723
0
0
0
0
0.09224
0
0.55708
0
0
0
0
0.11389
0
0
0
0
0
0.59985
0.68174
0
0.0777
0
0
0
0
0
0
0.08985
0
0.14563
0.45987
0
0
0
0
0
0
0
0
0.2331
0.235
0.73589
0
0.25484
0.08501
0.10399
0
0
0
0.05641
0
0
0
0
0
0
0.58991
0.21257
0
0.27951
0
0.63457
0.09867
0.10077
0
0
0
0
0
0.67741
0.0845
0
0.24377
0
0
0.74217
0.18013
0.06748
0
0
0
0.71931
0
0
0
0.09089
0.09521
0
0
0
0.80623
0.0828
0.35599
0.251
0.22523
0
0.5267
0
0
0
0
0
0
0
0.07732
0.07888
0.20984
0
0
0
0.11268
0
0.68304
0
0
0
0
0
0.0264
0.50691
0.19421
0
0.04485
0.12683
0.1675
0.09585
0
0
0.22948
0
0.58582
0
0.03173
0
0.51301
0.52355
0
0.1629
0
0.07903
0.37739
0.04733
0
0
0
0
0
0
0
0
0
0
0
0
0.70644
0
0
0
0
0
0
0.2197
0
0
0.75411
0.722
0.30202
0.18841
0
0
0
0
0
0.14994
0.2219
0.07285
0
0
0.06985
0.24267
0
0
0
0.20391
0
0
0
0
0
0
0
0.08455
0
0
0
0.26985
0.18702
0
0
0
0.31057
0
0
0.39069
0.47358
0
0.0552
0.09729
0
0.13972
0
0
0.15865
0.7755
0.02637
0.08533
0
0
0.16375
0.37668
0
0
0
0
0
0
0
0
0.06842
0
0
0
0
0
0
0
0.20855
0
0
0
0
0
0
0
0.16982
0.10109
0
0.1694
0
0.16953
0
0.34402
0
0.02369
0
0
0
0
0
0
0.08146
0.09486
0.07155
0
0
0.17192
0
0
0.20202
0.56844
0.17155
0.09142
0
0
0
0
0
0.17101
0
0
0
0
0
0
0
0.59027
0
0.23804
0
0
0
0
0.70911
0.28802
0
0
0
0.09673
0.13083
0
0
0.76301
0.05843
0
0.09379
0
0
0.25667
0
0
0.09558
0.16435
0
0
0
0
0.52439
0.33197
0.26443
0.54602
0.35056
0
0
0
0
0
0
0.87845
0
0
0
0.05394
0
0
0.50442
0
0.76482
0.41458
0.26111
0.23784
0.63018
0.69028
0
0.15768
0.1562
0
0
0
0
0
0
0.09803
0.42814
0.08544
0.69424
0
0
0
0.02585
0
0
0
0
0.06653
0
0.25802
0.05858
0
0
0.4672
0
0
0
0
0
0
0
0.21643
0
0
0
0
0
0.31405
0
0.65497
0
0
0
0
0
0
0.0554
0
0
0
0
0
0
0
0.3073
0.05728
0.19387
0.25191
0
0
0.24907
0.06356
0
0
0
0.12166
0.62383
0
0.07604
0
0
0.24609
0
0.03324
0.3892
0
0
0.7135
0
0
0
0
0
0
0
0
0
0
0
0.15504
0
0
0
0.15873
0.16952
0
0
0.70996
0
0
0
0.37853
0
0
0
0.2097
0
0.16531
0.29778
0
0
0
0.8091
0
0
0
0
0.15776
0.11239
0
0.15664
0.16655
0.58702
0.18097
0.08625
0.95545
0.40421
0
0.12844
0
0
0
0.08027
0
0
0
0.55593
0
0.37619
0.1796
0.07175
0.54898
0.28982
0.77096
0.17226
0
0
0
0
0
0.57052
0
0
0
0.09618
0
0
0
0.5452
0
0.07791
0
0
0
0.22006
0.51116
0
0.06991
0
0
0
0
0
0.14754
0.16493
0
0.06689
0.17907
0.02554
0.16594
0.67779
0.12922
0.12969
0
0
0.42338
0.21703
0.67318
0.27353
0.14574
0
0
0.07121
0
0
0
0
0.28239
0.38032
0.12073
0
0.16597
0.09735
0.23902
0
0
0.44284
0.41307
0
0
0.51067
0
0
0.6521
0.17784
0.07753
0
0
0.75262
0
0
0
0
0.17353
0
0
0
0
0
0
0.2895
0.30874
0.2364
0
0
0
0
0
0
0
0.27188
0
0.17774
0
0.39295
0.23816
0
0
0
0.05717
0
0
0
0
0.4276
0
0
0.2494
0
0
0
0
0
0
0.27654
0.05907
0.54533
0
0
0
0
0.05408
0
0
0
0.15837
0.14299
0.15728
0
0.16784
0.60451
0
0
0
0
0
0
0
0
0
0
0
0
0
0
0
0
0
0
0.10208
0
0
0.1006
0
0
0
0.57503
0
0
0
0
0
0.39116
0.07886
0.03217
0.63813
0
0
0
0
0
0.08254
0.02342
0
0
0
0.15524
0
0.35882
0
0
0
0
0
0.04622
0
0
0.08863
0.08612
0
0
0.24399
0.14257
0
0
0
0
0
0.4546
0
0.36547
0.57324
0
0
0
0
0
0
0
0.06643
0
0
0.0704
0
0
0
0
0
0
0
0.17182
0.05375
0.28467
0.06856
0
0.5697
0
0
0.05535
0.10168
0.05828
0.09355
0.34085
0.21328
0.1969
0.36884
0
0.06435
0
0
0.8453
0.36101
0.27331
0
0
0.09602
0
0
0
0
0
0
0.0795
0
0.09293
0.23798
0.07336
0.10451
0
0.01845
0
0
0
0
0.07877
0
0.77277
0.12989
0.17164
0
0.09595
0
0.07914
0
0
0.06212
0.16346
0.72606
0.19184
0
0
0.20773
0
0
0.1532
0
0.4742
0.52184
0.16626
0
0
0
0
0
0.09631
0.17168
0.05673
0
0
0.05318
0
0.18259
0.02479
0.52073
0
0.31037
0
0
0
0.1634
0
0
0.32478
0.09385
0
0
0
0.22811
0.28864
0.27394
0.52384
0.48408
0
0.17079
0
0.4289
0
0
0.19052
0.05848
0
0
0.16784
0.2371
0.78607
0
0
0.1533
0
0.49788
0.47375
0.62882
0
0.13565
0.09547
0.37835
0.05474
0
0
0
0
0
0
0
0.05612
0
0
0
0
0
0
0.2235
0.28901
0
0
0.1884
0.08591
0
0
0.65146
0.23117
0.08097
0.10681
0
0
0.31604
0
0
0.02713
0.23714
0.18152
0
0
0
0
0.1107
0
0
0
0
0.4534
0
0
0.2364
0
0.74875
0
0.28674
0
0
0
0
0
0
0
0
0
0.03034
0
0
0
0
0.33252
0
0.0618
0
0
0
0
0
0
0
0
0
0
0.54728
0
0.36302
0
0
0
0.08069
0
0.11278
0
0.23829
0.27435
0.2622
0
0
0
0.46954
0.16754
0.22593
0
0.45515
0.02664
0.37524
0
0
0
0
0.36556
0
0.05739
0
0.7006
0
0.10078
0.23466
0
0.27521
0
0.0581
0
0
0
0.08193
0
0.27723
0.45484
0.47374
0
0.58688
0
0.29021
0
0
0
0
0
0
0.07763
0.19579
0
0
0.30461
0.58284
0
0
0.29614
0.0958
0.18608
0
0.12798
0
0
0
0
0.37301
0.18009
0.08917
0.26669
0.07009
0.78133
0.17218
0
0.05684
0
0.06993
0
0.5579
0
0.06883
0
0
0.20948
0
0.31019
0.19852
0
0
0.17263
0
0.53086
0
0.70871
0.78467
0
0
0
0
0.16848
0.09784
0.05891
0.12908
0.28683
0
0.09111
0.07932
0.02329
0.19039
0.17256
0.30827
0
0
0.28422
0.49084
0
0.23498
0
0.09831
0.07976
0
0
0
0
0
0.08915
0
0
0.28852
0
0.17654
0
0
0
0
0
0
0
0
0
0
0
0
0
0
0
0
0
0
0
0
0
0
0.17021
0
0
0
0
0
0.80677
0
0
0
0.12435
0
0
0.24693
0.09784
0.46145
0
0
0.08126
0.17505
0.70434
0
0.57158
0
0.22829
0.0825
0.15054
0
0
0
0
0
0
0
0
0.07828
0
0
0
0
0.44592
0.19754
0.23174
0.07818
0.11499
0
0.35503
0
0
0
0
0
0
0.66844
0.05493
0
0
0
0
0
0
0
0
0
0
0
0.075
0.11061
0.53032
0
0
0
0
0
0
0
0
0.66375
0.6404
0.07715
0.21647
0
0
0
0
0
0
0
0
0
0
0
0
0
0
0.09597
0.2091
0
0
0
0
0
0
0.06695
0
0.08129
0
0.11631
0
0.09448
0
0.18802
0.05691
0
0
0.37603
0
0.25961
0
0.66068
0.05805
0.17665
0
0
0
0.05784
0.19839
0.23901
0
0.36184
0.57318
0
0
0.06718
0.16074
0.1261
0
0
0.27701
0.02329
0.02681
0
0.09515
0
0.09334
0
0.33174
0
0
0
0
0
0
0
0.3313
0
0
0
0
0.20844
0.0769
0
0.08024
0.51332
0.23448
0.18375
0.06953
0
0
0
0.16442
0
0
0.10101
0.12294
0.20283
0
0
0.50567
0
0
0.80424
0
0
0
0
0
0
0
0
0
0.56712
0.16893
0
0.17059
0.07655
0
0.07315
0.05818
0
0
0.16268
0.54078
0
0.42627
0.21474
0.08686
0
0
0.19649
0
0
0
0
0
0
0.94519
0
0
0.05773
0
0
0
0.05734
0
0
0
0.43018
0
0.24155
0.50993
0.19056
0
0.4778
0
0.09802
0
0
0
0.09933
0
0.38301
0.14954
0.32849
0
0.05626
0
0
0.11246
0.03843
0
0.12828
0
0.22787
0
0
0
0
0.60008
0
0.88634
0.23553
0
0.25115
0.44391
0
0.21908
0
0.06744
0.07848
0.14631
0
0.27993
0
0.76568
0.15034
0.09063
0.07263
0
0.89806
0.09955
0.17047
0
0
0.34814
0.62052
0.17261
0
0
0
0.80549
0
0
0
0.18705
0
0.05463
0.08445
0
0.39646
0.23527
0
0.21018
0.03282
0
0.09718
0
0.38285
0
0
0.18558
0.09686
0
0.12301
0.27637
0
0.52781
0.07682
0.15894
0
0.7612
0.12797
0.05463
0.28487
0
0
0
0
0
0.16599
0
0
0
0
0.18708
0.31551
0
0
0.20799
0.2965
0.05777
0
0.05567
0
0.05693
0.1631
0
0.05456
0
0
0
0.19813
0
0
0.08827
0.10977
0
0
0
0
0
0
0
0.12948
0
0
0
0.29431
0
0
0
0.05672
0
0
0.80503
0.34841
0
0
0.11281
0
0
0
0
0
0.23602
0
0
0
0.12511
0
0.36562
0
0
0
0
0.11651
0
0
0.09414
0
0.85872
0.18134
0
0.02359
0
0
0
0
0
0
0
0
0
0
0
0
0.07556
0.05389
0
0
0.44894
0
0.41784
0
0.38666
0.26359
0
0
0
0
0
0
0.21162
0.34775
0
0
0.09709
0
0.33083
0.52494
0
0.37552
0.24004
0
0
0
0.05536
0
0.22824
0
0
0
0.52495
0
0.65987
0
0
0
0
0.0774
0.15604
0
0
0.09802
0.1396
0.07893
0
0
0
0
0
0
0.33942
0
0
0.09341
0
0
0.20095
0.63854
0
0
0
0
0.16842
0
0
0
0
0
0
0
0
0.11308
0
0
0
0.18622
0
0
0
0.09686
0.44837
0
0
0
0
0.05739
0.42369
0
0
0.5832
0.03286
0
0.11896
0.6123
0.36472
0
0
0.17297
0
0.08148
0.11986
0.28889
0
0
0
0
0
0
0
0.67208
0
0
0.05752
0
0.11335
0
0
0
0
0
0
0
0.16745
0.06889
0
0
0
0.17356
0.09854
0
0
0
0.08241
0.08258
0.38004
0.05718
0
0
0.05784
0
0
0.07471
0
0
0.47386
0
0
0.23308
0.52576
0
0
0
0
0.19052
0.42389
0
0
0
0.22341
0
0
0.03066
0
0
0
0
0
0.46086
0.51478
0.09261
0
0
0
0
0
0.42524
0
0
0
0
0
0
0.33939
0.44549
0
0
0
0
0
0.18169
0.16643
0
0.34131
0.32764
0.56776
0
0.26374
0
0
0.09744
0.17354
0.15358
0.05715
0
0
0.20967
0.1893
0.52004
0.33944
0.25967
0
0.06925
0
0
0
0
0
0
0
0
0
0
0.03841
0
0
0.20896
0.17246
0
0.05745
0
0
0.09811
0.1545
0.14757
0.20231
0.2283
0.02103
0
0
0.07933
0.13487
0.76203
0.438
0.05855
0
0.15428
0.11221
0
0.15408
0
0.08211
0
0
0
0
0.14316
0.35957
0
0.49805
0
0.5225
0.05914
0.44674
0
0
0
0
0
0
0.15404
0
0
0
0.15546
0
0
0.04432
0.37566
0
0
0.08618
0
0.22199
0.16934
0.21301
0.2668
0
0
0
0.16694
0.13069
0
0
0
0.51104
0
0
0
0.66857
0
0
0
0.05819
0
0.15416
0.2405
0.06212
0.05671
0
0.19034
0
0
0.09498
0.15016
0.06862
0
0.06333
0.15497
0
0
0
0
0.27019
0.2028
0
0
0
0
0
0.05431
0.81956
0
0
0.06977
0
0
0
0
0
0
0.12779
0
0
0.61066
0.0192
0
0
0
0.69405
0
0.14406
0.32554
0
0.07871
0
0
0.16657
0
0.73114
0
0.6553
0.1927
0
0.16429
0.08551
0
0
0.05685
0
0
0
0.39657
0
0
0
0
0
0.16614
0.17105
0
0
0
0
0.05502
0
0
0.15665
0
0.89772
0.49961
0
0
0
0
0
0
0.09124
0
0.07932
0
0
0
0
0
0.2647
0.15394
0
0.29778
0
0
0
0.09881
0.65962
0
0
0
0.07758
0.08935
0.31549
0.31651
0
0
0.454
0
0
0.7466
0.17115
0.07324
0.07394
0
0
0
0.42472
0
0
0
0.09601
0
0.5197
0
0
0.3852
0
0
0
0
0
0
0
0.04214
0.15333
0
0.78037
0.05361
0.24022
0
0
0.12397
0.52867
0
0
0.15954
0
0
0.05761
0
0
0.65745
0
0
0
0.07841
0
0
0
0
0
0.79104
0
0.24047
0
0
0
0
0.26132
0.05688
0.5472
0.29182
0.09222
0.44333
0
0
0.34148
0
0
0.1808
0
0
0.29663
0.36831
0
0
0
0
0.07353
0
0
0.07505
0
0.17788
0.23809
0
0.10626
0.26831
0.33043
0
0.02773
0
0.03226
0.17001
0
0
0.05767
0.23007
0.38164
0
0
0
0.65301
0.74094
0
0
0.14228
0.56407
0.45316
0.09218
0.42153
0
0.48334
0
0
0
0
0
0.08375
0.22962
0.52176
0
0
0
0
0
0
0
0
0.6944
0.06338
0.09585
0.17615
0
0.11496
0.50055
0.02394
0.35783
0.19935
0.12528
0
0
0
0
0.52398
0
0.244
0.4723
0
0
0
0
0.19696
0
0
0
0.56867
0.16893
0.36035
0
0
0
0.66803
0.13496
0
0
0.81186
0.16382
0.21058
0
0
0
0.61368
0
0
0.45236
0.12826
0
0.5305
0.13095
0
0.40975
0
0
0
0
0
0
0.41694
0
0
0
0.24058
0.17112
0
0
0.28616
0.08861
0.7247
0.70253
0.38779
0
0
0
0
0.06706
0.0266
0.05647
0
0
0.52504
0
0
0.75479
0.2901
0
0.16706
0.80339
0.27581
0.15452
0
0.47165
0
0.08813
0
0
0
0
0
0.16963
0
0
0.06711
0.06826
0
0
0.08054
0
0.23657
0
0
0
0
0.0828
0
0
0.21429
0
0
0
0
0
0.80085
0.25737
0
0
0.09039
0.32653
0.12045
0
0.08627
0.49336
0.06451
0
0
0
0
0.08077
0
0
0
0
0
0.16833
0
0
0.60036
0
0.25741
0.06895
0.07725
0
0.79809
0
0
0.53725
0
0
0
0.05296
0.83928
0.08247
0.19866
0.32295
0
0
0.56932
0.47779
0.14213
0.14149
0
0.53643
0.08924
0
0.44878
0
0.05045
0.40121
0
0
0
0
0
0
0
0
0
0.07658
0
0.2158
0
0
0.19996
0.23721
0
0.30537
0.07969
0.17226
0.09301
0
0.09136
0
0
0
0.46573
0
0.30014
0
0
0.09362
0.12948
0.13153
0
0.0181
0.10787
0.05624
0
0.05443
0.05446
0
0.50682
0.05535
0
0.73626
0
0.51644
0.27162
0.52845
0.6057
0.62191
0
0
0
0
0
0
0
0
0
0
0.09318
0
0
0.11779
0
0
0
0
0
0
0
0
0
0.05563
0.19197
0.19777
0
0
0
0.80629
0
0.0805
0.41498
0.05533
0
0
0.55807
0.44912
0
0
0.60412
0.11449
0.7267
0.1687
0
0.16433
0.16801
0
0
0
0.0541
0.83983
0.09111
0.08682
0.65473
0
0
0.15528
0.19591
0
0
0.37965
0.19029
0.48021
0.14253
0
0
0.02626
0.18011
0.16987
0.31114
0
0
0
0
0
0.04975
0.12647
0.05857
0.12772
0
0
0
0
0
0
0
0.51317
0.62452
0
0
0
0
0
0.12573
0
0
0
0.6237
0
0
0
0.3094
0
0.23209
0.10028
0
0
0.77571
0
0
0
0.22708
0
0
0
0
0
0
0
0.01824
0.02252
0
0
0
0
0
0
0
0
0
0.18796
0
0
0.05754
0.08947
0
0
0
0
0
0
0
0
0
0
0
0.17197
0
0
0
0
0
0
0
0
0
0
0
0
0
0
0.05471
0.05535
0
0
0.05472
0.17276
0
0
0.13473
0.2745
0.12744
0
0
0
0.10956
0
0
0
0
0.34472
0
0
0.02274
0
0.80595
0
0
0
0
0
0.15543
0
0
0
0
0
0
0.59254
0
0
0
0
0
0
0
0
0.05437
0
0.17156
0
0
0
0
0
0.43493
0.15355
0.86411
0
0
0.24539
0.58404
0
0.46852
0
0.17645
0.2184
0
0
0.6598
0
0
0
0
0.17141
0
0
0
0
0.09646
0
0
0
0
0
0
0
0
0.29686
0
0
0
0.42881
0.45773
0
0
0.25069
0
0
0.17098
0
0.54901
0.35753
0
0
0
0
0
0
0
0
0
0
0
0
0
0
0
0.31167
0
0
0.05474
0
0
0
0
0
0
0
0
0
0.34501
0
0.13003
0.0563
0
0
0
0
0.10149
0.09271
0
0.74723
0.20414
0
0
0
0
0.16495
0.18803
0.1716
0.20914
0
0.17873
0.17314
0
0
0.06455
0
0
0
0.1281
0
0.76456
0
0.08578
0
0
0.72428
0.2124
0.49269
0
0.0766
0.0446
0.51061
0.33004
0
0
0
0
0
0
0.08256
0
0.10775
0.40259
0
0
0.05468
0
0.64128
0
0
0.1627
0
0
0
0.15343
0.0853
0
0
0
0
0
0
0
0.03178
0.08581
0
0.62418
0.0571
0.50783
0
0
0
0
0
0
0.20136
0.11276
0.1131
0.21935
0.01798
0
0
0
0
0.08554
0
0
0
0.20924
0.42848
0
0.32268
0.05624
0
0
0.53103
0.46168
0.59697
0
0
0
0
0.43448
0
0.08442
0.02382
0
0.04736
0
0
0.29512
0.63005
0.34219
0
0.08153
0.20967
0.09658
0
0
0
0
0.28615
0
0.05699
0
0
0
0.15378
0
0.35069
0.72869
0
0.29181
0.37687
0
0.12371
0
0
0
0
0
0
0
0
0
0.06703
0.2552
0
0.13643
0
0
0.16958
0.20633
0.19018
0.32632
0
0.09362
0
0
0
0
0
0.34309
0
0
0
0
0
0.29433
0.14759
0.71066
0
0
0.5099
0
0.21474
0
0
0
0
0
0.39549
0
0
0.18732
0
0.3599
0.15517
0
0
0
0
0.14891
0
0
0.11733
0.01894
0
0
0.84546
0.78168
0.14506
0
0
0.49584
0.17519
0
0
0
0.15702
0
0.17159
0.53131
0
0.47243
0
0.17461
0
0
0
0
0
0
0.05653
0
0
0.21837
0
0.68123
0
0
0
0.16823
0
0
0
0
0.38289
0.0542
0
0
0
0
0
0.21752
0.05792
0
0.07917
0
0
0.47289
0
0
0
0.47473
0
0
0
0
0.06852
0
0.225
0
0
0
0.35569
0
0
0
0.06089
0
0
0.14348
0
0
0
0.13024
0
0
0.16972
0
0
0
0.12181
0
0
0.84332
0
0.05579
0.82772
0
0.04207
0
0
0
0
0
0
0.25626
0
0.36915
0
0
0
0
0.08033
0
0
0
0
0.08608
0
0.23752
0.44632
0
0.17373
0
0.10584
0.03224
0
0.12102
0.21061
0
0.72583
0.03043
0.4228
0
0.83969
0
0.05496
0
0.05791
0.09365
0
0.09399
0.65224
0.13986
0
0
0.07994
0
0
0
0
0.33183
0
0
0.73139
0.16343
0.11365
0
0.44283
0
0
0
0.32374
0.35292
0.2901
0
0.32932
0
0.61067
0.30956
0
0
0
0
0
0.22758
0
0
0
0
0
0.14346
0
0.21228
0.17785
0
0.23511
0.02599
0.08547
0.16738
0.0863
0
0
0
0
0
0
0
0
0
0
0
0
0
0
0.06667
0
0.06701
0
0
0.35022
0.75143
0
0
0
0
0
0.484
0.33936
0
0
0
0.0584
0
0.17833
0
0
0
0
0.28943
0.30489
0.13746
0
0
0.18865
0
0.71754
0.15475
0
0
0.23376
0
0
0
0
0
0
0
0
0.19092
0
0.77113
0
0.08196
0
0.09524
0.52368
0
0.05887
0
0
0
0
0.53822
0.44662
0
0
0
0
0
0
0
0
0
0
0
0.11955
0
0
0.2266
0.09442
0
0.49926
0
0
0
0.09209
0.21312
0.08153
0.17367
0.14345
0
0.42789
0
0
0.39558
0
0.1796
0.09608
0
0
0.0851
0
0
0
0.68864
0.06613
0
0.12894
0
0.23503
0.41069
0.08328
0
0
0
0
0.29074
0
0
0
0
0
0
0.54547
0.41724
0.0579
0
0.21253
0.06916
0
0.08836
0
0
0
0
0
0
0.03257
0.08567
0.29692
0
0
0
0
0
0
0
0.16115
0
0.19057
0.45237
0.14297
0.09925
0
0
0
0.13488
0
0
0.13045
0
0.33941
0
0.17362
0.66917
0.20989
0
0
0.21178
0.08029
0
0
0.09607
0
0.01941
0
0
0.48564
0
0.1679
0
0
0
0
0
0
0
0
0
0
0
0
0.08796
0
0
0.62204
0
0.65255
0
0
0.13949
0
0.51916
0.1166
0.41965
0
0
0
0.13179
0
0
0.1727
0.39635
0.81477
0
0
0.28956
0
0
0
0
0.40364
0
0.01979
0
0
0.1529
0
0.03043
0
0.16487
0
0
0.12669
0.32196
0.06943
0
0.53049
0
0.19259
0.12946
0.1285
0
0
0.05542
0
0.0798
0.03968
0
0
0
0.2201
0
0.77963
0.33984
0
0.08566
0
0.03736
0.17601
0
0
0
0
0
0.71796
0.59005
0.12811
0
0
0
0
0
0
0.53039
0
0
0.05799
0.21596
0.05912
0
0
0
0
0
0
0
0.07389
0
0
0
0.02986
0.21188
0.26163
0
0
0
0
0
0.72974
0.07328
0
0.23784
0
0.26558
0
0.52145
0
0.30879
0.83686
0
0.09901
0
0
0
0.20219
0
0
0
0.08189
0
0
0
0
0
0.17174
0
0
0
0
0
0
0
0
0
0
0.06362
0.17178
0
0
0
0.17248
0.08495
0.0959
0
0
0.37374
0
0.08656
0
0
0
0.18885
0
0.25745
0
0.39021
0
0.24042
0.58562
0
0.21817
0
0.19966
0.23666
0.24297
0
0.02533
0
0.23995
0
0
0.17074
0
0.28559
0
0
0.09214
0
0
0.0866
0.36574
0
0
0
0
0.61784
0
0
0
0.05821
0
0
0
0
0.27441
0.75016
0
0
0.09631
0
0
0
0.63741
0
0.08665
0
0
0
0
0
0.16535
0
0
0
0.65599
0
0.08107
0
0
0
0.18193
0.07651
0
0
0
0
0
0
0
0
0
0
0
0.4746
0.08042
0
0.31704
0
0
0
0
0
0
0
0.16307
0
0.03164
0.65045
0.09809
0
0.22717
0.32556
0
0
0.08682
0
0
0
0.12809
0.09693
0.07908
0.44476
0
0.05978
0
0.16296
0
0
0
0
0.12975
0.16027
0.10853
0
0.07373
0
0.43568
0.05125
0
0
0.20353
0
0
0.2364
0.0575
0.08655
0.08184
0
0
0
0
0.02326
0
0
0
0
0
0.10547
0
0.2354
0
0
0
0
0
0
0.08531
0
0.62497
0.0942
0.26855
0.23536
0
0
0
0
0
0
0.16937
0.05929
0
0
0.80274
0
0.80484
0
0.30692
0
0
0.09174
0.07657
0.09176
0.1978
0
0
0
0
0
0
0
0
0
0
0.08161
0.37284
0
0
0
0.1669
0.20917
0
0
0.1535
0
0
0.7644
0
0.0265
0.72789
0
0.093
0
0
0
0
0
0
0
0
0
0
0
0.21142
0
0
0.08531
0.42512
0.11058
0
0
0.14481
0
0
0.08002
0
0
0.13157
0.15337
0.03783
0.1685
0
0.30765
0
0
0.28604
0.07639
0.28954
0.5948
0
0.12963
0
0
0.16145
0
0.07893
0.32524
0
0
0.29753
0
0
0
0
0
0
0
0
0
0
0.52406
0
0
0
0.0273
0
0
0
0
0
0
0
0.05338
0
0
0
0.72846
0.69331
0
0
0
0
0
0
0
0
0
0.30652
0.83107
0
0
0
0
0
0
0
0.51494
0.26861
0
0
0
0
0
0
0
0
0
0.59384
0
0
0.44455
0
0
0.17264
0.12805
0
0
0
0
0
0
0
0
0.30686
0
0
0.24264
0
0.03169
0
0
0
0
0
0.45511
0.48167
0
0
0
0.18936
0
0
0.0563
0.15917
0.27632
0
0
0
0
0
0
0
0.07586
0.44895
0
0.15654
0
0
0
0.20276
0
0
0
0
0.08421
0.2187
0.65635
0
0
0.07633
0
0
0
0
0
0.29324
0.21296
0
0
0
0
0.02453
0.05704
0
0
0
0
0.4741
0
0
0
0
0
0
0
0
0.77981
0
0
0
0.07703
0
0
0
0
0.09508
0.20958
0
0
0
0
0
0.53084
0.29012
0.26471
0
0.42453
0
0.08544
0
0
0.53271
0
0
0
0
0
0
0.54125
0
0.58183
0.18239
0.33977
0.10003
0
0
0
0.09595
0
0
0
0
0.08829
0
0
0
0.07684
0
0
0
0.44428
0.1159
0
0.34782
0.09589
0
0
0
0.24543
0.08519
0
0
0
0
0.17189
0
0
0
0
0.62402
0
0
0
0
0
0
0
0.42684
0
0.07665
0
0
0.77948
0
0
0
0.44767
0
0
0
0
0
0.17471
0
0
0.1182
0.17152
0
0
0.2232
0
0
0.28667
0
0.06725
0
0
0
0
0
0
0
0
0
0
0.21965
0
0
0
0
0
0.41475
0
0.36901
0
0.45409
0
0
0.24007
0
0.26558
0.26136
0
0
0.16258
0
0
0
0
0
0
0.15393
0.81253
0.08586
0
0.21848
0
0
0
0
0
0
0
0
0
0
0.0818
0
0
0
0
0
0
0.08035
0
0
0
0
0
0
0.07419
0
0
0
0
0.05663
0
0
0.65333
0
0
0
0
0.05123
0
0
0
0
0
0
0.20902
0
0.13103
0
0
0.03161
0
0
0
0
0
0
0
0.07722
0
0
0
0.16529
0
0.55034
0
0
0
0.09735
0
0
0.07396
0.21091
0
0
0
0.08301
0
0
0
0
0.3131
0
0
0
0
0
0
0
0
0
0
0
0
0
0
0.09565
0.39913
0.16939
0
0
0
0
0
0
0
0
0
0.0793
0
0
0
0.14636
0
0
0.09576
0
0.16891
0
0
0
0
0
0
0
0
0
0.08861
0.3574
0
0.0747
0
0
0.57281
0.51135
0.18693
0.38718
0
0.52739
0
0
0
0
0
0
0.14343
0
0
0
0.15235
0.22009
0.05278
0.20204
0.49831
0
0
0
0.09588
0
0
0.07302
0
0
0
0
0
0.3963
0
0.5149
0
0.57096
0
0.60699
0.19536
0
0.11477
0
0.04159
0
0.56631
0
0
0
0.50345
0
0
0.0738
0
0
0
0
0
0
0.0543
0
0
0
0.42869
0
0
0
0.11764
0
0.08616
0
0.05411
0
0.08825
0
0
0.235
0.48844
0
0.8071
0
0.0267
0
0
0.42235
0
0
0.32255
0.39765
0.21058
0
0
0.17231
0
0.19133
0
0
0
0
0
0
0.04961
0.20121
0.44995
0
0
0.24772
0
0
0.14296
0
0
0
0
0.09639
0.55115
0.17191
0.42244
0
0.15109
0.15669
0.45993
0.17105
0.16587
0.08095
0.16387
0.16515
0.31588
0
0
0
0
0
0.1801
0.465
0.72614
0
0
0
0
0.05909
0
0
0.69275
0
0.19455
0
0.23203
0
0
0
0.51984
0
0.66512
0.09141
0.39074
0
0.61526
0.79097
0.09262
0.01925
0
0.03086
0.35281
0
0
0.39174
0
0
0.21236
0
0.12202
0.69664
0
0
0.02521
0
0.22549
0
0.09715
0
0
0.07735
0.06403
0.09228
0
0
0.15725
0.30882
0
0.65001
0
0
0.02821
0.0923
0.07576
0
0.24881
0.09385
0
0.1624
0.79853
0
0.05148
0
0.04561
0.21026
0
0.05526
0.08934
0.20907
0.35246
0
0
0
0
0.42294
0.35738
0
0
0
0
0
0
0
0.09355
0.3011
0.13049
0.43887
0
0.69721
0
0.67257
0.56775
0
0
0
0
0.21127
0.19112
0.08576
0.45356
0
0
0.26945
0.18137
0
0
0.09464
0.75582
0
0.50872
0.52305
0.27621
0
0
0.0674
0
0.73651
0.29295
0
0.33003
0
0
0
0.76826
0
0
0.07041
0.01938
0
0
0
0.74295
0
0
0
0.09612
0
0.27035
0
0
0.02631
0.05413
0.44974
0
0
0
0
0
0
0.32255
0
0.14974
0.2625
0
0
0
0.70307
0.09295
0
0
0
0.31143
0
0
0
0
0.06794
0
0
0.60357
0.03035
0.06368
0
0
0
0
0.20541
0
0
0
0.0793
0
0
0.28608
0
0.09005
0
0
0
0
0
0
0
0
0
0.05955
0
0
0
0.04561
0.068
0
0
0.31901
0
0.11727
0
0
0.43974
0.44717
0
0
0
0
0.22179
0
0
0
0
0
0
0
0
0
0
0.23641
0
0
0.32983
0
0
0
0
0
0
0
0
0
0
0
0
0.07605
0.58679
0
0.0811
0.92157
0.12872
0
0
0
0
0
0
0
0
0
0.09806
0
0
0
0.09412
0
0
0
0
0.48694
0
0
0
0.06842
0
0
0
0
0
0
0.24041
0
0
0.31383
0
0
0
0
0
0
0
0
0
0
0
0
0
0
0
0
0
0.65782
0
0
0
0
0
0
0.07665
0.39079
0
0
0.05941
0
0.60854
0.07678
0.54368
0
0
0.11252
0.05627
0.52038
0.04643
0.15149
0.0946
0
0.50961
0
0
0.21433
0
0
0
0
0
0
0.14301
0
0.48698
0
0
0
0
0
0.16057
0
0
0
0.30774
0.22036
0.1657
0.16537
0
0
0
0
0
0
0
0
0.74563
0.26723
0
0
0
0
0
0
0
0
0.02808
0.32146
0.53404
0.59084
0
0
0.26201
0
0
0.07872
0
0.35133
0
0
0.33597
0
0
0.33186
0
0.09511
0
0
0.22157
0.17808
0
0
0
0
0
0
0
0
0.3516
0.23805
0
0
0.06821
0.78292
0
0
0.13575
0
0
0
0
0.07633
0
0
0.15499
0.0266
0.57883
0.30616
0
0
0
0
0.02957
0
0
0
0
0
0
0
0.16014
0.15064
0
0
0
0
0
0
0
0
0
0
0
0
0
0
0
0.39722
0.07955
0
0
0
0
0.72683
0
0
0.41615
0
0.18663
0
0.03312
0
0.09503
0
0.40846
0.47177
0
0
0
0.41047
0.23985
0
0.44498
0.39996
0
0.23469
0
0.44842
0
0.28637
0.3752
0.50773
0.10053
0
0.08043
0.15795
0
0
0
0
0
0
0
0
0
0
0
0
0
0
0
0
0
0
0
0
0.43537
0.31335
0.39907
0.32544
0
0
0
0
0
0.23898
0.0506
0.02393
0
0
0
0
0
0
0
0
0
0
0
0
0
0
0
0.57443
0
0.09114
0
0.07906
0
0
0.44878
0.02882
0
0
0.35681
0
0
0.51937
0
0.1791
0.09309
0
0.76409
0
0
0.15322
0.21937
0
0
0.16887
0.38626
0
0
0
0.11559
0
0
0
0.05471
0.32646
0.50073
0
0
0
0
0
0
0
0
0
0
0
0.4965
0
0
0.05774
0
0.16801
0
0
0
0
0
0
0
0
0
0
0
0.25657
0
0.20895
0.53413
0.19596
0.09809
0.20899
0.11257
0
0
0.1012
0.02799
0.0586
0
0
0
0
0
0
0
0
0
0
0
0
0
0
0
0
0.14926
0.42734
0
0
0.33279
0
0.09534
0.21017
0
0
0.05496
0.51461
0.19248
0
0
0.07752
0
0
0
0
0
0
0
0
0.09546
0.38005
0.08139
0
0.05761
0.51277
0
0
0.59726
0
0
0.05808
0
0
0
0
0
0
0
0
0
0
0
0
0
0
0
0
0
0
0.14267
0.21895
0.5221
0.23864
0
0
0.40172
0.07696
0.07906
0
0
0
0.24828
0.05863
0
0.13974
0
0
0
0.19411
0.09243
0.09762
0
0.07257
0
0.23414
0
0
0
0
0
0
0
0
0
0
0.42844
0
0.24075
0
0
0.02793
0
0
0
0
0.0577
0
0.21784
0
0
0
0
0
0.93954
0
0.53115
0
0.133
0
0
0.23935
0
0
0
0.17347
0.26517
0
0.32187
0
0
0
0.07755
0.11244
0
0
0
0.24849
0.15327
0
0.65337
0
0
0
0
0.06781
0
0
0
0
0
0
0
0.05708
0.52001
0
0
0.40241
0
0
0.08238
0
0.24822
0.0936
0
0
0
0
0
0
0
0
0.6239
0.37027
0
0.2931
0.20401
0
0
0
0
0
0
0.1662
0
0.05215
0
0
0.25214
0.34276
0
0.15426
0.05904
0.05778
0
0
0
0
0.20999
0.09709
0.49678
0.07884
0
0
0
0
0
0
0
0
0.32924
0.73197
0.19795
0
0
0
0
0
0.11728
0
0.17255
0
0
0
0.02293
0
0
0
0
0
0
0
0
0
0
0.30827
0
0
0
0
0
0
0.01883
0.09582
0.09998
0
0
0
0.41173
0
0
0
0
0.58065
0
0
0.45062
0.04438
0
0.56968
0
0
0
0
0.21191
0.18492
0.06838
0.35425
0.09247
0.20392
0
0.61788
0.02712
0.29797
0
0
0
0.06988
0
0.17727
0
0
0
0
0.03165
0
0
0
0.52071
0.08995
0
0
0
0
0
0.35889
0
0.08021
0.05891
0
0
0.08814
0.16953
0.61595
0
0.39308
0
0.80049
0.23925
0
0.15214
0.06214
0
0
0.05944
0.79815
0.20149
0.06766
0
0.13328
0
0
0.38647
0
0.18558
0
0
0
0.17299
0
0
0
0
0
0
0.17091
0
0
0
0.42664
0
0
0
0.29401
0
0
0
0
0
0
0
0
0
0
0
0
0
0.15658
0
0.08189
0.12494
0.03701
0.19999
0
0
0
0.16808
0
0
0
0
0
0
0
0
0
0
0.0904
0
0
0
0.08888
0
0
0.10021
0
0
0
0
0
0
0
0
0.40385
0.62443
0
0
0
0.15373
0
0
0
0
0.05628
0
0
0
0
0.4634
0
0
0
0
0.11747
0
0.20085
0
0
0
0
0
0.09707
0.64085
0
0
0
0
0.03215
0
0.23486
0
0
0
0
0
0
0.06133
0
0.04535
0
0
0.20966
0
0
0
0
0
0
0
0
0.67823
0
0
0
0.08505
0
0.21166
0.35595
0.0931
0
0
0
0
0.42866
0
0
0
0
0.65261
0
0
0.0828
0.19907
0
0
0.08899
0
0.15394
0
0.17852
0
0
0
0.08079
0.0762
0
0.26167
0
0.07085
0
0
0.12769
0.14148
0.07121
0.28974
0
0
0
0.18951
0.49887
0
0
0
0
0
0
0.08062
0
0.06337
0
0
0.15958
0
0
0
0
0
0
0.10412
0.17292
0.07647
0
0.65712
0
0
0.15353
0.33193
0
0.63898
0
0.32639
0
0.12806
0
0
0.6697
0.24057
0.07921
0
0
0.09698
0.06525
0.05792
0
0.07658
0.11875
0.44319
0.53042
0
0
0
0.07717
0
0.33142
0.22052
0.16566
0
0
0.16095
0.20909
0.37367
0
0
0
0
0
0.06458
0.07864
0
0.05713
0
0
0
0
0
0
0.02754
0
0.33145
0
0
0
0
0
0
0.44651
0
0.52152
0.18662
0
0.20626
0.06858
0
0
0
0
0
0.24373
0
0
0
0.03324
0.08227
0.06357
0
0.11257
0
0
0.02695
0
0.09767
0.23036
0.19607
0
0
0.66299
0.79687
0
0
0.23367
0.35398
0.18975
0.17363
0.05682
0.83104
0
0.78594
0.21092
0.33052
0
0.09412
0.21941
0
0
0.05775
0
0
0.11298
0.07722
0
0.23808
0
0
0
0
0.16542
0.16499
0
0
0
0
0
0.02457
0.08164
0
0
0
0.16197
0.05294
0
0
0
0
0
0
0.13267
0
0.09365
0
0
0.80311
0.04834
0
0.08606
0.08556
0
0.0585
0
0
0.19984
0.18176
0
0
0
0
0
0.66208
0
0
0
0
0.47411
0
0.17983
0
0
0
0.09918
0
0
0
0
0
0.28683
0
0
0
0
0
0.05052
0
0
0
0
0
0.09632
0
0
0.16654
0
0
0
0
0
0
0
0.09574
0
0.15462
0
0
0
0
0.51923
0.15326
0
0
0
0
0
0
0.07694
0
0
0
0
0
0
0
0.27661
0
0
0.07417
0.1655
0.09348
0.18727
0
0
0.15222
0
0
0
0
0
0
0
0.19249
0
0
0
0.02521
0
0.56139
0
0
0.52809
0.15359
0
0
0.09699
0
0
0
0
0.59555
0
0
0.33921
0
0.14923
0
0
0
0
0.09151
0
0.05487
0
0
0
0
0
0
0
0
0
0
0
0
0
0
0
0
0
0
0.08171
0
0
0.24583
0
0.11726
0
0
0
0
0
0
0
0.29735
0.27818
0
0
0
0
0
0
0
0.09649
0
0
0.35341
0.22682
0.09765
0
0.55164
0.08879
0
0
0.51741
0.67875
0
0
0
0
0
0
0
0.09672
0
0
0
0
0.18674
0.29795
0
0
0
0
0
0
0
0
0
0
0
0
0.10985
0.09522
0.24136
0
0.08053
0.04508
0
0.07977
0
0
0
0
0
0
0
0
0
0.41715
0.0747
0.06838
0.09871
0.06332
0.52415
0
0
0
0.36332
0.26143
0
0
0
0
0
0
0
0
0
0
0
0
0
0.61864
0
0.10097
0.28034
0.14007
0
0
0
0
0
0
0.36194
0
0
0.2358
0
0.39344
0
0.05877
0
0
0
0
0.0997
0
0.03141
0
0
0
0
0
0.08428
0.07813
0
0.25279
0.18885
0
0
0
0.46899
0
0
0
0.07909
0.08464
0
0
0
0.097
0
0
0
0
0
0
0
0
0.16522
0
0.05848
0.14131
0.08889
0
0
0
0
0
0
0
0
0
0
0.23454
0
0
0
0.17233
0
0.18678
0.11322
0
0
0
0
0
0
0
0.33103
0.32238
0.42374
0
0
0
0
0
0
0
0
0.20896
0.15904
0.15316
0.16373
0
0
0
0
0
0
0
0
0
0.1768
0.11052
0
0.27809
0
0
0.06891
0
0
0
0.21225
0
0
0
0.24543
0.32898
0
0
0
0
0
0
0
0
0
0.05778
0
0
0
0
0
0
0.27159
0
0
0
0
0
0
0
0.07418
0.44268
0.10121
0
0
0
0
0
0
0
0
0
0
0
0
0
0.08936
0
0
0
0
0
0
0.17275
0
0
0
0
0
0.42664
0.09598
0
0
0
0
0.47555
0
0
0
0
0.08849
0
0
0
0
0.02937
0.08674
0.25515
0
0
0
0
0
0
0.15013
0
0.39838
0
0
0
0.05664
0
0.02935
0
0.06862
0
0
0.02078
0.08895
0
0.44433
0
0
0
0
0.05689
0
0
0
0
0
0
0
0
0
0
0
0
0.49626
0
0.03274
0
0
0
0
0
0
0
0
0
0.24186
0
0
0
0.08206
0
0.48813
0
0
0.05044
0.41802
0
0
0
0.75067
0
0
0.12736
0
0
0
0
0
0
0
0
0
0
0
0
0
0.09562
0
0
0
0
0.04626
0
0
0
0
0.05547
0
0
0
0
0
0
0
0.07847
0
0
0
0
0
0.1544
0
0.47465
0
0
0.09542
0
0
0.62782
0
0.50136
0
0.1546
0.10036
0
0
0
0
0.12068
0
0
0
0
0
0
0
0.15569
0
0
0
0
0.21292
0
0
0
0.44916
0
0.0293
0
0
0
0
0
0
0
0.49891
0.09765
0
0.05706
0
0
0.1328
0
0
0
0.21762
0.17176
0
0
0
0
0.40979
0
0
0
0
0
0
0
0.17339
0
0
0
0
0
0
0
0.23439
0.21172
0
0
0
0
0
0.05599
0
0
0
0
0
0.11341
0.01864
0
0
0
0
0
0
0
0
0
0
0
0
0.25509
0
0
0
0.02254
0
0.08895
0
0
0
0.49453
0
0
0
0.36287
0
0
0.58727
0
0
0
0
0
0
0
0
0
0
0.05493
0
0
0
0
0.17159
0.26119
0.27557
0.17086
0
0.08454
0
0.08662
0.68926
0
0
0.37452
0
0
0.02105
0
0
0.20511
0.2347
0
0
0.17137
0
0
0
0
0
0.33054
0.09322
0
0.09668
0
0
0
0.07731
0.07986
0
0
0
0
0
0
0
0
0
0
0.2202
0
0.05958
0
0
0.80447
0.08995
0
0
0.09731
0.31104
0.21363
0
0
0.09286
0.20951
0
0.09238
0
0
0
0
0
0
0
0.0861
0
0.08011
0
0.21707
0
0.1792
0
0.02376
0.04786
0.25602
0
0
0
0.5083
0
0
0
0.21031
0.61133
0.77426
0.06901
0
0
0
0.18815
0.05794
0
0
0
0
0.05809
0.39676
0.05908
0
0
0.2022
0.16343
0
0
0.38151
0.10286
0.16819
0.15862
0.38516
0.1091
0.10907
0
0.1731
0
0.05805
0.19017
0
0.15515
0.4475
0.02955
0
0
0.47436
0.79721
0.16739
0.68912
0.72721
0
0
0.436
0.09626
0.086
0
0.21436
0
0.06713
0
0
0.09305
0.08212
0.8076
0.57149
0.80641
0.65591
0.05924
0.46422
0.7389
0
0.17181
0.57519
0.56796
0.56907
0.65443
0.49895
0.47679
0
0.07161
0
0.07148
0.16654
0.36584
0.19613
0.36552
0.69626
0.89533
0
0.05976
0.9286
0.39827
0.30631
0
0.49825
0.80572
0.59931
0.33512
0.55262
0.07085
0.23461
0.09704
0.1717
0.12453
0.26151
0.58376
0.20987
0.41123
0.1714
0.42524
0.84349
0.26915
0.59518
0.6964
0.17098
0.08149
0.73702
0.05742
0
0
0.40091
0
0
0
0
0
0.45624
0.35064
0
0
0
0
0.01937
0.1049
0
0.03871
0
0
0
0.37361
0.08616
0.36961
0
0
0
0
0
0.14165
0.18997
0
0
0
0.4375
0.31075
0.33179
0.73355
0.65844
0.29096
0.33344
0
0
0.07908
0
0.15477
0
0.08029
0.09576
0
0
0
0.70894
0.71739
0.75323
0.84315
0.07943
0.1807
0.89828
0.08571
0.6759
0.30483
0
0
0
0
0
0
0
0.50134
0.07369
0
0
0.63294
0.15387
0.28901
0.09178
0.07721
0.09075
0
0
0
0
0.38457
0.28
0.39599
0.09691
0
0.54678
0
0
0
0
0
0
0
0
0.15878
0
0.31602
0
0.06364
0
0.0247
0
0
0
0
0.06039
0.16048
0
0.18506
0
0.07911
0.07922
0.08005
0
0.0844
0.13519
0.24532
0.10638
0.08648
0.08668
0
0.08102
0.08171
0.32512
0
0
0.56746
0.11997
0.08502
0.29157
0
0
0
0.05137
0
0
0
0
0
0
0
0.45218
0.05831
0
0
0.33794
0.29574
0
0.16475
0
0
0
0
0
0
0.20287
0
0
0.29049
0
0.18728
0.02522
0
0
0
0.25263
0.45083
0.06667
0.65966
0
0.3498
0.35617
0
0
0
0.23079
0.2859
0.37519
0.20208
0
0.08601
0.07625
0
0
0.52272
0
0.44635
0.42643
0.44921
0
0
0
0
0
0.1429
0.74996
0.16206
0
0
0
0
