0
0
0
0
0.32907
0
0.04058
0
0
0
0
0
0
0
0
0.28677
0
0
0
0
0
0
0
0
0
0
0
0
0
0
0
0
0.01443
0.56995
0
0
0
0
0.05828
0
0.04362
0
0
0
0
0
0
0
0
0.04401
0
0
0.06622
0.01704
0
0
0
0
0
0
0
0.55847
0
0
0.16844
0
0.04478
0
0.05087
0
0
0
0
0
0
0
0
0
0
0
0
0
0
0
0
0
0
0
0
0
0
0
0
0
0.06051
0
0.08781
0.58711
0.17644
0
0
0
0
0
0
0
0
0
0
0
0
0
0
0
0
0
0
0.35308
0
0
0
0
0
0.0817
0
0.13151
0
0
0.5486
0.44658
0
0.57926
0.05122
0
0
0
0.06169
0.43294
0
0
0.35098
0
0
0.67096
0.4031
0
0
0.55296
0
0.08655
0
0
0
0
0
0
0
0
0
0
0
0
0.08809
0
0
0
0
0
0
0
0
0
0
0
0
0
0
0
0
0
0
0
0
0
0
0
0
0
0.11685
0
0.06644
0
0
0
0
0
0
0
0
0
0
0
0.10252
0.19173
0
0
0
0
0
0
0
0
0
0
0.14556
0
0
0
0.33899
0
0
0.08258
0.37488
0
0.04601
0.1452
0.50219
0
0
0.83854
0
0
0
0
0
0
0
0.49053
0
0
0
0.78709
0
0
0
0
0.39799
0
0
0
0
0
0
0
0
0
0
0
0
0
0
0
0.80532
0
0
0
0
0
0
0
0
0
0
0
0.56645
0
0
0.11473
0
0
0
0
0
0
0
0.16737
0
0.0467
0.08731
0
0
0
0
0
0.04654
0
0
0
0
0
0
0
0
0.47733
0
0
0
0
0.0185
0
0
0.03735
0
0.53909
0
0
0
0.09159
0
0
0
0
0
0
0
0
0
0
0
0
0.16663
0
0.25642
0
0
0
0
0
0
0
0
0.0648
0
0.05136
0
0
0
0
0
0
0
0.78632
0
0
0.28438
0
0
0.0451
0
0
0
0
0.11505
0.46594
0
0
0
0
0
0
0
0
0
0
0
0
0.04991
0.10143
0
0
0
0
0
0
0.33013
0
0
0
0
0.16502
0
0.19823
0.18175
0
0
0
0.1715
0
0
0
0
0.06616
0
0.04542
0
0
0
0
0
0
0
0
0
0
0
0
0.32465
0.02985
0
0
0
0
0
0
0
0
0.26327
0
0
0
0
0
0
0
0
0
0
0.08009
0
0
0
0
0
0
0
0.40468
0.04397
0
0
0
0
0
0
0
0
0
0
0
0.5516
0.05076
0
0
0.11635
0
0
0
0
0
0
0
0
0
0
0
0
0
0
0.34416
0
0
0
0
0
0
0
0
0
0.04533
0.34107
0.09306
0
0
0
0
0
0
0
0
0
0
0
0
0.14664
0
0
0
0.05299
0
0
0
0
0.37624
0
0
0
0
0
0
0
0
0
0
0
0
0
0.40689
0
0
0
0
0
0
0
0.09054
0
0
0.42348
0
0
0
0
0
0
0
0.06079
0
0
0
0
0.28566
0
0
0
0
0
0
0.05571
0
0
0.102
0
0
0
0
0
0.05119
0
0
0
0
0
0
0
0
0
0.13684
0
0
0
0
0
0
0
0.55034
0
0
0
0
0
0
0
0
0.6889
0
0
0
0
0.43772
0
0.04715
0.42465
0
0
0
0
0
0
0
0
0
0
0
0.04648
0
0
0
0.44382
0
0
0
0
0
0
0
0
0
0
0
0
0
0
0
0
0
0
0
0
0
0
0
0
0
0
0.17772
0
0
0
0
0
0.05557
0
0
0.1713
0
0
0.65539
0.25507
0.69147
0
0
0
0
0.03567
0
0
0
0
0
0
0
0
0
0
0
0
0
0
0
0
0
0.06162
0
0
0.05132
0
0
0
0
0
0
0
0
0
0
0.19395
0.03118
0
0
0
0
0
0
0
0
0
0
0
0
0
0
0
0
0
0
0
0
0
0
0
0
0.01762
0
0
0
0
0
0
0
0
0
0.04548
0
0
0
0
0
0
0
0
0
0
0.13629
0
0
0
0
0
0
0
0.14514
0
0
0.16854
0
0
0
0.05175
0
0.22382
0.30188
0
0
0
0
0
0
0
0
0
0
0.60039
0
0
0
0
0.16917
0
0
0
0
0
0
0
0
0
0.15629
0
0
0.3191
0.02148
0
0
0.04526
0
0.13039
0.72277
0
0.07585
0.06519
0
0
0
0
0
0
0
0
0
0
0
0
0
0.34251
0
0
0
0
0.15663
0
0
0
0
0
0
0
0.40615
0
0.25279
0
0
0
0.20915
0
0
0
0.25237
0
0
0
0.09975
0
0.02502
0
0
0
0.3931
0.13235
0
0
0.34568
0
0
0.35293
0.05125
0
0
0
0.05324
0
0
0
0
0.11924
0
0
0
0.07783
0
0
0.15296
0
0
0
0
0
0
0
0
0
0.05073
0
0
0
0
0
0
0
0.31839
0
0
0
0
0.05008
0
0
0
0
0
0
0
0.45688
0
0
0
0.16999
0.13167
0
0
0
0
0
0
0
0
0.05083
0
0
0
0
0
0
0
0
0
0
0
0
0
0
0.15616
0.2019
0.45228
0.07306
0
0
0
0
0
0
0
0
0
0
0.17891
0
0
0
0
0
0.06104
0.32743
0.09419
0
0
0
0.44989
0.41558
0.11779
0
0
0.40364
0
0
0
0
0
0
0.5252
0
0
0
0
0
0
0
0
0.0257
0
0
0
0
0.21739
0
0
0.29498
0.05136
0
0
0
0
0
0
0.05167
0
0
0
0
0
0.10357
0
0
0.05615
0
0.37764
0
0
0
0.26372
0
0
0
0
0.13518
0
0
0
0.07233
0.5559
0
0
0
0.051
0
0
0
0.05766
0
0
0
0.59341
0
0
0
0.08406
0.06511
0
0
0
0
0
0
0.06069
0
0
0
0
0
0
0
0.05131
0
0
0
0
0
0
0.04691
0
0
0
0
0.42354
0
0.05053
0
0.32555
0.65452
0.67843
0
0.1797
0
0.34312
0
0.64354
0
0
0
0.21163
0
0
0
0
0
0
0
0.09506
0
0.52317
0.28715
0
0
0.40637
0.65883
0
0
0
0
0
0
0
0
0
0
0
0
0
0
0
0
0
0
0
0.5652
0
0
0
0
0.04351
0
0
0
0
0
0
0.06356
0
0.35216
0
0
0
0
0.11749
0
0
0
0.11978
0
0
0
0
0
0
0.39736
0
0.24384
0
0
0.10404
0
0
0
0
0
0
0
0.12682
0.13349
0.6107
0
0
0
0
0
0.13146
0
0.27661
0.06393
0
0
0.11555
0
0
0
0
0
0
0
0
0
0
0
0
0
0.08648
0
0
0
0
0
0
0.34632
0
0
0
0.16766
0.1146
0
0
0
0
0
0.04326
0
0
0
0
0
0.04404
0
0
0.093
0
0.33503
0
0
0
0
0.05075
0
0.38136
0
0
0
0.11703
0
0
0
0
0
0
0
0
0
0
0
0
0.05996
0
0
0
0
0
0
0
0
0
0
0
0
0
0
0
0
0.20096
0.05503
0
0
0
0.04537
0
0
0
0
0
0
0
0
0
0
0
0
0.29642
0.13219
0
0
0
0
0
0
0
0
0.06342
0.33
0.1447
0
0.02175
0
0
0
0
0
0
0
0
0
0.10419
0
0
0
0
0.20587
0
0
0
0
0
0
0
0
0
0
0
0
0
0.11611
0
0
0
0
0
0.05101
0
0
0
0
0
0
0
0
0
0
0
0
0
0
0.14
0
0
0
0
0
0
0
0
0.05159
0
0.13363
0
0
0
0.05465
0
0
0
0
0
0
0
0
0.11668
0.11645
0
0
0
0
0.04403
0
0
0.11791
0
0
0
0
0
0.04514
0
0.13146
0
0
0
0
0
0
0
0
0
0
0
0
0
0
0.04513
0
0
0
0
0
0
0.18182
0.14769
0
0.46509
0
0
0
0
0
0.07216
0
0
0
0
0
0
0
0.61625
0
0
0
0
0
0
0.10247
0
0
0
0
0
0
0
0.21707
0
0
0
0
0.05522
0
0
0
0
0
0
0
0
0
0
0
0
0
0
0
0
0
0
0
0
0
0
0
0.32015
0
0
0
0
0
0
0.03429
0.40937
0
0
0
0.29412
0
0
0
0
0
0
0
0
0
0.04605
0.28973
0.11473
0
0
0
0
0.02101
0
0
0
0
0
0
0
0
0
0
0
0
0
0
0
0
0
0
0
0
0
0.27265
0
0.49713
0
0
0
0
0
0
0.0504
0
0
0
0
0
0
0
0
0.06887
0
0
0
0
0
0.22261
0.46659
0
0
0
0.0606
0
0
0
0
0
0
0
0
0
0
0
0
0
0.01792
0
0
0
0
0
0
0
0
0
0
0
0
0
0
0
0
0
0.6607
0
0.10302
0.04511
0
0
0
0
0
0
0
0.07116
0.28392
0
0
0
0
0.09569
0
0
0
0
0
0.6601
0.08491
0
0
0
0
0
0.17738
0
0
0
0
0
0
0
0
0
0
0.41993
0
0
0.18134
0
0
0
0
0
0
0.58454
0.1322
0
0
0
0
0
0
0
0
0
0
0
0.69089
0.06417
0
0
0
0
0.27448
0
0
0
0
0
0
0
0
0
0
0.06471
0
0
0
0
0
0
0
0
0
0
0
0
0
0
0
0
0
0
0
0
0
0.13545
0
0
0
0
0
0
0
0
0
0
0
0
0
0
0
0
0.11437
0.1919
0.45091
0
0
0.06111
0
0
0
0.04422
0
0.19641
0
0
0
0
0.1665
0
0.32692
0
0
0
0
0
0
0
0
0
0
0
0.06099
0
0
0
0
0
0
0
0.07536
0
0.07219
0
0
0.10386
0.15129
0
0
0
0
0
0
0
0
0
0.08665
0
0
0
0
0
0
0
0.10466
0
0
0
0.56359
0.02009
0
0.64758
0
0
0
0
0
0
0
0.43683
0
0
0
0
0
0
0
0
0
0
0
0
0
0
0
0
0
0
0
0
0
0
0
0
0.34391
0
0
0
0
0
0
0
0.04719
0
0
0
0
0
0
0
0.0358
0
0
0
0
0
0
0
0
0
0
0
0.09026
0.61572
0
0
0
0
0.06022
0
0
0
0
0
0.11507
0
0
0
0
0
0
0
0
0
0
0
0
0
0
0
0.05916
0.1142
0.16192
0
0
0
0
0
0.09061
0
0.67543
0
0
0
0
0
0
0
0
0
0.14991
0
0.04409
0
0
0
0
0
0
0
0
0
0
0
0
0
0
0
0
0
0
0
0
0.05113
0
0
0
0
0
0
0
0
0
0
0
0
0
0.39819
0
0
0
0
0
0
0
0
0
0.13871
0
0
0
0
0
0.31667
0
0
0.10409
0
0.50151
0
0
0.08659
0
0
0
0
0
0
0
0
0
0
0
0
0
0
0
0
0
0
0.4459
0
0.05239
0.13074
0
0
0
0
0
0
0
0
0
0
0.27085
0
0.04761
0.17795
0
0.48915
0.13279
0
0
0
0.74998
0
0
0
0
0
0.05161
0.13178
0
0
0
0.06666
0
0
0
0
0
0
0.75565
0
0
0
0
0.1309
0.07629
0
0
0
0
0
0.03527
0
0
0
0
0
0
0
0
0
0
0
0
0
0
0
0
0
0.44016
0
0
0.06142
0
0.05354
0
0.45671
0
0
0
0
0
0
0
0
0
0
0
0
0
0
0
0
0.06012
0.04371
0.04374
0
0
0
0
0
0
0.49369
0
0
0
0.01581
0
0
0
0
0
0
0
0.04715
0
0
0
0
0
0
0
0
0
0
0
0
0
0
0
0
0
0
0
0
0
0.1558
0.46627
0.46971
0
0
0
0.06174
0
0
0
0
0.12699
0
0
0
0.04387
0
0.04566
0
0.42235
0.02977
0
0
0
0
0
0
0
0
0
0
0
0
0
0
0
0
0.38477
0
0
0.13076
0
0
0
0
0
0
0
0
0.10471
0
0
0
0
0.11506
0
0
0.11829
0
0
0
0
0
0
0
0
0
0.66558
0.0549
0
0
0
0
0.04506
0
0
0
0
0
0
0
0
0
0
0
0
0.11548
0
0
0
0
0.62879
0
0
0
0
0
0
0.41134
0
0
0.04634
0.11835
0
0
0.8543
0
0
0
0
0
0
0.19802
0.44637
0
0
0.13259
0
0
0
0
0
0
0
0.05322
0
0
0
0
0.06745
0
0
0
0
0
0
0
0
0.0454
0
0
0
0
0
0
0
0
0
0.28822
0
0
0.04769
0
0.29288
0
0.04581
0
0
0
0
0.44407
0
0
0
0
0
0
0
0
0
0
0
0
0
0
0
0
0
0
0
0
0.36954
0
0
0
0
0
0.02596
0.15929
0.17685
0
0
0
0
0
0.08309
0
0.04768
0
0
0.03183
0
0
0
0
0
0
0
0
0
0
0
0.10435
0
0
0.16881
0
0
0
0
0
0
0
0
0
0
0
0
0
0
0
0
0
0
0
0
0.54306
0
0
0.09285
0
0.05426
0
0
0.04429
0
0
0
0
0
0
0
0
0
0
0.31606
0.25305
0.11658
0.77281
0
0.65432
0
0.41804
0.16699
0
0
0
0
0
0
0
0
0
0
0.19327
0
0
0
0
0
0
0
0
0.04452
0.29041
0
0.04428
0
0
0
0
0
0
0
0
0
0
0.36963
0.28942
0.02001
0.01994
0
0
0.56928
0
0.50071
0.43936
0
0.04386
0
0
0
0
0.22565
0
0
0
0
0
0
0
0
0
0
0
0
0
0
0.11007
0
0
0.57079
0
0.11492
0.16744
0
0
0
0
0.17901
0
0
0
0
0
0
0
0
0
0
0
0
0
0
0.11695
0
0
0.0299
0
0
0
0
0
0
0
0
0
0
0
0.05114
0
0
0
0
0.01726
0
0
0
0
0
0
0
0
0
0
0
0
0
0
0
0
0
0.09295
0
0
0
0
0
0
0.13086
0.10334
0
0
0
0.49613
0.46085
0
0.04562
0
0
0
0
0.05925
0
0
0
0
0
0
0
0
0
0
0
0
0.39275
0.11671
0
0.62517
0
0.41933
0.53936
0
0
0
0
0
0
0.2845
0
0
0
0
0
0
0
0
0
0
0
0.42956
0
0
0
0
0
0
0
0
0
0
0
0
0
0.59259
0.11575
0
0
0
0
0
0.17452
0
0
0
0
0.03414
0
0
0
0.16441
0
0
0
0
0
0
0.06222
0
0
0
0
0
0.01512
0
0
0
0
0
0
0
0
0
0
0
0
0
0
0.05173
0
0
0
0.06184
0
0
0
0.01493
0.05132
0.85899
0
0.09172
0
0.20883
0
0
0
0
0
0
0
0
0
0
0.06092
0.3357
0
0.11477
0
0
0
0
0
0
0
0
0.04526
0
0
0.38059
0
0
0.27947
0.11124
0
0
0.4493
0
0.04372
0
0
0.54703
0
0.04719
0
0
0
0.60877
0
0.16433
0.04114
0
0
0
0
0.44152
0
0.06138
0
0
0.06204
0
0
0
0
0
0
0.17972
0
0.03392
0
0.13104
0.11555
0
0.04494
0
0
0
0.08034
0
0
0
0
0.04369
0.05135
0
0
0
0
0
0
0
0.13872
0
0
0
0
0
0
0
0
0
0
0
0
0
0
0
0
0
0
0
0
0
0
0
0
0
0.22672
0
0.326
0.28531
0
0
0.05091
0
0
0
0
0
0.0445
0
0
0
0.08966
0
0
0
0.01706
0.51506
0
0
0.14031
0
0
0
0
0.02915
0
0.11747
0.08816
0.7857
0
0
0
0
0
0
0
0
0
0
0.04345
0
0
0.37606
0
0
0
0
0
0.06587
0
0
0
0
0
0.05227
0
0
0
0
0
0
0
0.46692
0
0
0
0
0.09453
0
0.11597
0
0
0.40215
0
0
0
0.0303
0
0.02043
0
0.0144
0
0.20644
0.23805
0
0
0
0
0
0
0.26221
0
0
0
0
0
0
0
0
0
0
0
0
0
0
0
0
0
0
0
0.16467
0.11903
0
0
0
0
0
0
0
0
0
0
0.11606
0
0
0.14674
0
0
0.6637
0
0
0
0
0
0
0
0
0
0
0
0
0
0
0
0
0.48149
0
0
0
0
0
0
0
0
0
0
0.50565
0
0.05292
0.05078
0
0
0
0.18112
0
0
0
0
0
0.04743
0.48574
0.49552
0
0.45767
0
0.11433
0
0
0.50761
0
0
0.04461
0.04465
0
0
0
0
0.16903
0
0
0
0.16737
0
0
0.55776
0
0
0.10363
0
0
0
0
0
0
0.153
0.05503
0
0.76007
0
0
0
0
0
0
0.11027
0
0
0
0
0.32505
0.38336
0.65863
0.01522
0
0
0.04457
0.08799
0
0.0626
0.62746
0
0
0
0
0
0
0
0.05075
0
0
0
0
0
0.05135
0.13232
0
0
0
0.11512
0.04447
0
0
0
0
0
0
0
0.0615
0
0
0
0
0.06234
0.0627
0
0
0
0
0
0
0
0.34468
0.62381
0
0.19129
0
0.04701
0
0
0
0
0
0
0
0
0.65023
0.05348
0
0.09918
0
0
0
0
0
0
0
0
0
0
0.05142
0.13693
0
0
0
0
0
0
0.18155
0
0
0.47512
0
0
0
0.09259
0
0.43966
0.06219
0
0.05527
0
0
0
0
0
0
0
0
0
0
0
0
0.04472
0
0.10456
0
0.13267
0
0.31346
0
0
0
0
0.7108
0
0
0
0
0.34679
0.28641
0
0
0
0
0
0
0.11915
0.1234
0
0.05119
0.06239
0
0.61097
0
0
0.11577
0
0.1134
0
0
0.13104
0
0.10458
0
0
0
0
0
0
0.13302
0
0
0
0
0
0.08782
0
0
0
0
0.37498
0
0.1732
0
0
0.04521
0
0
0
0
0
0.07299
0
0.13348
0.14184
0.22929
0
0
0
0
0
0.10403
0
0
0.05866
0
0
0
0
0
0
0
0.18654
0.07492
0
0
0
0
0
0
0
0
0
0
0
0
0
0
0
0.02634
0
0
0.04536
0
0.0524
0
0.04475
0
0
0
0
0
0.06188
0.04514
0.44768
0
0
0
0
0
0
0
0
0
0
0
0
0
0
0
0
0.04531
0
0
0
0.11633
0
0
0
0.08832
0
0
0
0.1232
0.19607
0.10421
0.10245
0
0.1207
0
0
0
0
0.05133
0.04206
0
0
0
0
0.40353
0.09069
0.11792
0.13187
0
0
0.54122
0
0
0
0.10323
0
0
0
0.18103
0
0.35692
0
0
0.4449
0
0
0
0
0
0
0.11681
0.26666
0
0.04426
0
0.39776
0
0.06273
0
0.69384
0
0
0
0
0.04532
0
0
0
0
0
0
0
0.09448
0.19172
0
0
0.04531
0
0.10245
0
0
0
0
0
0
0
0
0
0
0
0
0
0
0.03512
0
0.62577
0.53527
0
0
0
0
0.28928
0
0
0.0629
0
0.31144
0.06048
0
0
0
0
0
0.43864
0
0.16
0
0
0
0
0
0
0.11634
0
0
0
0
0
0
0
0
0
0
0
0.6599
0
0.42059
0
0
0
0
0
0
0
0
0.60891
0.03685
0
0.27237
0
0
0
0
0.07577
0
0
0.54972
0
0
0
0
0
0.13135
0.09775
0
0
0
0
0.06275
0
0.35455
0
0
0
0.77585
0
0
0
0
0
0
0
0.1043
0
0
0.11778
0
0
0
0
0
0
0.06416
0
0
0
0
0
0
0
0
0
0.53862
0.05057
0
0
0
0
0
0
0
0
0
0
0
0
0
0
0
0.42456
0
0
0
0.68708
0
0
0
0
0
0
0
0.69968
0.52352
0.34128
0
0
0
0
0.07981
0.05124
0
0
0.51584
0
0
0
0
0
0
0
0
0
0
0
0
0
0
0
0
0
0.0512
0.1144
0
0
0
0
0
0
0.39216
0
0
0.23445
0
0
0.48118
0
0.24153
0
0.03441
0
0
0
0
0
0
0
0
0.05301
0
0
0
0
0
0
0
0
0
0
0.08658
0
0
0
0
0
0
0
0
0.35216
0
0
0
0
0.30114
0
0
0.0508
0.13121
0
0
0
0
0
0
0
0
0
0.64395
0.26644
0
0.04635
0
0
0.17901
0.46781
0.3845
0
0
0
0
0
0
0
0.16867
0
0
0
0
0.25351
0.49057
0.38602
0.40209
0.03431
0.01719
0
0
0.36926
0.2714
0
0
0.15721
0
0.04513
0
0
0
0
0
0
0
0
0
0.18113
0.01484
0.04508
0
0
0
0
0
0
0.04676
0
0
0.05353
0
0
0
0
0
0
0
0
0
0
0
0
0
0
0.11737
0
0
0
0
0
0
0
0
0
0.11917
0
0
0
0
0
0
0
0
0
0
0
0.26462
0.10251
0
0
0
0
0
0
0
0.13118
0.17534
0
0
0
0
0
0.25083
0.36699
0.05043
0
0.0206
0
0
0
0
0.39811
0
0
0
0
0.28277
0.11724
0.13198
0
0
0
0
0.05325
0
0.11745
0
0
0
0
0
0
0
0
0
0
0
0.05586
0.05175
0
0
0.42163
0
0
0
0
0
0
0.11609
0
0
0.13619
0
0
0
0
0
0
0
0
0.14014
0
0
0
0.05336
0
0.05367
0
0.51777
0.02493
0
0.11445
0
0
0
0
0.13332
0
0
0
0
0.39708
0.16963
0
0
0
0
0
0
0
0
0.04347
0
0
0
0.21745
0.33561
0
0.28184
0
0.19471
0.0546
0
0
0.16824
0
0
0
0
0
0.46877
0
0.10425
0.03077
0
0
0
0
0
0
0
0
0
0
0
0
0
0
0
0
0
0
0.29621
0
0
0
0.75619
0.14673
0
0.04356
0.46989
0
0
0
0
0
0.40224
0
0.35125
0
0
0
0
0
0
0
0
0
0
0.11661
0
0
0.03995
0
0
0
0.33342
0.11396
0
0.13382
0.19269
0
0
0
0
0
0.05104
0.16794
0.13266
0
0
0
0.05614
0
0
0
0
0
0
0
0
0
0.05112
0
0
0
0.34602
0.43646
0
0.34644
0.36678
0
0
0
0
0
0
0
0
0
0
0
0
0.57154
0
0
0
0.20197
0
0
0
0
0
0
0
0
0
0
0.56879
0
0
0
0
0.19701
0
0
0.11427
0
0
0
0
0
0.06096
0
0
0
0.12717
0
0
0
0.05108
0
0.19948
0
0.19047
0.06303
0
0.0154
0
0
0
0
0
0
0
0
0.09194
0
0
0
0
0
0
0
0
0
0
0
0
0
0.41959
0
0
0
0
0
0
0
0
0
0.05994
0
0
0
0
0
0.30936
0.39736
0
0
0
0.05153
0
0.0515
0
0
0
0
0.0713
0.03428
0
0
0
0
0
0.04686
0
0
0
0
0
0
0.51411
0
0
0
0
0
0
0
0
0.10357
0
0
0
0
0
0
0
0
0.26752
0
0
0
0
0
0
0
0
0
0
0
0
0
0
0
0
0
0
0
0.05128
0
0
0
0
0
0
0
0
0
0
0
0
0.0744
0
0
0
0
0
0
0.05146
0
0
0
0
0
0
0
0.36917
0
0
0
0
0
0
0
0.1657
0
0
0
0
0
0
0
0
0
0
0
0
0
0
0
0
0
0.06645
0
0.05313
0
0
0
0
0
0
0
0.05164
0
0
0
0
0.05335
0
0
0
0.43105
0
0
0.46829
0.67883
0
0
0
0
0
0
0
0
0
0
0
0
0
0
0.1003
0.67285
0
0
0
0
0
0
0
0
0.45059
0
0
0
0.04668
0.35732
0
0
0
0
0.19051
0.33622
0
0
0
0
0
0
0
0.05555
0
0
0
0
0
0
0.40458
0.51592
0
0
0
0
0
0
0
0
0
0.01596
0
0.19324
0
0
0
0
0
0
0
0
0
0
0
0
0
0
0
0
0
0
0.0512
0
0
0
0
0
0.09397
0
0
0
0
0
0.05055
0
0.13107
0
0
0
0
0
0
0
0.10218
0.05169
0
0
0.52933
0.10174
0.11401
0
0.20147
0
0
0
0
0
0
0
0.25036
0
0
0
0.46993
0
0
0
0
0
0.04513
0
0
0
0
0
0
0
0.16793
0
0
0
0
0
0
0
0
0
0
0.15606
0.10316
0
0
0
0.05451
0
0
0
0
0
0.11624
0
0
0
0
0
0
0
0
0
0
0
0
0
0
0
0
0
0
0
0
0
0.06334
0
0
0
0.13346
0
0.04335
0
0
0
0
0
0
0
0
0
0.05128
0
0
0
0
0.10413
0
0
0.09244
0
0
0
0
0
0
0.24005
0
0
0.02043
0
0
0
0
0
0
0
0
0
0
0
0.05128
0.04449
0.33294
0
0
0.10306
0
0
0
0
0
0.33286
0
0
0
0
0
0
0
0
0
0
0.05191
0
0.41534
0
0
0
0
0
0.05082
0.2308
0
0
0.13951
0
0.11774
0
0
0
0
0
0
0.05493
0
0
0
0.15942
0
0
0
0
0
0
0
0
0
0
0.55603
0
0
0
0
0
0
0
0
0
0
0.55847
0
0.16046
0
0
0
0
0
0
0.14724
0
0
0.14763
0
0
0
0
0.02236
0
0
0.12743
0.06579
0
0
0
0
0
0
0
0
0
0
0.04522
0
0
0.45366
0.11503
0
0
0
0.02901
0
0
0
0
0
0
0
0.17942
0
0.05236
0.07816
0.28343
0
0
0
0.04557
0
0
0
0.11908
0
0
0
0.09159
0.05954
0
0
0
0.77249
0.05091
0
0
0
0
0
0
0
0
0
0.11413
0
0
0
0
0.13945
0
0
0
0
0
0
0
0
0
0.07685
0
0
0
0
0
0.07255
0
0
0
0
0
0
0
0
0.45871
0
0.04563
0
0.11493
0
0
0
0
0.05175
0.63812
0
0
0
0
0
0
0
0
0.07562
0
0
0
0
0
0
0
0.04744
0
0
0
0
0
0.65206
0
0
0.02028
0.37517
0
0
0
0.1455
0
0
0
0.28837
0
0
0
0
0
0
0.64626
0
0.01526
0
0
0
0.53904
0
0
0.26613
0
0
0
0
0
0
0
0
0
0
0
0
0.0515
0
0
0
0.08926
0
0.13931
0
0
0
0
0
0.04636
0
0.05154
0
0.1326
0
0.09149
0.04585
0
0.02979
0
0
0
0.10446
0
0
0
0.10322
0
0
0
0
0.16599
0
0
0
0.0899
0.61815
0
0
0
0.54022
0
0
0
0
0
0
0
0
0
0.32573
0.09113
0
0
0
0.06923
0
0.11444
0
0
0
0
0
0
0.69495
0
0.59303
0
0
0
0.08354
0.05876
0
0.10456
0.92753
0.14269
0
0
0
0
0
0
0.04692
0
0
0
0
0
0
0
0.05157
0
0
0
0
0
0
0
0
0
0
0
0.70159
0.28658
0
0
0
0
0
0
0.06567
0
0
0
0
0
0
0
0
0.05159
0.13341
0
0
0.04529
0
0
0
0
0
0
0
0.05014
0
0
0
0.34616
0
0
0
0
0
0.07649
0
0
0.06511
0
0
0
0
0
0
0
0
0
0
0
0
0
0
0
0
0
0
0
0.4873
0
0
0
0
0.06647
0.174
0
0
0.07633
0
0
0
0
0
0
0.04473
0
0
0.14179
0.04622
0
0
0
0
0.04403
0
0.53282
0
0.41765
0
0
0
0.04639
0.2066
0
0
0
0
0
0
0
0.67084
0
0
0
0
0
0
0
0
0
0.33323
0
0
0
0
0.23823
0
0.70558
0
0
0
0.59693
0.19179
0
0.0644
0
0
0
0
0
0
0
0.13209
0.37527
0
0
0
0
0
0
0.06048
0
0.05114
0
0
0
0.11503
0
0
0
0
0
0
0
0
0
0
0.11584
0
0
0
0
0.09118
0
0.05092
0
0
0
0
0
0
0.17979
0
0
0
0
0
0.05035
0
0
0
0
0
0
0
0
0.08027
0
0
0
0
0
0
0
0
0
0
0
0
0
0
0.44045
0.13262
0
0.13267
0.84084
0
0.01504
0.58361
0
0
0.04418
0.11877
0.16381
0
0.3687
0
0
0
0
0
0
0.06233
0
0
0
0
0.50393
0
0
0
0
0
0
0
0
0
0
0
0
0
0
0
0
0
0
0
0
0
0
0
0
0
0
0
0
0
0
0
0
0.51466
0
0
0
0
0
0
0
0
0.05234
0
0.05212
0
0.28555
0.49429
0
0
0
0
0
0.14044
0
0
0
0
0.03285
0
0
0
0
0
0
0.13277
0
0
0
0
0
0
0
0
0.06239
0
0.13097
0
0
0
0
0.10252
0
0.10275
0.11658
0
0
0
0
0
0
0
0
0
0
0
0
0
0.23032
0
0.51163
0
0
0.09308
0
0
0.31785
0
0
0
0
0
0
0
0.01583
0
0.05174
0.06149
0
0.17908
0
0
0.17894
0
0
0.74308
0
0.678
0.09445
0
0
0
0
0
0
0
0.31228
0
0
0
0
0
0
0.04504
0
0
0
0.78734
0
0
0
0
0
0.19617
0.07761
0
0
0
0
0
0
0
0
0
0.09012
0
0
0.15726
0
0.72044
0.1891
0
0
0
0
0
0
0
0
0.11484
0
0
0
0.2707
0
0
0.44537
0.04513
0
0
0
0
0
0
0
0.13244
0.03048
0.31366
0
0
0
0
0
0
0
0
0
0
0
0
0.06694
0
0.03456
0.22816
0
0.21006
0.05115
0.06284
0.6009
0.14317
0
0
0
0
0
0
0
0.69053
0
0
0
0
0
0
0
0.05189
0
0
0
0.13308
0
0
0
0
0.05079
0
0
0
0
0
0
0
0
0.05115
0
0
0
0
0.11771
0
0
0
0
0
0.35328
0
0
0.06232
0
0
0
0
0
0.43235
0
0
0
0
0
0
0
0
0
0
0
0
0
0
0
0.01714
0
0
0
0
0
0
0
0
0
0.07546
0.08653
0
0
0
0
0.04378
0
0
0
0
0.45692
0.05337
0
0
0
0
0.09122
0.05112
0.01788
0
0
0.05204
0
0.72328
0
0
0
0.70335
0
0
0
0
0.05303
0.05154
0
0
0
0.1758
0
0.13314
0
0
0.23872
0.0513
0
0
0
0.05236
0
0
0
0
0
0
0
0.18262
0
0
0.51197
0.17907
0
0
0
0
0
0
0
0
0
0.04499
0
0
0
0
0
0
0
0.52878
0
0
0
0
0.04532
0
0.4012
0
0
0
0
0
0
0
0
0
0
0
0.0184
0
0
0.17802
0
0.09255
0
0
0
0
0
0
0
0
0
0
0
0
0
0
0
0
0.61093
0
0
0.1564
0
0
0
0
0
0
0
0
0
0
0
0
0
0
0.04384
0
0
0
0.05465
0.62304
0.05048
0
0
0
0
0
0
0.06284
0
0.11917
0
0
0
0
0
0
0.01716
0
0
0
0
0
0.04392
0.04493
0
0
0
0
0
0.35678
0
0
0
0
0
0.30279
0
0.0894
0
0
0
0.1596
0
0
0
0
0
0
0
0
0.09165
0
0
0
0
0
0
0
0
0.10049
0
0
0.25485
0
0
0
0
0
0
0
0
0
0.04506
0.02976
0
0
0.46611
0
0
0
0.13938
0
0
0.09074
0
0
0.54475
0
0.26424
0
0
0
0
0
0.04671
0
0.13314
0.17992
0.70439
0
0
0
0
0.1703
0.04379
0.04369
0
0
0
0
0.10018
0
0
0
0
0
0
0
0
0
0
0
0
0
0
0
0
0
0.01514
0
0
0
0
0
0
0.11489
0
0
0
0
0
0
0
0
0.19038
0
0
0
0.14649
0
0
0
0
0
0
0
0
0
0
0
0
0.61228
0.04374
0
0
0
0
0
0
0
0
0
0
0.02041
0.07777
0
0
0
0
0
0
0
0
0
0
0
0
0
0
0
0.15782
0
0.05134
0.13136
0
0
0
0
0
0
0
0
0
0
0
0
0.04394
0
0
0.01704
0.05097
0.08814
0
0.3774
0.0519
0
0
0
0
0
0
0
0.06577
0
0.04431
0
0
0
0
0
0
0
0
0.11588
0.04323
0
0
0
0
0
0
0
0
0
0
0.15643
0
0
0
0
0.06054
0
0
0
0
0
0
0
0
0.06113
0.17964
0
0.11394
0
0
0
0
0
0
0
0
0
0.04478
0
0.06093
0
0.14615
0
0
0
0.44728
0
0
0
0
0
0
0.01708
0.05223
0
0
0
0
0
0
0
0
0
0
0
0.21748
0
0
0
0
0
0
0
0
0
0
0
0
0
0
0
0
0
0.13264
0
0
0
0
0
0.05018
0
0
0
0
0.08903
0.36663
0.15334
0.20952
0
0.26588
0.20874
0
0
0
0.15248
0.06445
0
0
0
0
0
0.17826
0
0
0
0.19076
0
0
0
0
0.55681
0.64687
0
0
0
0
0
0
0
0
0
0
0
0
0
0
0
0
0
0
0
0
0
0
0
0.17934
0
0
0
0
0.0471
0.04518
0
0
0
0
0
0
0.56667
0
0
0
0
0.39682
0
0
0
0
0
0
0
0
0
0.04708
0.23801
0.12999
0
0
0
0
0
0
0.01811
0
0
0.04428
0
0
0
0
0
0.03408
0
0.06617
0
0
0
0
0
0
0
0
0
0
0.21715
0
0.51631
0
0.06212
0
0
0
0
0
0
0
0
0
0
0
0
0
0
0.06505
0.11862
0
0
0.11301
0
0.39814
0
0
0
0
0
0
0
0
0
0
0
0
0
0
0
0
0
0.05111
0
0
0.01729
0
0
0.55434
0.2246
0
0
0
0
0.04417
0
0.017
0
0.08848
0
0.12036
0.07805
0.04397
0
0
0.20616
0
0
0
0
0
0
0
0
0
0
0
0
0
0
0.10438
0.45459
0
0
0
0
0
0
0
0
0
0
0.04594
0.05078
0.09263
0
0
0
0
0
0
0
0
0
0
0.05443
0
0
0.01703
0
0
0
0
0
0
0.06117
0
0
0.11931
0.06255
0
0.0443
0.34943
0
0.05051
0
0
0
0
0.05104
0
0
0
0
0
0
0.14863
0
0
0
0
0
0.06076
0
0
0.02938
0
0
0.19634
0
0
0.04611
0
0
0.04346
0
0
0
0
0
0
0
0
0.04526
0
0
0.65946
0.044
0.03001
0
0
0
0.04475
0.04393
0
0
0
0
0
0
0.11457
0
0.09187
0
0
0
0
0.11786
0.51456
0.05146
0.44382
0
0
0
0.36398
0
0
0
0.05087
0.08836
0
0
0
0
0.08336
0
0.19371
0.06005
0
0
0.6338
0.06129
0
0
0
0.02938
0
0
0
0
0
0
0
0
0
0
0
0
0.13337
0
0.04531
0.0451
0
0
0
0
0
0.1789
0
0
0.15847
0.14915
0
0.16119
0.06222
0
0.37285
0.68931
0
0
0
0
0
0
0.13737
0.03874
0
0
0
0
0
0
0
0
0
0
0.05155
0
0
0
0
0
0
0
0.04677
0.47224
0
0
0
0.08268
0
0
0
0
0.06164
0
0.13018
0.49391
0.71456
0
0.44935
0
0
0.12563
0.05323
0
0
0
0
0
0
0.01728
0
0
0
0
0
0.04532
0
0.34058
0.73939
0
0
0
0
0.04379
0
0
0
0
0.04339
0.19248
0
0
0
0
0.01578
0
0
0
0
0
0
0
0
0.45913
0
0
0
0
0
0
0
0.05524
0.04548
0
0
0
0
0
0
0
0
0
0.17957
0
0.13343
0
0
0
0
0.04662
0
0
0
0.09583
0
0
0.06612
0
0.04375
0.04608
0.41496
0.5706
0
0.72328
0.10413
0.10222
0
0
0.04522
0.38253
0
0
0
0.04392
0
0
0
0
0
0
0.06302
0
0
0.22329
0
0
0
0
0.08581
0.11595
0
0.06312
0.1868
0
0
0
0.28719
0
0
0
0
0
0.04499
0
0.0949
0
0
0
0
0.04357
0
0.03022
0.01509
0
0
0.07271
0
0
0
0
0.19252
0
0
0
0.05089
0
0.19184
0.21291
0.04535
0.04406
0
0
0
0.09323
0.05133
0
0
0
0.04646
0.17468
0
0
0.13224
0
0.0524
0
0
0
0
0
0.04405
0.32631
0
0
0
0
0.2603
0
0
0
0.04449
0
0
0
0
0
0
0
0
0
0
0
0
0
0
0.02065
0
0
0
0
0
0
0.06036
0
0.06184
0
0
0
0.04437
0.04337
0
0
0
0
0
0
0
0
0
0
0.18625
0
0
0
0
0.04565
0
0
0
0
0.02005
0
0.50365
0
0
0.04677
0
0.11614
0
0
0
0
0
0
0
0
0
0
0
0.18157
0.19475
0
0.07037
0
0
0
0
0.10221
0
0
0
0
0.02016
0
0
0.69167
0
0
0
0
0
0
0
0.1146
0
0
0
0
0
0
0
0
0
0
0
0.10368
0
0
0
0
0.17448
0
0
0.06061
0
0
0
0
0
0
0
0
0
0
0.11809
0.04523
0
0
0
0
0
0.09084
0
0.1767
0
0.14394
0.04532
0
0.05081
0
0
0
0
0
0
0
0.01702
0
0
0.02078
0
0
0
0
0
0
0.20175
0.08746
0
0.30327
0
0
0.35326
0
0
0
0
0.04521
0
0
0
0
0
0.03473
0
0
0
0
0
0
0.09143
0
0
0
0.09098
0
0
0
0
0.02188
0
0
0
0
0
0
0
0
0
0
0
0
0
0
0
0
0
0
0.05341
0
0.03413
0
0
0
0
0
0
0
0
0
0.23847
0
0
0
0
0
0
0
0
0
0
0
0
0
0
0
0
0
0
0
0
0
0
0
0
0
0
0
0.07494
0
0
0.10245
0
0
0
0.15721
0.61805
0
0
0
0
0
0
0
0
0
0
0
0
0
0
0
0
0
0
0
0.19151
0
0
0
0
0
0
0
0
0
0
0
0
0.13678
0
0
0
0
0
0
0
0
0
0
0
0
0.11582
0
0
0
0
0
0
0
0
0
0
0
0
0
0
0
0
0
0
0
0.15347
0
0
0
0
0
0
0
0
0
0
0.03442
0.08962
0
0
0
0.04587
0.06113
0
0
0
0
0
0
0
0
0
0
0
0
0
0
0
0.28328
0
0.02965
0
0
0
0
0
0
0
0
0
0.06063
0
0.13215
0
0
0
0.05161
0.13582
0
0
0
0
0
0
0
0
0
0
0
0
0
0
0
0
0
0.07188
0.37827
0
0
0
0
0
0
0
0.05133
0
0
0.24987
0
0
0
0
0
0.0755
0
0
0
0
0.08585
0.15926
0
0
0
0
0.1475
0
0
0
0
0
0
0
0
0
0
0
0
0
0.4812
0
0
0
0
0
0
0
0
0
0
0.05251
0
0.16682
0
0.13307
0
0
0
0
0
0
0
0
0
0
0
0
0
0
0
0
0
0
0
0
0.06127
0
0.63649
0
0
0.10423
0
0.10494
0
0.14697
0
0
0.48712
0
0
0
0
0
0
0
0
0
0
0
0
0
0.0173
0
0.095
0
0
0
0
0
0
0
0
0
0
0.05124
0
0.05225
0
0
0
0
0
0
0
0
0
0
0
0
0
0
0
0
0
0
0
0
0
0
0
0
0.10441
0
0
0
0
0
0
0
0
0.31649
0
0
0
0
0.50053
0
0
0
0
0
0
0
0.15253
0.05124
0
0
0
0
0
0
0
0
0.50305
0
0
0
0
0
0.1332
0
0
0
0
0
0.37535
0
0
0
0
0
0.10362
0.05549
0
0
0
0
0.11538
0
0
0
0.04648
0
0
0
0
0
0.19577
0
0
0
0
0.0693
0
0
0
0
0
0
0
0
0
0
0
0
0
0.10502
0
0
0
0
0
0
0
0
0
0
0.01495
0.11549
0
0
0
0
0
0
0
0
0
0
0
0
0
0
0
0
0
0
0
0
0.23792
0
0
0
0
0
0.11902
0
0
0
0
0
0.01764
0
0
0
0
0
0
0
0
0
0
0
0
0
0
0
0
0
0
0
0
0
0.0533
0.10287
0
0.09244
0.05178
0
0
0.05184
0
0.17083
0
0
0
0
0
0
0
0
0
0
0
0
0
0.06045
0
0.04115
0
0
0
0
0
0
0
0
0
0.04456
0
0
0
0
0
0.52162
0
0.33969
0
0
0
0
0
0
0
0
0
0
0
0
0
0
0
0
0
0
0.17152
0
0
0
0
0
0.58051
0
0
0
0
0.03082
0
0
0
0
0.31864
0.1831
0.17864
0
0
0
0
0
0
0
0
0
0
0
0
0
0
0
0
0.56129
0
0
0
0
0
0
0
0
0
0
0
0
0
0.05145
0
0
0.1465
0
0
0
0
0.07601
0
0
0.36799
0
0
0
0
0
0
0
0.16731
0
0
0
0
0
0
0
0
0.16872
0.2174
0
0
0
0
0.11525
0.01709
0
0
0
0
0
0
0
0
0
0.10364
0
0
0
0
0.42374
0.04558
0.04496
0
0
0
0
0
0.37447
0
0
0
0
0.06027
0
0
0
0.04762
0
0.05213
0
0
0
0
0
0
0
0
0
0
0
0
0
0
0
0
0
0
0
0
0.06098
0
0
0
0
0
0.10437
0
0
0
0
0
0
0
0.4101
0
0
0
0
0
0
0
0
0
0
0
0
0
0
0
0
0
0
0.15057
0
0
0.05128
0
0
0
0
0
0
0
0
0
0
0
0
0
0
0.16571
0
0
0
0
0
0
0
0
0
0
0
0
0
0
0
0.09283
0
0
0
0
0
0
0
0
0
0
0
0
0
0
0.08897
0
0
0
0
0
0
0
0
0
0
0
0
0
0
0
0.05254
0
0
0
0
0
0
0.19891
0
0.1331
0
0
0
0
0
0
0
0
0.6261
0
0
0
0.01734
0
0
0
0
0
0
0
0
0
0
0
0
0
0
0
0
0
0
0.16212
0.05128
0.23628
0
0
0
0
0
0
0
0
0
0
0
0
0
0
0
0
0.10426
0
0
0
0
0
0.23844
0
0
0.11539
0.05134
0
0
0
0.09844
0
0
0.10471
0.02562
0.42656
0
0
0
0
0
0
0
0
0
0
0
0
0
0
0
0
0
0.05151
0
0
0
0
0
0
0
0
0
0
0
0
0
0.04471
0.16738
0
0
0
0
0.04499
0
0
0
0
0.59983
0
0
0
0.11463
0
0
0
0
0
0
0
0
0
0
0
0
0
0
0
0
0
0
0
0
0
0
0
0.14509
0
0
0
0
0.5645
0
0
0
0
0
0.46719
0
0.29707
0.08075
0
0
0
0
0
0.15011
0
0
0
0
0
0
0.04389
0
0
0
0
0
0
0.04341
0.47099
0
0
0
0
0
0
0
0
0
0
0
0
0
0
0
0
0
0
0
0
0
0
0
0
0
0
0
0
0
0
0
0
0
0
0
0
0
0
0
0
0.062
0
0
0
0
0.01763
0
0
0
0.05349
0
0
0
0
0
0
0
0
0
0
0.07597
0
0
0
0
0
0
0
0
0
0
0
0
0
0
0.11547
0
0.04512
0
0
0
0
0
0
0
0
0
0
0
0.05119
0
0
0
0
0
0
0
0
0.14792
0
0.06135
0
0
0
0
0
0
0.13309
0
0
0
0
0.50342
0.75582
0.4448
0.1025
0
0
0
0
0
0
0
0
0
0.08385
0
0
0
0
0.08661
0
0
0.26615
0
0
0
0
0
0
0
0.40923
0
0
0
0
0
0.0504
0.26417
0
0
0
0
0
0
0.1142
0
0
0
0
0
0
0
0.04395
0
0.05152
0.16001
0
0
0
0
0
0
0
0.03429
0
0
0.05152
0.32903
0
0
0.11446
0
0
0.32824
0
0
0
0.05102
0
0.11552
0
0
0
0
0
0
0
0
0
0
0
0
0
0
0
0
0
0.06387
0.43162
0
0.05078
0
0
0
0
0
0
0
0
0
0
0
0
0
0
0
0
0
0
0
0
0
0
0
0
0
0
0
0
0
0
0
0
0
0
0
0
0
0
0
0
0
0
0
0.13436
0
0
0
0
0
0
0
0
0
0
0
0
0
0
0
0.10173
0
0
0
0
0
0
0
0
0
0
0
0
0
0
0
0
0
0.03065
0.05133
0
0
0
0
0
0.06895
0
0
0
0
0
0
0
0
0
0
0
0
0
0
0
0
0
0
0
0
0
0
0
0
0
0
0
0
0
0
0
0
0
0
0
0
0
0
0
0
0
0.33419
0
0
0
0.50109
0
0
0.13163
0
0
0
0
0
0
0
0.06554
0
0
0
0
0
0
0
0
0
0
0
0
0
0
0
0
0
0
0
0
0
0
0
0
0
0
0
0
0.05094
0
0
0
0
0
0
0
0.5145
0
0
0
0.42684
0
0
0.1675
0
0.10433
0.05129
0
0
0
0
0
0
0
0.13265
0
0
0.04528
0
0
0.1369
0
0
0
0
0
0
0
0
0
0.01753
0
0
0
0
0
0.19961
0
0.50661
0
0
0.08952
0
0.05222
0
0
0
0.0457
0
0
0
0
0
0
0
0.23952
0
0
0.05037
0
0
0
0.08357
0
0
0
0
0
0
0
0
0
0
0
0
0.13655
0
0
0
0
0
0.04996
0
0.12849
0.09187
0
0
0
0
0
0
0
0.18285
0
0
0
0
0
0
0
0
0
0
0
0
0
0.06784
0
0
0.04423
0
0
0
0
0
0
0
0
0.44713
0
0
0
0.10252
0.16324
0
0
0
0.27796
0.04503
0
0
0
0
0
0
0
0
0
0
0.08944
0
0.09522
0.44344
0
0.04507
0.45236
0.0505
0
0.05299
0
0
0
0.10586
0.0436
0
0
0
0
0
0
0
0
0
0
0
0
0
0
0
0
0.1046
0.05931
0.35668
0
0
0
0
0
0
0.10412
0
0
0
0
0
0
0
0
0.11905
0.04489
0.03007
0
0
0
0
0.29623
0
0
0
0.04392
0
0
0
0
0
0
0
0
0
0
0
0
0.09475
0
0
0
0
0
0
0
0
0
0
0
0
0.04662
0
0
0
0
0
0
0
0
0
0
0
0.04056
0
0
0
0
0
0
0
0
0
0
0.04403
0
0.4413
0
0.5547
0
0
0.04427
0
0.24045
0
0.20573
0
0.01504
0
0.63235
0.44387
0
0
0
0
0
0.60006
0
0
0.03055
0
0
0
0
0
0.04497
0
0.04545
0
0
0.08994
0
0
0
0
0
0.04387
0
0
0
0
0
0
0
0
0
0
0
0
0
0
0
0
0
0
0
0.3832
0
0.44165
0
0
0
0
0.11807
0
0
0
0
0
0.07605
0.09401
0.05018
0
0
0
0
0
0
0
0
0
0
0
0
0
0.14197
0
0.56373
0.58348
0
0
0.35665
0
0.1621
0
0
0
0.09332
0
0
0
0
0
0.04413
0
0
0
0
0
0
0
0
0
0
0.05311
0
0.0917
0
0
0.03082
0
0
0
0
0
0
0
0
0
0
0
0
0
0
0.11653
0
0
0
0
0
0.01589
0
0
0
0.11654
0
0
0.14958
0
0.04691
0
0.17104
0.092
0
0
0
0
0
0
0
0.09252
0.23758
0.44051
0.08095
0.4341
0.41061
0.30215
0.24575
0.37666
0
0
0.55517
0
0.39979
0.13927
0.02959
0
0
0
0
0
0.1942
0
0
0.17853
0
0
0
0
0
0
0
0
0
0
0
0.13363
0
0
0.13604
0
0
0.04622
0
0.04585
0.04634
0.12501
0.31568
0.12773
0.12765
0.06397
0
0
0
0
0
0
0
0
0.18251
0
0
0
0
0
0
0
0
0
0
0
0
0
0
0
0
0
0
0
0
0
0.11766
0
0
0
0.26463
0.04538
0
0.11684
0
0.09168
0
0
0.55541
0
0.40762
0.10482
0
0.05487
0.39179
0.58871
0.14199
0
0.39959
0
0.04757
0.46791
0.53301
0
0
0.11926
0.01586
0.43914
0
0
0
0.10402
0.38474
0.2775
0
0.39947
0.41778
0.13287
0.39813
0.37296
0
0
0
0.06008
0.25494
0
0.34732
0.28664
0.0742
0
0.28242
0.05158
0.38642
0.51275
0.60494
0.01763
0
0
0
0
0
0
0
0.13149
0
0
0
0
0
0
0
0.2306
0
0
0
0.14032
0.354
0.08754
0.05631
0.71383
0.43211
0.46576
0.31816
0.36251
0.01727
0.05496
0.20157
0.23708
0
0.40982
0.50763
0.33058
0.47794
0.06583
0.69568
0.71483
0.27073
0.08129
0.37578
0.32661
0.38058
0.27029
0
0
0
0
0
0
0
0
0
0
0
0
0
0
0.14534
0
0
0
0
0
0
0
0
0
0.08521
0
0
0
0
0
0
0
0
0
0
0
0
0
0
0
0
0
0
0
0
0
0
0
0
0
0.0626
0
0
0
0
0
0
0
0
0.10198
0
0
0
0
0
0
0
0
0
0
0
0.57684
0
0
0
0
0
0.23047
0.32982
0.54014
0.5901
0.04385
0
0.23662
0
0.04372
0.24004
0.29658
0
0.24436
0.05043
0.39236
0.39118
0.43621
0.22074
0.06299
0.70669
0.76584
0.24527
0.67554
0.25547
0.28637
0.77432
0
0
0.18482
0.28914
0.39469
0
0
0
0
0
0
0
0
0
0
0
0
0
0
0
0.07532
0
0
0
0
0.06883
0
0.03646
0
0.13255
0
0
0.05015
0.01502
0.14167
0.04557
0
0
0.04535
0.44988
0.04551
0
0
0
0.06006
0.37642
0.01825
0
0.06196
0.47963
0.76276
0.56903
0.64478
0.48167
0
0
0
0.6867
0
0
0
0.01755
0
0
0
0
0
0.05114
0.10378
0.03422
0
0
0
0
0
0
0
0
0.64903
0.42596
0.39778
0.15636
0
0.52866
0.42006
0.4438
0.44331
0.30916
0.33381
0.08734
0.35354
0.04639
0.39913
0.34054
0.12992
0.43919
0.0435
0.45177
0
0.22352
0.28858
0.42462
0.33816
0.31483
0
0
0.14311
0
0.49149
0.53379
0.29282
0.38458
0.65087
0.33988
0.13867
0.42618
0
0
0.18223
0.5397
0.0448
0
0.31509
0.05963
0.39563
0.36321
0.54194
0.58712
0.28618
0.3733
0.04476
0.16614
0.10011
0.11697
0.2916
0
0.09703
0.3591
0.18942
0.06488
0.50158
0.2362
0.25403
0.05054
0.41848
0.08355
0.04954
0.17065
0.6033
0.04866
0.06556
0.58926
0
0.05116
0.13084
0.05172
0.18916
0.66964
0
0.44542
0.71579
0.7904
0
0.78781
0.33286
0.08783
0.17966
0.6064
0.21308
0.15236
0.38345
0.32163
0.39773
0.35334
0.68895
0.50642
0
0
0.10461
0
0
0
0
0
0
0.14738
0
0.10068
0.36386
0
0.13151
0
0.31772
0.44533
0.65435
0.5048
0.04505
0.06866
0.24363
0.66844
0
0
0
0
0
0
0
0
0
0
0.05523
0.10372
0.05126
0
0
0
0
0.4816
0.86882
0.05189
0.48729
0.04409
0.35127
0.20595
0.40321
0
0
0
0
0
0.0688
0
0
0
0.10439
0
0
0
0
0
0
0
0
0
0
0
0
0.10374
0
0
0
0
0
0
0
0
0
0.13049
0
0
0
0
0.05445
0
0
0
0
0
0
0.03599
0
0.13521
0
0
0
0
0
0
0.11159
0.26199
0.56385
0
0
0
0.21866
0.44692
0
0
0
0
0
0.17495
0
0
0
0
0
0
0.08765
0.1773
0.07875
0.28692
0.4769
0.04414
0.22426
0.04572
0.04606
0.04767
0.04612
0
0.044
0.14837
0.71379
0.6228
0.32444
0.85891
0.36285
0.8826
0.82511
0.54723
0.70152
0.2281
0.39917
0
0.15989
0.44747
0.37315
0.06133
0.43123
0
0
0
0
0
0
0
0
0
0
0
0
0
0
0
0
0
0
0
0
0
0
0
0
0
0
0
0
0
0
0
0
0
0
0
0
0
0
0
0
0
0
0
0
0
0
0
0
0
0
0
0
0
0
0
0
0
0
0
0.13193
0.13156
0
0
0.34278
0.05043
0
0
0
0
0
0
0
0
0
0
0
0
0
0
0
0
0
0.05087
0
0.10511
0
0
0
0
0
0
0
0
0.06211
0.05363
0.20261
0.05178
0.04561
0
0.04551
0.04575
0.06221
0.01527
0.09325
0.35239
0.04547
0
0.40266
0.11861
0
0
0.09058
0.0446
0.22649
0.01512
0.22819
0
0.32257
0
0.05168
0
0.46694
0
0
0.42695
0.88478
0.30247
0.56728
0.36277
0.80794
0
0
0.03209
0
0
0.1524
0
0
0
0.06439
0.71606
0.11573
0
0
0.53492
0.28744
0.34622
0.56463
0.06255
0.44075
0
0
0
0.78425
0.11462
0.44176
0.81253
0.09625
0
0.31576
0.30041
0.49885
0.69526
0
0.09317
0.22947
0.78346
0.42316
0
0
0
0.05073
0.05323
0
0
0.7389
0.27464
0.62205
0.43532
0.05289
0
0
0
0
0
0
0
0
0
0
0.38827
0.43286
0.42163
0.40865
0
0.08209
0.06383
0
0.16491
0.71888
0
0.38465
0.64011
0.25214
0.7666
0
0.06717
0.43694
0
0.51295
0.33052
0.05607
0
0
0
0
0
0
0
0
0
0.14013
0
0.04541
0.36545
0.13497
0.04459
0.04522
0.04491
0.68553
0.34529
0
0.1506
0.14181
0.05114
0.13282
0
0
0
0.10643
0.13367
0.05126
0.05101
0.3085
0
0
0
0
0
0
0
0
0
0.06317
0
0
0
0
0
0
0
0
0
0
0
0
0
0
0
0
0
0
0.016
0
0
0
0
0
0
0
0.11377
0
0
0
0
0
0
0
0.08665
0.1147
0
0.10416
0
0
0
0
0
0
0
0
0
0
0
0
0.23578
0.22764
0.46552
0
0.11428
0.25897
0.29661
0.05078
0.73737
0
0.85901
0.42291
0.40406
0.61966
0.34945
0.49857
0.26639
0.62074
0.41973
0
0.7878
0.74362
0.39794
0.43582
0.15295
0.43952
0.09012
0.12537
0.68659
0.37466
0.07281
0.3732
0.09242
0.5261
0.44157
0
0
0.41331
0.16234
0.08133
0.31937
0
0
0.63835
0.46557
0.07693
0.41796
0.69141
0.27183
0.45093
0.48259
0.50311
0.60857
0.06595
0
0.45463
0.73105
0.07256
0.46599
0.31931
0.2991
0.44706
0
0
0
0
0
0.20907
0
0
0
0.19262
0.06085
0.2819
0.04419
0.5084
0
0.04602
0.17921
0
0.01483
0
0
0.20038
0.34597
0.63512
0.11436
0
0.24439
0.11523
0.08112
0
0
0
0
0
0
0
0
0
0
0
0
0
0
0
0
0
0
0
0
0
0
0
0
0
0
0
0.51609
0.06127
0
0
0
0
0
0
0
0
0
0
0
0
0
0
0
0
0
0
0
0
0
0
0
0
0
0
0
0
0
0
0
0
0
0
0
0
0
0
0.07744
0
0
0
0
0
0
0
0
0
0
0
0
0
0
0
0
0
0
0
0
0
0
0
0
0
0
0
0
0
0
0
0
0
0
0
0
0
0
0
0
0
0
0
0
0
0
0
0
0
0
0
0
0
0
0
0
0
0
0
0
0
0
0
0
0
0
0
0
0
0
0
0
0
0
0
0
0
0
0
0
0
0
0
0
0
0
0
0
0
0
0
0
0
0
0
0
0
0
0
0
0
0
0.11573
0.10433
0.0517
0.38339
0.32226
0
0
0
0
0.46947
0
0
0
0
0
0
0
0
0
0
0
0
0
0.04096
0.5225
0.64982
0
0
0.50431
0.42365
0.1354
0.12332
0
0
0.53953
0
0.38976
0
0
0.74347
0.02064
0
0.0307
0.04423
0.04438
0.23714
0
0
0
0
0
0
0
0
0.04358
0.04365
0.04387
0.04026
0.02836
0.19966
0.23908
0.04638
0
0
0.08821
0
0.78373
0.56892
0.26085
0.19866
0.33082
0.05068
0.07278
0.63248
0
0.32405
0.39801
0.27983
0
0.80268
0.56618
0.06132
0.50254
0.44695
0.32638
0.35287
0
0.17069
0.83188
0.89702
0.7136
0.39404
0.29345
0.17957
0.27505
0.44129
0.05529
0.07187
0.05761
0.34647
0.27523
0.36875
0
0
0.18463
0
0.24482
0.46808
0.09597
0.77279
0.44729
0
0.28947
0.15381
0.37508
0.37384
0.11435
0
0
0
0
0
0
0
0
0
0
0
0
0
0
0
0
0
0
0.11651
0
0
0
0
0
0
0
0.05276
0
0
0
0.0951
0
0
0
0
0
0
0
0
0
0
0
0
0
0
0
0
0
0
0
0
0
0.09426
0.05051
0
0
0
0.10328
0
0.10431
0.05146
0
0
0
0.10351
0
0.11654
0
0
0
0
0.55632
0.55685
0.05017
0.37405
0.68766
0.07701
0.25114
0.28131
0.53171
0.25559
0.13198
0.13291
0.05318
0.13232
0.13298
0
0.13178
0.0515
0.61321
0.07647
0
0.16725
0
0.3355
0.31368
0.08933
0.03101
0.16708
0.09095
0.74656
0
0
0
0.09124
0.5435
0.04532
0.72944
0.12316
0
0.16944
0
0
0
0
0
0.37518
0.4168
0.28871
0
0
0
0.81171
0
0
0
0
0
0.43508
0.71124
0.39177
0.47754
0
0.5413
0.56464
0.15556
0.37544
0.3179
0.17167
0.46762
0.24031
0.17414
0.22557
0.46624
0.26399
0.05629
0.28729
0.07917
0
0.28489
0.01858
0.40295
0
0
0
0
0
0
0
0
0
0
0
0
0.76783
0.79616
0
0
0
0
0
0
0
0.13053
0
0
0
0
0
0
0
0
0
0
0
0
0
0
0
0
0
0.10406
0
0
0.05161
0.07191
0
0
0
0
0
0
0
0
0
0
0
0
0
0
0.02231
0.40396
0.08828
0.45959
0.73549
0.3365
0.11723
0.46784
0.39464
0.17764
0.05543
0.1717
0.5672
0.39722
0.22508
0.43493
0
0.31019
0.55424
0.59295
0.13179
0
0.14891
0.34473
0.12405
0.04346
0.30868
0.29306
0.32472
0.04429
0.41131
0.22413
0.25182
0.39136
0.28507
0.22397
0.13093
0.32678
0.04387
0.462
0.25316
0.22466
0.46631
0.04379
0.33153
0.46437
0.25237
0.20093
0.04341
0.35341
0.33069
0.35129
0.35358
0.31797
0.04402
0.08777
0.39906
0
0.34877
0.2843
0.19025
0
0.50552
0.52597
0.28414
0.04448
0.05843
0
0.04375
0.23217
0.04332
0.04364
0.04338
0
0.4852
0.01473
0.21998
0
0
0.05698
0.22437
0
0.3017
0.34755
0.25412
0.52538
0
0.68797
0
0
0
0.49006
0.3323
0.25277
0
0
0
0
0
0.63043
0
0
0
0.65476
0.23716
0.65389
0
0.69038
0
0
0.51101
0
0
0.67893
0.2731
0.65977
0.32446
0
0
0.39962
0.44416
0
0.42289
0.48496
0.30373
0.35308
0.50575
0.51216
0
0.59878
0.74249
0.33132
0.1666
0.38071
0
0
0.23151
0
0
0.16776
0.26707
0.1706
0.37336
0.04493
0.43457
0.09711
0.69611
0.05945
0.3745
0.04468
0.36903
0.04486
0.33566
0.27419
0.47806
0.16649
0.47786
0.61678
0.25194
0.22564
0.01502
0.29854
0.04455
0.0446
0.16545
0.5415
0.431
0.58664
0.36287
0.3032
0.04488
0.19962
0.33998
0.20194
0.04512
0.04512
0.12662
0.09779
0.31522
0.61633
0.49585
0.45143
0.73314
0.04471
0.33974
0.1653
0.20971
0.7474
0.21628
0.01509
0.37305
0.53769
0.23198
0.01489
0.43451
0.12796
0.07904
0.19692
0.53892
0.14257
0.18992
0.0488
0.55438
0.15898
0.05092
0.30521
0.45176
0.44349
0.15838
0.04856
0.67315
0.05171
0.06805
0.55133
0.15098
0.22219
0.16556
0.29652
0.03444
0.61847
0.67071
0.13301
0.22264
0.05127
0.23909
0.20648
0.66867
0.0812
0.3802
0.23013
0.61944
0.68958
0.04862
0.04981
0.14868
0
0.6505
0.43394
0.67276
0.29838
0.14173
0.13433
0.49354
0.11131
0.45424
0.1423
0.16555
0.05106
0.05282
0.3
0.05088
0.06803
0.05116
0.66555
0.3621
0.28807
0.67078
0.1271
0.10149
