0.15088
0.33486
0.29829
0.07564
0.24388
0.58273
0
0.19499
0.09229
0.08217
0.3783
0
0.03226
0.09036
0.08346
0.61144
0
0.34253
0.18792
0.07997
0.0538
0
0
0.54758
0.18336
0
0.17619
0.23441
0.16602
0
0
0.43025
0.77928
0
0.21839
0.51669
0
0
0
0
0
0.0884
0
0
0
0
0
0.03015
0.05894
0
0
0
0
0.4516
0.07795
0
0
0.21681
0.07541
0.42703
0.10296
0.10308
0.45172
0.09343
0
0.30647
0
0
0.45055
0.25865
0.55069
0.52829
0
0
0.50416
0
0.09493
0
0
0
0.07453
0
0.76831
0.09007
0.23347
0.87493
0
0
0
0.09566
0.03181
0.59001
0
0.15679
0
0.21116
0.39526
0.08098
0
0
0.10233
0.84986
0
0.18098
0
0.07653
0.41005
0.09125
0.13011
0.09663
0.11892
0
0.7922
0
0
0.16517
0.10126
0
0.08231
0
0
0.21827
0.17594
0.08295
0
0
0.08348
0
0.0788
0.05333
0.42669
0
0
0.17532
0.09698
0.22855
0.09684
0.09691
0.20513
0.18026
0.28654
0.08142
0.07973
0.0544
0.18273
0.07711
0.08172
0
0.26642
0.24173
0.37494
0
0
0.49701
0
0.11872
0
0
0
0.18219
0
0
0
0.74284
0
0.10372
0.18173
0
0.1696
0
0.24999
0.38414
0.33303
0.25171
0.53961
0
0.03119
0.17707
0
0
0.43488
0.27375
0
0.18274
0.09013
0.08976
0
0.23042
0
0.22692
0.69105
0
0
0.12054
0.29437
0
0
0.09252
0
0.0266
0
0.09036
0.03086
0.0932
0
0
0
0
0
0
0
0
0.08267
0.17685
0.15724
0.09444
0.34013
0.32087
0
0
0.59276
0.25209
0.09119
0.25966
0.21864
0.3353
0
0.08261
0
0.47359
0
0.34738
0.09596
0
0
0
0
0.02626
0.07818
0
0.09711
0.08226
0
0
0.15366
0.18086
0.31256
0.50423
0.02644
0
0.25838
0.0956
0.10575
0.16565
0
0.07965
0.07788
0.04913
0.0752
0.0877
0.07425
0
0.22781
0.09677
0
0.0497
0
0.02667
0.08292
0.02589
0
0.06046
0.14971
0
0
0.07546
0
0.09021
0
0.11398
0
0.25998
0
0.09569
0
0
0.03113
0.09441
0.07598
0
0.03552
0
0.10216
0.55024
0
0.17948
0.18505
0
0.09239
0.09254
0.09017
0
0.23031
0
0
0.10491
0
0.10654
0
0.14569
0
0.21614
0
0.29347
0.08376
0.03019
0.10663
0.40978
0.08951
0.0971
0
0
0
0.1967
0.08273
0
0
0
0
0
0.46681
0.53709
0
0
0
0
0.34107
0
0.18408
0
0.09285
0.39727
0.42205
0
0
0.08383
0
0.07945
0.11411
0
0
0
0
0
0
0
0
0
0
0.09317
0
0.0249
0
0.07659
0
0
0
0.09196
0
0.10294
0.70772
0.6389
0.08324
0.08406
0.0905
0.27772
0
0.1026
0.17383
0.132
0
0.14795
0.05519
0
0.51748
0
0
0
0
0
0
0.09233
0.11267
0.30982
0.0584
0
0
0
0
0
0
0.02693
0.24968
0.33004
0.77809
0.32756
0.39623
0
0.11277
0.11172
0.11176
0.11274
0.09377
0
0
0.09265
0.09221
0.43883
0
0.09086
0
0
0
0
0
0
0.68194
0.45824
0.15004
0
0
0
0.0308
0
0.31284
0.08269
0
0.34955
0.07487
0.34154
0.08038
0.08248
0.08366
0.05629
0.02808
0
0
0
0.18137
0
0.11387
0
0.42112
0.29204
0
0.08965
0
0.09244
0.33296
0
0.36459
0.10109
0
0.08267
0
0.46284
0.40884
0.28953
0.55246
0
0
0.15218
0.11862
0.08906
0
0
0
0.07448
0
0.1822
0
0.07736
0.56275
0
0.25197
0
0
0.10743
0
0
0.25477
0
0
0.26006
0
0.16821
0.08999
0
0
0
0.11995
0.64252
0.18327
0
0.10292
0.22393
0
0
0.05199
0.27029
0.114
0.15114
0.0751
0
0
0.10123
0
0.18775
0
0.46371
0.3446
0.08298
0.09154
0
0
0.03082
0
0
0.08291
0
0.19418
0.08071
0.08073
0.08185
0
0
0
0.14542
0
0.47543
0.10013
0
0.10875
0
0
0
0
0.11808
0
0.39341
0.29832
0.08061
0.1829
0.08113
0
0.15016
0.09098
0.30137
0.02516
0
0.07535
0.05445
0
0
0
0
0
0
0
0
0
0.32291
0.07872
0.47206
0.53857
0
0
0.08211
0
0
0
0
0
0
0
0
0.10151
0.02485
0
0.30071
0
0
0.52827
0
0.08841
0
0
0.10239
0
0
0.2226
0.10107
0
0
0.19452
0
0.10243
0
0
0.07924
0.07918
0.47035
0
0.28013
0.02744
0
0.06249
0.18203
0.18154
0.09096
0.13182
0.11856
0.25167
0
0.35419
0.07967
0.16613
0.1513
0
0
0
0.0904
0.31488
0.07573
0.07656
0.07687
0.06742
0.558
0
0
0
0
0
0.56306
0.097
0.08612
0.11907
0.09091
0
0.09201
0.15162
0.09071
0.12227
0.49314
0.05551
0.08306
0
0
0
0
0
0.18889
0.25259
0
0
0.34
0.47793
0
0.06079
0
0
0
0.09393
0.69443
0.10048
0
0
0
0.09832
0
0.07611
0.21327
0.10649
0
0
0
0.10098
0.11813
0.02712
0.1603
0.20898
0.24928
0
0
0
0.08995
0.07889
0.07986
0.0324
0.09532
0
0
0.32501
0
0
0
0.27964
0.29901
0
0.15158
0.29718
0
0.09923
0
0.30538
0
0
0
0
0.08015
0.13172
0
0.0954
0
0.20511
0
0
0.18036
0.09536
0.23003
0.09487
0
0
0.08421
0
0.09338
0
0
0.4013
0.07711
0
0.494
0.17695
0.30358
0.18248
0.08297
0
0
0
0
0.0341
0.09166
0.09192
0.0918
0.09132
0.09059
0.1211
0.10682
0
0
0.07514
0
0
0.03095
0.16642
0.10634
0.55181
0.22584
0
0
0
0.18201
0
0.03237
0.09278
0.09243
0.28513
0.08903
0.2029
0
0
0.32336
0.0899
0.39732
0
0
0.09131
0.09668
0.11805
0.09864
0
0.08243
0.11058
0.10043
0.3599
0.09594
0.09003
0.42258
0.08939
0.82509
0.08225
0
0.21989
0.41152
0
0
0
0.39228
0.66961
0.18668
0.05663
0.10326
0
0.08355
0
0
0
0
0
0
0
0
0
0
0
0
0
0.0835
0.08278
0.48515
0.45885
0
0
0
0
0
0
0
0
0
0
0
0
0
0
0
0
0
0
0
0
0
0.0756
0
0.05999
0.02608
0.03559
0
0.06575
0.35974
0.39728
0.12546
0
0
0.45288
0
0.09172
0
0
0
0.09253
0
0
0
0.08114
0.19227
0
0
0
0
0
0
0
0.5499
0
0.18499
0.10149
0.11982
0
0.39337
0
0
0
0
0
0
0
0
0
0
0
0
0
0
0
0
0
0
0
0
0.10948
0
0.03677
0.03117
0
0
0.06034
0.09115
0.06116
0
0
0
0
0
0.06332
0.19381
0
0
0.19359
0
0.06933
0.06684
0.0971
0
0
0
0
0
0
0
0
0
0
0
0
0
0
0.06517
0.03229
0
0
0.09686
0.06291
0.03535
0
0.03342
0
0.27397
0.0642
0.09613
0
0
0
0
0
0
0.1956
0
0
0
0
0
0
0
0
0
0.0825
0.70116
0.35737
0.14973
0.06477
0.46023
0.07589
0.0755
0.09079
0
0
0.08494
0.05919
0.24341
0.17857
0.10038
0.35972
0
0.25524
0
0
0
0.22488
0
0.03465
0
0.0791
0.12341
0
0.26325
0.16975
0.16754
0
0
0.16531
0.5919
0
0
0.56876
0
0.0842
0.35463
0.1638
0
0
0
0
0.09361
0
0
0
0
0
0
0
0.16257
0
0
0
0
0
0
0
0.10071
0
0.03057
0.10318
0
0
0
0
0
0.12984
0
0.03454
0
0
0
0.03286
0.03198
0.06506
0
0
0
0
0.07605
0
0
0
0
0
0
0
0.0821
0
0
0
0
0
0
0
0
0.08407
0
0
0
0
0
0
0
0
0
0
0
0.58253
0
0
0
0.03264
0
0.03634
0
0
0
0
0
0
0
0
0
0.03324
0.09893
0.10984
0.02539
0
0
0
0.06735
0.03375
0
0
0
0.09309
0
0
0
0
0
0.0944
0
0
0
0
0.58897
0
0
0.5281
0
0
0.55234
0.24992
0.08552
0.18008
0
0
0.09103
0.06134
0.09175
0.06442
0
0.12481
0.29214
0
0
0
0.07473
0.0493
0
0
0.09164
0
0
0
0
0
0
0.08809
0
0
0
0
0
0
0
0
0
0
0
0
0
0
0
0
0
0.0308
0
0
0
0
0.09145
0
0.23988
0.12916
0
0
0
0
0
0.08341
0
0
0
0
0
0
0
0
0.2397
0
0
0
0.06944
0.10778
0.10186
0.03364
0
0
0.12834
0
0
0
0.09042
0
0.03629
0
0.03013
0
0
0
0
0
0
0
0
0
0
0.03634
0
0
0
0
0.09913
0.07263
0
0
0
0
0
0
0
0
0.03003
0.02738
0
0
0.12798
0
0.19508
0
0
0
0
0
0
0
0
0
0
0
0
0
0
0.21634
0.06622
0
0
0
0
0.03186
0.03186
0
0
0
0
0
0.47421
0
0.03156
0.10384
0
0
0
0
0.08316
0
0
0
0
0
0
0.45843
0
0
0.09075
0
0
0
0
0
0
0.03247
0
0
0
0
0
0
0.1514
0.12592
0.10015
0
0
0.02927
0
0
0
0
0
0.09492
0.09437
0
0
0
0
0
0.06142
0
0
0
0
0
0
0
0
0
0
0
0
0
0
0
0
0
0
0.09304
0
0
0
0
0
0
0
0
0
0
0.07133
0
0
0
0
0
0
0
0
0
0
0
0
0.19285
0
0
0
0
0
0
0.06006
0.03007
0.09229
0
0.06753
0
0
0
0
0
0
0
0
0
0
0
0
0
0.15463
0
0
0
0
0
0
0
0
0.03119
0
0
0
0
0
0
0
0
0
0
0
0.11334
0.03492
0
0
0
0.17533
0
0
0
0
0
0
0.19596
0
0.13037
0
0
0.06511
0
0
0
0
0
0
0.03051
0
0
0
0
0
0.07335
0.03521
0
0
0
0
0
0
0.03072
0
0
0
0
0
0
0
0
0
0
0.16293
0
0
0
0
0
0
0
0
0
0
0
0
0
0
0
0
0
0
0
0
0
0
0
0
0.03051
0
0
0
0
0
0.02816
0.05634
0
0
0
0
0
0
0
0
0
0
0.09882
0
0
0.06088
0
0.03072
0.10211
0
0.39951
0.08232
0
0.30959
0.09304
0.08209
0.10967
0
0
0.33816
0.20927
0
0
0
0.25412
0.10069
0.20118
0
0.09696
0.05445
0.23861
0.22525
0.03465
0.09674
0.14902
0.0976
0
0.08794
0.37942
0.28323
0.12423
0
0.0915
0.38714
0.13385
0
0
0
0.62367
0
0
0
0.54912
0.11884
0
0
0.15464
0
0
0
0.10649
0
0.09831
0.05498
0
0
0
0
0
0
0.09677
0
0
0
0
0.0746
0
0.03375
0
0
0
0.03068
0
0
0
0
0
0
0
0.09368
0
0
0
0
0
0.06058
0.03375
0
0
0
0.06243
0
0
0.12863
0
0
0
0
0
0.09734
0
0
0
0.06955
0
0.03481
0.03441
0
0
0
0.05943
0.15109
0.07719
0
0
0.03559
0
0
0.06866
0.07587
0.10197
0.03521
0
0.10659
0.19225
0
0
0
0
0
0.17809
0
0
0.20197
0
0
0
0
0
0
0
0
0
0
0
0
0
0
0.09723
0.09213
0.12743
0.09479
0
0.09932
0
0
0
0
0
0.09221
0.09154
0
0.3125
0.55234
0.09612
0.10903
0
0
0
0
0.07455
0
0
0.0628
0.06234
0
0.18265
0
0.0819
0
0
0
0.09163
0.09344
0
0.09257
0
0
0.09134
0
0.03068
0
0
0
0
0
0.06479
0
0
0
0
0
0
0
0
0
0
0
0
0
0
0
0
0
0.02895
0.55324
0
0
0
0.09207
0.34236
0.09035
0
0
0
0
0.09401
0
0
0
0
0
0
0
0
0
0
0
0
0
0
0
0
0
0
0.2853
0
0.03375
0
0
0
0
0.23947
0.0336
0
0.06766
0.033
0
0
0
0.08199
0
0
0.03661
0
0.02816
0
0
0
0
0.03582
0
0
0
0
0
0
0.07125
0.1085
0
0
0
0.0336
0.38929
0
0.03266
0.03729
0
0.07432
0
0.07162
0
0.03543
0.03543
0
0
0.03543
0.03721
0
0.06636
0
0.14789
0
0
0.10231
0.0684
0
0.15344
0.10641
0
0
0
0
0
0.02967
0.09585
0
0
0
0
0
0
0
0
0
0
0.22352
0
0
0
0
0
0
0
0
0
0
0.08437
0
0.03264
0
0
0
0
0.06037
0.03264
0.06511
0
0
0
0
0
0
0
0
0
0
0
0
0.10093
0
0
0.03109
0.06177
0
0
0.09473
0
0
0.10117
0
0
0.101
0
0
0.09078
0.09111
0
0.06437
0
0
0
0
0
0
0
0
0
0
0.19267
0
0.09092
0
0
0
0
0
0
0
0
0
0
0
0
0
0
0
0
0.06963
0
0.12959
0.06446
0
0
0
0.1
0.03634
0.03677
0
0
0
0
0
0.13696
0.03264
0.10881
0.09144
0.03024
0.06057
0.07198
0
0
0.10091
0.10049
0
0
0.03721
0
0
0.03024
0
0
0.11319
0
0
0
0
0.03481
0
0.02816
0
0
0
0
0
0
0
0
0
0
0
0
0
0.03057
0
0
0.24007
0
0.03324
0.03361
0
0
0
0
0
0
0
0
0
0
0
0
0
0
0
0
0
0
0
0
0
0
0
0
0
0
0
0
0
0
0
0
0
0
0
0
0
0
0
0
0
0
0
0
0
0
0
0
0.54906
0
0
0
0
0.03036
0
0
0
0
0
0
0
0
0
0
0
0
0
0
0
0
0
0
0
0
0.18568
0.52949
0
0.15188
0
0
0
0.11412
0.12769
0
0.18664
0.32065
0
0.43519
0.2569
0
0
0
0.08035
0.05481
0.22567
0
0
0
0
0
0
0
0.21113
0.26009
0.21839
0
0
0
0.09357
0.22679
0
0
0.09292
0.0922
0.09348
0.09043
0.09924
0
0.07498
0.38175
0
0.22811
0
0.10015
0.09238
0.08835
0
0.05095
0
0.02503
0
0.09677
0
0
0.02816
0.10117
0
0.09152
0
0.08291
0.21817
0.03426
0.21434
0.46164
0.07505
0.09334
0.17651
0.07642
0
0
0
0.09127
0
0.39911
0
0.09424
0.09354
0
0
0.16576
0
0
0.07494
0.07554
0.16872
0
0.0797
0.08938
0.1193
0
0
0
0
0.15485
0.16821
0
0
0.22402
0
0.18234
0
0.09696
0.08934
0
0.09543
0.33839
0.11411
0.10004
0.08294
0
0
0.09008
0
0.10878
0.72356
0.45332
0
0.15367
0.14281
0.05906
0.09431
0.09496
0.08859
0.0905
0
0.02571
0.07644
0.08938
0.09035
0.36247
0.0768
0.24043
0
0
0.14299
0.10351
0.12457
0.07919
0.46871
0
0.09036
0
0.09252
0.02534
0.18315
0
0
0.19598
0.08053
0
0.09596
0
0
0.10023
0.10053
0
0
0.18902
0
0
0
0.02681
0.39435
0
0.39702
0.31231
0.47622
0
0
0
0
0
0
0
0.15102
0
0
0.22439
0.22546
0
0.18561
0.1553
0.21456
0
0
0
0
0.10817
0.45143
0.10061
0.07701
0.24755
0
0.44959
0
0
0
0
0
0
0.39811
0
0.15982
0.39083
0
0
0.06694
0.10744
0.18386
0
0.55441
0.09287
0
0
0.07493
0.09358
0.10162
0
0.09431
0.11946
0.47701
0.08085
0.54544
0.72335
0.30657
0.12518
0.07575
0
0
0
0
0.12014
0.19357
0.71927
0
0
0
0
0.30832
0.09027
0.13977
0
0.09588
0
0.0954
0
0.1879
0
0
0
0.49152
0
0.08145
0.54675
0.13509
0
0
0
0.30136
0
0.07639
0.32087
0.09892
0
0.02854
0.18797
0.02977
0.08483
0.15655
0.26429
0
0.09004
0
0
0
0.20225
0
0.1246
0.07494
0
0.09166
0.08346
0
0
0.08857
0.09172
0
0.05693
0.10201
0.10168
0.27558
0
0.30252
0.09332
0.20534
0.08902
0
0.07655
0.35708
0.45304
0.22658
0.0326
0.06879
0
0.07578
0
0
0
0.47193
0.10079
0
0.3245
0
0.07502
0.02873
0.26778
0.48761
0
0.37846
0
0
0
0.34138
0
0
0
0.12149
0.0913
0
0
0
0.25857
0
0.08562
0
0.08975
0.09317
0
0.08161
0.30406
0.09601
0.10195
0.08914
0
0
0
0.09967
0.36252
0.07954
0
0.3532
0.89282
0
0
0
0
0
0
0
0.45694
0.12722
0.10205
0.09872
0
0
0.09334
0.08853
0.07603
0
0.61306
0.09188
0.21515
0.22104
0.08629
0
0.05777
0
0
0
0.15188
0.02598
0
0.56328
0
0.34083
0.22532
0
0.3354
0.12502
0.18347
0.07585
0.09077
0
0
0.08542
0.19549
0
0.0833
0
0
0
0
0.10273
0.18429
0.07662
0
0.23121
0.09648
0.07632
0.32655
0.08762
0.09058
0.49223
0.29136
0
0
0.60568
0
0.40343
0.09258
0
0.09054
0.31636
0
0
0
0.07784
0
0.48688
0
0
0.0926
0.18719
0.23171
0
0
0
0
0.70848
0
0
0.05577
0
0
0.20932
0
0
0.36256
0
0.06078
0.10095
0.10128
0
0
0.09311
0.09116
0.08458
0.09162
0.09221
0
0.04979
0
0.09232
0.09056
0.0906
0
0.16185
0.08317
0.33139
0.12733
0.18298
0.09024
0
0
0.13196
0.07579
0
0
0.0899
0.48995
0.08383
0
0.36506
0
0.2503
0.39315
0
0.77702
0.45452
0.09059
0
0.08351
0
0
0.08169
0
0
0.06584
0.07542
0.09444
0.07525
0
0
0
0.31042
0
0
0.0943
0
0
0
0.09119
0
0
0.07656
0.25036
0.06313
0.0743
0.10473
0
0.22855
0
0.83513
0.18099
0.09426
0.39195
0.1533
0.11423
0.2579
0.2581
0
0
0
0
0.0966
0
0
0
0.11011
0
0.23059
0
0
0
0.82066
0.49355
0
0.08946
0.0948
0.26519
0
0
0
0
0
0.15076
0
0
0.07503
0
0.36744
0
0.34774
0.55142
0.0862
0
0.40104
0
0
0.17002
0
0.08755
0.28255
0.23186
0.43446
0
0
0.09615
0
0.06391
0.14305
0
0.258
0.38576
0
0
0.22872
0.06393
0.03337
0
0.02516
0
0.12089
0
0.49765
0.21489
0.07095
0.29018
0
0.08941
0.07492
0.47168
0.08308
0
0.65072
0
0.27425
0
0.07643
0.3997
0
0
0.08503
0.07677
0.68011
0.07557
0.07667
0.39701
0
0
0
0.09992
0.51845
0.22869
0.18367
0.18712
0
0.03214
0.23217
0
0
0
0.54782
0
0.3084
0
0.36101
0.07659
0
0.18147
0
0
0.39542
0.1967
0
0.07534
0.0836
0
0.13178
0
0.07478
0.09189
0.10102
0.1561
0.59643
0
0
0
0.46694
0.02475
0.53465
0.09651
0.12125
0.33445
0.02702
0.47543
0.54603
0.09442
0
0
0.6973
0
0.08063
0.12434
0.10019
0
0
0.77392
0
0.70843
0.02656
0
0.09542
0.08327
0.443
0
0.08948
0.1019
0.0763
0
0.20364
0
0.10675
0.7781
0
0
0.08945
0
0
0.32056
0
0.39974
0.48947
0.33272
0.21116
0.50337
0
0
0.49473
0
0.09903
0.69275
0.34232
0
0.08783
0.45395
0
0
0
0
0.2921
0
0
0.07952
0
0
0.17292
0.27867
0
0.15091
0
0
0
0.07562
0.08271
0
0.33982
0
0
0
0
0.02648
0
0.217
0.49311
0.19775
0.40367
0
0
0
0
0
0
0
0
0
0
0
0
0.07574
0.18183
0
0.10047
0.0751
0
0.06242
0
0.07987
0
0.24949
0.08551
0
0.06162
0.083
0.09727
0.09834
0.23221
0.35682
0.36313
0.0268
0.0758
0
0.08384
0
0
0
0
0
0
0
0
0
0.45506
0
0
0.08543
0
0.1971
0.02822
0.21671
0.09109
0
0.10184
0.14178
0.30043
0.7764
0.09452
0.14479
0
0
0
0.31563
0.66814
0.16505
0.19549
0
0.10353
0.07991
0
0
0.0932
0
0
0
0
0
0
0
0
0
0.18442
0.22985
0.53058
0
0
0
0.66616
0
0
0.18656
0.09009
0
0
0
0
0
0.07528
0
0.05394
0
0.38819
0.18276
0
0.54926
0.29828
0
0
0
0
0
0
0
0.33569
0
0.18575
0.07645
0.09308
0
0.11864
0
0
0
0
0.22661
0.09882
0.07447
0.24262
0
0
0.47677
0
0.33387
0.09266
0
0.18729
0.24876
0.08864
0.22515
0
0
0.25426
0
0.09191
0.23188
0
0.34328
0
0
0
0
0
0
0
0
0
0.54691
0.1847
0.09053
0
0
0
0
0
0.4536
0
0.02608
0
0.09293
0.0743
0
0
0
0.09291
0.12052
0.22828
0.11956
0.10467
0.18449
0.10044
0
0
0.34618
0.09824
0.05491
0.18755
0
0.16432
0.09547
0
0.08082
0.37745
0
0.10614
0.18382
0.09346
0.09357
0.4885
0.71789
0
0
0.18389
0
0.5084
0.11166
0.08263
0.08558
0.14064
0.38876
0.29544
0
0
0.04013
0
0.60878
0.15119
0
0.60314
0.08819
0.09364
0
0
0
0
0
0.24267
0.03329
0.08021
0
0.25263
0.05754
0
0.09746
0
0.15037
0.23216
0.39615
0.08122
0
0.0951
0
0
0.54207
0.43723
0.07623
0
0.05483
0.08985
0
0
0
0
0.08818
0
0.15411
0
0.89616
0.75385
0.07932
0
0
0
0
0
0
0
0
0
0
0
0
0
0.09231
0
0.08269
0
0.18287
0.09179
0
0.35964
0.03327
0
0
0
0
0.08012
0.38664
0.14146
0.29311
0.5481
0.1324
0
0.03022
0.34244
0.24791
0
0.09509
0.43192
0
0.45303
0
0.02474
0.09302
0.3608
0.45196
0.74771
0.18001
0.22699
0.40133
0.09151
0.25654
0
0.53445
0
0
0.09059
0.08466
0.12339
0.1123
0.48552
0
0
0
0
0
0.19084
0
0.07548
0.09063
0.15403
0
0
0.1043
0.07823
0
0.09367
0.09669
0
0.10137
0.10796
0
0
0
0
0
0
0
0.17555
0
0.16825
0
0.10258
0.0683
0.09079
0.08712
0.17632
0
0
0.65924
0.182
0.09452
0.08283
0.08331
0.21674
0.43789
0.66673
0.75264
0
0
0
0.40045
0.09157
0.09301
0.33768
0.32046
0
0.43697
0.07447
0
0.16694
0.08367
0.0271
0.08243
0
0.10984
0.09076
0.18142
0.08826
0
0
0
0
0
0.09017
0.21445
0
0
0.07842
0
0
0
0.22877
0.08228
0.06356
0.07994
0.09007
0.36243
0.09365
0.0924
0.18796
0.18777
0
0
0
0.13195
0
0.09538
0
0.16262
0
0
0.09182
0.03071
0.09106
0.09052
0.08974
0.26179
0.28322
0.56416
0.58675
0
0
0
0
0
0
0
0.0859
0
0.71614
0
0.18265
0.22896
0.12354
0.17993
0.06515
0
0.0939
0
0.18356
0
0
0
0.38397
0
0
0
0.24897
0
0.13529
0.09334
0.14796
0.11778
0.09518
0.47175
0.09606
0.42463
0.0806
0
0
0.791
0.07541
0.46503
0.74868
0.08195
0.0271
0.7767
0
0.03233
0.17589
0.07422
0
0.08076
0
0.11652
0.34099
0.07626
0.47198
0
0
0
0.18809
0.08289
0.8939
0.09295
0.10229
0.09103
0.09045
0
0
0.21956
0.2922
0.09177
0.09102
0.09353
0.45441
0.44862
0.08015
0
0.0787
0.30653
0.37425
0.40128
0.63813
0.08195
0
0.46548
0
0
0.39392
0
0
0.49185
0.18468
0
0.09587
0
0
0.33635
0
0.079
0
0
0
0.02518
0
0.25323
0
0.22354
0
0.07518
0
0
0
0
0.08239
0
0.76797
0
0
0.03842
0.27513
0.36891
0.0951
0.07535
0.1831
0.19891
0
0.17981
0
0.37746
0
0.07537
0.22516
0
0.77569
0.31539
0.36222
0
0
0.82174
0.52865
0.43452
0.34034
0
0
0.03128
0.09539
0.07961
0
0.53284
0.09082
0
0.07625
0
0.15456
0.33446
0.49737
0.28206
0.23172
0
0.1117
0
0.09131
0.07976
0.13603
0.36108
0
0.29359
0
0.07995
0.39724
0.60311
0.14671
0.36287
0.09186
0.395
0
0.09275
0.31431
0.08414
0.23129
0
0
0
0.43339
0.05298
0
0.2105
0
0
0
0.07929
0
0.56838
0
0.19524
0.35951
0.1014
0.09
0.33673
0
0.2614
0.26449
0.15119
0.09377
0
0.23263
0
0.36145
0
0.20951
0
0
0.15774
0.03021
0.09152
0.39731
0
0.23294
0
0.08521
0
0.11901
0
0.22955
0
0
0.08941
0.21406
0.23321
0.18315
0.31711
0.03075
0.10026
0
0
0
0.08445
0.11888
0
0.09091
0
0.24835
0
0
0.1855
0.18272
0.79165
0
0.05717
0.37674
0.25753
0
0
0.18396
0.05408
0
0.05346
0.44577
0.08006
0.09338
0.09462
0.35318
0.21779
0.25273
0.07847
0.2276
0.38048
0.10567
0.10551
0.07585
0.16198
0
0.36762
0.0838
0
0
0.08834
0.38072
0.16623
0
0.36052
0.36271
0.06702
0
0.36031
0
0.08944
0.43742
0.33607
0.40922
0.07092
0.09963
0
0
0.33987
0.53437
0.08426
0.40936
0
0
0
0.18346
0.05146
0.0856
0
0.09111
0.32268
0
0
0.54425
0.22215
0
0
0.33046
0.03039
0.55621
0.45074
0
0.10432
0.10434
0.22825
0.08025
0.26117
0.3414
0.16428
0
0.53093
0.09978
0
0.16508
0
0.09227
0.09177
0.2329
0
0.24833
0
0
0.36286
0.09906
0.08209
0.70656
0.09095
0.40691
0
0.08368
0.1172
0.07765
0
0.0928
0.78106
0
0.44019
0.41365
0
0.08286
0.0909
0.36254
0.37124
0.09322
0.02729
0
0.08039
0.08949
0.07465
0.16726
0.29697
0.09337
0.11805
0.18658
0.36199
0.29294
0.3379
0.52033
0
0.36297
0.46479
0.22877
0.09174
0
0.3547
0
0
0.09141
0
0.07872
0.33213
0.3935
0.04038
0
0.04011
0.35461
0.16897
0.22661
0.40246
0.07915
0
0.76829
0
0.33169
0
0
0.30196
0.25872
0.24795
0.10751
0
0
0
0
0.09689
0
0.08205
0
0.08063
0.07656
0.23049
0.08206
0.08741
0
0
0.25115
0.0848
0.05259
0.18421
0.18373
0.36166
0
0
0
0
0.09039
0.09118
0.07797
0
0.30608
0
0.08014
0
0
0
0.31215
0.18039
0.47212
0.25022
0.36422
0
0.25069
0.08292
0.09866
0.7935
0.22799
0.80218
0.09484
0.85798
0.10562
0.07562
0.02629
0
0.1346
0
0.1814
0
0.48092
0.1125
0
0.07995
0
0.0763
0.08773
0.08189
0.41104
0
0
0
0
0
0.32599
0
0.08934
0.43593
0
0.34655
0.08066
0.45354
0
0.16134
0.12701
0.15577
0
0.11353
0.08766
0
0.46394
0
0.51129
0.09537
0
0.09085
0.10163
0.33525
0
0
0.05887
0.33545
0.09522
0
0.51932
0
0.07863
0.39295
0
0.02937
0
0
0
0.36427
0
0.55624
0.27679
0.49864
0.42075
0.07891
0
0.77573
0
0
0.10457
0
0
0
0.10622
0.60824
0
0.35978
0.36033
0.08178
0.08238
0
0
0
0
0
0.05534
0.10308
0.63692
0.77683
0.22764
0
0.07645
0.35951
0.05031
0.90533
0.16856
0.29311
0.36108
0.18296
0
0.08244
0
0.74157
0
0
0
0
0.07566
0.20155
0.20073
0.07831
0.18223
0.3963
0.1845
0.17728
0.10261
0.30165
0
0.22885
0.09588
0.42604
0.0762
0
0
0.23283
0.53219
0
0
0.27736
0
0
0.07963
0
0.30646
0.57987
0
0
0.07851
0.33663
0
0.68757
0.25896
0
0.25084
0.31707
0.30622
0
0.54786
0.56565
0.54969
0
0.18806
0.25044
0.77352
0
0.33949
0.1247
0.06463
0.08042
0.05367
0.10283
0
0
0.24758
0
0.06615
0.36168
0.27467
0.09646
0.0977
0
0
0.08197
0.03606
0.41369
0.07869
0
0.22085
0.24412
0.51607
0.2503
0.2496
0
0.10352
0.09436
0
0
0.07776
0.63891
0
0.09314
0
0
0
0.09275
0
0
0
0
0
0.09452
0
0.08333
0
0.66567
0.12901
0
0
0.1507
0.19784
0.08454
0.18299
0
0.42962
0.28332
0
0.40208
0.69818
0
0.25017
0
0
0.44732
0
0
0.12649
0.0768
0.07491
0.22694
0.07797
0.03103
0
0
0.35895
0.07403
0
0.08893
0.15
0
0.18301
0
0.06143
0.16638
0.06453
0.74686
0.07988
0
0.24758
0
0.22965
0.03493
0
0.09642
0.7506
0.18694
0.22866
0.0964
0.17155
0.30253
0.07798
0.22543
0.23062
0.08395
0
0
0
0.54783
0
0.07797
0
0.03152
0
0.17883
0
0.10132
0.05002
0.07748
0
0
0.05176
0
0.35772
0.86228
0.08027
0.07487
0.346
0.18697
0.33447
0.21166
0.11826
0.40419
0.02912
0
0
0.30005
0.05575
0
0.13291
0
0
0
0.39628
0.24931
0.08287
0
0
0
0.182
0
0
0.18167
0.18102
0.09287
0.09278
0
0
0.1008
0.1798
0
0.02719
0
0
0
0
0.12126
0
0
0
0
0
0
0.08317
0.08245
0
0.08275
0
0
0.20017
0.20327
0.15313
0
0.18341
0.08954
0.21268
0.09366
0.47801
0.4829
0
0
0
0.18448
0.47217
0.35941
0
0.35361
0.44545
0
0
0.39389
0.15458
0.22497
0.39289
0.07961
0
0.08973
0.11202
0.10299
0.2183
0
0
0.08396
0.70198
0.10668
0
0
0
0
0.15287
0.08231
0
0.25785
0
0
0
0.88543
0.12877
0
0
0.49164
0
0.14918
0.18374
0.34456
0.12433
0.16102
0.33937
0.11101
0
0.22845
0
0.86612
0.43422
0
0
0.14703
0.27519
0
0.16667
0.22013
0
0.22563
0.28826
0.07381
0
0.07532
0.07966
0.37637
0.12122
0
0
0.20303
0
0
0.07561
0.44733
0.36285
0.18819
0
0
0.02562
0.22622
0.14601
0.10084
0.08034
0.13825
0.11683
0
0.07513
0.30314
0.18216
0.21775
0.02733
0.08452
0.09641
0.36424
0
0.44908
0.44305
0.43496
0.34029
0.32274
0.09831
0.36273
0
0
0.18731
0.08979
0.43709
0.08761
0.22607
0
0.22842
0.08925
0
0.28067
0
0.393
0.15388
0.13233
0.07523
0.40657
0.0743
0.33401
0.07893
0
0.10143
0
0.33908
0
0.31857
0
0.08393
0.08354
0.05077
0.60129
0.35546
0
0.15426
0.64652
0
0
0.2479
0.08593
0.87273
0
0.09281
0
0.2523
0
0.22148
0
0
0.23055
0.07495
0
0.29144
0
0.18243
0.17534
0
0.09208
0.47316
0.09442
0
0
0
0
0
0
0
0
0.18698
0.25838
0.06472
0.07896
0
0.31224
0
0
0
0.08325
0
0
0.09066
0.08927
0.55037
0.07643
0.44982
0
0
0
0
0.40793
0.25045
0.21698
0.41227
0.07672
0.26742
0
0.1515
0
0.23563
0
0.07914
0.08213
0.09239
0.30138
0
0.21999
0.8983
0
0
0
0
0
0
0.08295
0.09154
0.09162
0.32206
0.16861
0
0
0
0
0.09403
0
0.0908
0.0917
0.08483
0.33794
0.32562
0.09099
0.35652
0
0
0
0
0
0.03307
0.76825
0.06029
0.74178
0.15509
0
0.59356
0.7694
0
0
0
0.1836
0.09227
0.09141
0.36735
0.08319
0
0
0
0
0.08031
0.44161
0.07899
0.06202
0.17976
0
0.09648
0.09612
0
0
0.09179
0.47639
0
0.06138
0.18997
0
0
0.09896
0.10282
0.55379
0.47096
0
0.36317
0
0.08429
0
0
0.21049
0.0504
0.10106
0
0.22758
0.05401
0.07843
0
0.02599
0.45604
0
0.07906
0.07791
0.35659
0.08192
0.07901
0.03107
0.19453
0.02985
0
0.0793
0
0
0.23002
0.34255
0.22788
0.52997
0.08967
0.07547
0
0.22513
0.03334
0
0.08887
0.17026
0.45554
0.09925
0.07377
0.09462
0
0.09457
0
0
0
0.7421
0.08925
0.08111
0
0.5848
0
0.07861
0
0.08037
0.77879
0
0.07575
0
0.22969
0
0.31113
0
0.06728
0.08199
0.39718
0.17528
0
0
0.1447
0.07828
0
0.15164
0.33264
0.08923
0.47888
0
0
0
0.5319
0.71733
0.03288
0.19502
0.13135
0.39291
0
0.24022
0
0.09611
0
0.07822
0
0.36155
0.07616
0.10633
0.22474
0
0
0
0
0
0.05502
0.20304
0.25146
0
0
0
0.12903
0.08672
0
0
0
0.11238
0.43189
0.13318
0.40904
0.47257
0.03563
0.16432
0
0.09274
0
0
0.23156
0.09111
0.03175
0.07937
0.09867
0
0.09341
0.11798
0.60746
0.44801
0
0.092
0.11939
0.18279
0.09026
0.12548
0
0.07545
0.08266
0.74229
0.05178
0
0.22414
0
0.25362
0
0
0
0
0
0.03048
0
0
0
0
0.02644
0.17038
0
0.09569
0
0.3625
0.27331
0
0
0.09589
0.09575
0.09636
0.12026
0
0
0.23112
0
0.07665
0
0
0
0
0.12791
0
0.76639
0
0
0.38142
0.25051
0.10603
0
0
0
0
0.07789
0
0
0.267
0.18431
0.72626
0
0.26024
0
0.1766
0.89285
0
0
0
0
0
0.21995
0.18164
0.13479
0
0.33608
0.21997
0
0
0.03045
0
0
0.3613
0.07989
0
0
0
0.33502
0.33452
0
0.03032
0.09567
0
0
0.07514
0.13116
0.06409
0.02951
0.4899
0
0.39298
0
0.39817
0.26923
0.70122
0.17149
0
0.0897
0
0.24345
0.04888
0.3373
0.1612
0
0
0
0.17831
0
0
0.13108
0.0894
0
0.13179
0
0
0.36284
0.09486
0.02739
0.07868
0.30629
0.22213
0
0
0
0.11878
0
0.02702
0.09215
0
0.11294
0.08964
0.08954
0.1326
0.10634
0.18133
0
0
0.13451
0
0.73009
0.06681
0.07987
0.45021
0.19935
0.19495
0.48872
0.0829
0
0
0
0
0
0.08481
0.18241
0.10196
0.26546
0.11301
0
0.13497
0.06306
0.13352
0.09321
0.09188
0.0931
0
0.09438
0
0.0909
0
0
0.07544
0
0
0
0
0
0
0.08322
0
0.12141
0.11054
0.09034
0
0
0.17462
0
0.08941
0.18357
0
0
0
0
0.21842
0.08999
0.43177
0
0.50345
0
0
0.08559
0.08399
0.08176
0.33387
0
0
0.10813
0.0898
0
0.25197
0.14493
0.21944
0.25089
0
0.22952
0.21719
0.06673
0
0
0.08331
0.38897
0
0.33689
0.36248
0.25268
0
0
0.03194
0
0.09037
0
0.89872
0
0.3967
0.09335
0.09237
0.0933
0.6408
0
0.15039
0.03092
0
0
0
0.03054
0
0.34205
0
0.24743
0.09413
0.10941
0.29508
0
0.32743
0
0.09855
0
0.12242
0
0.08384
0.13216
0.09154
0.09329
0
0
0
0.08409
0
0.11141
0
0.0822
0.10626
0
0
0.09041
0.09085
0
0.65806
0
0.18926
0.08
0.22973
0
0
0.09001
0.17484
0.09161
0.39439
0.39448
0.05988
0.34151
0.08855
0.03074
0
0.0925
0.36294
0
0
0
0.06683
0
0.10093
0
0.07962
0
0
0.47579
0.09195
0.85119
0.09256
0.04371
0
0
0.19316
0.05972
0
0
0
0
0.32062
0.08168
0.15526
0
0
0.07669
0.7421
0
0
0.11374
0.21014
0.22651
0
0.1721
0
0.09137
0.0916
0.11097
0.07756
0.77962
0.08043
0
0
0.19698
0.21432
0
0.3761
0.0319
0
0
0.27449
0.09258
0.1841
0.34127
0
0.09719
0
0
0.39634
0.06339
0.06284
0.21541
0
0.20029
0.3894
0
0.09017
0
0.29899
0.33767
0
0.15441
0
0
0
0.3154
0.18149
0.288
0
0
0.19604
0
0.09105
0.10802
0
0.17443
0
0
0
0.06164
0
0.45082
0.03008
0.08814
0
0.25224
0.45356
0
0.39461
0.32061
0.07982
0.39768
0
0.15502
0.08424
0
0
0
0.36266
0
0.09853
0.06469
0.08872
0.22966
0
0
0.2046
0.05169
0
0
0
0.2932
0.08503
0.11618
0
0
0.15392
0
0
0.33611
0
0.08347
0
0.2286
0
0
0.09528
0
0.0792
0.47984
0
0
0.07758
0.07656
0
0.07269
0.33942
0
0.12199
0.30457
0.10516
0.18461
0
0.05012
0.0646
0.08765
0.45713
0.08582
0
0
0
0.02954
0.2749
0
0.02676
0.02572
0.09475
0.03236
0.02691
0.06951
0
0.23279
0.09063
0.34244
0.10703
0
0.23042
0
0.21246
0.47936
0.07936
0
0
0.09393
0.0741
0.15119
0.14635
0
0.2194
0.1819
0.13114
0
0.07338
0
0
0
0.33448
0
0
0.03375
0.54924
0.08494
0
0.09683
0.38183
0
0
0
0.11877
0.089
0.40163
0.4083
0.30812
0
0.18745
0
0.2425
0.07726
0.69756
0
0
0
0
0
0
0
0.44059
0
0
0
0
0
0
0.07307
0
0
0
0
0.06622
0
0
0
0
0.03406
0
0
0.09217
0.09118
0
0.07542
0.09593
0
0.08071
0.18694
0
0.38526
0.07389
0.07451
0.18266
0
0.05901
0
0.28344
0.09097
0
0
0.13302
0.09165
0.09102
0.08207
0.03533
0.0893
0.19902
0
0
0.09631
0.09541
0
0
0
0
0
0
0
0
0
0
0
0
0
0
0
0
0
0.23872
0.09352
0
0
0.03406
0
0
0.11032
0.11176
0
0
0.09321
0
0
0
0.03117
0
0.03677
0.03398
0.1037
0
0
0
0.03619
0
0
0
0
0
0
0
0.06252
0.09086
0
0
0
0
0
0
0
0
0
0
0
0.03286
0.23715
0
0
0
0.21234
0.15672
0
0
0
0
0
0
0
0.09247
0
0
0
0
0
0
0
0
0
0.09416
0.08268
0
0.09587
0.18343
0.06484
0
0.75484
0.06461
0
0.07395
0
0
0.33924
0
0
0
0.33452
0.34758
0.18191
0.10114
0.07414
0.09948
0.17506
0.09105
0.08593
0.39966
0.07964
0
0
0.0324
0
0
0.06371
0
0
0
0
0
0
0
0
0.10975
0
0
0
0.08469
0.08277
0
0.09305
0.03198
0.09558
0
0
0.03063
0
0
0
0.06191
0
0
0
0.06876
0
0
0
0
0
0
0
0
0
0.03117
0
0
0
0
0.09037
0
0
0
0
0
0.11404
0
0
0
0
0
0
0
0
0
0.41344
0.09689
0
0
0
0
0
0
0
0
0
0.09309
0
0
0.0364
0
0
0.09774
0
0.09117
0
0.22751
0.09077
0.08526
0.21453
0.08563
0
0.09018
0.0903
0
0
0.06085
0.08319
0.43141
0.49527
0.30819
0.09396
0.06075
0.11884
0
0.18335
0.06202
0
0
0
0.05044
0
0.0562
0.26196
0.22861
0
0
0.27287
0
0
0
0.09017
0.24888
0
0.15542
0.44946
0.07379
0.80529
0
0
0.09284
0.08891
0.54933
0
0.09443
0.25076
0.06874
0
0.23223
0
0.09122
0.05338
0.13216
0.07975
0
0.08237
0.08348
0
0
0.43436
0.55142
0.39604
0.07061
0
0.27094
0.09372
0.44138
0
0.09514
0.36175
0
0
0
0.46619
0
0.33654
0.09327
0
0.30769
0
0.11002
0.20124
0.1209
0.10597
0.22124
0.19594
0.13298
0.03429
0
0
0.09103
0.02597
0
0
0
0
0.10566
0.22728
0.10347
0.07702
0.25234
0.23194
0.18414
0
0
0.08378
0.49993
0
0
0.08919
0
0
0
0.08863
0.81007
0
0.11147
0.08644
0.37549
0.30841
0
0.02999
0
0
0.23299
0.09037
0.09806
0.1753
0
0
0
0
0
0.09064
0
0
0.09024
0
0
0
0
0
0
0
0
0
0
0
0
0.09417
0
0
0
0
0.40188
0.03297
0.09774
0
0
0
0
0
0
0
0
0
0
0.10292
0
0
0
0
0.15339
0.37597
0.09245
0
0.09536
0
0.0913
0.03011
0.43388
0.39507
0.10203
0
0
0.08735
0.0319
0.09176
0.0795
0
0.37316
0.62246
0.09487
0.25617
0
0
0
0.08202
0
0
0.39564
0
0
0.08536
0.07561
0
0.13623
0
0.1004
0
0
0
0
0
0
0
0
0.26229
0.05591
0.2593
0.32727
0
0
0
0
0.06374
0.15992
0
0
0
0.06531
0.03198
0
0
0.03362
0
0
0
0
0.09097
0
0
0
0
0
0
0.10311
0
0
0
0
0
0
0
0
0
0
0
0
0
0
0
0
0
0
0
0
0
0.07073
0
0
0
0
0
0.07092
0
0
0
0
0.10865
0
0
0
0
0
0
0
0.06688
0.03482
0
0
0
0
0
0
0
0.09054
0
0
0
0
0
0
0
0
0
0
0
0.06511
0
0
0
0
0
0
0
0
0.06472
0
0
0
0
0.03158
0.06472
0
0
0
0
0.03266
0
0
0.23901
0
0
0
0.033
0.10238
0
0.06769
0
0.09327
0.09171
0
0
0.09173
0
0
0
0
0.09126
0.09109
0
0
0.1002
0
0
0
0
0
0
0
0.06766
0
0.03677
0.03297
0.06839
0
0
0
0
0
0
0
0
0.02818
0
0
0
0
0
0
0
0
0
0
0
0
0
0
0
0
0
0
0
0
0
0
0
0
0
0
0
0
0
0
0
0
0
0
0
0
0
0.09981
0.77808
0
0.08205
0.07485
0
0
0
0.08269
0
0.0992
0
0
0.43484
0.03117
0
0.06087
0.26044
0.33977
0.19319
0.16537
0.09115
0
0.06003
0
0
0
0
0
0
0
0
0
0.10424
0
0
0.2291
0
0.07223
0.12434
0
0
0
0.12996
0
0
0
0
0
0
0
0
0
0
0
0
0
0
0
0
0
0
0
0
0
0
0
0
0
0
0
0
0
0
0
0
0
0
0
0.0735
0
0
0.03729
0
0
0.08367
0.10396
0
0
0
0
0
0.03333
0
0.0977
0
0
0
0
0
0
0
0
0
0
0
0.09475
0
0
0
0
0
0
0
0
0
0
0
0
0
0.07405
0
0
0
0
0
0
0
0
0
0
0
0.03455
0.03186
0
0
0.06409
0
0
0.2302
0
0
0
0
0
0.06479
0.09189
0
0.12703
0
0.12728
0
0.24994
0
0
0.05125
0
0.14362
0
0.05207
0.33732
0.08241
0.09321
0
0.09404
0
0.09225
0.0859
0
0
0
0.02884
0
0
0
0
0
0
0
0
0
0
0
0.09076
0
0
0
0
0
0
0
0
0.09492
0.06339
0.54681
0.09096
0
0
0
0
0.03342
0.09048
0.03183
0
0
0
0
0
0
0.03342
0
0.09208
0
0
0.10418
0
0.09018
0
0
0
0.09353
0
0
0
0
0.22403
0.03634
0.22504
0.04016
0.09173
0.13282
0
0.09338
0.03002
0
0
0
0
0.18834
0
0.09052
0.12969
0
0
0.08429
0.22954
0
0
0
0
0
0.03266
0
0.33528
0
0.28041
0.02771
0.23449
0.09394
0.22713
0.22665
0.30875
0.21412
0.49159
0
0
0.1826
0.68028
0.08343
0.27367
0
0.08043
0.02489
0
0.05149
0.29107
0.09809
0
0
0.12152
0.19838
0
0
0.14599
0.09615
0.30845
0.11004
0.3096
0.45497
0
0
0.03232
0
0.13471
0.07582
0
0.30974
0
0.10243
0.61148
0
0.36453
0
0.26013
0.25328
0.58857
0
0.55585
0
0.1547
0
0.03305
0.19765
0.20141
0.24819
0.09067
0
0.18337
0.07655
0
0.07535
0
0.09062
0.08412
0.08316
0
0.07964
0.21389
0.21197
0
0
0
0
0.47513
0.07424
0
0.07405
0.08251
0
0.46727
0.45437
0.09484
0.10057
0.23715
0
0.08895
0.08936
0
0.09438
0.09169
0.22345
0.09251
0
0.33661
0.78942
0
0
0.09418
0
0.08308
0
0.25036
0.3915
0.69995
0.25077
0.08966
0.12848
0
0.4761
0
0.06406
0.09365
0.0959
0.11941
0.02543
0.05868
0.10701
0.35479
0.03161
0
0
0
0.07869
0.28529
0
0
0
0.26796
0
0.09364
0.45251
0
0
0
0
0
0.08999
0
0.10691
0.45358
0
0
0
0.08666
0.07448
0.09634
0
0.184
0.17622
0
0
0.08072
0.10196
0.08299
0.49879
0.09178
0.33946
0.18662
0.40991
0.5036
0.25372
0
0
0.15999
0.31505
0.4082
0
0.18304
0.09564
0.41358
0
0
0
0
0.07539
0.09899
0.89549
0
0.34794
0
0.75688
0
0
0
0.21619
0
0.09132
0.31288
0.08999
0.25786
0
0.41462
0
0
0.35353
0
0.25281
0.33716
0
0.08081
0.33441
0
0.30814
0.09029
0
0.43331
0.1071
0.0916
0.44903
0.08191
0.64394
0.07912
0
0.07946
0.17394
0.09257
0.07844
0
0.08341
0
0.10349
0.10075
0.82122
0
0
0.08872
0.32638
0.10541
0
0.09102
0.09575
0
0
0
0.60762
0.45923
0.40819
0
0.08389
0
0.09261
0
0.22464
0
0.09539
0
0.30858
0.40009
0
0.3814
0.47576
0.18079
0.36312
0.08989
0.24068
0.3443
0
0.26677
0.07942
0
0
0
0.47434
0
0.16696
0
0.35732
0.03341
0.08371
0.39624
0
0
0.09383
0
0
0.08056
0
0.08254
0.07489
0.19012
0.21411
0
0.56661
0.07565
0.06261
0
0.10144
0.17525
0.23225
0.33822
0.43996
0.02546
0
0
0
0
0.0272
0
0.09133
0.18349
0
0.15236
0
0
0
0.23049
0.08049
0.25504
0
0
0.09538
0.08071
0.03178
0.08093
0
0.33707
0
0.07686
0
0.02532
0.08157
0.16741
0
0.18583
0.3358
0
0.02506
0.18351
0
0
0.2234
0.36252
0.18154
0
0
0
0
0
0.22626
0.09124
0
0
0.15122
0
0.25837
0
0.1088
0
0.33707
0.07901
0.59567
0.07502
0
0.33977
0.05053
0.03907
0.10084
0.15146
0.23525
0.21809
0
0.21923
0.07552
0.32098
0.02872
0.13532
0.32183
0
0.26977
0
0.07503
0.18383
0.09508
0.08938
0
0
0
0
0.76494
0
0
0.07629
0.09198
0.23075
0
0.22217
0.09074
0.09227
0.4501
0
0
0.33789
0.091
0.18378
0.0881
0.08816
0.07869
0.08374
0.08383
0
0.0919
0.09991
0.21926
0.09189
0
0.08007
0
0.09501
0.02739
0
0.15175
0
0.09509
0.0668
0.12238
0.10268
0
0
0.2517
0
0
0
0.51796
0
0
0.03116
0.35416
0
0.08123
0.38833
0.21464
0.22913
0.10181
0.05978
0
0.43415
0
0
0.22493
0
0.26844
0
0.42347
0.09068
0
0.39648
0.08039
0.05369
0.22463
0.07542
0.41841
0.47805
0.145
0.11889
0
0
0.16404
0.20981
0.52953
0.32618
0
0
0
0.12137
0
0.39292
0.39508
0.11144
0.0933
0.08968
0
0.1017
0.09511
0.04961
0.60008
0
0.35849
0.38401
0
0.43471
0
0
0.09778
0.07846
0.07466
0
0.26036
0
0.40997
0
0.18751
0.44547
0.15232
0.18236
0
0.0897
0
0.10376
0.0755
0.18711
0
0.21057
0.23297
0.39145
0.07919
0.10121
0.06631
0.09629
0.07949
0.24991
0.85409
0.0789
0.20029
0.49955
0
0.18378
0.03099
0.38925
0.18499
0
0.07883
0
0.09368
0.6196
0
0
0.18077
0
0.32513
0.06027
0.18405
0.07586
0.5976
0.47213
0.22836
0
0.23376
0.07449
0.07741
0.06723
0
0.07831
0
0
0
0.083
0.3017
0.30643
0
0.32696
0
0.09365
0.10166
0.05128
0
0.1646
0
0
0
0.71137
0.09572
0
0
0.24409
0.07656
0.17966
0.07858
0.61781
0.05389
0.29151
0
0.18536
0
0
0.02715
0
0
0.36107
0
0.02876
0.58191
0.09532
0.46211
0.36235
0.05667
0
0
0.02708
0.08001
0
0.06767
0
0.18361
0.08132
0.44119
0.39715
0.10171
0.12272
0
0.40464
0.46371
0.07849
0.09618
0
0.07943
0
0.12069
0.07769
0.06355
0
0.21932
0
0.23457
0.08036
0.10277
0.08816
0.4539
0
0.3302
0
0.33516
0
0.24825
0
0.29107
0.09413
0.19375
0
0.10674
0
0.12167
0
0.09424
0.09447
0.5882
0.08059
0.0309
0.08782
0.31266
0.18706
0.39541
0.19846
0
0.15673
0
0.20208
0
0
0.18438
0.05913
0.19618
0.26651
0
0
0.09472
0.60265
0.09212
0.39604
0.38091
0.51437
0.61179
0
0
0.75125
0
0.30278
0.27438
0.09478
0.17498
0.07936
0.17789
0.09766
0.67409
0.07588
0.33931
0.68068
0
0
0
0
0.09071
0.03241
0.06164
0.70349
0.47101
0.10727
0.4224
0.1278
0
0.1831
0
0.35667
0.55318
0.10145
0.09027
0.23476
0
0.09152
0.13069
0.02507
0.25114
0
0
0
0
0.2287
0.09079
0.38231
0.18552
0.02996
0.52347
0.0898
0
0
0.08714
0.2772
0.32594
0.33888
0.02508
0.09109
0.09081
0
0.09238
0.09188
0.09238
0.28232
0
0
0.08969
0
0
0.22733
0.08105
0.08126
0.32856
0
0
0.09134
0
0
0
0.28079
0.13331
0.08346
0.09356
0.19499
0
0
0.32078
0
0
0
0.10222
0.11171
0.09159
0
0
0
0
0.08952
0.16586
0
0
0.14608
0
0.84545
0.10504
0.08129
0.09545
0
0
0.07987
0.09609
0
0.09357
0.32393
0.45679
0.05855
0
0.09137
0
0.13881
0.09045
0
0
0
0.0823
0
0
0.33095
0
0.23196
0.03061
0
0.09153
0.08909
0.06083
0.33176
0
0.31597
0
0
0
0.19591
0.08806
0
0.38822
0.09067
0
0.07873
0
0
0.13819
0.63761
0.09524
0.09118
0.09337
0
0.15063
0
0
0
0
0.07946
0.18078
0.08882
0
0
0
0
0.09348
0.10984
0
0.0771
0.16522
0
0
0
0.2254
0
0
0.18771
0.09132
0.24413
0.02617
0.08215
0.08936
0.08309
0
0.07885
0.1359
0
0.05194
0.07836
0.07531
0.05162
0.9529
0.09783
0
0.70706
0.08906
0
0.59947
0.08113
0.19962
0
0.0262
0.20888
0.25704
0
0.11939
0.07683
0.22
0.08217
0.03127
0.07602
0.07774
0.29218
0.07479
0.10269
0
0.18218
0
0.33785
0
0.22995
0.08062
0.49911
0.13044
0.24121
0
0
0.33458
0.23047
0.4524
0.17617
0.08289
0.55643
0.09087
0.58525
0.05139
0
0.19469
0.34282
0.09426
0.39363
0.12798
0.05061
0.36583
0
0
0.11721
0
0
0
0.07637
0
0
0.13974
0.86533
0
0.24347
0.17458
0.10267
0
0.11775
0.08475
0
0.0861
0
0
0
0.12702
0.54878
0
0.20312
0
0.08987
0
0.3629
0
0
0.53239
0.09181
0
0.11833
0.23044
0
0.302
0.03231
0.10215
0.15902
0.37593
0
0.08484
0
0.07851
0.1081
0.09436
0
0
0.19617
0.45524
0.19962
0
0.2794
0.18246
0.124
0
0.0845
0
0.23118
0.16248
0
0
0
0
0.0853
0
0
0.22797
0.031
0.10279
0
0
0
0
0.08341
0.13959
0.09477
0.1021
0.39985
0.08398
0.03268
0
0
0
0.07605
0
0.18331
0.17814
0.35435
0
0.07755
0.24901
0.18221
0.09463
0.22404
0
0.06548
0.18271
0
0
0.08981
0.08208
0.08411
0.08397
0
0.08738
0.39411
0
0
0.14335
0.08206
0.09643
0
0
0.07881
0.07674
0
0.02453
0
0
0
0.57751
0
0
0.13142
0
0
0.10455
0
0.2259
0.22559
0.77539
0.09478
0.45036
0
0.08826
0.12619
0.07588
0.08828
0.10671
0
0.08127
0
0
0
0.22321
0
0.18813
0
0.03002
0.77679
0.18275
0.09409
0
0
0.1028
0
0
0.39042
0
0
0.48367
0.43534
0.50049
0.86791
0.09141
0.15003
0
0.22506
0
0.36205
0.09558
0
0.25279
0
0.29167
0.05311
0.08853
0.14145
0
0
0
0.08113
0.20155
0.10244
0.09537
0
0
0.38377
0.18382
0.19361
0.16544
0.08828
0.09567
0.33798
0.37578
0
0.07926
0.37531
0.18754
0
0.12806
0.08408
0
0.25626
0.18363
0.24964
0.18214
0
0.27414
0.06012
0
0.07752
0.08007
0
0
0.50289
0.08315
0.36427
0
0.11578
0.18389
0.18521
0.42208
0
0.1809
0.10032
0
0
0
0.71247
0.02586
0
0.33573
0.28494
0
0
0
0
0
0.19411
0
0.08421
0.02817
0.36297
0.88168
0.07839
0.07588
0.0888
0.13657
0
0.33717
0
0
0
0
0
0
0
0.07986
0
0
0.12132
0
0.09406
0.0945
0
0.0878
0.33939
0.11693
0
0.04949
0
0
0.10634
0.24921
0.02799
0
0.07574
0
0.21956
0.33554
0
0.07538
0.22686
0.08199
0
0
0
0
0.18368
0.07498
0.19076
0.33416
0
0
0.09672
0.09527
0.11005
0
0
0.49388
0.228
0
0.09667
0.7533
0.33609
0
0
0
0.41719
0.80295
0
0
0.21888
0.18191
0
0.10079
0
0
0.35387
0
0.02756
0.08066
0.44032
0.36262
0.32125
0
0
0
0.10725
0
0.36228
0
0.76879
0.0749
0.02713
0
0.10484
0
0.07504
0
0.76214
0.07898
0.02896
0.09267
0.33401
0.30179
0.15831
0.10883
0.09485
0.12913
0.08982
0.03155
0
0
0.67198
0.6394
0
0.45163
0.08496
0
0
0.08891
0.12482
0
0
0.13679
0
0
0
0.08008
0
0.6112
0
0
0
0
0
0.32387
0
0.45633
0.23043
0
0.02565
0.36965
0.54356
0
0
0
0.07527
0.09503
0.25405
0.11247
0
0
0
0.21553
0
0.09132
0.09453
0
0
0.17778
0
0
0
0
0.12115
0.07968
0.41286
0
0.16578
0
0
0.14567
0
0.47433
0
0.08805
0
0
0.08981
0
0.06006
0.22577
0.18008
0
0.39163
0
0.10096
0
0
0.25765
0.23005
0.08119
0.63554
0
0.09794
0
0
0.0998
0
0.53049
0
0
0.54723
0
0
0
0.10062
0.28861
0
0
0.07473
0
0
0
0
0
0.20271
0.05345
0
0
0
0.22987
0.26056
0.14961
0
0
0.23367
0
0.95396
0.09063
0.17978
0.19398
0.81197
0.29788
0.29751
0.0901
0
0
0.10648
0.07853
0.07809
0
0
0
0.09002
0
0.09212
0
0.47272
0
0
0
0.43379
0.22967
0.07907
0
0
0
0.08239
0.26337
0
0
0
0
0
0.06229
0.27929
0
0.22744
0.10924
0
0
0.07931
0.08187
0
0
0
0
0
0
0
0
0
0.06489
0
0
0.22098
0
0.08733
0
0.18014
0.25678
0.08899
0
0.25919
0
0.32999
0.07555
0
0
0.10384
0
0.19087
0.23714
0
0.08978
0.47684
0.15146
0.46776
0
0
0
0
0.0816
0.39028
0.30818
0
0.30857
0
0
0.47114
0
0.02843
0.24829
0
0.45091
0
0.69658
0
0.58024
0
0
0.40292
0.20955
0.28514
0.02715
0.08213
0
0.10007
0
0
0
0.32629
0
0.17507
0.18269
0
0.32061
0.07937
0.39414
0
0.18559
0.1515
0
0
0.36238
0.03236
0.10197
0.50086
0.03331
0.70342
0
0
0.12685
0.08336
0.33743
0.02546
0.18075
0
0.0784
0
0.36246
0
0.10496
0.07846
0.21039
0.18624
0
0
0
0.08103
0.09456
0.22928
0
0.25089
0.09137
0.13397
0.05456
0
0.05174
0.09011
0.08002
0.07555
0.02613
0.40941
0.53183
0.08912
0.17459
0.07909
0.07837
0.03089
0.07425
0.0776
0.20116
0.07516
0
0
0.7059
0.0939
0
0.10719
0
0.16526
0.36881
0
0.09453
0.15237
0.66307
0
0.7906
0.09271
0.23678
0.36104
0
0
0.0841
0.09443
0
0.03111
0
0.23329
0.11918
0.06667
0
0.08529
0.18358
0
0
0.3941
0.27296
0
0.09264
0.30115
0.02559
0.40761
0.50507
0.26566
0
0
0
0.08422
0.09317
0
0
0
0
0
0.21494
0.27426
0.08475
0
0.08999
0.16285
0.08596
0
0.03627
0
0.07553
0.1826
0.45161
0.33412
0.09234
0.39384
0.49159
0.09011
0.33581
0.10701
0.09112
0.09194
0.09402
0.32048
0.12121
0.67023
0.02771
0.36132
0
0.13478
0
0
0
0.08967
0
0.49897
0.08469
0.09091
0
0
0
0
0.22948
0.09055
0.10926
0
0.08946
0.02598
0
0.18376
0.02848
0.09951
0
0
0.77743
0.41918
0.39185
0.0838
0
0.10228
0
0.17236
0
0.21244
0.07808
0
0.0751
0.08284
0
0
0.09167
0.20012
0
0.09257
0.09047
0.02812
0.09057
0.08182
0
0
0
0.16678
0.07777
0.14999
0
0.08909
0
0.22459
0
0
0
0.18591
0.1871
0
0
0
0.40677
0.10862
0.15092
0.18335
0.02482
0
0.15301
0.08329
0
0.22875
0
0
0
0
0
0.09651
0
0
0.1071
0.10588
0.09394
0.45732
0
0.18224
0.45481
0.13941
0.51958
0.39125
0.18127
0
0
0.13996
0.1509
0.2304
0.52939
0.75226
0.07951
0.4667
0
0.47259
0.30107
0.56406
0
0
0.18687
0.34229
0
0.44817
0.20363
0.02576
0.16548
0.43749
0
0
0.08773
0.12282
0
0.40996
0.06437
0.5314
0.26098
0.54804
0.78324
0.2559
0
0.10126
0.12033
0.07575
0.45856
0.24889
0.10848
0.07593
0.21767
0.0954
0.07441
0.08039
0.10154
0.77469
0.09386
0.03237
0.11376
0
0.06215
0
0.1466
0.07487
0
0
0.07965
0.27831
0
0.02491
0.22554
0.17907
0.08026
0
0
0.07569
0
0.02603
0
0.11069
0.02805
0.1849
0.09618
0.23667
0.03267
0.08988
0
0.3379
0.06027
0.09419
0.22718
0.07448
0.14539
0.30876
0
0
0
0.07776
0.41173
0.18223
0.5969
0.09078
0.64246
0
0
0
0
0
0
0.08341
0.49084
0
0.43504
0.07384
0.07689
0.19008
0.22154
0.09211
0
0.08875
0.27675
0.07587
0
0.08911
0
0
0.07971
0
0.04129
0
0.24977
0
0.22447
0
0
0.08237
0.08752
0
0.22597
0
0.08166
0.05064
0
0
0
0.05647
0.09223
0.38121
0.09082
0.05831
0.0849
0
0.0319
0.10961
0.09057
0.32666
0.34984
0.08657
0.22497
0
0.02517
0.2673
0.09172
0.05829
0.43524
0.0909
0.09261
0
0
0.09377
0
0.18204
0.03265
0.22226
0
0.14739
0.27537
0.07667
0
0
0
0.25062
0.08357
0.09677
0
0.10535
0.09112
0
0.54299
0
0.09948
0.23464
0.43921
0.53094
0
0.1795
0
0.33199
0.0541
0.08017
0.34184
0.13444
0.08977
0.09056
0.12514
0.04971
0
0.30892
0.07846
0.30619
0.30948
0
0
0
0
0
0
0.45424
0.09892
0
0.10664
0
0.10097
0.45289
0
0
0.74156
0
0.41283
0
0.09997
0.3634
0
0.25141
0.08383
0.14911
0
0
0
0.22467
0.02514
0.07707
0.02559
0.31608
0.13307
0.1792
0.10122
0.28669
0
0
0.07524
0
0
0
0.07604
0.10971
0
0
0
0
0
0
0
0
0.45438
0.05532
0.09587
0
0
0.22267
0.08457
0.08315
0
0
0.09142
0.1265
0
0
0
0
0
0.05703
0.10227
0.0915
0
0
0
0
0
0.25005
0.12415
0.41082
0.09171
0.08696
0.09077
0.81904
0.30775
0
0.07717
0.07489
0
0.09454
0.08258
0.39015
0
0
0
0
0
0
0
0.2576
0.18434
0
0.06517
0
0
0
0.10664
0.45263
0.52735
0
0.07163
0
0.09421
0
0
0.2582
0.14654
0
0.09391
0.12647
0
0
0
0
0.16366
0
0.07561
0.0931
0
0.23216
0
0.09046
0
0.09278
0.69322
0.09065
0.25932
0
0.37552
0.82251
0.08301
0.24314
0
0.13186
0
0.20132
0.23331
0
0
0
0.21457
0.09427
0.5431
0.14057
0.87139
0.08302
0
0
0
0.06516
0
0.2532
0
0.30568
0
0.77582
0.78012
0.29119
0.05604
0.09241
0.3356
0
0.16031
0.09068
0
0
0
0
0.09226
0.15525
0.0994
0.22507
0.18123
0.08175
0
0.22965
0.12093
0
0.25406
0.09005
0.18181
0.10083
0
0
0.12342
0.18383
0
0
0
0.07569
0
0.19492
0.5171
0.12169
0
0.1233
0.07613
0
0.35913
0
0
0
0.08205
0.44036
0
0
0.30954
0.08222
0
0.17212
0.1242
0.43715
0
0
0
0
0.25651
0.10487
0
0
0
0.33105
0
0.18553
0
0
0.23074
0.2249
0
0.22717
0
0.18683
0
0.09586
0.08257
0.32084
0.03009
0
0.10399
0.07896
0
0
0.0313
0
0
0
0.05469
0
0.07811
0.17141
0
0.07968
0
0.45108
0
0.18054
0
0
0.14355
0.18009
0.21778
0.07722
0
0
0
0.38893
0
0.45317
0.07074
0
0
0.07589
0
0.08153
0.07552
0.18632
0.05467
0.10041
0.02539
0
0
0.07439
0
0
0
0
0
0
0.03049
0.47531
0.09352
0
0
0
0
0
0
0
0
0
0.06774
0.17595
0
0
0
0
0
0
0
0
0
0
0
0
0
0.0751
0
0.09958
0.37968
0.39689
0.02586
0.09133
0.77836
0.34062
0.2752
0.06876
0.10631
0
0.09176
0.21513
0
0
0.24589
0
0
0
0
0.02465
0.05917
0.02769
0
0
0
0
0.06536
0
0.37566
0
0.12472
0.07629
0
0
0
0
0
0
0.09159
0
0
0
0
0
0
0
0
0
0
0
0
0
0
0
0
0
0.14799
0
0
0.02891
0
0
0
0.03222
0
0
0.12263
0.05975
0
0.086
0
0
0.03247
0.03247
0
0.08058
0
0.12892
0.03286
0.51807
0
0
0
0
0
0.10227
0.09254
0
0.10816
0
0
0
0
0
0.03158
0
0
0
0.06511
0
0
0
0.03057
0
0
0
0
0
0
0.03221
0
0.07646
0.11123
0
0
0.54669
0.07659
0
0.22503
0.09684
0.10586
0.10326
0.482
0
0
0
0
0
0
0
0.0963
0
0
0.03375
0
0
0
0
0
0
0
0
0.22705
0
0
0
0.03229
0
0
0.05152
0
0
0
0
0
0
0
0
0
0
0.27039
0
0.45437
0
0
0
0
0
0
0
0
0
0
0.09613
0.03072
0
0
0
0
0.15788
0
0
0.19519
0
0
0
0
0
0
0.03492
0
0
0
0
0.10801
0
0.03297
0
0
0
0.09896
0.10203
0
0
0
0
0
0
0
0
0
0
0
0
0
0.03406
0
0
0
0.06511
0
0
0.03247
0
0.06517
0
0
0
0
0.06744
0
0
0
0
0
0
0
0
0
0.09871
0
0
0
0.03455
0
0
0
0
0
0
0
0
0
0
0
0
0
0
0.29858
0
0
0
0
0
0
0.02745
0.18193
0.18745
0.07834
0
0.09649
0.09964
0
0.15977
0.03156
0.09968
0.1001
0.05485
0
0
0
0.22562
0
0.05066
0
0.10089
0.70519
0.19505
0.09407
0.10961
0.17338
0
0.08004
0.1454
0.2671
0.12896
0
0.15532
0.09544
0.31297
0.07568
0
0.32227
0
0
0.18374
0.087
0
0.0752
0
0.77991
0.24766
0
0
0.09666
0.34269
0.23286
0.09507
0
0
0.35726
0.02442
0.10819
0
0
0.5862
0.08428
0.18023
0
0.72558
0.13563
0.09013
0.18048
0
0
0.03149
0.54769
0.17671
0.25098
0
0.33514
0.45578
0.23156
0.08152
0.15097
0.6684
0.25113
0
0.25196
0
0.38961
0.18255
0.08013
0
0
0.25303
0.36255
0.08907
0.36178
0.08781
0.36012
0.35958
0.36224
0.08825
0.3622
0.0885
0.08881
0.06035
0.08839
0.36201
0.09009
0.08857
0.34102
0.0883
0.08861
0.36092
0.08944
0.29099
0.08926
0.33468
0.36279
0.33433
0
0.08919
0.33805
0.27689
0.36277
0.39803
0.22207
0.29113
0.29252
0.33632
0.08975
0.0896
0.39881
0.39774
0.09001
0.43448
0.48991
0
0.17498
0.08961
0.08945
0.0895
0
0.39701
0.39689
0
0.3367
0.33611
0.33713
0.28806
0.49346
0
0.33222
0.491
0
0.28217
0.34078
0.34147
0.09039
0
0.33754
0
0.09552
0
0.49256
0
0
0.34257
0.17905
0.23153
0.25597
0.27574
0
0
0
0.25663
0.09543
0.25553
0.09463
0.08957
0
0.09082
0
0
0.09559
0.03034
0
0
0.05616
0
0
0.09052
0
0
0
0
0.09112
0.16983
0.09076
0
0
0
0
0
0
0.0949
0.09434
0
0.03057
0
0
0
0
0.09312
0.09499
0.0958
0
0.09088
0.09
0
0.0901
0
0
0
0.09612
0.09667
0.09435
0
0
0
0.0967
0
0.09076
0
0.09211
0.09145
0
0
0
0.08235
0.09087
0.08369
0.08222
0
0
0.09175
0.09196
0.09144
0.0831
0.11753
0
0
0
0.08313
0.08373
0.08285
0
0.09234
0
0.09148
0
0
0.18376
0.08413
0.09027
0
0.0923
0
0.09087
0.05204
0.09166
0.0904
0.08403
0.08491
0.18471
0.18511
0.08409
0.09177
0
0.07848
0
0.09424
0.08492
0
0.09157
0.05627
0.08048
0
0.09286
0.09405
0.08585
0.02822
0.02657
0.09371
0
0.09163
0.07962
0
0.18812
0
0.07998
0.09256
0.07988
0.08018
0.0796
0.18484
0.08996
0
0.09145
0
0.07903
0
0
0.09344
0.18778
0
0.03101
0
0
0
0.15505
0.08113
0.08079
0
0.09417
0.1871
0.18839
0
0.0795
0
0.09395
0
0.0537
0.07981
0.10107
0
0
0.18811
0.09055
0.09377
0.03108
0
0
0
0
0.1013
0.03141
0.03175
0
0
0
0.09459
0.08069
0.18216
0
0
0.10045
0.09504
0.16258
0
0.0945
0
0
0.09526
0
0.36325
0.39494
0
0
0
0
0
0
0
0
0.07569
0.10197
0.39022
0.19849
0.09527
0.0933
0.2302
0
0.23176
0.09434
0.09539
0.18444
0
0
0
0.45294
0.39696
0.31519
0
0
0
0.22684
0
0
0.09642
0.132
0.03156
0.18508
0
0
0.39462
0
0.23041
0
0.22961
0.23434
0.21821
0
0
0.33253
0
0.29735
0.4465
0
0.23009
0.22937
0
0.2078
0
0.13113
0.34203
0.10079
0
0
0.04228
0
0
0.23168
0.25503
0.2325
0
0
0.26904
0.37401
0.4918
0
0.34227
0.04368
0.13286
0.34804
0.04233
0.05666
0
0
0.34704
0
0.18099
0.3972
0.1543
0.27022
0.27339
0.12744
0.17316
0.2972
0.30551
0.24787
0.19682
0.33361
0.32873
0.21718
0.07075
0.29869
0.14852
0.11721
0.38275
0.30341
0
0
0.43432
0.0997
0.31226
0.25928
0.55617
0.08569
0.08693
0.2194
0.18077
0.21314
0.29904
0.33379
0.33715
0.29627
0.38164
0.30619
0.30337
0.19006
0.25117
0
0.23327
0
0.17704
0
0.53127
0
0.17194
0.44723
0.46685
0.49981
0.43624
0.34818
0.60896
0.49196
0.83694
0.41809
0.30386
0
0
0
0
0
0
0
0.02954
0.50949
0.18737
0
0
0.32285
0.18407
0
0.09688
0
0
0
0
0.47126
0.24427
0
0
0
0
0
0
0.73953
0
0
0
0
0
0
0.77801
0.77657
0.74916
0
0
0
0
0
0
0
0.51986
0.05447
0
0.09031
0
0
0
0
0
0.1157
0.06012
0.09149
0
0
0.15687
0
0
0
0
0
0
0
0
0
0
0
0
0
0
0
0
0.10263
0
0.02967
0
0
0
0.02967
0
0
0
0
0
0
0
0
0
0
0
0
0
0
0.0337
0
0
0
0
0
0
0
0
0.11319
0.03133
0
0.07307
0.03133
0
0
0
0
0
0
0.06708
0
0.03117
0
0.0622
0
0
0
0
0
0
0
0
0.06527
0.06391
0.06684
0.19424
0
0
0
0
0.0676
0.06709
0
0
0.09368
0
0
0
0
0
0
0.03158
0.08241
0
0.12934
0
0
0
0.06506
0
0.12824
0
0
0
0
0.17542
0.28516
0
0.08194
0
0
0
0.12812
0
0
0
0
0.19238
0
0
0
0
0
0
0.2495
0
0
0
0
0
0
0
0
0.20969
0
0.09677
0.41332
0.04147
0
0
0
0.23655
0
0
0
0
0
0.32013
0.5618
0.43405
0
0
0
0.65802
0.43864
0
0
0
0
0
0
0
0
0.02755
0.43842
0.67614
0
0
0
0
0
0
0
0.09408
0.66535
0.36307
0
0
0.9996
0.09594
0.31681
0
0
0
0
0.10472
0
0.09374
0
0
0.08272
0.0822
0.17725
0.21133
0.62711
0
0
0
0.09636
0
0.25902
0.09457
0.09537
0.69428
0
0
0
0.17833
0.34184
0.37985
0.69135
0.20919
0.58522
0.02737
0.0868
0
0
0.10542
0
0.08327
0.08267
0
0.32022
0.21085
0
0
0
0
0.09771
0
0.61744
0.55424
0.59465
0.64376
0.34699
0
0
0.55015
0
0
0.22213
0.36134
0.27075
0.71111
0.05389
0.69206
0
0.02882
0
0
0.08301
0.33356
0.5633
0.30086
0.09234
0
0
0
0
0
0
0
0
0
0
0
0
0
0
0.12409
0.42941
0
0.69528
0.52268
0
0
0.31044
0
0
0
0
0.09109
0.45522
0.51075
0
0.49113
0.10175
0
0
0.08225
0.08403
0.09173
0.76783
0
0
0
0
0
0
0.64044
0.54851
0.60906
0.09402
0.08733
0
0
0
0.68406
0.56436
0
0
0
0
0
0.08437
0.08315
0.0826
0.0822
0.03042
0.76951
0
0
0
0
0
0.389
0.13905
0.3736
0.34784
0.11919
0.55542
0.16873
0
0.03186
0.09408
0
0
0.1943
0.03186
0
0
0
0.1155
0.02701
0
0
0
0
0
0
0
0
0
0.09318
0
0
0.45092
0
0
0.06309
0
0
0
0
0.09136
0.03109
0.02988
0
0
0
0.03109
0
0.09373
0.09168
0.14332
0
0
0
0.32082
0.09013
0.10279
0
0
0
0
0
0
0
0
0
0
0
0
0
0
0
0
0
0
0
0
0
0
0
0
0
0
0
0
0.09216
0
0
0
0
0
0
0.09195
0
0
0.0907
0.15466
0.07054
0.06114
0
0.10727
0
0
0.06045
0.07365
0.10922
0
0
0
0
0.15555
0.10658
0
0
0.03721
0.03676
0.03559
0.07455
0
0.09027
0
0
0
0
0.03007
0
0.03264
0
0
0
0.08397
0
0
0
0
0
0
0.08171
0
0
0
0
0
0
0
0
0
0
0.06904
0
0
0.08272
0.08258
0
0.03474
0
0
0.0741
0.30872
0
0
0
0.22577
0
0
0
0
0.03962
0
0
0
0
0
0
0
0
0
0.60024
0.26799
0
0
0
0
0
0.03953
0.89653
0
0
0
0
0
0
0
0
0
0
0.52086
0.17615
0
0
0.09306
0.60834
0.5533
0.14607
0.19376
0.06885
0.36424
0.51648
0.2458
0.61091
0.19491
0.23535
0.34901
0.22552
0.45627
0.2259
0.32678
0.19318
0.25028
0.54748
0.22544
0.13608
0.27154
0.45283
0.27886
0.41803
0.04352
0.06609
0.22052
0.36457
0.45297
0.51185
0.38035
0.1861
0
0
0
0.2596
0.03606
0.10544
0
0
0
0.11962
0
0
0
0.27257
0
0
0.23333
0.12029
0
0
0
0.11931
0.11991
0.12101
0.14765
0.07202
0.10839
0
0.11937
0.03979
0.03943
0.1071
0.10792
0
0
0.22431
0.1182
0
0
0.23292
0.23053
0
0
0
0.22673
0.11292
0.07577
0
0.07854
0.30061
0.23067
0
0.06158
0
0.11274
0
0
0.22607
0.10884
0.11092
0.07832
0
0.11659
0
0
0.16916
0.14411
0.18422
0.18255
0.05122
0.07663
0.03671
0.05699
0.11684
0
0.16755
0.09958
0
0
0.07953
0
0.07572
0.10078
0.07662
0.07638
0
0.03605
0.08457
0.08398
0.08263
0.16769
0.08083
0.28458
0.39701
0.32204
0
0
0.02674
0.15099
0.07583
0.10101
0.15017
0.07631
0.02854
0.50344
0
0.39554
0.16014
0.08087
0
0.10293
0.10272
0
0.08038
0.05362
0.15166
0
0.0833
0.18242
0.16601
0.49843
0.64243
0.39622
0.39009
0.14691
0
0.08238
0
0.07523
0.0791
0.10081
0.08325
0.08386
0.08427
0.25974
0.16663
0.39541
0.18012
0
0.1862
0.08205
0.10114
0.10149
0
0.0689
0
0.0798
0.07955
0.07545
0.08371
0.07618
0.12039
0.12023
0.36683
0.31025
0
0.10063
0.06793
0
0.08003
0.10022
0
0.07577
0
0.07617
0.0503
0.4468
0.14646
0.28406
0
0.08093
0.10096
0.10101
0
0
0.07938
0.02669
0.07897
0.08001
0.12585
0.08353
0.08197
0.64294
0.40728
0
0.09833
0
0.03375
0.07496
0.12577
0.08196
0.07522
0.16483
0.30607
0.02665
0
0.06484
0.0989
0.09815
0.12367
0
0.12457
0.12875
0
0
0.07451
0.0834
0
0.08152
0.18234
0.19306
0.0642
0.03253
0
0
0
0.10028
0.09822
0.17673
0.07758
0.12537
0.0774
0.07515
0.07401
0
0
0
0.08129
0.08343
0
0
0.20121
0.06638
0
0
0.09894
0.11021
0.07581
0
0.07899
0.07467
0.07473
0.05432
0
0.13486
0.20189
0.09764
0
0.1671
0.07695
0.07653
0
0.07574
0
0
0.0489
0
0
0.05829
0.07667
0.07682
0.07677
0.05091
0
0.07707
0
0.29875
0
0
0
0
0
0.0248
0
0.02586
0
0.07785
0
0.22326
0.25138
0.12669
0.18945
0.20228
0
0
0
0
0
0
0.17663
0
0
0
0
0.02486
0
0.04888
0.19814
0.18168
0.18453
0.09629
0.36758
0
0
0
0
0
0.07483
0.07576
0.07633
0
0
0
0.05915
0.02442
0.24999
0.1809
0
0.09604
0
0
0
0
0
0
0
0.07593
0.04961
0
0
0
0
0
0
0
0.02507
0
0.18194
0.18082
0
0.09655
0
0
0
0
0
0.07431
0.07444
0.25178
0
0
0
0
0
0
0.07411
0
0
0.19384
0.24978
0.15327
0.18376
0.18008
0.18493
0.18271
0
0
0
0
0
0
0
0
0.25048
0.254
0.24926
0.24929
0.24819
0.18023
0.18119
0
0
0
0
0
0.02483
0
0
0
0
0
0
0.24785
0.24862
0.18148
0
0
0
0.05797
0
