0
0
0
0
0
0
0
0
0
0
0
0
0
0
0
0
0.77142
0.12184
0
0
0
0.01414
0
0.08103
0
0
0
0.0636
0.09529
0.18293
0
0
0.53541
0
0
0
0.33726
0
0.0586
0
0.32977
0.33004
0
0
0.04887
0.06152
0
0
0
0
0
0
0.30746
0
0.11844
0
0.32413
0
0
0.18083
0
0
0
0.07371
0
0.04208
0.04202
0.43841
0
0.05954
0
0
0.15827
0.39365
0.01531
0
0
0
0
0
0
0
0.3321
0
0.45447
0
0
0
0
0
0.08898
0.04676
0
0
0
0.06053
0
0.06103
0
0
0.04316
0.08573
0.05035
0.28556
0.34023
0.89367
0
0
0
0.09279
0.08518
0
0
0.01418
0
0
0
0
0
0
0
0
0
0.22598
0
0.23022
0
0
0
0
0
0.28142
0
0.70679
0
0
0
0.33806
0.27544
0
0
0.06314
0.28473
0.18253
0
0.07073
0
0.07381
0.7259
0
0.3933
0.0843
0
0
0
0
0
0
0
0
0.09911
0.21317
0
0
0.01655
0
0
0
0.07343
0
0
0
0.2085
0.08532
0
0
0
0
0
0
0
0
0
0
0
0
0
0.38219
0
0
0.74677
0
0
0
0
0
0
0
0.10742
0.1134
0.44599
0
0.08436
0
0
0
0
0
0
0.78678
0.20861
0
0
0.08983
0
0
0
0
0
0
0
0
0
0
0
0
0.46084
0.46851
0
0
0.02174
0
0
0.05811
0
0
0
0
0.01575
0.18934
0
0
0.06046
0.35144
0.09978
0
0
0.06036
0.32088
0
0
0.35041
0
0.05511
0
0
0
0
0.07269
0
0.0614
0
0.04808
0.02057
0
0.04235
0
0
0
0
0.01953
0
0.44536
0
0
0
0
0
0.32045
0
0
0
0.40994
0.07079
0
0
0.04682
0
0
0
0
0
0.13245
0
0
0
0
0
0
0.06189
0
0
0.74626
0.08517
0.0611
0
0
0
0
0.22755
0
0
0.14678
0
0.03227
0.02353
0
0.10293
0.26886
0
0.10141
0
0
0
0.45244
0
0
0
0
0
0
0.63765
0
0.02005
0.06953
0
0
0.08453
0
0.16555
0
0.21002
0
0.1886
0.06209
0
0
0
0
0.03187
0
0
0
0
0
0
0
0.04244
0.04819
0.02471
0.3711
0
0
0
0.4021
0.48173
0.05193
0
0
0
0.02049
0.16597
0
0.06134
0
0
0
0
0
0
0.21959
0
0.02076
0
0.23737
0
0
0
0.21133
0
0.10183
0
0.25683
0
0
0
0
0.04051
0.13379
0.41
0.1007
0
0
0.07095
0.29207
0.06112
0
0.07802
0
0
0
0.04763
0
0
0.12783
0.06335
0.08467
0.04923
0
0
0.06021
0
0
0
0
0
0.3506
0
0
0
0
0
0
0
0
0.27035
0
0
0
0
0
0
0
0.41012
0.02007
0
0
0.07422
0.13232
0.22868
0.14124
0
0
0
0
0
0
0
0
0
0
0
0.05445
0
0.40592
0
0.20803
0.26783
0.06297
0.0628
0
0
0
0
0
0.24897
0
0
0
0
0
0.42253
0.06064
0.08544
0
0
0.45219
0.51331
0
0.08968
0
0
0.22877
0
0
0.44716
0
0
0.39209
0.36161
0
0
0.08581
0.06523
0.06365
0
0
0
0
0
0
0.0899
0.21861
0
0
0
0
0
0
0
0.09415
0.3015
0.09276
0.18797
0.03602
0.08847
0
0
0.0632
0
0.02131
0
0
0.26089
0.06349
0
0
0.02983
0
0
0.34417
0
0.05636
0
0
0.3513
0
0.46254
0
0
0
0.06315
0.06276
0.06332
0
0
0
0
0
0
0.02042
0
0
0
0
0
0.03459
0
0
0.73894
0
0
0
0
0
0.21146
0
0
0
0
0.0584
0
0
0
0
0
0
0
0.11594
0.18971
0
0
0.10103
0
0.05411
0
0.45388
0
0
0
0
0
0
0
0
0
0
0
0
0
0
0
0
0
0
0
0
0
0
0
0
0
0.26048
0.07915
0
0
0
0.27768
0
0
0
0
0
0
0
0.46901
0.39212
0
0.06357
0.39878
0.34054
0
0
0
0.08405
0
0
0
0
0
0
0
0
0
0.16612
0
0.38407
0.11468
0.07078
0
0.28344
0
0
0
0
0
0.07631
0.05883
0
0.10739
0
0
0
0.18469
0
0.10783
0
0.3536
0
0
0
0
0.29826
0.11841
0
0
0
0
0
0
0
0
0.03885
0.10776
0
0
0
0
0
0
0
0
0
0
0
0
0
0
0
0
0
0.06054
0
0
0.12185
0
0.23144
0
0.10603
0.14262
0
0
0.74036
0
0
0
0
0
0
0
0
0
0
0
0.04813
0
0
0
0
0.1884
0
0.11024
0
0
0.06395
0
0
0
0
0
0
0
0
0
0.35637
0
0
0
0
0
0
0
0.05472
0
0
0
0
0
0
0
0.09063
0
0
0
0
0
0.07084
0.44097
0.14096
0
0
0.16512
0.06081
0
0.12581
0
0.06364
0
0
0
0
0.02041
0.07086
0
0
0
0
0.57886
0
0
0
0
0
0
0
0
0
0
0
0
0
0
0
0
0
0
0.04469
0
0
0
0.35447
0
0
0
0
0
0
0
0
0.04861
0
0
0
0.0632
0.62738
0
0
0.08573
0
0
0
0
0
0
0
0.31128
0.64003
0
0.09316
0.28061
0
0
0
0
0.20822
0
0
0
0.31922
0
0
0
0
0
0.10713
0
0
0
0
0.08506
0
0
0.40849
0
0
0
0
0
0.51618
0.11273
0.0729
0.16608
0
0
0
0.14099
0
0
0
0
0
0.0727
0
0.05458
0
0
0
0
0
0.0634
0
0
0
0.7554
0
0
0.65696
0.40456
0
0
0.11917
0
0
0
0.32288
0
0.0634
0
0.23692
0
0
0
0
0.26815
0
0.11253
0.19758
0
0.06306
0
0
0
0
0
0
0
0
0
0.09044
0
0
0
0.45917
0.09043
0
0
0
0.67811
0.3936
0.04567
0
0
0.54002
0
0.17708
0.39651
0
0.33941
0.05179
0.06979
0.23635
0
0.01494
0
0
0
0
0
0
0
0
0
0
0
0
0.0604
0
0
0
0
0
0.14236
0.05453
0
0.01496
0
0.06791
0
0
0
0.22798
0
0
0.07396
0
0
0.16781
0
0.45762
0.08492
0.28812
0
0
0
0
0
0.04755
0
0
0
0
0.64086
0
0
0
0
0
0.07462
0.01502
0
0.05916
0.16485
0
0
0
0
0
0.11991
0
0
0
0
0
0
0.54876
0
0
0
0
0
0.12737
0
0
0
0
0
0
0
0
0
0
0
0.67677
0
0.04746
0
0
0
0.0214
0
0.08467
0
0.06389
0
0
0
0.33834
0.33702
0.14333
0
0
0
0
0
0.01413
0
0
0
0.50078
0
0.23764
0
0
0
0
0
0
0
0.02315
0
0
0.53936
0
0.34932
0
0
0
0
0
0.80812
0.35122
0
0
0
0
0
0
0.2323
0
0
0
0
0
0
0
0
0
0
0
0.12375
0
0
0
0
0
0
0
0
0.33742
0.16162
0.06349
0
0
0.07107
0.10721
0.02972
0
0.06128
0
0
0
0
0
0.02076
0
0.22884
0
0
0
0
0.09148
0.38781
0
0
0.12798
0
0.11846
0.55035
0.06281
0
0
0
0.43845
0
0.18852
0.56269
0
0
0
0
0.06498
0.06344
0.0193
0
0
0
0
0
0
0
0
0.23695
0.0854
0
0
0.06357
0
0.13754
0
0
0
0
0
0
0
0.07054
0
0
0.05404
0
0
0
0.06003
0.29678
0
0
0
0
0
0
0.28169
0
0
0.07415
0
0
0
0
0
0
0.30806
0
0
0.2092
0
0.39053
0
0
0
0
0.09957
0.0493
0
0
0.12144
0.0425
0.07347
0
0
0
0
0
0.23773
0
0.07106
0
0
0
0.06022
0
0.04057
0.06356
0
0
0.06073
0
0
0
0.04864
0
0
0
0.33332
0.04604
0
0
0.10721
0
0
0
0
0
0
0
0
0
0
0.07103
0
0.61487
0.06359
0
0
0.63376
0
0
0
0
0
0.46723
0
0.06534
0.06515
0
0
0
0
0.08959
0.07048
0
0
0
0
0
0
0
0.04688
0
0.43532
0
0
0
0
0
0
0
0.31858
0
0
0
0
0.22111
0.20767
0
0.07198
0.11408
0
0
0.07475
0
0.36736
0.04647
0
0
0
0
0.18957
0.16827
0
0
0
0
0
0
0
0
0.14778
0.16255
0
0.06244
0
0
0.02375
0
0.28566
0
0
0
0
0
0
0.04819
0.04822
0
0
0
0.18498
0
0
0.08537
0
0.33958
0
0.07104
0.06022
0
0.05891
0
0.29654
0.12511
0
0
0.75196
0.08435
0.07031
0
0
0
0
0
0
0
0
0
0.3493
0
0
0
0
0
0
0
0
0.07989
0
0
0
0.07279
0
0.08598
0.67921
0.34801
0
0
0
0
0
0
0
0
0.34482
0
0
0
0
0
0.39391
0
0.48287
0
0
0
0
0.32782
0.09632
0
0
0
0
0
0
0
0
0
0
0
0.4994
0.36233
0
0
0.05489
0
0
0.05868
0
0.07385
0
0
0
0
0.14047
0
0.01816
0
0
0
0
0.02852
0
0
0
0
0
0.21462
0.74457
0.07451
0
0
0.02855
0
0
0
0.39349
0
0
0
0
0
0
0
0.1006
0
0
0
0
0
0.07019
0.20314
0
0
0
0
0
0
0
0.3963
0.3995
0
0
0.25962
0.05883
0
0
0
0
0
0
0
0
0
0
0
0
0
0
0.06395
0
0
0
0
0
0
0
0
0
0.41438
0.42108
0
0
0
0
0
0
0
0
0
0
0
0.58018
0
0
0
0
0.01795
0
0
0
0
0
0
0.09247
0
0
0
0
0.35194
0
0
0
0.8978
0.06964
0.11245
0
0
0
0.06955
0
0
0.23522
0
0
0.1891
0
0
0
0
0
0
0
0
0
0.02395
0
0
0
0
0
0.08453
0.2426
0.07538
0.21974
0
0.04735
0
0
0.0859
0
0.05993
0
0
0.19506
0
0
0
0
0.25032
0.21096
0.18856
0
0.07906
0
0
0
0
0
0
0.05366
0
0
0
0
0
0.07529
0.04466
0
0
0
0
0
0.07227
0
0.01822
0.09271
0.37064
0.17005
0
0
0
0
0
0.02064
0
0
0.21923
0.50861
0
0.66442
0.84562
0
0
0
0
0
0
0.10706
0.04131
0
0
0.06137
0.30792
0.02406
0
0.0631
0
0
0
0
0
0.21832
0
0
0
0
0
0
0.21105
0
0
0
0
0.02405
0
0.06282
0.06259
0.29942
0
0
0
0
0.54865
0
0.13215
0.07256
0.03875
0
0
0.73357
0.40541
0.06987
0
0
0.02347
0
0
0
0.06194
0
0
0.41099
0
0.0423
0
0
0
0.35428
0.38584
0
0
0.20867
0.27453
0
0.37575
0
0.07255
0
0
0
0
0.54893
0
0
0.49364
0.08564
0
0
0.47189
0
0
0
0.2154
0
0
0.07243
0.12332
0
0
0
0
0.06047
0.0491
0.05724
0
0
0
0.5338
0.07016
0.21969
0
0
0.06249
0
0
0.1002
0
0
0
0.11195
0.2825
0
0
0
0.24607
0
0.41491
0.06376
0.0637
0.06549
0
0
0
0
0
0
0
0
0
0
0
0
0
0.06467
0
0
0
0
0.10355
0
0
0
0
0.07779
0
0.10535
0
0.06147
0.02106
0
0.23374
0.68135
0
0.01595
0
0.0849
0
0.20225
0
0.04907
0
0
0
0
0
0
0.25914
0
0
0
0
0
0
0
0.071
0
0
0
0
0
0
0
0
0
0
0
0
0
0
0.28179
0
0
0
0
0.05897
0
0
0
0.35925
0.08434
0
0
0
0.04234
0
0
0
0
0
0
0
0
0
0
0.62225
0.2343
0
0
0
0
0
0.30218
0
0
0
0
0
0
0
0
0
0
0.40712
0
0
0
0
0
0
0.08404
0
0.06081
0
0
0.55628
0.22162
0.39044
0
0
0
0
0
0
0.18466
0.11912
0
0
0
0
0
0.35784
0.11371
0
0
0
0
0.25963
0
0.06949
0.17848
0
0
0
0
0.08528
0
0
0
0
0
0
0
0.28403
0
0
0
0
0.07732
0
0
0
0.34999
0.0486
0.06176
0
0
0
0
0
0
0
0
0
0
0
0.07446
0
0
0
0
0
0
0
0
0
0
0
0
0
0
0
0
0.06114
0.06225
0.06143
0.05708
0.07055
0
0
0
0.08464
0
0
0
0
0
0
0.07051
0
0
0
0
0
0.08154
0
0.08583
0
0.0619
0.06362
0
0.08448
0
0
0.06254
0
0
0.31427
0
0
0
0.08563
0.04801
0.04808
0.42117
0
0.05958
0
0.22828
0
0
0
0
0
0
0
0
0
0.07113
0
0.11522
0
0
0
0
0.11493
0
0
0
0
0
0
0
0
0
0
0.19428
0
0.06948
0.02314
0
0.12811
0
0
0
0.04756
0
0
0.91509
0.94162
0
0
0
0
0.08686
0
0
0
0.16561
0
0
0.24457
0.07374
0
0
0
0
0
0
0
0.07835
0
0.09953
0
0
0
0
0
0
0
0
0.04679
0
0
0
0
0.40641
0.25985
0
0
0
0
0
0
0
0
0.49891
0.07117
0
0
0.12827
0
0
0.31479
0
0
0
0.18853
0.04215
0.16529
0
0
0.10037
0.01786
0
0
0
0.33574
0
0
0
0.5172
0
0
0
0.1165
0.24417
0.09175
0
0
0.43547
0
0
0
0.07316
0
0
0
0
0
0
0
0.36317
0.21301
0
0.40209
0
0
0
0
0.10286
0
0
0
0
0
0
0
0
0
0
0
0
0
0
0
0.33557
0
0.02828
0.09871
0.14035
0
0
0
0
0
0
0
0.04254
0
0.06256
0
0
0.35473
0
0.24612
0
0
0
0
0.11777
0
0.06358
0.02993
0
0
0.06246
0.06362
0.10862
0
0.04461
0
0
0
0
0
0
0.06191
0
0
0
0
0
0.14088
0
0.7254
0.76602
0.35715
0
0
0
0
0.32128
0
0
0.05822
0.09006
0
0
0
0
0
0
0.84761
0
0
0.02058
0.06146
0.04057
0.0997
0
0
0
0.04445
0.03071
0
0.74489
0
0
0
0.06095
0
0
0
0.12941
0
0
0
0
0
0
0
0
0
0
0.04293
0
0
0
0
0
0.29919
0.07475
0.35538
0
0
0
0
0
0.60985
0
0
0
0
0
0
0
0
0
0
0.04836
0
0
0
0.11766
0.04762
0
0.06086
0
0.36825
0
0
0
0
0.07158
0
0
0
0.07092
0
0.2205
0
0
0
0
0
0.12724
0
0
0.05331
0
0
0.42471
0.18515
0
0
0
0
0
0
0
0
0.03065
0
0
0
0
0
0
0.23659
0
0
0
0.88255
0
0
0
0
0
0
0.29957
0
0.04633
0
0
0
0.33995
0
0.05904
0.33933
0
0
0
0
0
0
0
0
0
0
0.04835
0
0.23043
0
0
0
0
0.11984
0
0
0
0
0
0
0
0
0
0
0
0
0.36019
0
0
0
0
0
0
0
0
0
0
0.14121
0
0.06246
0.35187
0
0
0.36735
0.44172
0.12977
0
0
0
0
0.06221
0
0
0
0.06272
0.04908
0.06954
0.16464
0
0
0.06111
0
0
0
0
0
0.14031
0
0.18881
0
0.40771
0.06954
0.02323
0
0
0
0.35458
0
0.05928
0
0
0
0
0
0
0
0.41009
0.10251
0.16069
0
0.35024
0
0
0
0
0.03854
0.10005
0.05928
0.07103
0
0
0.08497
0
0
0
0
0
0
0.06558
0
0.1864
0.04823
0.19444
0.33822
0
0
0
0
0.2306
0
0
0.75426
0
0.56979
0
0.09301
0.06937
0.05822
0
0
0
0
0.08651
0.07297
0
0
0.06125
0.08205
0
0
0.06177
0
0
0
0
0
0
0
0.39688
0
0
0
0
0.75461
0.07026
0
0
0.12107
0
0
0
0
0
0
0
0
0.36421
0.4125
0.14028
0
0
0
0.20381
0
0
0
0
0
0.09342
0.35407
0
0.06269
0
0
0.01948
0
0
0
0
0
0
0
0
0
0
0.28302
0
0
0
0.06353
0.06302
0.06919
0.06898
0.12868
0
0
0.11204
0
0.06235
0
0
0.18504
0
0
0.39039
0.59492
0
0
0.05381
0
0.05469
0
0
0
0
0
0
0
0.53914
0
0.0617
0
0
0
0
0
0
0
0.75324
0
0
0
0.23327
0.07135
0
0.07144
0
0.01598
0
0.06186
0
0
0
0
0
0
0.13896
0.05036
0
0
0
0
0.04545
0
0.50433
0
0
0
0.30523
0.55583
0.31801
0
0
0
0
0
0.08878
0.07712
0
0.06078
0
0
0
0.04575
0
0
0
0.08413
0
0
0
0
0.16893
0.21831
0
0
0
0
0
0.4995
0
0
0
0
0
0.08476
0
0.046
0
0
0
0
0
0.08566
0
0
0
0.06175
0
0
0
0
0
0
0
0
0
0
0.28551
0
0
0
0.08952
0
0
0.02129
0.2599
0
0.31921
0
0.11265
0
0
0
0
0
0
0
0
0.06379
0
0
0
0
0
0
0
0
0.0978
0
0
0
0.08301
0
0
0
0
0
0.07345
0
0.70798
0.06426
0
0.02303
0
0
0.08994
0
0.06224
0.53934
0
0.75138
0.72451
0
0
0.05861
0.01934
0
0
0
0
0.16406
0
0
0.0859
0
0
0.20929
0.28202
0
0
0
0
0
0.04849
0
0
0
0
0.36348
0
0
0
0
0
0
0
0
0
0.01414
0.04962
0.07084
0.75952
0
0
0.2888
0
0
0
0
0
0
0
0.10022
0
0
0
0.04314
0.33999
0.04762
0
0
0.02964
0
0
0.60667
0.35346
0
0
0
0
0.08975
0.07284
0.05894
0
0
0
0
0.0705
0
0.01579
0.07007
0
0
0.49928
0
0
0
0
0
0
0.34026
0
0
0
0
0
0.04228
0.06283
0
0
0.05979
0
0
0
0
0
0
0
0
0
0
0
0
0
0
0
0
0.07228
0
0
0
0
0
0
0
0
0
0.03163
0.0924
0.09111
0.14244
0
0
0
0
0.40924
0.33395
0.04747
0
0.34059
0
0
0.08589
0
0.04883
0
0
0
0
0
0
0
0
0
0
0
0
0
0
0
0.08434
0
0
0.07411
0
0
0
0
0
0
0
0
0
0
0
0
0
0
0.36828
0.11823
0.09507
0.06216
0
0.1409
0.06096
0
0
0
0
0
0.09933
0
0
0
0
0
0
0
0
0
0.18103
0
0
0
0
0
0
0.48966
0.70982
0.18821
0.34956
0
0
0.32418
0.43388
0
0
0
0
0
0
0
0
0
0.07668
0.13413
0.38801
0.26855
0
0
0
0
0
0
0.37216
0.2276
0
0
0
0
0
0
0
0.33943
0.33586
0.11703
0
0
0.04213
0
0
0.16562
0.03043
0
0
0
0
0
0
0
0.19537
0
0
0
0
0
0.36404
0.56603
0.33499
0
0
0
0
0
0
0
0
0
0
0
0
0
0
0
0
0.11832
0
0
0
0
0.39294
0
0
0
0
0
0
0
0
0.07549
0
0
0
0.0203
0.04773
0
0
0
0
0
0
0
0.60965
0
0
0
0
0
0
0
0
0
0
0
0.43773
0.0591
0
0
0
0
0
0.2541
0.303
0
0
0.04827
0
0
0
0
0
0
0
0.5
0
0
0
0
0
0
0.06968
0
0
0
0
0
0.09211
0
0.40883
0
0
0
0
0
0
0.28856
0.51249
0
0
0
0
0
0
0
0
0
0
0
0
0
0
0.08452
0
0
0
0
0.24562
0
0
0
0.08595
0
0
0.06091
0
0
0
0
0.04786
0.08411
0
0
0
0.59602
0
0.2851
0.05033
0
0
0.14282
0
0
0.14501
0
0
0
0.04898
0.04814
0
0
0.09361
0
0
0.70058
0.77807
0.07252
0.12848
0.09252
0
0.30674
0
0.07221
0
0
0
0
0
0
0.04907
0.16252
0
0
0
0.06953
0
0
0
0.35139
0
0.07618
0.23058
0.06386
0
0
0.08972
0
0
0
0
0
0
0
0
0.12759
0.35433
0
0.60959
0.35659
0
0
0
0.24699
0
0.10764
0
0
0
0
0
0
0.09237
0
0
0.06148
0
0.35223
0
0
0
0.73
0
0
0.04266
0
0
0
0
0
0.31081
0
0
0
0
0
0.34275
0
0
0
0
0.09154
0
0.16602
0.04101
0
0.31626
0.07307
0.06156
0
0
0
0.3542
0
0
0.04585
0
0
0
0
0
0
0.12846
0.04793
0.34999
0
0
0
0.25903
0
0
0
0
0
0
0
0.08437
0
0
0.16828
0
0
0
0
0.39307
0.11862
0
0.07076
0
0.36841
0
0.27515
0
0.09554
0.75207
0
0
0
0.11835
0.81225
0
0
0
0.58513
0
0
0
0.09067
0
0.07082
0
0
0
0.0591
0
0
0.20174
0
0.30365
0.04932
0.15446
0
0
0
0
0
0
0
0
0
0.88868
0
0
0
0.07301
0
0
0
0
0
0
0
0.36551
0
0
0
0.61469
0
0
0.0207
0.47983
0
0
0
0.22519
0
0
0
0
0.06353
0.01806
0
0
0
0
0
0
0
0
0.45911
0.35316
0
0
0
0.27956
0
0
0
0.04819
0
0
0
0.11575
0.39196
0
0
0
0.43969
0
0
0
0
0.30048
0.41636
0.7172
0.08468
0
0
0
0.27547
0
0
0.06245
0
0.07365
0
0
0
0.30459
0
0
0
0
0
0
0.33928
0
0
0
0
0
0.35127
0
0
0.06122
0
0
0
0
0
0
0
0.07034
0
0
0
0
0
0
0
0
0
0
0
0
0.16585
0
0
0
0
0
0
0
0
0
0.06412
0
0
0.06489
0.06472
0
0
0
0
0
0
0
0
0
0
0
0
0
0.04061
0
0
0.26412
0
0.23812
0
0
0
0
0
0
0
0
0
0
0
0
0
0
0
0
0
0
0
0
0.05193
0
0.04825
0
0
0
0
0
0
0
0
0
0
0.11891
0.12412
0.06299
0
0
0
0
0
0.06947
0
0
0
0.49898
0.20384
0
0.12017
0
0
0
0
0
0
0
0
0
0.04833
0
0.04464
0
0
0
0
0
0
0
0.08468
0
0.35471
0.05365
0.04815
0
0
0
0
0
0
0
0
0
0
0
0
0
0
0
0
0
0.01611
0.05376
0
0
0
0
0
0
0.06309
0
0
0
0
0
0
0
0.01628
0
0.04242
0.33975
0
0
0
0
0.1646
0.12873
0
0.38867
0.0553
0.21423
0
0
0
0
0.17205
0
0
0
0
0
0.01839
0
0
0
0
0
0.8234
0
0
0
0
0
0
0.16256
0
0
0
0
0
0.21298
0
0
0
0
0.08645
0
0
0.07218
0
0
0
0
0
0
0
0
0
0
0.07307
0.35586
0.06379
0
0
0
0
0
0
0.36293
0
0
0
0
0
0
0
0
0
0
0
0
0
0
0
0
0
0.33886
0
0
0.21049
0
0
0.14115
0
0.20302
0
0
0
0
0
0
0
0
0
0
0.10811
0.337
0
0
0
0
0
0
0
0
0
0
0
0
0
0.02057
0
0
0
0
0.39227
0
0
0
0
0
0
0
0.09358
0
0
0
0.42736
0
0
0
0
0
0
0
0.0843
0
0
0
0
0.04108
0.49575
0
0
0
0
0.07484
0
0
0
0.68578
0
0.0497
0
0
0
0
0
0
0
0.06947
0
0
0
0
0
0
0
0
0.06372
0
0.06091
0.14045
0
0
0
0
0.7449
0
0
0.06305
0.16258
0
0.34978
0
0
0
0
0.04101
0
0
0
0
0
0
0.08737
0.04931
0
0
0
0
0
0.25343
0.20904
0.10834
0
0.27372
0
0.0975
0
0
0
0.04576
0.06316
0
0
0
0
0
0
0.06127
0
0
0.02099
0
0
0
0.13975
0
0
0.34033
0
0
0
0.27659
0.16612
0
0.06101
0.26184
0.83996
0.04822
0
0
0
0
0
0
0
0
0
0
0
0
0.12838
0
0.28579
0.08413
0
0
0.11479
0
0
0
0
0.40935
0.48516
0.18798
0.04475
0
0
0
0
0
0
0.12223
0
0
0.21325
0
0.12414
0
0.38062
0
0
0
0
0
0
0
0
0
0
0
0.14121
0
0
0
0
0
0
0
0.71597
0.10776
0
0.46054
0
0.21477
0
0
0
0
0
0
0
0
0.01598
0
0.04732
0.04138
0
0
0.10039
0.06473
0
0
0.12826
0
0
0
0
0
0
0
0
0
0
0.05416
0
0.12836
0.0298
0.06204
0
0
0
0
0.35027
0
0
0
0.22057
0.06286
0.02071
0
0
0
0.01574
0
0.07031
0
0
0
0.09892
0.114
0
0
0.3501
0
0
0
0
0
0
0.68209
0
0
0.04824
0
0
0
0
0.0626
0
0
0.30293
0.34415
0
0
0
0.12826
0
0
0
0.05378
0
0.08561
0.07483
0
0
0
0
0.06094
0
0.30951
0
0
0
0
0.0994
0.4916
0
0
0
0.72936
0
0
0
0
0
0
0.07542
0
0
0
0
0
0
0
0
0
0
0
0
0
0.05829
0
0
0.09125
0
0
0
0
0
0
0
0
0.29648
0
0.06115
0
0
0
0.0316
0.03198
0
0
0
0
0.12187
0
0.05411
0.09179
0
0
0.04223
0.08567
0.04943
0
0
0.1408
0
0
0
0.07075
0
0
0
0
0
0
0
0.179
0
0.04233
0
0.23444
0
0.08588
0.33316
0
0
0
0.04857
0
0
0
0
0
0
0
0
0.09736
0.06203
0
0
0
0
0
0
0
0
0
0.05999
0.3131
0
0
0
0
0
0
0.14196
0
0
0.5586
0
0.20829
0.05426
0.05443
0.05411
0
0.33581
0.06097
0.12975
0
0
0
0
0
0
0
0.07348
0
0
0
0.11162
0.35802
0
0
0
0
0
0
0.26149
0
0
0
0
0.14088
0.16402
0.2565
0.21521
0
0
0
0
0.73131
0.10724
0.78171
0
0.34961
0
0
0
0.11821
0
0
0.09104
0
0
0
0.40972
0.21853
0
0
0.05273
0.28517
0.35159
0
0
0
0.68313
0.1424
0
0.08559
0
0.01777
0.26722
0
0.05044
0
0
0
0
0
0
0.9157
0.11433
0
0
0
0
0
0
0
0
0.25944
0.48213
0
0
0
0
0
0
0.22479
0
0
0
0
0
0.04825
0
0
0
0
0
0.04427
0
0.03861
0.06198
0
0
0.0213
0
0
0
0
0
0
0.08204
0.10272
0
0
0
0
0
0
0
0
0
0.22973
0
0.05945
0
0
0.054
0
0.06318
0
0.09901
0
0
0
0
0
0
0
0.3393
0
0
0.3429
0
0
0
0
0
0
0.35325
0
0
0
0
0
0
0
0
0
0
0
0
0
0.04265
0
0
0
0
0.53904
0
0
0
0.06411
0.16555
0.07041
0
0
0
0
0
0
0
0
0.21525
0
0
0
0.49621
0
0
0
0.04039
0
0
0
0
0
0
0.65671
0
0
0
0.1203
0
0.07407
0
0
0.0814
0
0.14368
0
0
0.33857
0
0
0
0.10754
0
0
0
0.04227
0
0
0
0
0.21287
0.03173
0
0.05444
0
0
0.09308
0
0.50587
0.0848
0
0
0.06961
0
0.04456
0.06122
0
0
0
0.02129
0
0
0
0
0.07851
0.33858
0.08459
0
0
0
0
0.19534
0
0
0
0
0
0
0
0.06164
0.35098
0.16442
0
0.04791
0
0.58396
0.20825
0
0
0
0
0.75154
0
0
0
0.08124
0
0
0
0.21675
0.14131
0
0
0
0
0
0
0.1209
0
0.28536
0
0.06098
0
0
0
0
0
0
0
0
0.12448
0.68508
0
0.0203
0
0
0
0
0
0
0.30429
0
0.10228
0
0
0
0
0.20845
0.18103
0
0
0
0
0
0
0.06368
0
0.79642
0
0.09949
0
0
0.0232
0
0
0
0
0
0.38434
0.33789
0.3203
0
0
0
0
0.07017
0
0
0
0.18923
0
0
0
0
0
0.06093
0
0
0.19375
0.14652
0
0
0.09028
0
0.05927
0
0
0.53887
0
0
0
0
0
0
0
0
0
0
0
0.04803
0
0
0.74563
0
0
0.3543
0.14697
0.0545
0
0.12835
0
0
0
0
0
0.06152
0
0
0.24596
0
0.08447
0
0
0
0
0
0.05852
0
0
0
0
0
0
0
0
0
0
0.40966
0
0
0
0
0
0
0
0
0
0
0.07374
0
0
0
0
0
0
0.06933
0
0
0
0
0
0
0.82614
0
0.05186
0
0.07338
0.07116
0
0
0.39753
0.04802
0.33585
0
0
0.02626
0
0
0
0
0
0
0
0
0
0
0.06162
0.08992
0.83479
0.04237
0
0
0
0
0.04187
0
0
0
0
0
0
0
0
0
0
0
0.84263
0
0
0
0.66699
0
0
0
0
0
0
0
0
0
0.27381
0.05948
0
0
0
0.44673
0
0.70017
0
0
0
0
0
0
0
0
0.06051
0
0
0.10033
0.14015
0
0
0
0
0
0
0
0
0
0
0
0
0.15719
0
0
0.08546
0
0
0
0
0
0
0.05993
0
0.1349
0
0.46711
0
0
0
0.2083
0.42447
0
0
0
0
0.08501
0.08527
0.04638
0
0
0
0
0.50722
0.21119
0
0
0
0.19517
0
0
0.05325
0
0
0
0
0.01648
0.01665
0
0
0
0
0
0.06992
0.06058
0
0
0
0.09987
0
0
0.16572
0
0
0
0
0.04432
0
0
0.0616
0
0
0
0
0
0
0.02076
0.16199
0
0
0.08654
0.54828
0
0
0
0
0.03304
0
0.01566
0
0
0.65798
0
0
0
0
0
0
0
0
0
0
0
0
0.2734
0
0.04605
0
0.22701
0.60886
0
0.18267
0
0
0
0
0
0
0
0.15526
0.03674
0.29593
0
0
0
0.04557
0
0.3545
0.12817
0
0
0
0
0
0
0.47289
0
0
0
0
0
0
0
0
0
0
0
0
0
0.11832
0
0.01591
0.01787
0
0.06234
0
0
0
0
0
0
0
0
0.39154
0.07726
0
0
0
0
0
0.04447
0
0.06309
0
0.35276
0.08512
0.22504
0
0
0
0
0
0
0
0.14784
0
0.20966
0
0
0
0.14262
0.12641
0
0.13295
0
0.11841
0
0
0
0.4647
0
0
0
0
0
0
0
0
0.82054
0
0
0
0
0
0
0
0
0.05982
0
0
0
0
0
0
0
0
0
0
0
0
0
0
0
0
0
0
0.13137
0
0.39133
0.07492
0.25684
0
0
0
0
0
0.07507
0.16234
0
0.06029
0.2144
0.07399
0
0.88829
0.35003
0
0.09541
0
0
0.35417
0
0
0.1276
0
0
0
0
0.04785
0
0.06068
0
0
0
0
0
0
0
0.1377
0
0
0
0
0.09007
0.04592
0
0.06946
0.15478
0
0
0.06957
0
0
0
0
0
0
0
0
0
0
0
0
0.04589
0
0.08995
0
0
0.11724
0
0.92637
0.07436
0.07458
0
0.0614
0
0.07961
0
0
0
0
0.30342
0
0
0
0
0
0
0
0
0
0
0
0
0
0.15748
0.3418
0
0
0
0
0.35151
0.09126
0.06212
0.07328
0
0.19233
0
0
0
0
0
0
0
0
0.1278
0
0
0
0.10605
0.8482
0
0
0.33795
0
0
0
0
0
0.05448
0.08477
0
0.04828
0
0
0
0
0
0
0
0
0.37115
0.20758
0
0
0
0
0
0
0
0
0.5133
0.25424
0.27166
0
0
0
0
0
0
0
0.12128
0
0
0.13449
0
0
0
0
0.43414
0
0
0
0
0
0.04841
0
0
0
0
0.30691
0
0.10018
0
0.05438
0.05417
0
0
0.35621
0.20286
0.39219
0
0
0
0.04243
0.01493
0
0
0
0
0.18728
0.13213
0
0
0
0.07274
0
0
0
0.04596
0
0
0
0
0
0
0
0.17947
0
0
0.37375
0.26599
0
0
0
0
0
0
0
0.03876
0
0.09044
0
0
0
0
0
0
0
0
0
0
0
0
0
0.04513
0
0.09967
0
0.67861
0
0
0
0
0
0
0.75128
0.80641
0
0
0
0
0
0
0
0.16607
0
0
0
0
0.03599
0.20892
0
0.23044
0
0
0.06137
0
0
0
0
0
0
0
0.09002
0
0
0.06962
0
0
0
0
0
0
0
0
0
0
0.38261
0
0
0
0
0
0
0
0
0.40565
0
0.0588
0.46233
0
0.04802
0.16234
0
0.20661
0
0
0
0
0.06213
0.06148
0
0
0
0
0.3314
0.51395
0
0.57757
0
0.04539
0
0
0
0.26554
0
0
0
0
0.08967
0
0
0.51413
0
0
0.06145
0
0
0
0
0
0
0
0.08134
0
0
0
0
0
0
0.75025
0
0
0
0
0
0
0
0
0
0
0
0
0
0
0
0.08521
0
0
0
0
0
0
0
0.01521
0.06951
0.0232
0
0
0
0
0
0.04823
0.05992
0
0
0
0
0
0
0
0
0
0.12803
0
0
0
0.27604
0
0.84722
0.66173
0.21015
0
0
0
0
0.1395
0.18173
0
0
0
0.0489
0
0.28265
0.26222
0
0
0
0.0546
0
0
0
0
0
0
0.10455
0
0
0
0
0
0.08514
0
0
0.39271
0.18369
0.26564
0
0.07349
0
0
0.06849
0.06127
0
0
0.06652
0
0
0.06314
0.01646
0.09895
0.33771
0
0.23314
0
0
0
0
0.0633
0
0
0.24653
0.06947
0
0
0
0.69699
0.28476
0
0
0
0
0
0
0
0
0
0.21897
0.29266
0
0
0
0
0
0.01539
0
0
0.07126
0
0.0697
0
0.35115
0
0
0
0
0
0
0
0.03288
0
0
0
0.09539
0
0.06079
0
0
0.05889
0
0
0.17922
0
0
0
0.07348
0.50114
0.16893
0.21039
0.06274
0
0
0.40327
0.30385
0
0
0
0
0.39428
0
0
0
0.23056
0
0
0
0
0
0
0
0
0
0
0
0
0.14677
0
0
0
0
0
0
0
0
0.04587
0
0
0.02436
0.04241
0.05354
0
0
0.06953
0
0.04694
0
0
0.07825
0.89554
0
0.33734
0.25973
0.05865
0
0
0
0
0.25975
0.04845
0.07268
0
0
0
0
0
0
0
0
0
0
0
0
0
0
0
0
0
0
0
0
0.07034
0
0
0
0.07441
0
0.35212
0
0
0
0.23419
0
0
0
0
0
0
0.14038
0.09896
0.04883
0
0
0
0
0.10819
0
0
0
0
0
0
0.19365
0.04591
0
0
0
0
0
0
0
0
0.10624
0.07855
0
0
0.04175
0.06312
0
0
0.41427
0.08508
0
0
0
0
0
0
0
0.09232
0.10027
0.22812
0
0
0
0
0.04804
0.10303
0.12428
0
0
0
0
0
0
0
0.20874
0
0
0
0
0.24975
0.08447
0
0.28898
0
0
0
0
0
0
0
0.04597
0.07074
0.0362
0.04456
0.10083
0
0
0
0
0.60912
0.10002
0.25411
0
0
0.4339
0.08498
0
0
0
0
0.33949
0
0.22009
0
0
0
0.06158
0.23448
0.06116
0.21841
0
0.07004
0
0.28354
0
0
0.05688
0
0.01535
0
0
0.14221
0
0.05919
0
0
0
0
0.34394
0.46477
0
0
0
0
0
0.18452
0
0.3628
0
0
0
0
0
0.17689
0.30666
0.21946
0
0.19982
0.20887
0
0
0
0
0
0.07126
0
0.38842
0.63736
0.01844
0.04847
0
0
0.10046
0
0.39122
0
0.70106
0.07915
0
0
0.04681
0
0
0
0
0
0
0.06158
0
0.35037
0
0
0
0
0.26589
0
0
0
0
0.10353
0.08553
0.13218
0
0.09866
0
0.06949
0
0.04039
0
0
0.09531
0.04567
0.11068
0
0
0
0
0
0
0
0
0
0
0
0
0.06095
0
0
0
0
0.39896
0.08495
0.17967
0
0.05913
0.20292
0
0
0
0
0
0
0
0
0
0
0.01931
0.04128
0
0.38724
0
0
0.04789
0
0
0
0.07053
0
0
0
0
0
0.22722
0.59058
0
0
0
0
0
0
0
0
0
0
0
0
0.14208
0
0
0.05388
0
0
0.072
0.03067
0.68357
0
0
0.86138
0
0
0
0
0
0
0
0.04433
0
0
0
0
0
0
0
0.06113
0
0.01989
0
0
0
0
0
0.04605
0
0
0
0
0
0
0.07486
0
0
0
0
0
0
0
0
0.11491
0
0
0.20538
0
0
0
0.10015
0
0
0.22898
0
0.03131
0.36378
0.06372
0.03221
0
0
0
0
0
0.07055
0
0
0
0.0544
0.0442
0
0.2086
0
0.05191
0
0.06072
0
0
0
0
0.14184
0.08942
0
0
0
0
0
0.16426
0
0
0.20624
0
0
0.08544
0
0.10083
0.07241
0.08512
0.33898
0
0.07004
0
0
0.2304
0
0
0
0.28586
0.29547
0.06021
0
0
0.01519
0.37071
0
0
0
0
0.29581
0.14265
0
0
0
0
0
0
0
0
0.25523
0
0
0
0
0
0
0
0
0.39136
0.16186
0
0
0
0.05392
0
0.09558
0
0
0.31544
0
0
0
0
0
0
0
0
0
0
0.04573
0
0.09275
0
0
0
0
0
0.05953
0
0.05937
0
0.03887
0
0
0
0.3697
0.02428
0
0.34729
0.06114
0
0
0
0
0
0
0
0.73645
0
0.41133
0
0.11729
0
0
0
0
0.19351
0
0.18787
0.11862
0
0
0
0.10008
0
0
0.26193
0
0.34857
0.09001
0
0
0
0.07802
0
0
0
0
0
0
0.43334
0
0
0
0
0
0
0
0.35173
0
0.05844
0.78307
0
0.11777
0.31383
0
0.0676
0.28493
0
0.12887
0
0.23196
0
0
0
0
0.93409
0
0.17288
0
0
0
0
0
0
0.05521
0.10248
0.05351
0
0
0.35672
0
0
0
0
0
0
0.42322
0.06198
0
0
0.31526
0
0
0
0.06235
0
0
0.04106
0
0
0
0
0
0.08521
0.04581
0
0
0
0
0
0
0
0
0.24184
0
0.0486
0.12202
0.21115
0
0
0
0
0.18548
0
0
0
0
0.14066
0
0
0
0.04461
0.02988
0
0
0
0.16539
0
0.21149
0.72253
0
0.12804
0
0
0
0.80072
0
0.14714
0.0733
0
0.09993
0
0
0
0
0
0
0
0
0
0
0
0
0
0
0
0
0
0.18517
0
0
0
0
0
0.32523
0
0
0
0.01417
0
0.27534
0.06221
0
0.07453
0.05664
0.12218
0
0
0.12989
0.04118
0.14837
0.39466
0.08557
0.09537
0
0
0.06333
0
0
0
0
0
0
0.54963
0
0.53702
0
0
0
0
0
0
0
0.37035
0
0
0
0
0
0
0
0
0
0.08495
0.20881
0.17881
0
0
0.02058
0.05751
0
0
0
0
0
0
0.12775
0.11941
0.27512
0
0
0
0
0
0.68159
0
0
0.08494
0
0
0
0.2271
0
0
0
0.01725
0
0.05335
0
0
0
0
0
0
0
0
0
0
0
0
0
0
0
0
0.2093
0.0588
0
0.32054
0
0
0
0
0
0.20972
0
0
0
0.08497
0
0
0.32075
0
0
0
0
0.12098
0
0
0
0.06278
0
0
0.06419
0
0.06154
0.09884
0
0
0
0
0
0
0.04431
0
0
0
0.10069
0.11566
0.19188
0
0
0
0.10571
0
0.3443
0.10803
0
0
0
0
0
0
0
0
0
0
0
0
0
0
0
0.11738
0.08414
0.08402
0
0
0
0
0.12148
0
0.06642
0
0.12757
0
0
0.08008
0
0
0
0
0
0
0
0
0.26691
0
0
0
0.50421
0
0.28491
0
0
0.0572
0
0
0
0.09342
0
0
0.19386
0
0
0
0.35253
0
0
0
0
0.01616
0
0
0
0.04928
0
0
0
0.0694
0.07005
0
0
0
0.51679
0.06227
0
0
0
0
0
0
0
0.05866
0
0
0
0
0
0.05818
0.07468
0.09289
0
0
0
0.04607
0
0
0.01536
0
0
0
0
0
0
0.19908
0
0
0
0
0
0
0
0.06357
0.10326
0
0
0
0.06246
0
0
0
0
0
0
0
0
0.77198
0
0
0.30815
0
0
0
0
0.05391
0.56044
0
0
0
0
0
0
0
0.20978
0
0.07594
0
0
0.11818
0
0
0.06931
0
0
0
0
0.02126
0
0.05213
0.71119
0.332
0
0
0
0
0
0
0
0
0
0.1757
0.05985
0
0
0.0755
0
0
0
0.07351
0
0
0.41336
0
0
0
0.91703
0
0.09466
0.04573
0
0
0
0
0
0
0
0
0
0
0
0.32385
0
0.06133
0
0
0.12773
0
0
0.84076
0.23041
0
0
0
0
0
0.04216
0.35356
0
0
0
0
0.04891
0
0
0.17172
0
0
0
0
0
0.0587
0
0
0.08994
0
0
0
0
0
0
0
0
0
0.1572
0
0
0
0
0
0.35299
0.25748
0
0
0
0
0.35467
0.38024
0
0.14695
0
0
0.16612
0
0.09025
0.09217
0
0
0
0
0
0.30332
0
0
0
0
0
0.14016
0.27011
0
0
0
0
0
0
0
0.12904
0.07904
0
0
0
0
0
0
0
0.04388
0
0
0.28041
0.25145
0
0
0
0
0.18745
0.45824
0
0
0
0
0
0
0
0.07289
0
0.07139
0
0.32977
0.12418
0
0
0
0
0
0
0.10568
0
0
0
0
0
0
0.55115
0.14834
0.06266
0
0
0
0
0.76096
0
0
0.16182
0
0.1872
0
0.91937
0
0
0
0
0.09557
0.11776
0.03203
0
0
0
0
0
0
0
0
0
0
0
0.03664
0.23008
0
0
0
0
0
0.29179
0
0
0
0
0
0
0
0
0
0.09223
0
0.40914
0.33861
0
0
0
0
0
0
0
0.32136
0
0
0
0
0.01537
0.07985
0.37371
0
0.35621
0
0
0
0.12773
0.77098
0
0
0.20162
0.14079
0
0.0682
0
0
0.07096
0
0
0.18906
0
0.06547
0.06326
0
0
0
0
0.14144
0
0
0
0.08587
0
0.20793
0
0
0
0
0.05329
0.02317
0.06166
0
0
0
0.10028
0
0
0.09865
0.04579
0
0
0
0
0
0
0.02113
0.04551
0
0.19417
0.351
0
0
0
0.08949
0.08716
0.04784
0.06107
0
0.08461
0
0
0
0
0.02635
0
0.06391
0
0
0.07602
0.11279
0
0
0
0
0
0
0
0
0.05891
0.1256
0
0.35386
0
0
0
0
0.37718
0.15122
0.06004
0
0
0
0.17132
0
0
0
0
0
0
0
0
0
0
0
0.05523
0
0
0
0.18277
0
0
0
0
0
0
0.06089
0
0
0
0.08532
0
0
0
0.06253
0
0
0.14308
0
0.04464
0
0
0
0
0
0.06935
0
0
0
0.01487
0
0
0.58136
0
0
0.09023
0
0
0.28929
0.44045
0
0
0.05401
0
0.20849
0
0
0
0
0
0
0.09035
0
0
0
0
0
0
0.02091
0
0.15869
0
0
0
0
0.06471
0.02144
0
0.11189
0.02116
0.26382
0
0.39165
0.40653
0.07582
0
0
0
0.39349
0.36829
0
0
0.33786
0.79336
0.06957
0
0
0
0
0
0
0
0
0.2723
0.07119
0
0.0624
0
0
0
0.06176
0.24882
0.28934
0
0
0
0.06476
0.06428
0.10573
0.05193
0
0.92103
0
0
0
0.08988
0
0
0
0
0
0.43535
0.09939
0
0
0
0
0
0
0.06243
0.05682
0
0
0.05517
0
0
0
0
0
0.02336
0
0.07521
0
0
0.05939
0
0
0
0.06213
0
0
0.04418
0.05742
0
0
0
0.30497
0.0425
0.20861
0
0
0
0
0
0
0
0
0.10182
0
0
0
0.06213
0
0.09164
0
0.06022
0
0
0
0
0
0
0.10865
0
0.07025
0.74286
0
0
0
0.06237
0
0
0
0
0.04888
0.0219
0
0
0
0
0
0
0.06108
0
0
0
0
0
0.04806
0.06319
0
0
0
0
0
0
0.0425
0.1333
0
0
0.23253
0
0
0.0424
0
0
0
0
0.35461
0
0
0
0
0
0
0.0847
0
0
0
0.19005
0
0
0
0.07017
0
0
0.10006
0.02519
0
0
0
0.07408
0
0
0.04839
0
0
0.06378
0
0.06934
0
0
0.08443
0.10738
0
0
0
0
0
0.0498
0
0
0
0
0
0
0
0
0
0.06018
0
0
0
0.26102
0
0
0
0
0
0
0.09574
0
0
0
0
0
0
0
0
0.2486
0.02102
0
0
0.05933
0.05875
0.23639
0
0
0
0
0
0.06167
0.10598
0
0
0
0
0
0
0
0
0.06354
0
0
0
0
0
0
0.06939
0
0.0929
0
0
0.06283
0.18795
0.35065
0.32349
0
0
0.06196
0
0
0
0
0.06359
0
0
0
0.04212
0
0
0.06284
0
0
0
0.02201
0
0
0
0
0.11204
0
0
0
0
0
0
0
0
0.06258
0
0
0.06099
0.06261
0
0
0
0.0726
0.04793
0.11879
0
0.11807
0
0
0
0
0
0.01582
0
0.5958
0.10993
0
0.33807
0.0732
0.04508
0
0.04973
0
0
0
0
0.23684
0
0
0
0
0
0
0
0.04241
0.30684
0
0
0.94353
0
0
0.07912
0.35174
0
0.27635
0
0
0
0.0551
0
0
0
0.04838
0.09576
0.08915
0
0
0
0
0
0
0
0
0
0
0
0.20668
0
0.06322
0
0
0.33955
0
0
0
0
0
0
0
0.05728
0
0
0
0.18468
0.06222
0.09189
0
0.17216
0
0.16517
0
0
0
0.05504
0.11048
0
0
0
0
0
0
0
0
0.04413
0
0
0
0
0
0
0
0
0
0
0
0
0
0
0
0
0.68413
0
0
0
0
0
0
0.07105
0
0.21003
0
0
0.2332
0.06293
0
0
0.19298
0
0
0
0
0
0
0
0.28114
0
0
0
0
0
0.13211
0
0
0
0
0
0
0
0
0
0.2763
0.07482
0
0
0
0
0
0
0
0
0
0
0
0
0
0
0
0
0
0
0
0
0
0
0.04257
0.05946
0
0.04564
0
0.28488
0
0.41503
0
0.37329
0
0.09003
0.34669
0
0.0637
0
0.02118
0.04563
0
0
0.67755
0.07119
0
0
0
0
0.14944
0
0
0
0
0
0.15568
0
0
0.07015
0.12402
0
0
0
0
0
0
0
0
0
0
0
0
0
0
0
0.04763
0
0
0
0
0
0.04863
0
0
0
0
0.01643
0
0
0
0.07425
0
0
0.05898
0.32065
0
0
0
0
0
0
0
0
0
0
0.0359
0
0
0
0
0
0
0
0
0
0
0
0
0.92133
0
0
0
0.06332
0
0
0
0
0
0.04106
0
0
0
0
0.04289
0
0.20907
0
0.11236
0.27691
0.6855
0.66836
0
0
0.29239
0
0
0
0
0
0
0
0
0
0
0
0
0
0
0
0
0
0
0
0
0
0.33679
0
0
0
0
0
0
0.23147
0
0
0.05414
0
0
0
0
0
0
0
0
0
0
0
0
0
0.05451
0
0.18505
0.06286
0
0
0
0
0.06133
0
0
0
0
0
0
0
0
0
0
0
0
0
0
0
0.06988
0
0
0.07299
0.36164
0.16581
0.04216
0.11277
0
0.20857
0.09324
0.2353
0
0
0.12804
0
0.04884
0
0
0
0
0
0
0
0.04225
0
0.06173
0
0
0
0.04457
0
0
0
0
0
0.32102
0
0
0
0
0
0
0.05931
0.1462
0.0622
0
0
0
0
0
0
0
0
0
0
0
0
0
0
0
0
0.06511
0
0
0
0
0
0
0
0
0
0
0
0
0
0
0
0.30495
0
0
0
0
0.06385
0
0
0
0
0
0
0
0
0
0
0.06299
0
0
0
0
0.10771
0
0
0
0
0
0
0
0
0
0
0.07082
0.06124
0.0418
0
0.06112
0
0
0.0704
0
0
0.08858
0.10113
0.05062
0
0
0
0
0
0.10383
0
0
0
0
0
0
0.04051
0
0
0.68007
0
0
0
0
0
0
0
0
0
0
0
0
0
0
0
0
0
0
0.0405
0.06139
0
0
0
0
0
0.83515
0
0.08961
0
0
0
0
0
0.06942
0
0
0.16255
0
0
0
0
0.07068
0
0
0
0
0
0
0
0
0
0
0
0
0
0
0
0
0
0
0
0
0
0
0
0
0.07378
0.1662
0
0
0
0
0
0
0
0.22284
0
0
0
0
0
0
0
0
0
0
0
0
0.06996
0
0.06276
0
0
0
0
0.05474
0
0
0
0.10104
0
0
0
0
0
0
0
0
0.06075
0.06378
0.07034
0
0
0
0.0488
0
0
0
0
0
0
0
0
0
0
0
0
0
0
0
0
0
0
0
0.3028
0.19514
0
0
0
0.05464
0
0.03564
0.11699
0
0.04229
0
0
0
0
0
0
0.34888
0
0
0
0
0
0
0
0
0
0
0
0.51424
0
0
0
0
0
0.06242
0
0
0
0
0
0
0.72538
0
0
0
0
0
0
0
0
0
0
0
0
0
0
0
0.07077
0
0
0
0
0
0
0.12777
0
0
0
0
0
0.01655
0
0.06077
0
0
0
0
0
0
0
0.02198
0.09829
0
0.62102
0.02987
0
0
0
0
0
0
0
0
0
0.04198
0
0
0
0
0.0203
0
0
0.06414
0
0
0
0
0
0
0
0
0
0
0
0
0.05417
0.58116
0
0
0
0
0
0
0
0
0.02037
0
0
0
0
0
0
0
0
0.16341
0
0
0
0
0
0
0
0
0
0
0
0
0
0
0.3442
0
0
0
0
0
0
0
0
0
0
0
0.06347
0
0
0
0
0.06319
0
0
0
0
0
0.06073
0
0
0
0
0
0
0
0
0
0.02355
0
0.06266
0
0
0
0
0.06264
0
0
0.12817
0
0
0.19396
0.07281
0
0
0
0
0
0
0
0.70021
0
0
0
0
0.06952
0
0
0
0
0
0
0
0
0
0
0
0
0.09157
0
0
0
0
0
0
0.0315
0
0
0.07149
0.1182
0
0
0
0
0
0
0
0
0
0
0.38615
0
0.06912
0
0
0.24606
0
0
0
0
0
0
0
0
0
0
0.02632
0
0.44974
0
0
0
0
0
0
0.43444
0
0.20839
0
0
0
0
0
0
0
0.06176
0
0
0
0.0208
0
0
0
0
0
0.05382
0
0
0
0
0.07386
0.05405
0
0
0
0
0
0.20703
0
0
0
0
0
0
0
0
0
0
0.04809
0
0
0
0
0
0
0
0
0.13942
0
0.1985
0
0
0
0
0
0
0.20861
0
0
0
0
0
0
0
0
0
0
0
0
0
0
0
0
0
0
0
0
0.89485
0.09057
0.12009
0
0
0
0
0
0
0
0
0
0
0
0
0
0
0
0
0
0
0
0
0
0
0.11874
0
0
0
0
0.20883
0
0
0.06148
0
0
0
0
0
0
0
0
0
0
0
0
0
0
0
0
0.40303
0
0
0
0
0
0
0
0
0.17234
0.38397
0
0
0
0.11494
0.7583
0
0
0.02415
0
0.27737
0.06949
0
0
0
0
0
0
0
0.34852
0
0
0
0
0.04927
0
0
0.06062
0
0.0741
0
0
0
0
0
0
0
0
0
0
0
0
0
0.06945
0.04552
0
0
0.05823
0.05824
0
0
0
0
0
0
0
0
0
0
0
0
0
0
0.03041
0
0
0
0.06956
0.12005
0
0
0
0
0
0
0
0
0.27394
0.22924
0.13376
0
0
0
0.04933
0.33827
0
0
0
0
0
0.04527
0
0
0.06953
0
0.17065
0
0
0
0
0.89974
0
0
0
0
0
0
0
0
0
0
0
0
0
0
0
0
0
0
0
0
0
0
0.17898
0.03074
0
0
0.07543
0.04542
0
0
0
0
0
0
0
0
0
0
0
0
0
0
0
0
0
0
0.16358
0.08055
0.10612
0
0.19347
0
0
0
0
0
0
0.06939
0
0.08952
0
0
0
0
0
0
0
0
0.52933
0
0
0
0
0.06118
0
0
0
0
0
0
0
0.13948
0
0
0
0
0.04585
0
0
0
0
0
0
0
0
0
0.03217
0.13162
0.07257
0
0
0
0
0
0
0
0
0.24514
0
0
0
0
0
0
0
0
0
0.06991
0
0
0
0.06943
0
0.04386
0.06535
0
0
0
0
0
0
0
0
0
0
0
0
0
0
0
0
0
0
0
0
0
0
0
0.06994
0.11914
0
0
0
0
0
0
0
0
0.18027
0
0
0
0
0
0
0
0.57549
0
0
0
0
0.08979
0
0
0
0.06411
0
0.10217
0.15774
0
0
0
0
0
0
0
0
0
0
0
0
0
0
0
0
0
0.15791
0
0
0
0
0.11732
0.06487
0
0
0
0
0.09276
0
0.28981
0.04914
0.11941
0
0
0
0
0
0
0
0
0
0.31881
0
0
0
0
0
0
0
0
0
0
0
0.12112
0.10646
0
0
0
0.22323
0
0
0.80462
0
0
0
0
0.04839
0
0
0
0
0
0
0
0
0
0
0
0
0
0
0
0
0
0
0
0
0
0
0
0
0
0
0
0
0
0.06438
0
0
0
0.34394
0
0.06434
0
0
0
0
0
0
0.30841
0
0
0
0.04377
0
0
0
0
0.06234
0
0
0
0
0
0
0
0
0.02987
0.08983
0
0
0
0
0.07863
0
0
0.06206
0
0
0
0.0626
0.04962
0
0.21251
0
0
0
0
0.3397
0
0
0
0
0
0
0
0
0
0
0
0
0
0
0
0
0
0
0.06198
0.02134
0.04541
0
0
0
0
0
0
0.06443
0
0
0
0
0
0
0
0.06487
0
0
0
0
0
0
0
0
0.04557
0
0
0
0
0
0
0
0
0
0
0
0
0
0
0.06124
0
0
0
0
0.3228
0
0
0
0
0
0
0
0
0.06321
0
0
0
0
0
0
0
0
0.06341
0
0
0
0
0
0
0
0
0
0
0
0
0
0.02106
0
0
0
0
0
0
0
0
0
0
0.06084
0
0
0
0
0
0
0
0
0
0
0
0
0
0
0
0
0
0
0
0.04257
0
0
0.06194
0
0
0
0
0
0
0
0
0
0
0
0
0
0
0
0
0
0
0
0
0
0
0
0
0
0
0
0
0
0
0
0
0
0
0
0
0.50291
0.35134
0.09381
0.11954
0.18507
0.51095
0.09285
0.41263
0.03887
0.40323
0.26877
0
0.33508
0.14934
0.33018
0.28628
0.02839
0.39835
0.09286
0
0.35143
0.33711
0.05424
0.20873
0.53754
0.30221
0.16354
0.43132
0.17575
0.31911
0.35849
0.30197
0.25934
0.26546
0.04256
0.04252
0.42323
0.23246
0.08513
0.37924
0.44974
0.38359
0.34075
0.0181
0.33844
0.60868
0.10071
0.48474
0.1619
0.44583
0.3506
0.51359
0.34447
0.09992
0.53682
0.41208
0.53761
0.13879
0.3504
0.35176
0.41863
0.28466
0.81999
0.25974
0.61475
0.26147
0.50066
0.39796
0.5394
0
0.14338
0.08977
0.74124
0.32021
0.34756
0.75061
0.48114
0.04775
0.18815
0.30359
0.49937
0.48322
0.07368
0.02356
0
0.36308
0.08545
0.48326
0.3012
0.12479
0
0.13903
0.36797
0.11216
0
0.68215
0
0.31888
0.67942
0.26927
0.08432
0.33338
0.21857
0.58118
0
0.1444
0.40249
0.71192
0.30554
0.33985
0.56473
0.08473
0.36761
0.4989
0.11466
0.13375
0.24237
0.29654
0.08417
0.30955
0.67097
0.40219
0.25838
0.52704
0.14237
0.07763
0.21944
0.2307
0.2089
0.51289
0.09094
0.1651
0.01408
0.54116
0.4741
0.31604
0.18864
0.27582
0.65892
0.41433
0.43313
0.61993
0
0.12937
0
0.35349
0.35282
0.08537
0.53419
0.11477
0
0.5822
0.2746
0.34984
0.22226
0.40979
0.23733
0.65544
0.16122
0.21698
0.20368
0.06808
0.21082
0.34853
0.81852
0
0.24743
0.23509
0.70396
0.49766
0
0.49662
0.65326
0.25862
0.42054
0.05398
0.33854
0.7181
0.16245
0.62312
0.56795
0.11218
0.10331
0.10095
0.43287
0
0.30847
0.1255
0.1178
0.35669
0
0.45413
0.02388
0.53783
0.58284
0.54041
0.12769
0
0.26929
0.4246
0.01406
0.05417
0.34197
0.18523
0.71035
0.05364
0.22124
0
0
0.16932
0.18886
0
0.64646
0.08488
0.02338
0.06061
0.75001
0.10079
0.14111
0.10033
0.1199
0.64797
0.36632
0.09374
0.33062
0.60318
0
0.04755
0.42094
0.33449
0.11178
0
0.39181
0.36669
0
0.17913
0.08505
0.34201
0
0
0
0.16255
0.08474
0.1741
0
0.41761
0.35711
0.18504
0.05745
0.29029
0.11791
0.08504
0.11237
0.18845
0.04253
0
0.1405
0.30688
0
0.11218
0.14046
0.14097
0.20652
0.31979
0.35328
0.59115
0.68043
0.41642
0.51901
0.14143
0
0
0.05828
0
0
0.35631
0.07395
0.21733
0.16592
0
0.2548
0.23952
0.10029
0.36466
0.02859
0.33362
0.59947
0.10768
0
0.07426
0.3546
0.04246
0.23516
0.14271
0.05736
0
0.30808
0.30768
0
0.39314
0.16542
0.14223
0
0
0
0.29963
0.21803
0.23056
0.07213
0
0
0
0
0
0.11795
0.05379
0
0
0.35366
0.04871
0.63148
0.08564
0
0.35125
0.04656
0
0
0.10801
0.14301
0.04246
0
0.69558
0.41357
0
0.24442
0
0
0.06081
0.4906
0
0.2355
0.06965
0.04895
0.53908
0.37684
0.14142
0
0.11942
0.11786
0
0.09281
0.05442
0.25942
0.40982
0.32957
0.02041
0.04218
0.06075
0
0.30059
0.07212
0.09888
0
0
0.07312
0.44897
0
0
0.0859
0.30651
0
0.23761
0.45173
0
0
0.05338
0.43449
0.72565
0.07345
0.11479
0.02402
0.27337
0.43837
0.11889
0.392
0.08541
0.36099
0
0
0
0.0917
0.1848
0
0.17801
0.40933
0
0.10096
0
0
0.41192
0.35254
0.53738
0.39446
0.06941
0
0.09289
0.17834
0
0
0
0.05985
0
0
0.43986
0.40413
0.11547
0
0
0
0
0
0.34914
0
0.24744
0
0.01417
0
0.08935
0
0
0.16595
0
0.09572
0
0.34707
0
0.06211
0
0.15919
0.07811
0
0
0.14201
0
0
0.46923
0.18479
0
0
0.67626
0.07644
0.36489
0
0
0
0.08524
0.11745
0.34264
0
0.21675
0.08413
0
0.23459
0.45821
0
0
0.01576
0
0.04898
0.89436
0
0.41006
0
0.28748
0.10558
0
0
0.34387
0.06145
0.35308
0.04065
0
0.49942
0.82182
0
0
0
0.22168
0
0.37393
0.14408
0.05336
0.87881
0
0.35129
0
0
0.07362
0.08537
0.33075
0.3633
0
0.12933
0.14199
0.05379
0.2469
0.04437
0.59883
0.10218
0.40566
0
0.23869
0
0
0
0.18545
0.13238
0
0
0.05399
0
0
0.05874
0.74993
0.45049
0
0
0
0
0.27492
0
0
0.11301
0.14028
0
0.3636
0
0
0.04764
0.04877
0.04551
0.34018
0
0
0.41296
0
0.05483
0.23072
0
0
0
0
0.07492
0.76789
0.13556
0.1626
0
0
0
0
0
0.60785
0.2018
0
0.0849
0
0.42431
0
0
0.09169
0.46678
0.04771
0
0.08407
0
0.31701
0
0.89619
0.30359
0.06118
0
0.34813
0.70562
0.23812
0.0842
0.06077
0
0.05942
0.01477
0
0.44563
0
0.07525
0.33826
0.49199
0.06299
0
0.39394
0
0
0
0
0
0
0.04919
0
0
0
0
0
0
0
0
0
0
0
0
0
0
0.07473
0
0.06071
0.09532
0
0.02339
0.04517
0
0.09166
0
0
0
0
0.31872
0
0.6573
0.05975
0
0
0
0
0
0
0
0
0.01417
0.08522
0
0.0494
0.30653
0
0.01477
0
0.04696
0
0.2848
0
0
0
0
0
0
0.05941
0
0
0.06947
0
0.06328
0
0
0
0
0
0
0
0
0
0
0.8243
0
0
0.04411
0
0
0
0.31822
0
0
0
0
0
0
0
0.48497
0.54842
0.16962
0
0
0
0
0
0
0.29852
0
0
0
0.24881
0.56596
0
0
0
0.08191
0
0.35241
0.06078
0.12176
0.03892
0
0
0.34226
0.36152
0.03058
0
0
0
0.25216
0.50074
0
0
0
0
0
0
0
0.0857
0
0
0
0
0
0
0.05906
0.44866
0
0.71985
0
0
0
0.04936
0
0
0
0.04456
0
0
0
0.30811
0.08596
0
0
0
0
0
0
0
0.06104
0
0.09269
0
0
0.72321
0
0.34442
0
0
0.69194
0
0
0
0
0
0
0.05884
0.16215
0
0.21102
0.35142
0
0.15634
0.37371
0
0
0.02412
0
0
0
0.3524
0
0
0.11892
0
0
0
0
0
0.27955
0.08427
0.40892
0.07058
0
0
0
0
0
0
0.09551
0
0
0
0.6641
0
0
0
0
0
0.29082
0
0
0
0
0
0
0
0
0
0
0.12371
0
0
0
0
0
0.06932
0
0
0
0
0.33855
0.33295
0
0.05849
0
0
0
0
0
0
0.0726
0
0
0
0
0
0
0
0
0
0
0
0
0
0
0
0.40517
0.07144
0.04263
0.04253
0.0389
0
0.70479
0
0.07001
0
0
0
0
0.0601
0.06032
0
0.04716
0
0
0
0.03881
0.26271
0
0
0
0
0
0
0
0.18908
0
0
0
0
0
0
0
0
0
0.06271
0.07458
0
0.41163
0.22842
0
0.14111
0.07108
0
0
0
0
0
0
0
0
0.11827
0
0.06146
0
0
0
0
0.50411
0
0
0
0.20729
0.07447
0.37535
0
0
0.0952
0.09893
0
0
0
0
0
0
0
0
0
0.33889
0.06408
0
0.28497
0
0
0
0
0
0.2843
0
0
0
0
0
0
0
0
0.05816
0
0
0.10493
0
0.09257
0
0
0.23983
0
0
0.07196
0
0
0
0
0
0
0
0
0.0695
0
0
0
0
0
0
0.57426
0
0
0
0.09288
0.09227
0.09978
0
0
0
0
0
0
0
0
0.1955
0
0
0.07412
0.08479
0
0
0.04552
0
0.08692
0
0
0
0
0.02991
0.48408
0
0.33745
0
0
0
0
0
0.0848
0
0
0
0
0.19626
0.26179
0.12274
0
0.02286
0
0
0.49959
0
0.06147
0
0
0.08435
0
0
0
0
0.7682
0
0
0
0
0
0
0
0.06941
0
0
0.31799
0.17669
0.06403
0
0
0
0
0
0
0
0.48099
0.3311
0
0.34029
0.05363
0.08427
0
0.09222
0
0
0
0.14202
0.28326
0
0.06033
0
0.52753
0
