0
0
0
0
0.0299
0
0
0
0
0
0
0
0
0
0
0
0
0
0.13533
0
0
0
0
0
0
0.07509
0
0
0.09063
0.12804
0
0.2191
0
0
0
0
0.05832
0
0
0
0
0
0
0
0.21804
0
0
0
0
0
0
0
0
0
0
0
0
0
0
0
0
0
0
0
0
0.55986
0
0
0.33504
0
0.13793
0
0
0
0
0
0
0
0.09061
0
0
0
0.18301
0
0
0
0
0
0
0
0
0
0
0
0.15291
0
0
0
0.05942
0
0
0.0842
0
0
0
0
0
0
0
0
0
0
0
0
0.06353
0
0
0
0
0
0
0.08512
0
0
0
0
0
0
0
0.20724
0
0
0
0
0
0.1504
0
0
0
0
0
0
0
0.10699
0
0
0
0
0
0
0
0
0
0
0
0
0.15572
0
0
0
0
0
0
0
0
0.20289
0
0
0
0.02523
0
0.11423
0
0
0
0
0
0
0
0
0
0.36624
0.13338
0
0
0
0
0
0.05953
0
0
0.23409
0
0
0
0.02012
0
0
0
0
0
0.62526
0
0
0
0
0
0
0
0
0.49088
0
0
0
0
0.07456
0
0
0
0
0
0.08002
0
0
0
0
0
0.0589
0
0
0
0
0
0
0
0
0.23158
0
0
0
0
0
0
0
0
0
0
0
0.43629
0.59733
0
0.11077
0
0
0.54549
0
0
0
0
0
0
0
0
0
0
0
0
0
0
0
0
0.22091
0.407
0
0
0
0
0.06709
0
0.17251
0
0
0
0
0.45634
0
0
0
0
0.32785
0
0.14582
0.06342
0.73633
0.73022
0
0
0
0
0
0
0
0
0
0
0
0
0
0.07729
0
0
0.71982
0
0
0.03001
0
0.13607
0
0
0
0
0
0
0
0.06525
0.09497
0
0
0
0
0
0
0
0.18988
0
0
0.673
0
0
0.42638
0.3608
0
0
0
0
0
0
0
0
0
0
0
0
0
0
0
0
0
0
0
0
0
0
0
0
0
0
0
0
0
0
0
0.31949
0
0
0.04854
0
0
0
0
0
0
0.11361
0
0
0
0
0
0
0
0
0
0
0
0
0
0
0.40741
0
0
0
0
0
0
0
0
0
0.1339
0
0
0.14811
0
0
0.02341
0
0
0
0
0
0.06678
0.14463
0.07024
0.06374
0.70199
0
0
0
0
0
0.06773
0
0
0
0
0
0
0
0
0
0
0
0
0
0
0
0
0
0
0
0
0
0
0
0
0.0595
0
0
0.04339
0
0
0
0
0
0.4543
0
0
0
0
0.26696
0
0
0
0
0
0.17474
0
0.06636
0
0
0
0
0
0.79912
0
0
0
0
0
0.06412
0
0
0
0
0.02788
0
0
0
0
0
0
0
0
0
0
0
0.04096
0
0.30052
0
0.06379
0
0
0
0.06642
0.06887
0
0
0.41338
0.10016
0
0
0
0
0
0
0
0
0.16373
0
0.08317
0
0
0
0.04517
0
0
0
0
0
0
0
0
0
0
0.02818
0
0
0
0
0.0617
0
0
0
0
0.0697
0.14634
0
0
0.0597
0
0
0
0
0
0
0
0
0
0.24978
0
0
0
0
0
0
0
0
0
0
0
0
0
0
0.11855
0.0658
0.07702
0
0
0
0
0
0.64555
0
0.22604
0
0.1028
0
0
0
0
0
0
0
0.17903
0
0.05624
0
0
0
0.06397
0
0
0
0
0
0.6465
0
0.46587
0
0
0
0.14468
0.07459
0
0
0
0
0
0.03989
0
0
0
0.80243
0.25456
0
0
0
0.68081
0
0.01939
0
0
0
0
0.05787
0
0
0
0
0
0
0
0
0.06293
0
0
0.6323
0
0
0
0
0.1396
0
0
0.08389
0
0
0
0
0.01938
0
0
0
0
0
0
0
0
0
0.05863
0.08151
0
0.0206
0
0
0
0
0
0
0
0.13704
0
0
0
0
0
0
0
0
0.06746
0
0.28634
0
0
0.32962
0
0
0
0
0
0
0
0
0
0
0
0
0
0
0
0
0
0
0
0
0
0
0
0
0
0
0
0
0.03892
0
0
0
0
0
0
0
0
0
0
0
0
0
0
0
0
0
0
0
0
0
0
0
0
0
0
0
0
0
0
0
0.03866
0
0
0
0
0
0.22245
0
0
0
0
0
0
0
0
0
0
0
0
0.08143
0.0951
0
0
0.19916
0
0.02182
0
0
0
0
0
0
0
0
0.09782
0.085
0
0.17202
0
0
0
0.23749
0
0
0
0
0.05924
0
0
0
0
0.19699
0
0
0
0.03905
0
0
0
0
0
0
0
0.06383
0
0.07941
0
0
0
0
0.0582
0
0
0
0
0
0
0
0
0
0
0.06666
0
0
0
0
0
0
0
0
0
0
0
0.23407
0
0
0
0
0
0
0
0
0.39377
0.24943
0
0.25666
0
0.07443
0
0
0
0
0
0
0
0
0.23239
0
0
0
0.04598
0
0.0462
0
0
0
0
0
0
0
0
0.22771
0
0
0
0
0.06513
0
0
0
0
0
0
0
0
0
0
0
0
0
0
0
0
0
0
0
0
0
0.067
0
0
0.04457
0
0.14641
0
0
0
0
0
0
0
0
0
0
0
0
0
0
0
0
0
0
0
0
0
0
0
0
0
0
0
0
0.06654
0
0
0
0
0
0
0
0
0.09007
0.05873
0
0
0
0
0
0
0
0
0
0
0
0
0
0
0
0
0
0
0.1154
0
0
0
0
0
0
0
0
0
0
0
0
0
0
0
0
0
0.21613
0
0
0
0.02145
0
0
0
0
0.02157
0
0
0
0
0
0
0
0
0
0
0
0
0
0
0
0
0
0
0
0
0
0.06633
0
0
0
0
0
0
0
0
0
0
0
0.02809
0.25729
0
0
0
0.06713
0.54924
0
0
0
0
0
0.06799
0
0
0
0
0
0
0
0
0
0.05649
0
0
0
0
0
0
0
0
0
0.12506
0
0
0.06919
0.06242
0
0
0
0
0
0
0
0
0
0
0.01977
0
0
0
0
0
0
0
0.04181
0
0.09734
0
0
0
0
0
0
0
0.0668
0
0
0
0
0
0
0.17113
0.13944
0
0
0
0.44435
0
0
0
0
0
0
0
0
0
0.05457
0
0
0.6531
0
0
0
0
0
0
0
0
0.4665
0
0
0
0
0
0.02696
0.03038
0.1205
0
0
0.06238
0
0.13463
0.04819
0
0
0
0
0
0
0
0
0
0
0
0
0
0
0
0
0
0
0
0
0
0.04446
0
0
0
0
0
0
0
0
0.04459
0
0
0
0.05176
0
0
0
0
0.06493
0.06116
0
0
0
0
0
0
0
0
0
0
0.02114
0.54887
0
0.08033
0
0
0
0
0.05006
0.06718
0
0.32468
0
0
0
0
0
0
0
0.21804
0.21638
0
0
0
0
0
0.02076
0
0
0
0
0
0
0
0.17459
0
0
0
0
0
0
0
0
0
0
0
0
0
0
0
0
0
0
0.17115
0
0
0
0
0
0.10498
0.14658
0
0
0
0
0
0.16464
0
0
0
0.03953
0.09857
0
0
0
0
0.05811
0
0.13264
0
0
0
0
0.3603
0
0.44484
0
0
0
0
0
0
0
0
0
0
0
0
0
0.05964
0
0
0
0
0.04345
0
0
0
0
0
0
0
0
0
0
0
0
0
0
0
0
0.06386
0
0
0
0.0391
0.04661
0
0
0.06503
0.09283
0
0
0
0
0
0
0
0
0
0
0
0
0
0
0.059
0.96552
0
0
0
0
0
0
0
0
0
0
0.20586
0
0
0
0
0
0
0
0
0.06473
0.17525
0
0
0.15399
0
0
0
0
0
0
0
0
0
0
0
0
0.06544
0
0
0
0.22408
0
0
0
0.21052
0.77706
0
0
0
0
0.08918
0
0
0
0
0
0.14346
0
0
0
0
0
0
0.52269
0
0.03892
0
0
0
0
0
0
0
0
0
0
0
0
0
0
0
0
0
0
0
0
0
0
0
0
0
0
0
0
0
0
0
0
0
0
0.08387
0
0.04852
0
0
0
0
0
0
0.06883
0
0
0
0
0
0
0
0.08528
0
0.41393
0
0
0
0
0
0
0
0
0
0
0.04494
0
0
0
0
0.10498
0
0
0.06311
0.05902
0.53634
0
0
0
0
0
0
0
0
0
0.07529
0
0
0
0.02457
0
0
0
0
0
0
0
0
0
0.49874
0
0
0
0
0
0
0
0.05609
0
0
0
0
0
0
0
0.17356
0
0
0
0.09041
0
0
0
0
0
0.1579
0.02999
0
0
0
0
0
0
0
0
0
0
0.34174
0
0.0217
0
0.78778
0
0.43909
0.25336
0
0
0
0
0.06885
0
0
0.69155
0.3663
0
0
0
0
0
0
0
0.39286
0
0
0
0
0
0
0
0.06135
0
0
0
0
0
0
0
0
0
0.04263
0
0
0
0
0
0
0
0
0
0
0
0
0
0
0
0
0
0
0.06306
0
0
0
0
0
0
0
0
0
0
0
0
0
0
0
0
0
0.02836
0
0
0
0
0
0.41666
0
0
0
0
0
0
0
0
0
0
0
0
0
0
0.08461
0.17723
0.02115
0
0.06063
0
0
0.25916
0
0
0
0
0
0
0.12557
0
0
0
0
0
0
0
0
0
0.05674
0
0
0
0.06276
0
0
0
0
0
0
0.29973
0
0
0
0
0
0
0
0
0
0
0
0
0
0
0
0.07352
0
0
0
0
0
0
0.05707
0
0
0
0
0
0
0
0.07611
0
0
0.06917
0
0
0
0
0
0
0
0
0
0.06882
0
0
0
0
0
0
0
0
0
0
0
0
0
0
0
0
0
0
0
0
0
0
0
0
0
0
0
0
0
0
0
0.07368
0
0
0.02486
0
0
0
0
0
0
0
0
0
0
0
0.64028
0
0
0
0
0
0
0
0
0
0
0
0
0
0
0
0
0.04317
0
0.06516
0
0
0
0
0
0
0.1444
0
0
0
0
0
0
0
0
0
0
0
0
0
0
0
0
0
0
0
0
0
0
0
0
0.12376
0
0
0
0
0
0
0.06913
0
0
0
0
0
0
0
0
0
0
0
0
0
0
0
0
0
0
0
0.02012
0
0
0
0
0
0.02915
0
0
0
0
0
0
0
0.08617
0
0.06678
0.05822
0.25041
0
0
0.05809
0
0
0.10214
0
0.14353
0
0
0
0.23493
0
0
0
0
0
0
0
0
0.07544
0.06176
0
0
0
0
0
0
0
0
0
0
0
0
0
0
0
0
0
0.08022
0.07344
0.02143
0
0
0
0
0.06067
0
0
0
0.35103
0
0
0
0
0
0
0.06253
0.06233
0
0
0.57889
0
0
0
0.01944
0
0.24406
0
0
0
0
0
0
0
0
0
0
0
0
0
0
0.04826
0
0
0.5306
0
0
0
0.05535
0
0.14327
0
0
0
0
0
0
0
0
0
0
0
0
0
0
0
0
0
0
0
0
0
0
0
0
0.04698
0.02232
0
0
0.06921
0
0
0
0.02961
0.06585
0
0
0
0
0
0.13469
0.17894
0
0
0
0
0
0
0
0
0
0
0
0
0
0
0
0
0
0
0
0
0
0
0
0
0
0
0
0
0
0
0.17708
0
0
0.02516
0
0
0.06168
0.06213
0
0
0.14352
0
0
0
0
0
0
0
0
0
0
0
0
0
0
0
0
0
0.1515
0
0
0
0
0
0
0
0
0
0
0
0.05969
0
0
0
0
0
0
0
0
0
0
0
0
0
0
0
0
0
0
0
0
0
0
0
0.06494
0
0
0
0
0
0
0
0
0
0
0
0
0
0
0
0
0
0
0
0
0
0
0
0
0
0
0
0
0
0
0.55745
0
0.49789
0
0
0
0
0
0
0
0
0
0
0
0
0
0
0
0
0
0
0
0
0
0.06855
0
0
0
0
0
0
0
0
0
0
0
0
0
0
0
0
0
0
0.34952
0
0
0
0
0
0
0
0
0
0
0
0
0
0
0
0
0
0
0
0
0
0
0.60283
0
0
0
0.08063
0
0.06308
0
0
0
0
0
0
0
0
0.0589
0
0
0.13466
0.15575
0
0
0
0
0
0
0
0
0
0
0
0
0
0
0
0.26017
0
0
0
0
0
0
0.66873
0.02188
0
0
0.46207
0.05911
0
0
0
0
0
0
0
0
0
0
0
0.88852
0.15255
0.49453
0
0
0
0
0
0
0.02501
0.05883
0
0
0
0
0
0
0
0
0
0
0
0.05592
0
0.09198
0
0
0
0
0.86268
0
0
0
0
0.0646
0
0.09027
0.12234
0
0
0
0
0.72103
0
0
0.07521
0.02131
0
0
0
0
0.05865
0
0
0
0.112
0
0
0
0
0
0
0.03005
0.10419
0
0.17234
0
0
0
0
0
0.70211
0
0
0
0
0
0
0
0
0
0
0
0
0
0
0
0
0
0
0
0
0
0
0.51683
0
0
0
0.22978
0
0
0
0.17193
0
0
0.56763
0.06668
0
0
0.06299
0.06367
0
0.19997
0
0
0
0.21077
0.02561
0
0
0
0
0.05617
0
0
0
0
0
0
0
0
0
0.17855
0.06962
0
0
0
0
0
0
0
0
0
0
0
0
0
0
0.05612
0
0
0
0
0
0
0
0
0
0
0
0
0
0
0
0
0
0
0
0
0
0
0
0
0
0
0
0
0
0
0
0
0
0
0
0
0.31038
0.20763
0
0.04283
0
0.18464
0.01929
0
0
0.55343
0
0
0
0
0
0
0
0
0
0
0
0
0
0
0
0
0
0
0.14561
0
0
0
0
0.04109
0
0
0
0
0.05054
0
0
0
0
0
0
0
0
0
0
0
0
0
0
0.05931
0.18866
0
0
0
0.07843
0
0
0
0
0.13617
0.75132
0
0.02989
0.30128
0
0
0.05725
0
0
0
0
0
0
0
0
0
0
0
0.05747
0
0
0
0
0
0
0
0
0
0
0
0
0
0.0843
0.18484
0.68319
0
0
0.73976
0
0
0
0.08887
0
0
0
0
0
0
0.36679
0
0
0
0
0
0.78502
0
0
0.47518
0
0
0
0
0.09705
0
0
0
0
0
0.27192
0
0
0
0
0
0
0
0
0
0
0.0635
0
0
0
0
0.12357
0
0
0
0
0.16178
0
0
0
0
0
0
0
0
0
0
0
0
0
0
0.06958
0
0
0
0
0
0
0
0
0.08483
0
0.02745
0
0
0
0
0
0
0
0
0
0
0
0.06209
0.0676
0
0
0.05978
0
0
0
0
0
0
0
0
0.04438
0
0
0
0.03847
0
0
0
0
0
0.27158
0
0
0
0
0
0
0
0
0
0
0
0
0
0
0.26437
0
0
0
0
0
0
0
0
0
0
0.1731
0
0
0
0
0
0
0
0.46556
0
0
0
0
0
0
0
0
0
0
0.06551
0
0
0
0
0
0
0
0
0
0
0
0
0.22501
0
0
0
0
0
0
0.14815
0
0
0
0
0.07428
0
0.02737
0
0
0.04581
0
0
0
0
0
0
0
0
0
0
0
0
0.09053
0
0
0
0
0
0
0
0
0
0
0
0
0
0
0
0
0
0
0
0
0.29334
0
0
0
0
0
0
0
0
0
0
0
0
0
0
0.17522
0
0
0
0
0
0
0
0
0.06052
0.16057
0
0.1031
0
0
0
0
0
0
0.19664
0
0
0
0
0
0
0
0
0
0
0
0
0
0
0
0
0
0
0
0
0
0
0
0
0
0
0
0
0
0
0.60124
0
0
0
0
0
0
0
0
0
0
0
0
0
0
0
0
0
0
0.0688
0
0
0
0
0
0
0.19167
0
0.07579
0
0.06894
0
0
0
0
0
0
0
0
0
0
0
0
0
0
0
0
0
0
0
0
0
0
0
0
0
0.07331
0
0
0
0
0
0
0
0
0
0
0
0
0
0.05628
0
0
0
0
0.11071
0
0
0
0
0
0
0
0
0
0
0
0.1238
0
0
0
0
0
0.09503
0
0
0
0
0
0.04249
0.06192
0
0
0
0
0
0
0
0.24852
0
0
0.39277
0
0
0
0
0
0
0
0
0
0
0.08447
0
0
0.10077
0
0
0
0
0
0.14706
0
0
0
0
0
0
0
0.32298
0
0
0.49739
0
0
0
0
0
0
0
0
0.5628
0
0
0
0
0
0.03942
0.40947
0.26694
0
0
0
0
0
0
0
0
0
0
0
0.02855
0
0
0
0
0
0
0.08536
0
0.15603
0
0
0
0
0
0
0
0
0
0
0
0
0.06431
0
0
0
0
0
0
0
0
0.07304
0
0
0
0
0.2746
0
0
0
0
0.13442
0
0
0
0
0
0
0
0
0
0
0.69137
0.07528
0.22466
0
0
0.22163
0
0
0.08811
0
0
0.10746
0
0
0
0
0
0.12233
0
0
0
0
0
0
0
0
0.11166
0
0
0
0
0
0
0.10636
0
0.08892
0.08794
0
0
0.0191
0
0.26838
0
0
0
0
0
0
0
0
0
0
0.30294
0
0
0
0
0
0
0
0
0
0.02131
0
0
0
0
0
0
0
0
0
0.08039
0
0
0
0
0
0
0
0.02005
0
0
0.08138
0
0
0
0
0.14384
0
0
0.06037
0.06837
0.0208
0.16067
0
0
0
0
0
0
0.35637
0
0
0
0
0
0
0.08794
0
0
0
0
0
0
0
0
0
0
0
0.08422
0
0
0
0
0.14464
0
0
0
0
0
0
0.05922
0
0
0
0
0.05792
0
0
0
0
0
0
0
0
0
0
0
0
0
0.03272
0.69503
0
0
0
0
0
0
0
0
0
0.15318
0
0
0.36936
0
0.0214
0
0
0
0
0
0
0
0
0
0
0
0.18353
0
0
0.14733
0
0
0
0
0
0
0
0.06956
0
0
0
0.15357
0
0
0.19729
0
0
0
0
0
0.23661
0
0
0
0.08287
0
0
0
0.01969
0.3633
0
0
0.11585
0
0
0
0.14376
0
0
0
0
0
0
0
0.08465
0
0
0
0
0
0
0
0
0
0
0
0
0
0
0
0
0
0.05838
0
0
0.19793
0.06359
0
0
0
0
0.08713
0
0
0
0
0
0
0
0
0
0
0.11271
0
0
0
0
0
0.16743
0
0
0
0.17428
0.17353
0.01911
0
0
0
0.14735
0
0
0
0
0
0
0
0
0
0.08538
0
0.05625
0
0
0
0
0
0
0.06747
0
0
0
0
0.24398
0
0
0
0
0
0
0.42689
0
0
0
0
0
0
0
0
0
0
0
0
0
0
0.05873
0
0
0
0
0
0
0
0
0
0
0
0
0.35825
0.06916
0
0
0.17371
0
0
0
0
0
0
0
0
0.19808
0
0
0
0
0
0
0
0
0
0
0
0.04411
0
0
0
0
0
0
0
0
0
0
0
0
0.54484
0
0
0
0
0
0
0.4617
0
0
0
0
0
0
0
0
0
0.02152
0
0.07277
0
0
0.06292
0.24892
0
0
0
0
0
0
0
0
0.04777
0
0
0
0
0.03829
0
0
0.67729
0
0
0.14778
0
0
0
0
0
0
0
0
0
0
0.07705
0
0
0
0
0
0
0
0
0
0
0
0
0
0
0
0
0
0
0
0
0
0
0
0
0.08936
0
0
0
0
0
0
0.07981
0
0
0
0
0
0
0
0
0
0
0
0
0
0
0
0.13962
0
0
0
0
0
0
0
0.04929
0
0
0
0
0
0.13746
0
0
0.71796
0
0
0
0
0
0
0
0
0
0
0
0
0
0
0
0
0.0654
0
0.22749
0
0
0
0
0
0
0
0
0
0
0
0
0
0
0.07544
0.08451
0
0
0
0
0
0
0
0
0
0
0
0
0
0
0.06317
0
0
0
0
0
0
0
0
0
0
0
0
0
0
0
0
0
0
0
0
0.06262
0.12469
0
0
0.53785
0
0
0.02457
0
0
0
0
0
0
0
0
0
0
0
0.02305
0
0
0
0
0
0
0.06453
0
0
0
0
0
0.18438
0
0
0
0
0.07363
0
0
0
0.05822
0.13849
0
0
0
0.02249
0
0.03989
0.02688
0.0587
0
0
0
0
0
0
0.02185
0
0
0
0.34725
0
0
0
0
0.06396
0
0
0
0
0.1768
0
0
0
0.02456
0
0
0
0
0
0
0
0
0
0
0
0
0
0
0.04402
0.02518
0.06274
0
0
0
0.13521
0
0
0
0
0
0
0
0
0
0
0
0
0
0
0
0
0
0
0
0
0
0
0
0
0.07303
0
0
0
0
0.15244
0
0.53788
0.07341
0
0
0
0
0
0
0
0
0
0
0
0
0
0
0
0
0
0
0
0
0
0
0
0
0
0
0
0.19388
0
0.17319
0
0
0
0
0
0
0
0
0
0.05928
0
0
0
0
0
0
0.17145
0
0
0
0
0
0.06502
0
0
0
0
0
0
0
0
0
0
0
0
0
0.08277
0
0
0
0
0
0
0
0
0
0
0
0
0
0.12369
0
0
0
0
0.06203
0
0.05708
0
0
0
0
0
0
0
0.02738
0
0
0
0
0
0
0.06583
0
0
0
0
0
0.08387
0
0
0
0.06952
0
0
0
0
0
0
0
0
0
0.06232
0
0
0
0
0
0
0
0
0
0
0.10723
0
0
0
0
0
0
0
0
0
0
0
0
0
0
0
0
0
0
0
0
0
0.06663
0
0
0
0
0
0.6311
0
0
0
0
0
0
0.13521
0
0
0.04239
0
0
0
0
0
0
0
0
0
0
0.18916
0
0
0
0
0.04553
0
0
0.05931
0
0
0
0
0
0
0
0
0
0
0
0
0
0
0
0.16904
0.08351
0
0.05679
0
0
0
0.07522
0
0
0
0
0
0
0
0.26001
0
0
0.07398
0
0
0
0
0
0
0
0
0
0
0
0
0
0.19089
0
0.07405
0.10717
0
0
0
0
0
0
0
0
0
0
0
0
0
0
0
0
0
0
0
0
0
0
0
0.12549
0
0
0
0
0
0
0
0
0
0
0
0
0
0.59638
0.11884
0.06211
0
0
0.0575
0
0
0
0
0
0
0
0
0
0.17237
0.32398
0.06845
0
0
0
0
0
0
0
0.17381
0
0
0
0
0
0
0
0
0
0
0
0
0
0
0
0
0
0
0
0
0
0
0
0
0
0.21117
0
0
0
0
0.11349
0.06079
0
0.07649
0
0
0
0
0
0
0
0.05186
0
0
0
0
0
0
0
0
0
0
0
0
0
0
0
0.2856
0
0
0.29749
0.05752
0.16353
0
0
0
0.18181
0
0
0
0
0
0
0
0.06936
0.16991
0
0
0
0
0
0
0
0.06527
0
0
0
0
0
0
0
0
0
0
0
0
0
0
0
0
0.12408
0
0
0
0.05234
0
0
0
0
0
0
0.042
0
0
0
0
0.06941
0
0
0
0
0
0
0
0.06246
0.07262
0
0
0
0
0
0
0
0
0
0
0
0
0
0
0.06473
0
0
0.02006
0
0
0
0
0
0
0
0
0
0.20282
0
0
0
0
0
0
0
0.04658
0
0
0
0.02273
0.32668
0
0
0
0
0
0
0
0.02202
0
0
0
0
0
0
0
0
0
0
0
0
0
0
0
0
0
0.08902
0.08413
0
0
0.06351
0
0
0
0
0
0
0
0
0
0
0
0
0
0
0
0
0.06655
0
0
0.2934
0
0.08071
0
0
0
0
0
0
0.03949
0
0
0
0
0
0
0
0
0
0
0
0
0
0.1044
0
0
0
0.05781
0
0
0
0
0
0
0
0
0
0.05907
0
0
0
0
0
0
0
0
0
0
0.0666
0
0
0
0
0
0
0.0629
0
0
0
0
0
0
0
0
0
0
0
0
0
0
0
0
0
0
0
0
0
0
0
0
0
0
0
0
0
0
0
0
0
0
0
0
0
0
0
0.21635
0
0
0
0
0
0
0
0
0
0
0
0
0
0
0
0
0
0
0
0
0.10865
0
0
0.02196
0
0
0
0
0
0
0
0
0
0
0
0
0
0
0
0
0
0.04023
0
0
0
0
0
0
0
0
0
0
0
0
0
0
0
0.06313
0
0
0
0
0
0
0
0
0.06054
0
0
0
0
0
0
0
0
0
0
0
0.0624
0
0.36484
0
0.05917
0
0.06722
0
0
0.2167
0
0
0
0
0.0997
0
0
0
0
0.05508
0
0
0
0
0
0
0
0
0
0
0
0
0.10917
0
0
0.04331
0
0
0
0
0
0
0
0
0
0
0
0
0
0
0
0
0
0
0
0
0
0.08099
0
0
0
0
0
0
0
0.05664
0
0
0
0
0
0
0.15657
0
0
0
0
0
0
0.04628
0
0
0
0
0
0
0
0
0.75716
0
0
0
0
0
0
0
0
0
0
0.11004
0
0
0
0
0
0
0
0.03858
0
0
0
0
0
0
0
0
0
0
0
0
0
0
0
0
0
0
0
0
0
0
0
0
0
0
0
0.45726
0
0
0
0
0
0.06735
0
0
0
0
0
0
0
0
0
0
0
0
0
0.21931
0
0
0
0
0
0
0.06587
0
0
0
0
0
0
0.56999
0
0
0
0.08336
0
0
0
0
0
0
0
0
0
0
0
0
0
0
0
0
0
0
0.11287
0
0
0.42717
0
0
0
0
0
0
0
0
0
0.05878
0
0
0.20655
0
0
0
0.46795
0
0
0
0
0.06999
0
0
0
0
0.06255
0
0
0.74217
0
0.08488
0.1466
0
0
0
0
0
0
0
0
0
0
0
0
0
0
0
0
0
0
0
0
0
0
0
0
0
0
0
0
0
0
0
0
0
0
0
0
0
0
0.11736
0
0
0
0.05491
0
0
0
0
0
0
0
0
0.08342
0
0
0
0
0
0
0.13496
0
0
0
0
0
0
0.08831
0
0
0
0
0.09184
0.04058
0
0.086
0
0
0.08782
0
0.08485
0.06358
0
0
0
0
0.85659
0
0
0
0
0
0
0
0
0.02493
0
0
0
0
0
0
0
0
0
0
0
0.05856
0
0.0645
0
0
0
0
0
0
0
0
0
0
0
0
0
0
0.06349
0
0
0
0
0.17545
0
0
0
0.08838
0.05873
0
0
0
0
0
0
0
0
0
0
0
0
0
0
0
0
0
0
0.31694
0
0
0
0
0
0
0.17335
0
0.70906
0.14419
0
0
0
0
0.03098
0
0
0
0
0
0
0
0
0
0
0
0
0
0.32456
0
0
0
0
0
0
0
0
0
0
0
0
0
0
0
0
0
0
0
0.09001
0
0
0
0
0
0
0
0
0
0
0.05849
0
0.02727
0
0
0
0
0
0
0
0
0
0
0
0
0
0
0
0
0
0.16143
0
0
0.13759
0.0418
0
0
0
0
0
0
0
0
0
0
0
0
0.02783
0
0
0
0
0
0
0
0
0
0
0
0
0.27263
0
0
0
0
0
0.06633
0
0
0
0
0.1716
0
0
0.07417
0.06787
0
0
0
0
0
0
0
0
0
0
0.05947
0
0
0
0
0
0
0
0
0
0.07756
0
0
0
0
0
0
0
0
0
0
0
0.02727
0
0
0
0
0.04294
0
0
0
0
0
0
0
0
0.08131
0
0
0
0
0
0.06578
0
0
0.15743
0
0
0
0
0
0
0
0.27733
0
0
0
0.01874
0
0
0
0
0
0
0.08757
0
0
0
0.27556
0
0
0
0
0
0
0.17155
0.21665
0
0
0
0
0
0
0
0
0
0
0.10714
0
0.07484
0
0
0
0
0
0.08067
0
0
0
0
0
0.27218
0
0
0.71055
0
0.03768
0.0217
0
0
0.03035
0
0.02224
0.10275
0
0
0
0
0
0
0
0.06565
0
0
0
0
0
0.22572
0
0
0.06325
0
0
0
0
0
0
0
0
0
0
0.39742
0
0
0
0
0
0
0
0
0
0
0
0
0
0
0
0
0
0
0
0
0
0
0
0
0
0
0
0.20893
0
0
0
0
0
0
0
0
0
0
0
0
0
0.03863
0
0
0
0
0
0
0
0
0.06349
0
0
0
0
0
0
0
0
0
0
0
0
0
0
0
0
0
0
0
0
0
0
0
0
0
0
0
0
0
0
0
0
0
0
0
0
0.06273
0
0
0
0.04856
0
0
0
0
0
0
0
0
0
0.03966
0
0
0.34521
0
0
0
0
0
0.05632
0
0
0.73744
0
0
0
0
0.11162
0
0
0
0
0
0
0
0
0
0
0
0
0.30391
0.06818
0
0
0
0
0
0
0
0
0.64655
0
0.06599
0
0
0
0
0
0
0.12127
0
0
0
0
0
0
0
0
0
0
0
0
0
0
0
0.08925
0
0
0
0.06269
0
0
0
0
0
0.06436
0
0
0
0.06318
0
0
0
0
0
0
0
0.08831
0
0
0
0
0.21121
0
0
0
0
0
0
0
0.01953
0
0
0
0.18645
0
0.29494
0
0
0
0
0
0
0
0
0
0
0.06939
0
0.08909
0
0
0.12368
0
0
0
0
0.05993
0
0
0
0
0
0
0
0
0
0
0
0.0825
0.22227
0
0
0
0.14711
0
0
0
0
0
0
0
0
0
0.11284
0
0
0
0
0
0
0
0.43135
0
0
0
0.07376
0
0
0
0
0
0
0
0
0
0
0
0
0
0
0
0
0
0
0
0
0
0.48196
0
0
0.06381
0
0
0
0
0
0
0
0.03116
0
0
0
0
0
0
0.16097
0.52217
0.78918
0
0
0
0
0
0
0
0.1344
0
0
0
0
0
0
0
0
0
0
0.05984
0
0
0
0
0
0
0
0.0685
0
0
0
0
0
0.0941
0
0
0
0
0
0
0.06724
0
0
0
0
0
0
0
0
0
0.05859
0
0
0
0
0
0.53056
0
0
0
0
0
0
0
0
0
0
0
0
0
0
0
0.0382
0
0.06815
0
0
0
0
0
0.06312
0
0
0
0
0
0.06733
0
0
0
0
0
0
0
0
0
0
0
0
0.06322
0
0
0
0.02796
0.06485
0
0
0
0
0
0.06193
0
0
0
0
0
0
0
0
0
0
0
0
0.06937
0
0
0.0864
0
0
0
0
0
0
0
0
0
0
0
0
0
0
0
0
0
0
0.05214
0
0
0
0
0
0
0
0.05764
0
0
0
0
0
0
0
0
0
0
0
0
0
0
0.06565
0
0
0
0
0
0
0
0
0
0.13384
0.08034
0.25978
0
0
0.07631
0
0.63523
0
0
0
0
0
0
0
0
0
0
0
0
0
0
0
0
0
0
0
0
0
0
0.06143
0
0
0
0
0
0.03069
0
0
0.38606
0
0
0
0
0
0
0
0
0
0
0
0
0
0
0
0
0
0
0
0
0
0
0
0
0
0
0
0
0
0
0
0
0
0
0
0
0
0
0
0
0
0
0
0
0
0
0
0
0
0
0
0
0
0
0.1531
0.09912
0
0.06351
0
0
0
0
0
0
0
0.53186
0
0
0
0
0
0
0
0
0
0
0.14539
0
0
0
0
0
0
0
0
0
0
0
0
0
0
0
0
0
0
0
0.06532
0
0.17179
0
0
0
0
0
0
0
0
0
0.06613
0
0
0
0
0
0
0
0
0
0
0
0
0
0
0
0
0
0
0
0
0
0.3965
0.12854
0.17428
0.1354
0
0
0
0
0
0
0
0
0
0
0
0
0
0
0
0
0
0
0.19733
0
0.02987
0
0
0.22672
0
0
0
0.05845
0
0
0
0
0.01992
0
0
0
0
0
0
0
0.49147
0
0
0
0.06482
0.44264
0
0
0
0
0
0.06347
0
0
0
0
0
0
0
0
0
0
0
0
0
0
0
0
0
0
0
0.0585
0
0
0
0
0
0
0
0
0
0
0
0
0
0
0
0
0
0
0.08768
0
0
0
0
0.24951
0
0.02841
0.31234
0
0
0
0
0
0
0
0
0
0
0
0.14529
0
0
0
0
0
0
0
0
0
0
0
0
0
0
0
0
0
0
0
0
0
0
0
0
0
0
0.63949
0
0
0
0
0
0
0
0
0
0.03761
0
0
0
0.05947
0
0
0
0.0679
0
0
0
0
0
0
0
0.0881
0
0
0
0
0
0.05542
0.14508
0
0
0
0
0
0
0.64289
0
0
0
0
0
0
0
0
0
0
0
0
0.12462
0
0
0
0
0
0.69436
0
0
0
0.0228
0
0
0
0
0
0
0
0
0
0
0
0
0
0
0
0
0
0
0
0
0
0
0
0.06877
0
0
0
0
0
0.07352
0
0
0
0.02178
0
0
0
0
0
0
0
0
0
0.08017
0
0.06309
0
0.06942
0
0
0.08396
0.06897
0
0
0.06688
0
0
0
0
0
0.50458
0
0
0
0
0
0
0
0
0
0
0
0
0
0
0
0.06109
0
0
0
0.399
0
0
0
0
0
0
0.05777
0
0
0
0.08154
0
0
0.32702
0
0
0
0
0
0
0
0
0
0
0.39752
0.06322
0
0
0
0.17286
0.04106
0
0
0
0
0
0
0
0.06887
0
0
0
0
0
0
0
0
0
0
0
0
0.32553
0
0
0
0
0
0
0
0
0
0
0
0
0
0
0
0
0
0
0
0
0
0
0
0
0
0
0
0
0
0
0
0
0
0.07625
0
0.25646
0
0
0
0
0
0
0
0
0
0
0
0
0
0
0
0
0.08026
0
0.02291
0
0
0.0667
0.0617
0
0
0
0
0
0
0
0
0.06012
0
0
0
0
0
0
0
0
0
0
0
0
0
0
0
0
0
0
0
0.06697
0
0
0
0
0
0
0
0
0
0
0
0
0
0.10858
0
0
0
0
0
0
0.2633
0
0
0
0
0
0
0
0
0
0
0
0
0
0.51592
0.02573
0
0.12255
0
0
0
0
0.18231
0
0
0
0
0
0
0.17653
0
0
0
0.8084
0.1178
0
0
0
0.55942
0
0
0
0
0
0
0.65451
0
0
0
0
0
0
0
0
0
0
0
0
0
0
0
0
0.02051
0
0
0
0
0
0
0.04016
0
0
0
0.06198
0
0
0
0
0
0
0
0
0
0
0
0.19172
0
0
0
0
0
0
0.15113
0
0
0.06686
0
0
0
0
0
0
0
0
0
0
0.0761
0
0
0
0
0.03882
0.02152
0
0
0
0
0
0
0
0
0
0
0
0
0
0.14307
0
0
0
0
0
0
0
0
0
0.10498
0
0
0
0
0
0
0
0
0
0
0
0
0
0
0
0.02191
0
0
0.02586
0.01998
0
0
0
0.09717
0
0
0
0
0
0
0
0
0.2112
0
0
0
0.07546
0
0
0
0
0
0
0
0
0
0
0
0.01805
0.14396
0
0
0
0.54557
0
0.08793
0
0
0
0
0.1335
0.15251
0
0.12628
0
0
0
0
0
0
0.25444
0
0
0.16275
0.17327
0.0674
0
0
0
0
0
0
0
0
0
0
0.05593
0
0
0
0
0
0
0
0
0
0
0
0
0
0
0
0.06652
0
0
0
0
0
0
0
0
0
0
0
0
0
0
0
0
0
0
0
0
0
0
0
0
0
0
0
0
0
0
0
0
0
0
0
0
0
0
0
0
0
0
0
0
0
0.09698
0
0
0
0.04464
0
0
0
0.06368
0.0862
0
0.4234
0.32334
0
0
0
0
0
0.19779
0
0
0
0
0
0
0
0.41788
0
0
0
0
0
0
0
0
0
0.10673
0
0
0
0
0
0.14648
0
0
0
0
0
0.04283
0
0
0
0
0.299
0
0
0
0
0
0
0
0
0
0
0
0
0
0.17281
0.05957
0
0
0
0.08478
0
0
0
0
0.19967
0.02147
0
0
0
0
0
0.09067
0
0
0
0
0
0
0
0
0
0
0
0
0
0
0
0
0
0
0
0
0
0.49397
0.20084
0
0.11027
0
0
0
0
0
0
0
0
0
0
0
0
0.50942
0
0.09176
0
0
0
0
0
0.04679
0
0
0
0
0
0
0
0
0
0
0
0
0
0
0
0
0
0
0
0
0
0
0
0
0
0
0
0.02186
0
0
0
0
0
0
0
0
0
0
0
0
0
0
0
0
0
0
0
0
0
0
0
0
0
0
0
0
0
0
0
0.03891
0
0
0
0
0
0
0.0685
0
0
0
0
0
0
0
0
0
0
0.39358
0
0
0
0
0
0
0
0
0
0
0
0
0
0
0
0
0
0
0
0
0
0.18281
0
0
0
0
0
0
0
0
0
0.05731
0.03556
0
0
0
0
0
0
0
0
0
0.31496
0
0
0
0
0
0
0
0
0
0
0.16196
0.49398
0
0
0
0
0
0
0
0
0
0
0.30314
0
0
0
0
0.06865
0
0
0
0
0
0
0
0
0.02357
0
0
0.01958
0
0
0
0
0
0
0
0
0
0.11284
0
0
0
0
0.07512
0
0
0
0
0
0
0
0
0
0.03981
0
0
0.05883
0
0
0
0
0
0
0.06576
0
0
0
0
0
0
0
0.07004
0
0.74724
0.13468
0
0
0
0
0
0
0
0
0
0
0.06691
0
0
0
0
0
0
0.17581
0
0
0
0
0
0
0.06615
0.61604
0.08978
0
0
0.07653
0
0
0
0
0
0
0
0
0
0
0
0
0
0
0.1545
0
0
0
0
0
0
0
0
0
0
0
0
0
0.06524
0
0
0
0
0
0
0
0
0
0
0.05956
0
0
0
0
0
0
0
0
0
0.50367
0
0
0
0.04238
0
0
0
0
0.06692
0
0.35793
0
0
0
0
0
0
0
0
0
0
0
0
0
0
0
0
0
0
0.23055
0.0199
0
0
0
0
0.0658
0
0
0
0
0
0
0
0
0
0.04503
0
0
0
0.02487
0
0
0
0
0
0
0
0.23889
0
0
0
0
0
0
0
0.12473
0.33542
0
0
0.47419
0
0.20218
0
0
0.01988
0.4261
0
0.31315
0.06255
0
0
0
0
0
0
0
0
0
0
0
0
0
0
0
0.14492
0.14825
0
0
0
0
0
0
0
0
0
0
0
0
0
0
0
0
0
0.0214
0
0
0
0
0
0
0
0
0
0
0
0
0
0
0
0
0
0
0
0
0
0.17356
0.26317
0
0
0
0
0
0
0
0
0
0.07508
0
0
0
0
0
0
0
0.02196
0
0
0
0
0
0
0
0
0
0
0
0
0
0.08418
0
0
0
0
0
0
0
0
0
0
0
0.06563
0
0
0
0
0
0
0
0
0
0
0
0
0
0.08075
0.4683
0
0.0866
0
0
0
0
0
0.17103
0
0
0
0
0
0
0
0
0
0
0
0.11744
0
0
0
0
0
0.48859
0
0
0
0
0
0
0.16724
0
0
0.10006
0
0
0.07964
0
0
0
0
0
0
0
0
0
0
0
0
0
0
0
0.07688
0
0.05597
0
0
0
0
0
0
0
0
0
0
0
0
0
0
0
0
0
0
0
0
0
0
0
0
0.22269
0
0
0
0
0
0
0
0
0
0
0
0
0
0
0
0
0
0.22599
0.08376
0
0.13681
0
0
0.06391
0
0
0
0
0
0
0
0
0
0
0
0
0
0.08141
0
0
0
0
0.06555
0
0
0
0
0
0
0
0
0
0
0
0
0
0
0.04431
0
0
0
0
0.06122
0
0
0
0
0.13612
0
0.06735
0
0
0
0.05773
0
0.21467
0.16327
0
0
0
0
0
0
0
0
0
0
0
0
0
0
0
0
0
0
0
0
0
0
0
0
0.72904
0
0
0
0
0
0
0.17376
0
0
0
0
0
0
0
0
0
0.17349
0
0
0
0
0
0
0
0
0
0
0
0
0
0
0
0
0.02582
0.06838
0
0
0
0
0
0
0
0
0
0
0
0.02218
0
0
0
0
0
0
0
0
0
0
0.12287
0
0.17269
0
0
0
0
0
0.0634
0
0
0
0
0
0
0
0
0
0
0
0
0
0
0
0
0
0
0
0
0.06403
0
0.09365
0
0
0
0
0
0
0.13206
0.53241
0.12328
0
0
0
0.02223
0
0
0
0
0
0
0
0
0
0
0.0676
0.12847
0
0
0
0
0
0.06738
0
0
0
0
0
0
0
0.05449
0
0
0
0
0
0
0
0
0.0742
0
0
0
0
0
0
0
0
0
0
0
0
0.09193
0
0
0
0
0
0
0
0
0
0
0
0
0
0
0
0
0
0
0
0
0
0
0
0
0
0
0
0
0.05784
0
0.44491
0
0
0
0
0
0
0
0
0.16068
0
0
0
0
0
0
0
0
0
0
0.0689
0
0.09346
0
0
0
0
0
0
0
0.18099
0
0
0
0
0
0
0.77583
0
0
0
0
0
0.19271
0
0
0
0
0
0
0
0
0
0
0
0
0
0
0
0
0
0
0
0
0
0
0
0
0
0
0
0.02201
0
0
0
0
0.06466
0
0
0
0
0
0
0
0
0
0
0
0
0
0
0
0
0
0
0
0
0
0
0
0
0
0
0
0.11277
0
0
0
0
0
0
0
0
0
0
0
0
0
0
0
0
0
0
0
0
0
0
0.04981
0
0
0
0
0
0
0
0
0.08828
0
0
0
0
0
0.11399
0
0.08125
0
0
0
0
0
0
0
0
0
0
0
0
0
0
0
0
0
0
0
0
0
0
0
0.06918
0
0
0
0
0.17856
0
0
0
0
0
0
0
0
0
0.08796
0
0
0
0.06852
0
0
0
0
0
0
0
0
0
0
0.06855
0
0
0
0
0
0
0.33998
0
0
0.13439
0
0
0
0
0
0.05718
0
0.17368
0
0
0
0
0
0
0
0
0
0
0
0.43309
0
0
0
0
0.08442
0
0
0
0
0
0
0
0
0
0
0.06277
0.06631
0
0
0
0
0
0.03116
0
0
0
0
0
0
0.06456
0
0.14616
0
0
0
0
0
0
0
0
0
0
0
0
0
0
0
0
0
0
0
0
0.22596
0
0
0
0
0
0
0
0
0.06709
0
0
0
0
0
0
0
0
0
0
0
0
0.066
0
0
0.11761
0
0
0
0
0
0
0
0.06273
0
0
0
0.02093
0
0
0
0
0
0
0
0
0
0
0
0.11156
0
0
0
0
0
0
0.15901
0
0
0
0
0
0
0.05993
0
0
0
0
0
0.02915
0
0
0
0.37738
0
0
0
0
0
0.06521
0
0
0
0
0
0
0
0
0
0
0
0
0
0
0
0
0
0
0
0
0
0
0
0
0
0
0
0.06696
0
0
0.37566
0
0
0.27661
0
0
0
0
0
0
0
0
0
0
0
0
0
0
0
0
0
0
0
0
0
0
0
0
0.49448
0
0
0.03748
0.05659
0.05924
0
0
0
0
0
0
0
0
0
0
0
0
0
0.02153
0
0
0
0
0
0
0
0
0
0
0
0
0
0.09411
0
0
0.02179
0
0
0
0
0
0.29036
0
0
0
0.14753
0
0
0
0
0
0.25016
0
0.06648
0
0
0
0
0
0
0
0
0
0
0
0.05672
0
0
0
0
0
0
0.04222
0
0
0.51558
0
0.06156
0.79294
0
0
0
0
0
0
0
0
0
0
0
0
0
0
0
0
0
0
0
0
0
0
0
0
0
0
0.57621
0
0
0
0.06292
0.15322
0
0
0
0
0
0
0
0
0
0
0
0
0
0
0
0
0
0
0
0
0
0
0
0.06103
0
0
0
0
0
0
0
0
0
0
0.06684
0.06249
0
0
0
0
0.04317
0
0
0
0
0
0
0
0
0
0.65065
0
0
0
0
0
0
0
0
0
0
0
0.08813
0
0
0
0
0
0
0.0397
0
0
0
0
0
0
0
0
0
0
0
0
0
0.03214
0
0
0
0
0
0
0.17467
0.05778
0
0
0
0
0
0
0
0
0
0
0
0.6186
0.40904
0.15457
0
0
0
0
0
0
0
0
0
0
0
0
0
0
0.02295
0
0
0
0
0
0.06426
0
0.10127
0
0
0
0
0
0
0
0
0
0
0.06761
0
0
0
0
0
0.10215
0
0
0
0
0
0.01981
0
0.06525
0
0
0
0
0
0
0
0
0
0.06337
0.15903
0.01939
0
0
0
0
0
0
0
0
0
0
0.06715
0
0
0
0
0
0
0
0.25484
0
0.33732
0
0
0
0.07282
0.02429
0.04024
0
0
0
0
0
0.0597
0
0
0
0
0
0
0.05982
0
0
0
0
0
0
0
0
0.135
0
0
0
0
0.072
0
0
0
0
0
0
0
0
0
0
0
0
0.0741
0
0
0
0
0
0
0.06626
0
0.10973
0
0.02127
0
0
0
0
0
0
0
0
0
0
0
0
0
0
0
0
0
0
0
0
0
0
0
0
0
0
0
0
0
0.02028
0
0
0
0
0
0
0
0
0
0
0
0
0
0.01984
0
0
0
0
0
0
0
0
0
0
0.02486
0
0
0
0
0
0
0.0417
0
0
0
0
0
0
0
0
0
0
0
0
0
0
0
0
0
0
0.06512
0
0
0
0
0
0
0
0
0
0
0
0
0
0
0.07358
0
0
0
0
0
0
0
0
0
0
0
0
0
0
0
0
0
0
0
0
0
0
0
0
0
0
0
0.0677
0
0
0
0
0
0
0
0
0
0
0.06356
0
0
0
0
0
0
0
0.06969
0
0
0.04137
0
0.06686
0
0
0
0
0
0
0.04446
0
0
0
0
0
0
0
0
0
0
0
0
0.06532
0
0
0
0
0
0
0
0
0
0
0.06262
0
0
0
0
0
0
0
0
0
0
0
0
0
0
0
0
0
0
0.06666
0
0
0
0.06285
0
0
0
0
0
0
0
0
0
0
0
0
0.10495
0
0
0
0
0
0.04847
0
0
0
0
0
0
0
0
0
0
0
0
0
0.06674
0
0
0
0
0
0.06277
0
0
0
0
0
0
0
0
0
0
0
0.06683
0
0
0
0.17339
0
0
0
0.05703
0
0
0
0
0
0
0
0
0.07353
0
0
0
0
0
0
0
0
0
0
0.06337
0.03974
0
0
0
0
0
0
0
0
0
0
0
0
0
0
0
0
0
0
0
0
0
0
0
0
0
0.07244
0
0
0
0
0
0
0
0
0
0
0
0
0
0
0
0
0
0
0
0
0
0
0
0
0
0
0
0
0
0
0
0
0
0
0
0
0
0
0
0
0
0
0
0
0
0.0632
0.1714
0
0
0
0
0
0
0
0
0
0
0
0
0
0
0
0
0
0
0
0
0
0
0
0
0
0
0
0
0
0
0
0
0
0
0
0
0
0
0
0
0
0
0
0
0
0
0
0
0
0
0
0
0
0
0
0
0
0
0
0
0
0
0
0
0
0
0
0
0
0
0
0.03768
0.09392
0.14326
0
0
0
0
0
0
0
0
0
0.06729
0
0
0
0
0
0
0
0
0.68269
0.04643
0.03824
0
0
0
0
0
0
0
0.06303
0.17141
0.18229
0
0
0
0
0
0
0
0
0
0
0.06767
0
0
0
0
0
0.07472
0.0697
0
0.02936
0
0.49494
0
0
0
0
0
0
0
0
0
0
0
0
0
0
0
0
0
0
0
0
0
0
0
0.03806
0
0
0
0
0
0
0.05724
0
0
0
0
0
0
0
0
0
0
0
0
0
0
0
0.0629
0
0
0.06341
0
0
0
0
0.14343
0
0
0
0
0
0
0
0
0
0
0
0
0
0
0
0
0
0
0.0225
0
0
0
0
0
0
0
0
0
0
0.03647
0
0
0
0.05773
0
0
0
0
0
0
0.70075
0
0
0
0
0
0
0.05672
0.17514
0.05603
0
0
0
0
0
0
0
0
0
0
0
0
0
0
0
0
0
0
0
0
0
0
0
0
0
0
0.06361
0.10243
0
0
0
0
0.06884
0.17578
0
0
0
0
0
0
0
0
0
0
0
0
0
0
0
0
0
0
0
0
0
0
0
0
0
0
0
0
0
0
0
0
0
0
0.06647
0
0
0
0
0
0
0
0
0
0
0
0
0
0
0
0
0
0
0
0
0
0
0
0
0
0
0
0.06244
0.0198
0
0
0
0
0
0.04499
0
0
0
0
0
0
0
0
0
0
0
0
0
0
0
0
0.56992
0
0
0
0
0
0
0
0
0.36088
0
0
0
0
0.10838
0
0
0
0
0
0
0
0
0
0
0
0
0
0.38664
0
0
0.03724
0
0
0
0
0
0
0.10281
0
0.23447
0
0
0
0
0
0
0
0
0
0
0
0
0
0
0
0
0
0
0.08424
0
0.18324
0
0
0
0.06878
0.06917
0
0
0
0
0
0
0
0
0
0
0
0
0.0424
0
0
0
0
0.0684
0.05868
0
0.04909
0
0
0
0
0
0
0
0
0
0
0
0
0
0
0
0
0
0.02758
0
0
0
0
0
0
0
0
0
0
0
0
0
0
0
0
0
0.06734
0.2344
0.06853
0
0
0
0
0
0
0
0
0
0
0.12626
0
0
0
0
0
0
0
0
0
0
0
0
0.05084
0.08858
0
0.05705
0
0
0
0
0
0
0
0
0
0.03001
0
0
0
0
0
0
0
0
0
0
0
0.5245
0
0
0
0
0
0
0
0
0.05814
0
0
0
0
0
0
0
0
0
0
0
0
0
0.05838
0
0
0.0841
0
0
0
0
0
0
0
0
0
0
0
0.04637
0
0
0.13811
0
0
0
0
0
0
0
0
0
0
0
0.63169
0
0
0
0
0
0
0
0
0.09866
0
0.08714
0
0
0
0
0
0
0
0
0
0
0
0
0
0.52092
0
0
0
0
0
0
0
0
0
0
0
0
0.1518
0.07526
0
0.15339
0
0
0
0
0.14348
0
0
0
0
0
0
0
0
0
0
0.06624
0
0
0
0
0
0
0
0
0.20872
0
0
0
0
0
0.0934
0
0
0
0
0
0
0
0
0
0
0
0
0
0
0
0
0
0
0
0
0
0
0
0
0
0
0.04192
0
0
0
0
0
0.26763
0.10657
0.05846
0
0
0
0
0
0
0
0
0
0.11691
0
0
0
0
0
0
0
0
0
0
0
0
0
0
0
0
0
0
0.23599
0
0
0
0
0
0
0
0.22701
0
0.06436
0
0
0.20705
0
0.02973
0
0
0.0629
0.57345
0
0
0
0
0
0.08283
0
0
0
0
0
0
0
0
0
0.06289
0
0
0.43239
0
0.38543
0.02141
0.04903
0
0
0
0
0
0
0.05005
0
0.06868
0
0
0
0.06287
0
0
0
0
0
0
0
0.66397
0.06701
0.05374
0
0
0
0
0
0
0
0
0
0
0
0
0
0
0
0
0
0
0
0.06855
0
0
0
0
0
0
0
0
0
0.11863
0
0.09004
0
0
0
0
0
0
0
0
0
0
0
0
0
0
0.02357
0
0
0
0
0
0.06356
0
0.43948
0.17756
0.16335
0
0
0
0
0
0
0
0
0
0
0
0
0
0
0
0
0
0.10916
0.06386
0.14089
0
0
0
0
0.05922
0
0
0
0
0
0
0
0
0.18081
0
0
0
0.58955
0.01931
0
0
0
0
0
0.13212
0
0
0.38538
0.1448
0
0
0
0
0
0.04223
0
0
0
0
0.05431
0
0
0.06626
0
0
0
0
0
0
0
0.05784
0
0
0
0
0
0
0.25705
0
0
0.04923
0
0
0
0
0
0
0
0
0
0
0
0
0.22596
0
0.14374
0
0
0
0
0.56126
0.08116
0
0
0
0
0
0
0
0
0.39965
0.34121
0.10351
0
0
0
0
0
0
0
0
0
0
0
0.2519
0
0
0
0
0
0
0
0
0
0
0.54462
0.0583
0
0
0
0
0
0
0
0
0
0
0
0
0
0.0656
0
0
0
0.13602
0
0
0
0
0
0
0.50567
0.0402
0
0
0.06128
0
0
0
0
0
0
0
0
0
0.09115
0
0
0
0
0
0
0
0
0
0
0
0
0
0.01919
0
0
0.05885
0.14748
0
0
0
0
0.52561
0
0.34143
0
0
0
0.42127
0
0.27106
0
0
0
0.0249
0
0
0
0
0
0
0
0
0
0.06544
0
0
0
0
0
0
0.11667
0
0.04068
0
0.06451
0
0
0
0
0
0.08211
0
0.11188
0
0
0
0
0
0
0
0
0
0
0
0
0
0
0
0
0
0
0
0
0
0
0
0
0
0
0
0
0
0
0
0
0
0
0
0
0
0
0
0
0
0
0
0
0
0
0
0.20514
0
0
0
0
0
0
0
0.1478
0
0.05944
0
0
0
0
0.06129
0
0
0
0
0
0
0
0.16306
0
0
0
0
0.54507
0
0
0
0
0
0
0
0
0
0.19375
0.56635
0
0
0
0.57842
0
0
0
0
0
0
0
0
0
0
0.18326
0
0.08719
0
0
0
0
0
0
0
0
0.35844
0
0
0
0.07439
0.4107
0
0
0
0
0.05863
0
0
0
0
0
0
0.76308
0
0
0
0
0
0.31881
0
0
0
0.01941
0
0
0
0
0
0
0.68843
0.01928
0
0
0
0
0
0.04979
0.7062
0
0
0
0
0
0
0
0
0
0.07563
0.23222
0
0
0
0.11181
0
0
0
0
0
0
0
0
0
0.42121
0
0.06641
0.03899
0
0
0
0
0.0572
0
0
0
0
0
0
0
0
0.11857
0
0
0.05848
0
0
0
0
0
0.18278
0
0
0
0
0
0
0.07372
0
0.06453
0.05893
0
0
0
0
0.73004
0.34156
0
0
0
0.07486
0.05888
0
0
0
0
0.1791
0.04032
0.39227
0
0.05065
0
0
0
0.22777
0
0
0
0
0
0
0
0.42193
0.07606
0
0.23014
0.70148
0.62006
0.25197
0.18322
0
0.22202
0.18596
0.0616
0
0
0
0.08901
0
0.11277
0.16434
0.75067
0
0.0866
0
0
0.43725
0.48417
0
0
0.14787
0.15021
0.15424
0.06176
0.17545
0
0
0.18263
0.2435
0
0.07796
0
0
0.17441
0.65986
0
0
0.08909
0.60164
0.19136
0.15769
0.59925
0.15346
0.11715
0.15121
0.16099
0.50286
0.08971
0.18852
0
0.15903
0.45692
0.13429
0.42442
0.16235
0.12979
0.48217
