0.35007
0.36625
0.28141
0.39202
0.02137
0.34913
0.1845
0.19763
0.34846
0.20347
0.23419
0.13224
0.34865
0.22782
0.52966
0.17676
0.21073
0.36152
0.54926
0.33514
0.75517
0.20013
0.14717
0.08637
0.3237
0.28387
0.1457
0.18777
0.10739
0.36825
0.78887
0.13991
0.25901
0.57608
0.44169
0.77533
0.40587
0.26033
0.3087
0.06736
0.33592
0.47785
0.06655
0.11837
0.22224
0.79412
0.25712
0.19162
0.78781
0.34628
0.06605
0.17954
0.24988
0.1788
0.16224
0.62611
0.22669
0.35655
0.35229
0.1202
0.31186
0.4704
0.18491
0.06721
0.04268
0.067
0.0676
0.3343
0.25725
0.34034
0.14553
0.35869
0.36107
0.2114
0.25705
0
0.13217
0.11727
0.30908
0.10637
0.24439
0.21776
0.44362
0.14143
0.10674
0.31091
0.73099
0.21094
0.10654
0.80002
0.20037
0.21797
0.20564
0.60176
0.23655
0.06746
0.21099
0.23201
0.36123
0.21094
0
0.12108
0.16762
0.06647
0
0.10682
0.20297
0.30215
0.0425
0
0.15243
0.33093
0.0666
0.24031
0.25721
0.2438
0.17522
0.4007
0.09363
0.4209
0.80168
0.24264
0.66635
0.45511
0.88809
0.22682
0.31735
0.21847
0.09392
0.06646
0.24744
0.0192
0.47254
0.10701
0.22459
0.30043
0.51735
0.30042
0.30531
0
0.42065
0.67296
0
0.20265
0.67157
0.18733
0.08741
0
0.36476
0
0.05858
0.28667
0.45328
0.06672
0.20559
0.06686
0.21137
0.20274
0.93464
0.06728
0.04462
0
0.2057
0.33667
0.15096
0.42281
0.15183
0.53485
0.05801
0.07949
0.05797
0.26037
0.28465
0
0.01935
0.06715
0.06745
0.24069
0.47269
0.59921
0
0.23438
0.28661
0.72407
0.1678
0.47891
0.38168
0.20602
0.12854
0.25223
0
0.06724
0.26958
0.17314
0.14589
0
0.21889
0
0.26702
0.87673
0.38194
0.63791
0.1519
0.2067
0.74746
0.33579
0.02101
0.15083
0.59087
0.38292
0.20695
0.65396
0.51053
0.49209
0.26963
0.45112
0.30062
0.14599
0.04445
0.24194
0.04357
0.6426
0.65472
0.10635
0.55583
0.31125
0.35918
0.67149
0
0.73621
0.78751
0.57676
0.70686
0.21128
0.3105
0.1521
0.06664
0.32871
0.27009
0.18751
0.05718
0.6878
0.29285
0.26236
0.6562
0.42315
0.05786
0.06707
0.10642
0.05807
0.14712
0.19334
0.42175
0.65717
0
0
0.78134
0.19626
0.19224
0
0.30968
0.09936
0.15227
0.94081
0.04501
0.27648
0.2359
0.32176
0.15544
0.16567
0.27
0.04357
0.06717
0.04354
0.21018
0.22618
0.78374
0.21063
0
0.30966
0.37697
0.06297
0.30976
0.47022
0.2051
0.0668
0.21052
0.22153
0.06749
0.62737
0.46937
0.42301
0.17933
0.15181
0
0.11894
0.30992
0.23445
0.51468
0.44162
0.39764
0.18793
0.62219
0.35681
0.20973
0.53044
0.27009
0.10774
0.06729
0.22068
0.05821
0.40153
0
0.49671
0.27422
0.19517
0.21979
0.18157
0.21806
0.29008
0.3392
0.23278
0.05832
0.06731
0.65085
0.39911
0
0
0.196
0.38538
0.17868
0.25713
0.35907
0.43216
0.07904
0.21781
0.27474
0.18529
0.10284
0.23882
0.10065
0.7768
0.94092
0.42275
0.39625
0.27336
0.68164
0.11848
0.39195
0.38514
0.73568
0.26179
0.51939
0.20752
0
0.15782
0.87009
0.20196
0.12144
0.06693
0.4031
0.15192
0.22154
0.9076
0.02244
0.17785
0.37906
0.14711
0.36878
0.80714
0.31487
0.15852
0
0.11768
0.27423
0.67189
0.12583
0.29274
0
0
0.15849
0.21388
0.52677
0
0.30891
0.19522
0.38548
0.40773
0.39793
0.46752
0
0
0.27391
0.07959
0
0.15276
0.14411
0.23374
0.19629
0.21715
0.12885
0.06676
0.19697
0.14727
0.23171
0.27302
0.52432
0.18637
0.27304
0.36021
0.06666
0.17768
0.42499
0.32109
0.62212
0.42389
0.41655
0.19706
0.10698
0.27379
0.28741
0.31106
0.65105
0.34244
0.14426
0.39425
0.35509
0.09894
0.31245
0.05687
0.06686
0.21131
0.21447
0.18838
0.129
0.63866
0
0.05654
0
0.2373
0.20259
0.17181
0.12164
0.10324
0.14531
0.05696
0.17828
0.25819
0.17332
0.44443
0.06736
0.1705
0.41574
0.6885
0.57997
0.40007
0.13811
0.50991
0.31126
0.38093
0.17326
0.22529
0.05856
0
0.35861
0.21833
0.44724
0.40878
0.16574
0.15203
0.25771
0.90732
0.02025
0.37027
0.42445
0.42158
0.13213
0.39847
0.40163
0.2348
0.85859
0.38859
0.26305
0.17951
0.14608
0.13605
0.11537
0.21584
0.47296
0.27409
0.04355
0.12272
0.0666
0.14154
0.27422
0.26298
0.34509
0.17414
0.05748
0.20591
0.06692
0.11776
0.27485
0.3019
0.32448
0.27597
0.1906
0.39222
0
0.23271
0.28556
0
0.06171
0.89465
0.28467
0
0.27053
0.31599
0.20546
0.19045
0.17827
0.43684
0.55782
0.18738
0.40074
0.49291
0.31575
0.0441
0.94774
0.30807
0.44129
0.21824
0.06706
0.17132
0.23443
0.14399
0.41917
0.16269
0.18345
0.24466
0.52878
0.40068
0
0.19454
0.27364
0.52772
0.32853
0.06707
0.10734
0
0.24668
0.10665
0.48373
0.46378
0.38698
0.34429
0.16443
0.04018
0.01874
0.27027
0.36079
0.06476
0.20739
0.47233
0.44731
0.16167
0.28822
0.22886
0.16556
0.06689
0.02143
0.88184
0.12027
0.27567
0.40213
0.05866
0.067
0.16301
0.27326
0.65813
0.07783
0.09865
0.05755
0.3881
0
0.37216
0.27077
0.25993
0.43618
0.20511
0.14779
0.17527
0.38013
0.31956
0
0.044
0.10197
0.19184
0.51636
0.21447
0.84672
0.20535
0.17776
0.42689
0.38035
0.12853
0.48608
0.22098
0.31049
0
0.21896
0.24634
0.68611
0.31046
0.26525
0
0.35148
0.27076
0.09595
0.43462
0.06686
0.18729
0
0.46043
0.35144
0.18715
0.31201
0.04436
0.23199
0.26577
0.18761
0.27387
0.15296
0.17827
0.14445
0.12325
0.1171
0
0.16943
0.04293
0.42419
0.50277
0.34686
0.15151
0
0.04362
0
0.21839
0.15314
0.2661
0.42679
0.25695
0.04292
0.88238
0.46137
0.3927
0.60169
0.46581
0
0.55178
0.0788
0.27837
0.21026
0.30537
0.5153
0.12712
0.25145
0
0.15767
0.06661
0.12189
0.70838
0
0.24689
0.16538
0.31185
0.47168
0.09952
0.46252
0.04406
0.29385
0.12196
0.06149
0.10064
0.30976
0.40185
0.1653
0.39616
0.30192
0.21866
0.32624
0.03745
0
0.57266
0.12147
0
0.07944
0.15829
0.04425
0.01912
0.05781
0.96451
0.25301
0.37478
0.15138
0.11828
0.52885
0.05797
0.05716
0.19233
0.28636
0.05829
0
0.35549
0.40838
0.42019
0.05762
0.23631
0.1789
0.05864
0.19818
0.75188
0.06665
0.12186
0.0567
0.0582
0.05813
0.38789
0.27417
0.05792
0.1995
0
0.27351
0
0.01916
0.11849
0.38483
0.06445
0.40404
0.54827
0.28713
0.41912
0.18006
0.2628
0.31007
0.0584
0.37454
0.17088
0.06658
0.15873
0.06271
0.39839
0.1179
0.50465
0.16887
0.30289
0.20574
0.52977
0.19593
0.23145
0.3314
0.4817
0.19793
0.62533
0.45656
0.52844
0.04352
0.05767
0.3087
0.57435
0.44487
0.08724
0.46806
0.04233
0.44734
0.0575
0.38468
0.12271
0.04961
0.30932
0.14985
0.09137
0.21299
0.13207
0.15873
0.20415
0.05787
0.1246
0.56055
0.311
0.53348
0.07842
0.11931
0.05716
0.12846
0.18138
0.13063
0.06147
0.32411
0.31412
0
0.20727
0
0.0589
0.48665
0.05647
0.26401
0.05665
0.13547
0.2112
0.10636
0.11311
0.54076
0.12253
0.52057
0.07922
0.17
0.0592
0.57959
0.25705
0.42454
0.58702
0.50106
0.11722
0.17762
0.34876
0.11746
0.36495
0.06206
0.10496
0.73388
0.09934
0.18388
0.06684
0.2121
0.1186
0.12336
0.21847
0.11831
0.24165
0.54259
0.4742
0.14391
0.06129
0.37949
0.04429
0.32162
0.08349
0.0626
0.04972
0.53202
0.07936
0.06469
0.08902
0.20902
0.21367
0.18068
0.20697
0
0.07677
0.50308
0.36684
0.12722
0.06217
0.38802
0.17002
0.78972
0.07942
0.05705
0.0666
0.39212
0.35222
0.58175
0.53525
0.05876
0.46009
0.61921
0.47884
0.03476
0.43615
0
0.3919
0.73748
0.12053
0.20707
0.2068
0.11043
0.06458
0.19755
0.22132
0.30845
0.35768
0.58611
0.05746
0.03502
0.11664
0.38571
0.24436
0.20805
0.39837
0.29713
0.11058
0.16285
0.22073
0.27399
0.11969
0.2736
0.1729
0.08544
0
0
0.42828
0.16432
0.05716
0.27312
0.12598
0.09904
0.10014
0.49423
0.30796
0.42193
0.15224
0.10643
0.26891
0.23309
0.05776
0.42542
0.11921
0.27324
0.24463
0.05728
0.19831
0.12021
0.04943
0.11957
0.36207
0.46137
0.19854
0.44176
0.57758
0.47233
0.12225
0.05799
0.05677
0.2605
0.10038
0.58031
0.34948
0.18096
0
0.0782
0.17157
0.43596
0.05629
0.23898
0.19647
0.53404
0.05618
0.11155
0.29099
0.05668
0.11752
0.01915
0.20387
0.30983
0.04242
0.16072
0.13583
0.40394
0.21624
0.03469
0.03856
0.05826
0.11761
0.17508
0.39787
0.07859
0.40162
0
0.37362
0.34142
0.47391
0.07981
0.09861
0
0.39267
0.12905
0.20621
0.19834
0.10078
0.16131
0.51888
0.05777
0.1177
0.24622
0.26722
0.09869
0.29084
0.09667
0.51782
0.11774
0
0.13215
0.44604
0.31735
0.11702
0.16017
0.09669
0.05944
0.11793
0.35892
0.02123
0.159
0.43987
0.07605
0.13498
0.05681
0.13821
0.05668
0.12353
0.13405
0.11749
0.79374
0.03489
0.15943
0.08284
0.12035
0.17366
0.47231
0.04413
0.06658
0.12352
0.05667
0.45868
0.14671
0.31269
0.22116
0.46941
0.40105
0.15816
0.20128
0.37178
0.17829
0.06722
0.37903
0.10122
0.03779
0.39302
0.21074
0.05642
0.21166
0.12343
0.29058
0.30951
0.18959
0.29077
0.3567
0.06255
0.11696
0.09117
0.15816
0.05963
0.46898
0.02046
0.2907
0.06676
0.21429
0.23117
0.06301
0.0666
0.27347
0.14826
0.1236
0.42959
0.27317
0.16012
0.05972
0.07965
0.0626
0.35853
0.54429
0.12169
0.16131
0.4006
0.13875
0.27398
0.05715
0.43758
0.06282
0.43032
0.42425
0.303
0.47451
0.04367
0.04354
0.08209
0.10591
0.43708
0.05716
0.1185
0.34029
0.46327
0.31147
0
0.40085
0.12167
0.10249
0.0801
0.40787
0.26771
0.11693
0.43787
0.12284
0.46985
0.12285
0.16022
0.231
0.38921
0.27243
0.47145
0.32001
0.12175
0.02035
0.06219
0.09897
0.12263
0.05635
0.27417
0.06226
0.22771
0.40672
0.28017
0.12514
0.49492
0.15997
0.05746
0.39813
0.07921
0.19942
0.15949
0.27251
0.04356
0.06223
0.23921
0.09989
0.1467
0.06853
0.19783
0.10392
0.10143
0.45602
0.04361
0.27743
0
0.36135
0.53437
0.1591
0.15973
0.17785
0.06441
0.43724
0.09886
0.1795
0.2217
0.16448
0.10234
0.4723
0.12213
0.19279
0.09663
0.09984
0.05793
0.31436
0.08438
0.39872
0.16106
0.221
0.19935
0.33577
0.13898
0.09163
0.067
0.11813
0.10595
0.49273
0.05927
0.05718
0.07074
0.25049
0.11679
0.05983
0.1789
0.11968
0.15881
0.06185
0.37166
0.19016
0.35915
0.41427
0.10024
0.10775
0.18303
0.1198
0.49519
0.42248
0.28188
0.20674
0.18851
0.32014
0.16127
0.37157
0.22472
0.07905
0.18356
0.47531
0.35355
0.07929
0.12213
0
0.09945
0.07949
0.27405
0.07924
0.1198
0.11985
0.43836
0.1765
0.11706
0.43807
0.05759
0.26667
0.14286
0.11998
0.17958
0.16063
0.35325
0.22215
0.1595
0.13471
0.21775
0.08709
0.12062
0.2726
0.16013
0.12102
0.17992
0.19011
0.27399
0.07954
0.03773
0.29443
0.15943
0.4381
0.0197
0.40628
0.22659
0.11838
0.4116
0.01881
0.71163
0.28708
0.18036
0.05773
0.059
0.06656
0.10021
0.06153
0.45657
0.0993
0.4382
0.06733
0.1597
0.39823
0.42813
0.43822
0.39242
0.15376
0.22082
0.45686
0.85212
0.70487
0.37069
0.26723
0.15943
0.15871
0.09934
0.38563
0.22188
0.16079
0.11868
0.10031
0.31447
0.3983
0.40595
0.10586
0.10122
0.1059
0.08735
0.14812
0.09983
0.43688
0.2514
0.18063
0.16106
0.38494
0.15959
0.30392
0.13503
0.43521
0.15962
0.06114
0.05749
0.12183
0.1175
0.0668
0
0.25522
0.05756
0
0.54462
0.07931
0.22492
0.15973
0.1478
0.12167
0.15967
0.16017
0.40651
0.22188
0.22446
0.83356
0.06672
0.79502
0.53185
0.1421
0.12031
0.22142
0.06749
0.74172
0.39292
0.17112
0.20223
0.05752
0.05774
0.52987
0.42891
0.32953
0.05807
0.05749
0.03492
0.15955
0.10153
0.16054
0.08367
0.39237
0.37899
0.09875
0.0611
0.06031
0.06274
0.24521
0.09472
0.12081
0.39258
0.46291
0.12013
0.12327
0.20081
0.53396
0.15936
0.11844
0.10022
0.12016
0
0.13837
0.03804
0.13162
0.21657
0.05747
0.09948
0.05662
0.12271
0.22136
0.15968
0.05812
0.1595
0.06145
0.05888
0.11899
0.06003
0.03504
0.0612
0.16002
0.0618
0.07921
0.15812
0.16051
0.06148
0.11995
0.06156
0.09971
0.24768
0.11924
0.05775
0.06035
0.06063
0.09955
0.12049
0.05834
0.1597
0.11725
0
0
0.12284
0.09113
0.16172
0.09737
0.16159
0
0
0
0.16118
0
0.15993
0.06203
0.09128
0.0612
0.18516
0.06188
0.09988
0.14159
0.15998
0.22273
0
0.18127
0.11669
0.06201
0.16073
0.11826
0.11968
0
0
0.11974
0
0.01305
0.11776
0.06196
0.11972
0.16029
0
0.12002
0.11697
0.0614
0.06107
0.058
0.15861
0.07945
0.08169
0
0.0794
0.09917
0.06211
0
0.06144
0.06241
0.16037
0
0.15945
0.03806
0.07939
0
0.06198
0
0.11984
0
0.06213
0.12237
0.15939
0.033
0.0627
0
0
0.15896
0.06115
0.06166
0.06134
0
0.0388
0
0
0.09934
0.13432
0
0.06226
0.03926
0
0
0
0.06215
0.10025
0.0583
0.06193
0
0.06226
0.06305
0
0
0
0
0.14689
0.10013
0.15994
0.06324
0.16155
0
0
0
0.16082
0
0
0.22567
0
0.09958
0
0.09933
0.04231
0
0.06175
0
0
0.09957
0.09919
0.09967
0.09918
0.04232
0
0
0.06021
0.08684
0.07896
0
0.10546
0
0
0.11663
0.06741
0.09987
0.05833
0.07013
0
0.06336
0
0.1614
0.03956
0.061
0.05981
0
0
0.01974
0.07896
0.08593
0
0.08581
0.06248
0
0
0
0.07907
0.15836
0.12077
0
0
0.09932
0
0
0.06025
0.05897
0.0594
0
0
0
0.05854
0
0.09928
0
0.05854
0
0
0
0.09911
0.01934
0
0
0
0
0.16105
0.08573
0
0
0.05888
0.11897
0.0199
0
0
0
0.06055
0
0
0
0
0
0
0
0
0
0.1209
0
0
0
0.05892
0
0
0.01968
0
0
0
0.05384
0.05883
0
0.08541
0.03884
0
0.0996
0.11367
0
0
0
0.0585
0.09984
0
0.16068
0
0
0.08549
0.11894
0.12016
0.04678
0
0
0
0
0
0
0.05874
0
0.15984
0
0.05818
0
0.14351
0
0
0
0.05916
0.08102
0
0.05944
0
0.05865
0
0
0
0
0
0.15938
0
0
0
0.09898
0
0
0
0
0.05835
0
0.15968
0
0
0
0.05817
0
0
0
0
0
0
0
0
0
0
0
0
0
0
0
0
0.1022
0
0
0.05892
0
0
0
0
0
0.0581
0
0
0
0.05906
0
0
0.15911
0
0
0.07944
0
0
0
0
0
0
0
0
0
0
0.05884
0
0
0
0
0
0.12041
0
0
0
0.15967
0.05805
0.09935
0.05896
0
0
0
0
0
0
0
0
0
0
0
0
0
0
0
0.04834
0
0
0.04194
0.03213
0
0
0
0
0
0.13997
0
0
0
0.09951
0
0
0.10251
0
0.04219
0
0
0
0
0
0
0
0
0.05841
0
0
0.05863
0
0
0
0
0
0
0
0
0
0
0.05912
0.05207
0
0
0
0.08572
0
0
0.09907
0
0.08572
0
0
0
0
0
0
0
0.15988
0.11341
0
0.05859
0
0.09932
0
0
0
0.05412
0
0.13874
0
0
0
0.05844
0
0
0
0
0
0
0
0
0
0.09539
0
0
0
0
0
0
0
0
0
0
0
0.01941
0
0.0484
0
0
0.14126
0.05977
0.04836
0.09544
0
0
0.05879
0
0.05941
0
0.05854
0.15879
0
0
0.05897
0
0
0
0
0
0
0.01611
0.0362
0.1608
0
0
0
0.14123
0
0
0
0.25344
0
0.05815
0
0
0
0
0
0
0.15911
0
0
0
0
0.05872
0
0
0
0
0
0.063
0
0
0.10108
0
0
0
0.05842
0.05839
0
0
0
0
0
0
0
0
0
0
0.05865
0
0
0
0
0
0.05843
0
0
0
0
0
0
0.04221
0
0
0
0
0
0
0
0
0
0
0
0.05981
0
0
0
0
0
0.05817
0
0
0.06314
0
0
0.03883
0
0
0
0
0
0
0
0
0
0.01768
0
0
0
0.05898
0
0
0
0
0
0
0.05824
0
0
0
0
0.05863
0
0.05798
0
0
0
0
0
0
0
0
0
0
0
0
0
0.09581
0.15515
0
0
0.04161
0.15997
0
0
0
0
0
0
0
0.01762
0
0
0
0
0
0
0.11968
0
0
0
0
0
0
0
0.01934
0
0
0
0
0
0.20826
0
0.16292
0
0
0
0
0
0.10439
0.0962
0
0
0
0
0
0
0
0.05854
0
0
0
0.03899
0.07118
0
0
0
0
0
0
0
0
0
0
0
0
0.04834
0
0
0
0
0.19917
0
0
0.15911
0.04117
0
0.0182
0
0.04817
0
0
0
0
0
0
0
0
0
0.09595
0
0
0
0
0
0.01602
0
0.05159
0.04122
0
0
0
0
0
0.06826
0
0.04126
0
0.08466
0
0.06822
0
0
0.197
0
0
0
0
0
0
0
0
0
0
0
0
0
0
0
0.05823
0
0
0
0
0
0
0
0
0
0.10042
0
0.19831
0
0
0.25208
0
0.05412
0
0
0
0
0
0.01629
0
0
0.23746
0
0
0.01932
0
0
0.09597
0
0
0
0
0
0
0
0.23751
0
0
0.01379
0.53314
0.04141
0
0.02075
0
0
0
0
0
0.05872
0
0
0
0
0
0
0.01966
0
0
0
0
0
0
0
0
0.05902
0
0
0
0
0
0
0.20829
0
0
0
0
0.05973
0
0
0
0
0
0
0
0.07242
0.04884
0
0
0
0
0.20838
0
0
0
0.05898
0
0
0
0
0
0
0
0
0
0.05926
0
0.23427
0.05948
0
0
0
0
0
0
0
0
0.06011
0
0
0
0
0
0
0.05802
0
0
0.1174
0
0.01799
0.16046
0
0
0
0
0
0
0.45445
0
0
0
0
0
0
0
0.23475
0
0.13871
0
0
0
0.17947
0
0
0
0
0
0
0
0.23617
0
0
0
0
0
0.05427
0
0.01702
0.09928
0.23461
0
0
0
0
0.04871
0
0.23806
0
0.17941
0
0.05982
0
0
0
0
0
0.2346
0
0
0
0.04122
0.23639
0.01377
0
0
0.23481
0.03867
0.05991
0
0
0
0
0
0
0
0.15925
0.01768
0.0412
0
0.05948
0.21614
0.04221
0
0
0
0
0.0589
0
0
0
0.01599
0
0
0.01639
0
0
0.17921
0.16006
0
0.05895
0.05297
0
0
0
0
0
0.23552
0
0
0
0.15511
0
0
0
0
0.08591
0.23478
0.11473
0
0.05979
0.23714
0
0
0.19309
0
0
0
0
0
0
0.05442
0
0
0.2361
0.17787
0
0.49044
0.23489
0
0.21931
0
0
0
0
0.04129
0
0
0.05959
0.18128
0.23854
0
0
0.23609
0
0
0
0
0
0.21999
0.2357
0.23646
0
0.17805
0
0
0.0521
0.23628
0
0
0.0603
0
0.04185
0
0.0422
0
0
0.19897
0
0.10335
0
0
0.05121
0.04223
0
0.05953
0
0.23601
0
0.1013
0
0.01604
0
0
0.05933
0
0.19908
0
0
0.10544
0
0.05976
0.10144
0
0
0
0
0.50463
0.04863
0
0
0
0
0
0
0
0
0.21734
0.23639
0
0
0.05105
0
0
0.04867
0.23665
0.23544
0.0508
0.05193
0
0
0
0
0.2351
0.09611
0
0
0
0
0
0
0.04911
0.22119
0.04225
0
0.05968
0.04818
0
0
0.23593
0.10369
0.07818
0
0
0
0
0
0.20323
0.10126
0.23713
0.20795
0
0.1976
0.05967
0
0
0.19779
0
0
0
0
0
0
0
0.14134
0.05941
0
0
0.05898
0
0
0.17848
0.0507
0.04878
0.23565
0.18807
0
0.23723
0.04168
0
0
0.05838
0
0
0
0
0.1777
0
0
0.01812
0
0
0
0
0.05959
0
0.04877
0.09623
0.23535
0
0
0
0.16578
0.04808
0
0.01755
0
0
0
0.04842
0.50803
0
0
0.09576
0.04218
0
0.04807
0
0.43689
0
0
0.07773
0.23414
0
0.24937
0
0
0
0.0488
0.10394
0
0.12785
0.11481
0.38384
0
0.03221
0
0.10041
0.43695
0.0588
0
0.09932
0.50949
0
0
0
0
0
0
0.09621
0
0.14151
0
0.23581
0
0
0.08566
0
0.46773
0
0
0
0
0
0.04117
0
0
0.06089
0.14123
0
0.0681
0.25995
0
0.45452
0
0
0
0.05246
0.52645
0
0
0.06004
0.09648
0.05815
0.50852
0
0.05864
0.05938
0
0.04869
0.43664
0
0.04822
0.43725
0
0.23588
0
0
0
0.05079
0
0.04204
0
0
0
0
0
0.08566
0
0
0.19789
0.51359
0
0
0
0.14152
0
0
0.048
0.51353
0
0.10094
0.05167
0
0.52876
0.04162
0
0
0.04195
0
0
0.23728
0
0
0
0
0.05411
0
0.03892
0
0
0
0
0
0
0.14141
0.05641
0.55824
0.04879
0.11603
0
0
0
0.09584
0.05959
0
0
0
0.2083
0
0
0.15525
0
0.05158
0.23748
0.10043
0.14139
0
0
0
0.05404
0
0
0.43605
0
0
0.51122
0.11403
0.11619
0
0
0.11486
0
0.31117
0
0
0.0328
0
0
0.10275
0.07081
0.05066
0.14164
0.04837
0.04833
0
0
0.04826
0
0.01536
0.11142
0.05376
0.14139
0
0
0.51375
0
0
0.23445
0
0
0.10113
0.04211
0.11417
0.01849
0
0
0
0.03344
0.09945
0.23562
0
0
0
0.05984
0.10282
0.09621
0.51408
0.38289
0
0
0
0.51311
0.04851
0
0
0.23471
0
0
0
0
0.07117
0
0
0.04196
0.10032
0
0
0
0
0
0.52887
0.05278
0
0
0.03236
0.51111
0.48314
0.1551
0.23565
0
0.19221
0.19923
0
0.51382
0.11463
0
0
0
0.40135
0
0
0
0
0
0
0
0
0
0
0
0
0
0.0514
0
0
0.04833
0.14144
0
0.10542
0
0
0.10119
0.04184
0
0.09921
0.49067
0.07869
0.53712
0.49068
0.05262
0
0
0
0
0.50916
0
0.10148
0.10058
0.14141
0
0.04839
0
0
0
0
0.0587
0
0.09605
0
0.50941
0.08563
0.05511
0.12794
0
0.23603
0
0.51187
0.14129
0.06835
0
0.53526
0.14188
0.11831
0
0.45476
0.05971
0
0.11428
0
0
0
0
0
0.05392
0.11375
0.23516
0
0
0.10332
0.51275
0.05172
0.20801
0
0.51167
0
0.10047
0
0.10035
0.47437
0
0.23624
0.14142
0.05969
0.50595
0
0.50974
0.05234
0
0.51344
0.03394
0
0
0.03938
0
0.52511
0.19911
0
0.04838
0
0.03475
0
0
0.05046
0
0.05383
0
0.10094
0.04851
0
0
0
0
0.51174
0
0.03228
0.05165
0
0.09554
0
0.03621
0
0.42415
0.5135
0
0.07766
0.50987
0
0.55791
0
0.0506
0
0
0
0.20817
0.05313
0
0.11875
0
0
0
0.14173
0
0.05076
0.14125
0.04219
0.23738
0.05401
0
0.51058
0
0
0.05332
0.1011
0.10099
0
0.08869
0.0539
0.05356
0
0.05907
0
0.05221
0.09659
0.22422
0.51128
0
0.10099
0.04868
0
0
0
0.50891
0
0
0
0
0.05116
0.10234
0
0.48327
0.04241
0
0.10087
0.04255
0
0.23681
0.50655
0.20775
0
0
0
0.556
0
0
0
0.05364
0.1983
0.06977
0
0
0.05917
0
0
0
0.04115
0
0
0
0
0
0.14132
0.04866
0.04237
0.0276
0.142
0.14138
0.1413
0.11756
0
0.05387
0.55714
0
0.03639
0.5109
0
0.05362
0.14133
0
0.50835
0.05937
0.23733
0.09371
0
0.0957
0
0
0
0.04848
0
0.18369
0.09995
0
0.14126
0.04215
0.04766
0.55789
0
0.23689
0.50904
0
0
0
0
0
0
0.12831
0.05003
0
0
0.04858
0.05081
0
0
0.19753
0.01985
0.05421
0
0
0
0.08524
0
0
0.23723
0
0.51277
0.49168
0.09987
0
0.05389
0.05006
0
0.0992
0
0
0.23524
0.10067
0.09538
0
0.09948
0
0.55706
0.23717
0
0
0.51297
0
0
0.0537
0
0
0.09544
0.0704
0.10061
0
0.04886
0
0
0.51373
0.20745
0.51212
0.51134
0.09928
0.04854
0.17666
0.53628
0.05005
0.14141
0
0
0
0
0.05437
0.05022
0.18519
0
0.2375
0.18012
0.05334
0.20796
0
0.09547
0.01818
0
0
0
0
0.101
0.11676
0
0
0.07759
0.51231
0
0
0.23536
0
0.11476
0.15824
0.11367
0
0
0
0.51025
0.11623
0.11733
0
0
0
0
0
0
0.21687
0
0
0
0.08782
0.19931
0.01723
0
0.04273
0.18972
0.03633
0.05448
0.05197
0
0.07815
0.05367
0
0
0.07052
0.14133
0.09557
0
0.05158
0
0
0
0.52514
0
0
0
0
0
0
0
0
0
0.50744
0
0.05347
0.54087
0
0.54214
0.05414
0.05362
0
0.16285
0
0.50876
0.51396
0
0
0.13331
0.23545
0
0.53364
0.15013
0.04247
0
0.11776
0.04896
0.05424
0.10237
0
0
0.1564
0.03865
0.03331
0.07079
0.22495
0
0.01425
0
0.01637
0.28723
0
0
0
0
0
0
0.05341
0.19884
0
0
0.06911
0
0.50924
0.21168
0
0
0.15497
0.01666
0
0.07761
0
0.19857
0.15619
0
0
0
0.1306
0
0.14133
0.04915
0
0
0
0.14157
0
0.14132
0.04791
0.51294
0
0.24375
0
0.55829
0.14132
0
0
0.16262
0
0.10093
0.0539
0
0.16279
0
0.01394
0
0
0.54026
0
0
0
0.04835
0.04789
0.04148
0
0.09978
0.04869
0.25321
0.23433
0
0.5137
0
0.11643
0.01387
0
0.10091
0.19801
0.5091
0
0.01646
0
0.55761
0.05209
0.14957
0
0
0.10244
0.05382
0
0
0.04762
0.11616
0.14133
0
0
0.02777
0.04862
0.19821
0.19866
0
0.0955
0
0
0.04918
0
0
0.04252
0.04562
0
0.09537
0.09569
0
0.05256
0.19815
0
0
0.10089
0
0
0.05117
0
0.48422
0.20172
0
0.15452
0
0.07813
0.08722
0.19797
0
0
0
0
0.11399
0.05187
0.11733
0.51261
0.14128
0.04145
0.23496
0
0
0.14126
0.20928
0.16252
0.03252
0
0.0427
0
0.52132
0.11692
0.08706
0.1008
0.23645
0
0.14161
0.04201
0.54319
0.15154
0
0.11989
0.04156
0.09565
0.06977
0
0
0.10034
0.04784
0
0
0.04271
0.27425
0.19735
0.55654
0.10232
0.01682
0
0.09544
0
0.04533
0
0.23675
0.38275
0
0.05076
0
0
0
0.55823
0
0
0
0
0
0
0.50889
0.20871
0.13578
0.04271
0.23464
0
0.21827
0.1008
0
0.13669
0.05984
0
0
0
0
0
0
0.19857
0
0
0
0.10108
0
0
0
0.2367
0
0.48885
0.04804
0.16296
0
0.12635
0.06963
0.04886
0.15111
0.48587
0
0
0.51024
0.15003
0
0.04865
0
0.05109
0
0
0.01635
0
0.24344
0.0507
0
0.09598
0
0.04834
0
0
0.09551
0.10095
0.05231
0.16299
0.06907
0.34532
0
0
0.45926
0
0
0
0.05974
0
0
0.04238
0.48734
0.16242
0
0.10072
0
0.15536
0.08666
0.06974
0.23636
0.50945
0.04246
0.04965
0
0
0
0
0.1279
0.07552
0
0.0624
0
0.14137
0.14126
0.04245
0.05051
0.11425
0.43619
0
0
0
0.11998
0
0.1008
0
0.23761
0.09577
0.09588
0
0.06931
0.15531
0
0.05803
0.11766
0.16285
0
0
0
0
0.05058
0.04856
0
0.43691
0
0.05109
0.4053
0
0.04912
0
0.15529
0.14152
0.09537
0
0
0.1419
0.38167
0
0
0
0.09536
0
0.45326
0.04877
0.10058
0.04878
0.051
0.10055
0.04847
0
0
0
0
0
0
0.48313
0.51731
0
0
0
0
0
0.01607
0.05056
0.0491
0.09562
0.03516
0.28325
0.51208
0.08385
0
0.10063
0
0.12646
0.10113
0.12692
0.0502
0.05312
0.15502
0.5064
0
0.4838
0.09537
0.04921
0
0.15502
0.14138
0.53684
0
0
0
0.11734
0.12767
0
0
0
0.0492
0
0
0
0.04853
0.11279
0.04891
0.40005
0.04913
0
0.04914
0
0.5276
0.05189
0
0.05235
0
0
0.51232
0.10105
0.04908
0.11988
0.23716
0.05037
0.55625
0.04891
0.10045
0.04896
0.07198
0.23799
0
0
0.06782
0.1974
0.04252
0
0.09536
0.1142
0
0.51396
0
0.11793
0
0.11871
0.22836
0
0.03294
0.05225
0.11682
0
0.07772
0.04887
0.51036
0.40699
0
0
0
0
0
0.06796
0
0
0.04854
0.0712
0
0
0.04227
0.01425
0.10246
0
0
0.04893
0.04886
0.07036
0.14614
0.1147
0.1172
0
0
0.51
0.39727
0.4217
0.31066
0
0.09599
0
0
0.06764
0
0
0
0.06799
0
0
0
0
0.05177
0
0
0
0
0.51285
0.03311
0.38624
0
0
0
0
0.11674
0
0.11781
0.05142
0
0.04991
0.04901
0.06799
0
0
0
0
0
0.02814
0.04827
0
0.01655
0
0
0
0.11662
0.01682
0
0.04871
0
0
0
0
0.4945
0.06703
0
0
0
0.05062
0
0
0
0
0
0
0
0.04988
0
0
0.06823
0.10093
0.05009
0
0
0
0.48555
0.06692
0.12826
0.06896
0.08489
0.06807
0
0
0.0516
0.04881
0.55814
0.07267
0.01759
0.51407
0
0.43768
0.48302
0
0.04891
0.05044
0.06785
0
0.51371
0.05206
0.08631
0.05163
0
0
0.09536
0.06845
0
0
0.11552
0.15521
0.06837
0
0.05143
0
0
0
0
0.55782
0.55772
0.04859
0
0.05155
0.04517
0.05116
0
0.05297
0
0.5577
0
0
0.06781
0.07106
0
0.09535
0.11136
0.04924
0.04901
0.11594
0.05106
0.11747
0
0
0.04884
0
0.04938
0.04575
0
0.09534
0
0
0.10249
0
0.04872
0
0.04859
0
0
0.11583
0.04902
0.06831
0
0.01536
0
0
0
0.05194
0
0.068
0
0
0
0.0326
0.0414
0
0.15523
0
0
0
0
0
0.06891
0.06771
0
0
0.1755
0
0.04844
0
0
0
0.10474
0
0
0.04891
0.0228
0
0.05134
0.05076
0.45395
0
0
0
0.15514
0.06767
0.06852
0
0.04835
0
0.09533
0.11634
0
0
0
0.43889
0
0
0.04824
0.12022
0
0
0.02245
0
0.04955
0.11832
0
0
0
0
0
0.04796
0
0
0
0.04914
0
0
0
0.15438
0
0
0
0.04842
0.04869
0.0489
0.0952
0
0.06859
0.04828
0.06796
0
0.04734
0
0.04814
0
0.04792
0
0
0.03304
0
0.09327
0
0.19911
0.10431
0
0
0
0.09339
0
0
0
0.23672
0.05247
0.04795
0.04745
0
0.05282
0.15415
0
0
0
0.04855
0
0
0.0526
0.11394
0.11577
0.04928
0
0
0
0.06748
0
0
0.0494
0
0
0
0.13771
0.15415
0
0
0
0
0.05065
0
0.04882
0.15406
0
0
0
0
0.05117
0.05096
0
0.13758
0.04917
0
0.13638
0.04878
0
0
0
0
0
0
0
0.11872
0.06908
0
0.04867
0.06761
0
0
0.06871
0.05222
0.08579
0
0
0.15409
0
0
0
0.06857
0.06739
0
0.05187
0.05104
0
0.06792
0.19083
0
0
0.04447
0.06726
0
0.04916
0
0
0.04889
0
0.11599
0
0.03154
0
0
0
0
0
0.04799
0.04868
0
0
0.05223
0.04878
0
0.04882
0
0.04941
0
0
0
0
0.05133
0.1058
0
0
0.05076
0
0
0
0.04834
0
0.0668
0.06802
0.05141
0.08509
0
0
0
0.15442
0.04751
0.05212
0.05133
0.0223
0
0.11851
0
0.07038
0
0
0.21682
0.06872
0
0
0.11667
0
0.04832
0.06849
0.04841
0
0
0
0.04842
0
0
0.05033
0
0
0
0
0.08596
0.20836
0
0
0.04786
0
0
0
0
0
0
0
0
0
0
0.06826
0.05098
0
0
0
0
0
0
0
0.04789
0
0
0.04863
0
0
0
0
0.20878
0
0
0
0.05157
0
0
0
0
0
0.06833
0
0
0.04887
0
0.04439
0
0
0
0
0
0
0
0.15486
0
0
0
0
0.1178
0
0
0.05209
0.03367
0.0528
0
0
0
0.20882
0
0
0
0
0
0.06876
0.04812
0
0.05129
0
0.15479
0
0
0
0.06652
0
0
0
0
0
0
0
0.06955
0.04247
0.0458
0
0.0478
0
0.11695
0
0
0
0.0163
0
0.15374
0
0
0
0
0
0.04843
0
0
0.11844
0.01702
0
0
0.15517
0
0.11759
0
0.15596
0.04886
0
0
0
0
0.01589
0
0
0.06734
0
0
0
0
0
0
0
0.05267
0
0
0
0
0.25752
0.15517
0.06758
0.13794
0
0.0475
0.04879
0
0.26911
0.02249
0.1025
0.20787
0
0
0
0
0
0
0.04795
0.05251
0.06677
0.15514
0
0
0.05159
0.11768
0
0
0.13683
0
0.12043
0
0
0
0.04864
0
0
0.26925
0.05164
0.11318
0.11996
0.11645
0
0.04805
0
0.15579
0
0.03179
0.0524
0
0
0
0.04212
0.05171
0.04826
0
0
0
0
0
0
0
0
0
0.08507
0
0
0.04715
0.10243
0
0.19535
0
0
0
0
0.04918
0
0
0.06693
0
0
0
0.06801
0
0
0
0
0
0
0
0.04122
0.03202
0
0
0.05245
0
0
0
0
0
0.06759
0
0
0
0
0
0.05119
0.16267
0.06806
0
0
0.04778
0.10182
0
0
0
0.06727
0.0934
0
0
0
0.04796
0.15544
0
0.04772
0
0
0.16275
0
0
0
0
0
0
0.11661
0
0
0.06715
0
0
0
0
0
0
0
0.01629
0
0
0.03148
0.15427
0
0
0
0
0
0.04866
0.01662
0.10249
0
0
0
0
0.04868
0
0
0.04854
0
0
0
0.0676
0.10296
0.05177
0.04868
0.14259
0
0
0
0
0
0.04773
0
0
0
0
0
0
0
0
0
0
0
0
0.10297
0.04875
0.04803
0
0
0
0.17301
0
0.04763
0.01669
0
0.04876
0
0
0
0
0
0.04872
0
0
0
0.08524
0
0
0.04789
0.23985
0.11812
0.04954
0
0
0
0.10074
0
0
0
0
0
0
0.06837
0
0
0
0
0
0
0
0
0
0
0
0
0
0
0
0
0.11793
0
0
0
0.05026
0
0
0
0
0.04904
0.06792
0
0
0
0
0.04903
0
0.06792
0
0
0.10236
0.03226
0
0
0
0.05102
0
0
0.11798
0
0.09992
0
0
0
0.06793
0
0.11853
0
0
0
0
0
0.11986
0
0.06776
0
0.04124
0
0
0
0
0
0
0
0.11758
0.11687
0
0
0
0
0.25162
0
0
0
0
0
0
0.06871
0
0
0
0
0
0
0
0
0
0
0
0
0.06848
0
0
0
0
0
0
0
0
0.10012
0
0
0
0
0
0.23274
0
0
0
0
0
0
0
0
0
0.20794
0.05068
0
0
0.06696
0
0
0
0.04802
0
0
0
0
0.10224
0
0
0.04814
0.10024
0
0
0
0
0
0
0
0
0
0.03164
0
0
0
0.06935
0
0
0.06777
0
0.11814
0
0.10221
0
0
0
0
0.04817
0
0
0
0.1013
0
0.06799
0
0
0
0
0
0.11831
0
0
0
0.0865
0
0
0.08508
0
0.06853
0
0
0
0
0
0
0.08492
0
0
0
0.20823
0
0.03264
0
0
0
0
0
0.05138
0
0
0.11774
0
0
0.06899
0
0
0.23996
0
0
0.04718
0.11881
0
0
0
0
0.06875
0
0
0.03269
0.06891
0
0.04772
0
0
0.04968
0.0687
0
0.04802
0.05127
0
0
0
0
0
0
0.06869
0
0
0
0.06792
0
0
0
0.08521
0.15352
0
0
0
0
0
0
0.13676
0
0.03218
0
0
0
0
0.10248
0
0
0
0
0
0
0
0.04776
0.07142
0
0
0
0.15486
0
0
0
0
0
0
0
0
0
0
0
0
0.06705
0
0
0.1186
0.03224
0
0
0
0
0
0.01425
0
0
0
0
0.20789
0.04121
0
0
0
0
0
0
0
0
0
0
0.04831
0.06819
0
0
0.11707
0
0
0
0
0
0
0
0
0
0
0
0
0.06864
0
0
0.04773
0
0
0
0.04221
0
0
0
0
0
0
0
0
0
0
0
0
0
0
0
0
0
0
0
0
0
0
0.0224
0
0
0
0
0
0
0
0
0.04694
0
0
0.05083
0
0
0
0
0
0
0
0
0
0
0
0
0.04257
0
0
0
0.11812
0
0
0.0482
0
0
0
0.01596
0
0
0
0
0
0
0
0
0.04812
0
0
0
0
0.04625
0.0426
0
0.04806
0
0
0
0
0
0
0
0
0.04803
0.04806
0.04242
0
0
0
0
0
0
0
0
0
0
0
0
0
0.02283
0
0
0
0
0
0
0
0
0
0
0
0
0.02283
0.03039
0.0322
0
0
0
0
0
0.04762
0
0
0
0
0
0
0
0.05697
0
0
0
0
0
0
0
0
0
0
0
0
0.08542
0
0.04739
0
0
0
0
0
0
0
0
0
0
0.06873
0
0
0.03198
0
0
0
0
0
0
0.06668
0
0
0
0
0
0
0.07255
0
0
0
0
0
0
0
0
0
0
0.01598
0
0
0
0
0
0
0.04819
0.05757
0.0482
0.06847
0
0
0
0
0
0
0
0
0.04818
0
0
0
0.04792
0.04835
0
0
0
0
0.04256
0
0
0
0.06719
0
0
0
0
0
0
0
0
0.04816
0
0.04744
0
0
0.04839
0.04664
0
0
0
0
0
0
0
0
0
0
0
0
0
0
0
0
0
0
0
0
0
0
0
0
0.06764
0
0
0
0
0
0
0
0
0
0
0.04802
0
0
0
0
0
0
0
0
0
0.04761
0
0
0
0.04101
0.04757
0
0
0
0
0
0
0
0
0
0
0
0
0
0
0
0.0464
0
0
0
0
0.0467
0
0
0
0
0
0
0
0.16315
0
0
0.04225
0
0
0
0
0
0
0
0.04821
0
0
0.04118
0
0.04805
0
0
0
0.0464
0
0
0
0
0
0
0
0
0
0.02244
0
0
0
0
0
0
0
0
0
0
0.16315
0
0.02009
0
0.06778
0
0
0
0.01623
0
0
0
0
0
0
0
0
0
0.05054
0.06866
0.048
0
0
0
0
0.04239
0.04866
0
0
0
0
0
0
0
0
0.05723
0
0
0
0
0
0
0.06652
0
0.04758
0.05031
0.05132
0
0
0
0
0
0.0495
0
0
0
0
0
0
0
0
0
0
0.04662
0.04103
0
0
0.04226
0
0.04739
0
0
0
0.04826
0
0
0
0
0.04717
0.0407
0
0
0
0
0.03261
0
0
0
0
0
0
0
0.0425
0
0.03302
0
0
0
0.0414
0
0
0.0418
0
0.01423
0.03191
0.04156
0.04149
0.04207
0
0
0
0
0
0
0
0
0.01583
0
0
0
0
0.04622
0.01514
0.01609
0
0
0
0
0
0
0
0
0
0
0
0.03188
0
0
0.04547
0
0
0
0.06696
0
0
0
0
0
0
0.04803
0.04213
0
0
0
0
0
0.04611
0
0
0
0
0
0
0
0
0
0
0
0.04711
0
0.02847
0
0
0.04158
0
0
0
0
0
0
0
0
0
0
0
0.04591
0
0
0
0.0482
0
0
0
0.04185
0
0
0
0
0
0.04696
0.06721
0.04251
0
0
0
0
0.06048
0
0.04181
0
0
0
0
0.04124
0
0
0
0
0
0
0
0
0
0
0
0
0
0
0
0
0
0
0
0.04722
0
0
0
0
0.04796
0
0
0
0
0
0.0583
0
0
0
0
0
0.04816
0.04724
0
0
0
0.04247
0
0.03188
0.0504
0
0.02825
0
0
0
0
0
0
0
0.04584
0
0
0
0
0
0
0
0
0
0
0
0.04656
0
0
0
0
0
0.04083
0
0
0
0
0
0
0
0
0
0
0.06121
0
0
0.0452
0.04213
0
0
0
0.03826
0
0
0
0
0
0
0
0
0
0
0
0.05111
0.03269
0
0
0.01713
0
0.04547
0.0421
0
0
0
0
0
0
0
0
0
0
0
0
0
0.04159
0
0
0
0
0
0.04255
0
0
0
0
0
0
0
0.04631
0
0
0
0.04604
0
0
0.04225
0
0.04215
0
0
0
0.04633
0
0
0.0514
0.04128
0
0
0
0.04558
0
0.03029
0
0
0
0.05021
0
0
0
0
0
0
0.0479
0.16326
0
0
0
0.04216
0.04636
0
0
0.04265
0
0
0
0
0
0.05021
0
0
0
0
0
0.06072
0
0
0
0.14332
0
0
0
0
0
0
0
0
0
0
0
0
0
0.04219
0
0
0
0
0
0
0
0.10377
0
0
0
0
0
0
0
0
0
0
0
0
0
0
0
0.01907
0.04134
0
0
0
0
0
0
0
0
0
0
0
0
0
0
0
0
0
0
0.01911
0
0
0
0
0.04137
0
0
0
0.02826
0
0
0
0
0
0
0
0
0
0
0
0
0
0.04192
0
0
0
0
0.06069
0
0
0
0
0
0
0.06113
0.04187
0.04224
0
0.16352
0.04767
0
0
0
0
0
0
0.16306
0
0
0
0
0
0
0
0
0
0
0.04176
0
0
0
0
0.04166
0
0
0
0
0
0
0
0
0
0
0
0
0
0
0
0
0
0
0
0
0
0
0
0
0
0
0
0
0
0
0
0
0
0.03086
0
0
0
0
0
0
0.11801
0
0
0
0
0
0
0
0
0
0.0514
0
0
0
0.10355
0
0
0
0
0
0
0.0461
0
0
0
0
0
0
0
0.06403
0.03212
0
0
0
0
0
0
0
0
0
0
0
0
0
0.04181
0
0.04596
0.04727
0
0
0
0
0
0
0
0
0
0
0
0
0.03939
0
0
0
0
0
0.04162
0
0
0
0
0
0
0
0
0
0
0
0.05098
0.03163
0
0
0
0.14326
0
0
0.04201
0
0.04177
0
0
0
0.04685
0.0466
0.05137
0
0
0
0
0
0
0
0
0.10395
0
0
0.04164
0
0
0
0
0
0
0
0.04217
0.04661
0
0
0
0
0
0
0
0
0
0
0
0
0.06021
0
0
0.04597
0
0.04152
0
0
0
0.06097
0
0.04252
0
0.04189
0.04159
0
0
0
0
0
0
0
0
0
0
0
0
0
0
0
0.05142
0.04214
0
0.01398
0
0
0
0
0
0
0.04644
0
0.04252
0
0
0
0
0
0.05137
0.05111
0
0
0.0415
0
0
0
0
0
0
0
0.04685
0
0.04215
0
0
0.04616
0
0
0
0
0
0
0.0422
0
0
0
0
0.03119
0
0
0
0
0.04624
0.05993
0
0
0
0.06304
0
0
0
0
0.04144
0.04211
0.04213
0.03382
0.05147
0
0
0
0.04732
0
0
0.11757
0
0.04566
0
0
0
0.04171
0
0
0.06314
0
0
0
0
0.0422
0
0
0
0
0
0.03059
0.04741
0
0
0.07113
0
0
0
0
0
0.06203
0
0
0.04124
0
0
0.02738
0.04684
0.04111
0
0
0.10344
0
0
0.04757
0
0
0.04665
0
0
0
0
0
0.0278
0
0.04684
0.01565
0.01565
0
0
0
0.03047
0
0.04612
0.05112
0
0.0567
0
0
0
0.04574
0
0.0581
0
0
0.1635
0
0
0.06136
0
0.0514
0.04809
0
0.05122
0.04126
0
0.05082
0
0
0.04686
0
0.10353
0.0413
0.16355
0
0.0475
0
0
0.04763
0
0
0.04769
0
0
0
0
0.01601
0
0
0.05138
0
0.04699
0
0.05972
0.05088
0
0
0
0.04743
0
0.04732
0
0
0.01384
0
0
0
0.01711
0
0
0.04581
0.06072
0
0
0
0
0.04789
0.04692
0
0.04716
0
0.04114
0
0
0
0.04094
0
0
0
0.16329
0
0.01378
0.04595
0.01398
0
0
0
0
0.05122
0
0.05142
0
0.04774
0
0
0
0.01517
0
0.0411
0
0
0
0.10338
0
0
0
0
0.04097
0.04591
0
0
0.16314
0
0
0
0.04267
0
0
0
0
0.04703
0.01398
0.01994
0
0.10348
0
0
0
0
0
0
0.06066
0.01411
0
0
0.04752
0
0
0
0
0
0.04644
0
0.05062
0
0.06073
0.04681
0.05859
0
0
0
0
0
0
0.07294
0
0
0
0
0.06272
0
0
0
0.04204
0
0
0.10353
0.05062
0
0.06083
0.04261
0
0
0.03964
0
0
0
0.04659
0
0
0.02793
0.05082
0
0.04669
0
0
0
0
0
0.04175
0.06024
0
0
0
0
0.05126
0.06215
0.11813
0.04655
0.05145
0
0
0
0
0.05969
0
0
0.05141
0
0
0.05045
0
0
0
0
0.01699
0
0.16324
0.16322
0.05115
0
0
0.03087
0.04773
0
0.0578
0
0.0136
0
0
0
0
0.06008
0
0.04225
0
0
0
0
0
0.06081
0
0
0.04627
0
0
0
0
0
0.04249
0
0.02819
0
0
0
0.03042
0
0.06371
0
0
0.0407
0
0
0
0
0
0
0
0
0
0
0
0
0
0
0
0
0.05137
0
0
0
0
0
0.04558
0
0.05122
0
0
0
0
0
0.06133
0
0
0.04768
0
0
0.04709
0
0
0
0
0.05039
0
0
0
0
0
0.16341
0
0
0
0
0
0
0.04187
0
0
0
0.04732
0
0.0409
0.05142
0
0
0.0512
0
0
0
0
0.16323
0.05056
0
0
0.06252
0.05152
0
0
0
0.04718
0
0.06188
0.05152
0.04241
0
0
0
0
0.0595
0.04228
0
0
0
0.04146
0
0
0.05644
0
0
0
0
0
0.04714
0
0.16345
0
0
0
0
0
0
0.16344
0
0.04243
0
0
0
0
0
0
0
0
0.16367
0
0
0
0
0
0.0342
0.06004
0
0.0612
0
0
0
0.04732
0
0.04076
0
0
0
0
0
0
0.0416
0
0
0
0
0
0
0
0
0
0
0
0
0.06109
0
0
0.01667
0
0
0
0.04988
0
0
0
0
0
0
0.0407
0
0.05986
0.03395
0
0
0
0
0
0
0
0
0
0
0
0
0
0
0
0.05126
0
0
0.04692
0.04674
0
0
0
0
0
0
0.04711
0
0
0
0.04669
0
0
0
0
0.04667
0
0
0
0
0.04223
0
0
0.04665
0.04729
0
0
0
0
0
0
0
0
0
0
0
0.04766
0.05139
0
0.18755
0
0
0.05008
0
0.04684
0.16323
0
0.04158
0
0
0
0
0
0.04631
0
0.12413
0
0
0.04216
0.0508
0.0506
0.05104
0
0
0
0
0
0
0.05026
0.16349
0.05134
0
0
0.10391
0
0.05081
0.04138
0
0.10409
0
0
0
0.0513
0.05074
0.10456
0
0.10431
0.04586
0.05139
0.04772
0
0
0
0.05131
0
0
0
0.06381
0
0.11765
0
0.05122
0
0.0605
0
0
0
0
0
0
0
0.04207
0
0
0
0
0.01982
0
0.06137
0.16328
0.05089
0
0.04176
0
0.01661
0
0
0
0
0.06229
0
0
0
0.16312
0.06171
0
0.06282
0
0.0463
0
0
0
0
0.10425
0
0
0
0.10355
0.12401
0
0
0.10343
0
0
0
0
0
0
0
0
0
0
0.1032
0
0
0.06059
0
0.16307
0
0
0.05046
0.03943
0
0
0
0.0166
0.06092
0
0
0
0.05095
0
0
0.05151
0.16332
0
0.05065
0.04197
0.06042
0
0
0
0
0
0.06101
0
0.05141
0.03343
0.03201
0.05147
0
0
0
0.03376
0.05963
0.05091
0.188
0.04139
0
0
0.12411
0.05575
0
0
0
0
0.05144
0.03136
0
0.16316
0.04582
0
0.16329
0
0
0
0
0
0
0.04739
0
0
0.04224
0
0.06286
0.03414
0
0
0.05105
0
0.05146
0.18742
0
0
0.06274
0
0
0.04189
0.16331
0
0
0
0
0
0.0862
0.10388
0
0.04148
0
0.05037
0
0.04597
0
0
0.01958
0
0.06095
0
0
0.04494
0
0.05598
0
0
0
0.16332
0
0
0.05074
0.10367
0.10471
0
0.05991
0
0
0.05552
0
0
0.12346
0
0.06131
0.04714
0
0.05108
0
0.06
0
0
0
0.07257
0.05103
0
0
0
0
0.1631
0
0.04645
0.08617
0
0.06091
0
0
0.04069
0
0.05608
0.04695
0
0.06215
0.16337
0.04195
0
0.05
0
0
0
0.05077
0.05074
0
0
0
0
0
0.04224
0.16311
0
0
0
0.04613
0.05673
0
0
0
0
0
0
0
0.04103
0.04178
0
0
0
0.10393
0.04103
0.01679
0.05079
0
0
0.05
0.0407
0.06198
0
0
0
0.06327
0.1636
0
0
0.0598
0
0.06232
0
0.1033
0
0
0
0.041
0
0.04201
0
0
0
0.0858
0.05145
0.05114
0
0
0
0.05089
0
0.06331
0.05616
0.18804
0
0
0.03927
0.0469
0
0
0
0
0
0.05075
0
0
0
0
0
0
0.1636
0.05109
0.06181
0.06309
0.05088
0.16363
0
0.0408
0
0.04695
0
0.11085
0.05005
0.051
0
0
0
0
0
0.16346
0.10534
0.01537
0
0.09898
0
0.04108
0.05639
0.06176
0
0
0.05021
0
0
0
0.06167
0.10368
0
0
0
0.05643
0.04198
0
0.03379
0.04191
0.04147
0.08669
0.04695
0.04137
0
0
0
0
0.06201
0.06136
0
0.0407
0.06161
0.16403
0.06195
0
0
0
0
0
0.16387
0.04148
0
0
0.05052
0
0
0
0.14428
0
0.04183
0.04149
0.06071
0
0
0.05694
0
0
0.05065
0
0.1639
0
0
0.04641
0.02146
0.06194
0.15564
0
0
0
0
0.16356
0.16318
0
0
0
0
0.05064
0.15603
0
0
0
0.04171
0
0.08671
0.04138
0
0.01301
0.04051
0.04291
0
0.04118
0
0
0.14375
0.03239
0.16805
0.11698
0
0.06288
0.0729
0
0
0
0
0.06423
0
0
0.14394
0
0.16367
0
0.16383
0.12498
0.08826
0.04653
0.05034
0
0.0611
0
0
0
0
0
0
0
0.03094
0.04525
0
0
0
0
0.01625
0.04646
0.04133
0.03881
0.11719
0
0
0.05558
0
0
0.06033
0.06079
0
0.04517
0.05592
0.08816
0
0
0.08677
0.06273
0
0
0
0.06209
0
0.06403
0.08858
0
0
0.12564
0.04624
0
0.06367
0.04114
0.03915
0.08712
0
0.13032
0
0.05605
0.12836
0.04099
0
0.04596
0.06272
0
0
0
0
0
0.07353
0
0
0.03343
0.07249
0.04115
0
0.08813
0.08618
0
0
0.06214
0
0
0.039
0
0.05792
0
0
0.08703
0.03076
0.04503
0
0.03891
0
0.06293
0
0.05578
0.1234
0
0
0
0
0
0.06262
0
0.04104
0
0
0.04617
0
0
0
0
0
0.03831
0
0.063
0.1934
0.04663
0
0
0.04187
0
0
0
0
0
0.0888
0.06092
0
0.08832
0.08873
0.04609
0
0
0
0
0
0
0
0.07239
0
0.16389
0
0.05657
0
0
0.07328
0.04708
0
0.08865
0
0
0
0.06318
0
0
0
0
0.05109
0.08845
0
0
0
0.06147
0
0
0.04564
0.0933
0.04649
0.11763
0
0.06192
0
0.08771
0.07218
0.08807
0.16351
0.05553
0.07281
0.10467
0.04559
0
0.16329
0
0.05966
0
0
0
0
0.06328
0
0
0
0
0
0.06298
0
0
0.0202
0
0
0
0.05866
0
0.06267
0
0.04572
0.08632
0
0.07151
0
0.03928
0
0
0
0.16389
0
0.05764
0
0.16337
0.08769
0
0
0
0.10573
0
0
0
0
0.03822
0
0
0
0.04135
0.08662
0
0
0.06352
0
0
0
0
0.07151
0
0.07162
0
0.04217
0.16396
0.08768
0.05561
0.05667
0
0
0
0.06341
0.16364
0.42428
0
0.04556
0
0.16392
0.05726
0.0577
0
0
0.10543
0
0
0.06334
0
0
0
0.06337
0.06371
0
0.015
0
0.06302
0.10289
0.16368
0.10524
0.10554
0.05053
0.08815
0.10238
0
0
0
0
0.08756
0
0
0.12606
0.04528
0.06309
0.05118
0
0
0.06249
0
0
0
0
0
0
0.09045
0.04985
0
0.08677
0
0
0.08768
0
0.10607
0
0.08789
0.02988
0.16351
0
0
0.04578
0
0
0.16356
0.11816
0
0.08708
0
0
0.04643
0.01978
0.04236
0
0
0.07319
0.05544
0.08609
0
0
0.01844
0.08748
0.06216
0
0
0.06217
0.037
0.0454
0.08793
0.01519
0.11818
0
0.16346
0.06248
0
0
0.04514
0.0634
0
0
0.04232
0.0886
0.16715
0
0
0
0
0.0735
0
0
0.04271
0.08745
0
0
0
0.12547
0
0
0
0
0
0.05712
0
0
0
0.04112
0.05
0.07363
0
0.02128
0.08788
0
0
0.05097
0
0
0
0.04216
0.10536
0
0.06025
0
0.01506
0
0.04859
0
0.04118
0.08849
0
0
0
0.03243
0
0
0
0
0
0
0
0
0
0
0.11119
0
0
0
0.08866
0
0
0.01518
0
0
0.12557
0.06892
0.073
0
0.08722
0
0
0
0
0.08697
0
0
0
0.05894
0
0.06036
0
0
0
0
0
0.11081
0
0.01385
0
0
0
0
0.01622
0
0
0
0.10341
0.0728
0
0.04192
0.08669
0
0
0
0
0
0.08883
0
0.08811
0.09957
0
0
0.08694
0
0.08761
0
0
0.04092
0.12584
0
0.08824
0.08711
0
0
0.03039
0.04819
0.04111
0
0.04145
0
0
0
0.10556
0.08827
0
0.11086
0.03915
0.0473
0
0.08749
0.07167
0
0.08716
0
0.04709
0
0
0.01572
0.08561
0.05082
0.05608
0.04655
0
0
0
0.08482
0.03792
0
0
0.01926
0
0
0
0
0.08865
0
0.02974
0.04101
0.12545
0
0
0
0
0
0
0.12553
0
0
0.04457
0
0.04627
0.16376
0.04114
0
0
0
0.0868
0.03827
0
0
0
0
0
0
0.08441
0
0
0
0
0
0
0
0
0
0
0.08666
0
0
0
0.01984
0.05841
0.04457
0
0
0
0.05086
0.10575
0.14072
0.04105
0
0
0.12527
0.03918
0.11221
0
0.1058
0
0
0.03823
0
0.04501
0
0.1251
0.04093
0
0.08566
0
0
0.04476
0
0
0
0
0.04638
0
0
0.08838
0
0
0.1573
0
0.0486
0
0.08753
0
0
0.04446
0
0
0
0.08785
0.063
0
0.14053
0
0.02639
0.07241
0.12862
0.04081
0
0.0447
0
0
0
0
0.08613
0.04825
0.04474
0
0
0.04857
0.01537
0
0
0.03954
0
0
0.04447
0
0.12527
0.06016
0
0.04142
0
0
0
0
0
0
0
0.08777
0
0.08652
0.19545
0.03914
0.0457
0
0
0
0.05055
0
0
0
0
0.0833
0.04701
0.04699
0
0.08711
0.0141
0.04566
0.0393
0.04543
0
0.08655
0.05102
0
0
0.05884
0
0
0
0
0.05964
0.06768
0
0
0
0.04632
0
0.07511
0.12471
0
0
0.02806
0.03864
0
0.0868
0
0.04557
0.04615
0
0
0
0
0.06211
0.04545
0.04671
0.06397
0.0282
0.02556
0.07334
0.03887
0
0
0
0
0
0
0
0
0
0
0
0.03902
0.0393
0
0
0
0
0
0.04076
0
0
0
0
0
0.08862
0
0
0
0
0.03924
0
0
0
0
0.04163
0
0.04549
0
0
0.04077
0.0561
0.08751
0
0.04688
0
0.2513
0.03858
0
0.04683
0.02615
0.1332
0.03064
0
0
0
0
0
0.05914
0.04675
0
0
0
0.12456
0.11689
0
0.23596
0.0484
0
0.0877
0
0.06168
0.03853
0
0
0
0
0
0.05764
0
0
0
0
0
0
0.04622
0
0
0
0
0.12541
0
0
0
0
0
0.12515
0
0
0
0
0.12581
0.08617
0.03909
0.05618
0.01375
0.04657
0
0
0
0
0
0
0
0
0
0
0.01398
0
0
0.16785
0
0
0.01561
0
0.0383
0
0
0
0
0.04599
0.04389
0
0
0
0
0.25503
0.04681
0
0
0
0.0468
0
0.04851
0
0
0
0
0.04689
0
0
0
0
0.05589
0
0
0.11732
0
0
0.04796
0
0.13314
0.08257
0
0.10989
0
0.12564
0.02605
0.04759
0.10969
0
0.12517
0.03887
0
0
0
0
0
0
0.12452
0.04109
0.2553
0
0
0
0.02629
0
0
0
0.047
0.06321
0.04754
0.03228
0
0
0
0
0
0
0
0
0
0
0
0.09889
0
0.03135
0.05581
0
0.04153
0
0
0.13717
0
0
0
0
0
0
0.03971
0.03922
0
0.01293
0
0.04724
0.02578
0
0.0479
0
0
0.06095
0
0.13433
0
0.04798
0
0.03933
0.12465
0.0418
0.04186
0.0392
0.03899
0
0.0885
0.01274
0
0
0.05537
0.03918
0
0.0479
0
0
0
0.08615
0.04845
0.04808
0
0
0
0
0.04845
0
0
0
0
0
0.04764
0.02584
0
0
0.30799
0.03887
0
0
0.04558
0
0.10565
0
0
0.03948
0.03883
0
0.04619
0
0.03896
0
0.03879
0
0.03964
0
0.35361
0
0
0
0
0.04772
0
0.0129
0.11768
0.12502
0
0.33186
0
0
0.09637
0
0.11018
0
0.03898
0.30551
0.08926
0
0.04779
0.03939
0
0.05534
0.04191
0
0.06369
0.03955
0.04743
0
0
0
0.03892
0.03856
0.09631
0.03888
0
0.04605
0.04137
0.04626
0
0
0
0.04822
0
0
0.01517
0.23519
0
0.07502
0
0
0.03878
0
0
0
0
0.0869
0.04674
0
0
0.12505
0.03895
0
0
0.13308
0.04039
0.04767
0
0
0
0
0.2077
0
0.03975
0
0.07358
0.03852
0.04577
0
0.03926
0.13734
0
0
0
0
0
0.05283
0.19057
0
0
0.03902
0.1375
0.04766
0
0.03963
0
0
0
0
0
0.03907
0.04585
0
0.15852
0
0
0.04593
0
0
0.04829
0
0.04109
0.0387
0
0.07246
0
0.09895
0
0
0
0
0
0
0.03877
0
0
0.04761
0
0
0.03541
0
0.11139
0.0473
0
0.07264
0.06143
0.15692
0
0
0
0
0
0
0
0.04795
0
0
0.0259
0.03925
0.04791
0.0127
0
0.04819
0.04593
0
0
0.04774
0
0.15109
0.03909
0
0.09065
0
0.04129
0
0
0
0
0
0
0
0
0
0
0.07333
0.08798
0
0.04044
0
0
0
0
0
0
0.07511
0
0
0
0
0
0
0
0.04837
0
0.04812
0.0638
0.03892
0
0.07116
0.03831
0.15947
0.05422
0
0.03938
0
0
0.19238
0
0.13688
0.04128
0.0472
0.41927
0.41993
0
0.04616
0.08783
0.03905
0
0.08833
0.08755
0.04754
0
0
0.03872
0.10958
0.15463
0.20759
0.0885
0
0
0.04761
0.03903
0
0.04727
0
0.03194
0.03923
0
0.03934
0.04789
0.03938
0
0
0.0413
0.0466
0
0
0
0.01515
0
0.05773
0.04542
0.03903
0.04174
0
0.1099
0.03886
0.12529
0
0.11112
0
0
0.04802
0.04135
0
0.03844
0.1988
0.15987
0
0
0.04747
0
0.04735
0
0
0.03862
0.04136
0.03884
0
0.12524
0.02569
0.03934
0
0.041
0.24248
0.19263
0.08705
0.04681
0
0.05522
0.05478
0.04594
0.27654
0.01625
0
0
0.04726
0
0.22608
0.15809
0
0.20777
0.03943
0
0
0.15715
0.02735
0
0.26179
0
0
0.11032
0.04678
0.03926
0.27947
0.01394
0
0.11415
0
0
0
0.03901
0
0
0.32037
0.04767
0.05179
0.03855
0
0.07505
0.03852
0.19432
0.04496
0.04717
0
0.03913
0.1247
0
0.08924
0.05983
0
0.08885
0.07135
0
0
0
0
0.03854
0
0
0.21997
0
0.03922
0
0.04121
0
0.15852
0
0
0
0.08853
0
0.03314
0.11119
0
0.1559
0.03914
0
0.03912
0.04099
0.04639
0.22868
0.16574
0
0.0184
0.05596
0.11032
0
0.0469
0.08181
0
0
0.05451
0.02788
0
0
0.07307
0.04827
0.04603
0
0.03681
0.04104
0.17914
0.08648
0.08626
0.02539
0.06635
0.15755
0.08711
0
0.041
0
0.21486
0.14605
0.02655
0
0
0
0.27612
0.08615
0.05219
0
0
0
0.04306
0.15789
0.08916
0.08099
0.183
0.04694
0.08651
0.16558
0.14222
0
0
0
0.07264
0.15804
0
0.04655
0
0.08773
0
0.2578
0.08173
0.27475
0.16093
0
0.04656
0
0
0.03949
0.1406
0
0
0
0.13651
0
0.27836
0.14273
0
0
0.0572
0
0.03875
0
0.23142
0.13353
0.23158
0
0.27157
0.15406
0.04622
0.03858
0
0
0.01327
0.04756
0.15576
0.0464
0.1407
0.04641
0.04703
0.08847
0
0.27435
0
0
0
0.02554
0.05443
0.23243
0.18878
0.13659
0.12396
0
0.02654
0
0
0
0.03826
0
0
0.18201
0
0
0.04657
0.01325
0.14964
0
0.24258
0.33952
0.15779
0
0.03081
0
0.1564
0.33891
0
0.04639
0
0
0.01325
0.05791
0
0.11024
0.30315
0.40523
0
0
0
0.04111
0.08124
0.05365
0
0
0.19809
0
0.14045
0.04073
0.04646
0.01557
0.18283
0.04666
0.04118
0.07581
0.29005
0.19505
0.13315
0.32803
0.01572
0.0551
0
0.26158
0.03933
0.40766
0.04979
0
0.1671
0.04525
0.04615
0.08745
0
0.12199
0.04728
0.24395
0.01569
0
0
0
0
0.15864
0
0.19458
0.05353
0.14485
0.13463
0
0.01274
0.0457
0
0.41945
0
0.26304
0.27758
0.30056
0.03918
0.3283
0.2515
0
0.04073
0.0713
0
0.23228
0.06312
0
0.27524
0
0.11016
0.0464
0
0
0
0.38581
0.25634
0.03827
0
0.31547
0.1427
0
0.03971
0
0
0.04694
0
0.03969
0.10673
0
0.15834
0.04645
0
0.11112
0.15562
0
0
0.03974
0
0
0.33993
0.11126
0
0.31327
0.24298
0
0.18003
0.44326
0.23212
0.26565
0.14272
0.10521
0.03974
0.30164
0
0
0
0
0.13494
0.08623
0
0.19472
0.15465
0.27199
0.32005
0.15559
0.22633
0
0.01325
0.08839
0.01531
0.2567
0.13452
0.1095
0
0.15878
0
0
0.04603
0.23918
0.40262
0.10957
0
0.17178
0.16568
0.3697
0.36672
0.10424
0
0
0.31692
0.13364
0.40251
0.03951
0.19001
0.18348
0.04613
0.41887
0.15501
0.14078
0.04594
0.15944
0.16556
0
0
0.37059
0
0.26976
0.25087
0.15553
0.16703
0.04612
0.10537
0.36974
0.22895
0.29675
0.20061
0.13209
0.38599
0.21438
0.11027
0.24985
0.16877
0.08076
0.10454
0.21631
0.16134
0.13362
0.38636
0.0804
0.1133
0.15943
0
0.16102
0.3186
0.33957
0.15959
0
0.19461
0.28176
0.1129
0.18761
0.10563
0.03965
0.15944
0.13586
0.09977
0.14885
0
0.13636
0
0.16029
0.09183
0
0.04056
0.27734
0
0.15848
0.03927
0.02645
0.12211
0.22529
0.33073
0.09067
0.0611
0.16025
0.03951
0.15946
0.36326
0.25689
0.23174
0
0
0
0.16681
0.03898
0.08059
0.27076
0
0.11389
0.29524
0.1832
0.13669
0.15945
0.29668
0.25704
0
0.04152
0.36961
0.03959
0.2805
0.10848
0.166
0.10483
0.24523
0
0.35783
0.08825
0
0.24223
0.08713
0.25668
0.34716
0.40185
0.1559
0.1876
0.14753
0.03959
0.17997
0.25721
0.03957
0.05519
0
0.07214
0
0.06348
0
0.21981
0.14264
0.1354
0.36885
0.18269
0
0.04737
0.30873
0.40892
0.16544
0
0.03915
0.04705
0
0.14713
0.21308
0.24549
0.08305
0.25735
0.18239
0.32594
0.30598
0.09757
0.36213
0.15965
0.10515
0
0.25658
0.17182
0
0.276
0.08767
0.19383
0.12353
0
0.22107
0.16482
0.03119
0.13203
0.16078
0.32662
0.09226
0.36946
0.36961
0.03948
0.16799
0
0
0
0
0.18743
0.15984
0.14035
0.11125
0.29717
0.32288
0.0757
0.12296
0.0886
0.16789
0.0861
0.27924
0
0.12774
0.09218
0.15107
0
0
0
0.03945
0.27684
0.09353
0.2566
0
0.08876
0.05557
0
0.03876
0.33402
0.38564
0.36853
0.25696
0.01329
0.12636
0.0396
0.37009
0.29483
0.13222
0.16035
0.10469
0.39914
0.25388
0.04605
0.03927
0.32688
0
0.19801
0.34876
0.23236
0.23107
0.27435
0.19906
0.24406
0.04086
0
0
0.31784
0.43327
0.21409
0.15983
0.15866
0.09635
0.28019
0.16025
0
0.19425
0
0
0.36973
0.03934
0
0.34851
0.16006
0.15747
0.18974
0.32772
0.11683
0.01506
0.03974
0.27624
0.15845
0
0.14684
0.2157
0.04173
0.08614
0.35257
0.13794
0.10968
0
0.16605
0.03909
0
0.23668
0.03663
0.03929
0
0
0.37257
0.2686
0.04158
0.25674
0.34716
0
0.24064
0.07997
0.03176
0.03907
0.34537
0.29519
0.29691
0.03987
0.18353
0.12328
0.30603
0.36867
0.38618
0.15812
0.27651
0.36306
0.08946
0.04537
0.07276
0.12243
0.06297
0.15949
0.08666
0.1609
0.14469
0.10887
0.15137
0.40175
0.386
0.11011
0.239
0.23851
0.32967
0
0.0458
0.35089
0
0.29547
0.40618
0.15981
0
0.35108
0.30757
0.15898
0.08946
0.20513
0
0.15953
0.40181
0.41572
0.29505
0.35741
0.13376
0.2333
0.18904
0.12208
0
0.37003
0.27872
0
0.1235
0.09028
0.15826
0
0.36571
0.13379
0.13353
0.42445
0.39026
0.16005
0.12723
0.16552
0.04585
0.29646
0.29903
0.16544
0.19443
0.06671
0.15806
0.07662
0
0
0.24991
0.15859
0
0.23876
0.145
0
0.44371
0.15911
0.36663
0.08825
0.28181
0
0.36882
0.2534
0.10845
0.30114
0.06652
0.12628
0.25474
0.22692
0.19318
0.20448
0.29514
0.36756
0
0.33252
0.35762
0.16775
0.39587
0.16562
0.11948
0.32767
0.04127
0.15862
0
0
0.19538
0.15966
0.04567
0.27713
0.31475
0.1944
0.03887
0
0.15807
0.24466
0.08883
0
0.42392
0.1557
0.25859
0.28084
0.29001
0.02625
0.16119
0
0.20509
0.37826
0.24334
0.12699
0.08108
0.03955
0.13202
0.30729
0
0.23506
0.14382
0.35665
0.23783
0.29883
0.11861
0.04117
0.27662
0
0.30624
0.0397
0.42229
0.34346
0.38633
0.31961
0
0
0.24241
0.25717
0.32926
0
0.12298
0.27665
0.36839
0.15565
0.01336
0.03895
0.10933
0.17874
0.18759
0.2788
0.07473
0.25448
0.03881
0.26769
0.232
0.1196
0.08918
0.37366
0.41987
0
0.29272
0.12244
0.1598
0.37043
0.28694
0.15925
0.22581
0.27875
0.01826
0.34317
0.36298
0.42319
0.3862
0.26083
0.01837
0.11728
0.01567
0.18837
0
0.2381
0
0.04762
0.17348
0.11299
0
0.30044
0.04561
0.36904
0
0.04567
0
0.0131
0.03864
0.2424
0
0.15773
0.27722
0
0.29563
0.14074
0.18491
0.10945
0.03878
0.19411
0.12695
0.20872
0.41304
0
0.41559
0
0.31136
0.10612
0.33426
0
0.12652
0.24238
0.08849
0
0
0.22112
0.15463
0.35939
0.12235
0
0.10926
0
0.27574
0.33115
0.40861
0.36959
0.43159
0.25334
0.13298
0.1942
0.19591
0.03952
0.04705
0.24073
0.23471
0
0
0.08708
0
0.40156
0.41818
0.28242
0.0724
0.23735
0.08704
0.17294
0.2269
0.15472
0.27432
0.36894
0.08658
0
0
0.42359
0.36919
0.27526
0.4621
0.063
0.29731
0.08801
0.047
0.04711
0.21388
0.08546
0
0.15092
0.18878
0.29571
0.32854
0.03939
0.2775
0.04621
0.08899
0
0.03938
0
0.21985
0.0469
0.32335
0.20011
0
0.13999
0.13342
0.12398
0
0.25786
0.23692
0.37744
0.3887
0
0.16016
0.25674
0.22704
0.08527
0.42259
0.03855
0.39897
0
0.19957
0.23579
0
0.21439
0.26607
0.23529
0.16096
0.28913
0.14073
0.04076
0.15433
0.11059
0
0
0.03954
0.39934
0.29358
0.18959
0.03913
0
0.28271
0.29371
0.26679
0.32219
0
0.18951
0.34609
0.06077
0.42363
0
0.04083
0.08844
0.03925
0.26408
0.43385
0
0
0
0.03939
0.25713
0.04075
0.32786
0.37279
0
0.2147
0.2745
0.32848
0.16811
0.0312
0.2816
0.1478
0
0.36453
0.36923
0.03967
0.38083
0.09137
0.4185
0.16628
0.36623
0.05523
0
0.03133
0.40859
0.03904
0.30583
0.11675
0.23058
0
0
0.36135
0.12677
0.08787
0.13423
0.117
0.2979
0
0.11812
0.43699
0
0.16958
0.40276
0.26503
0.20715
0.20358
0.37721
0.22988
0.3955
0
0.11897
0.04184
0.30026
0.30816
0.16722
0.12106
0.23834
0.0131
0
0.30633
0.34591
0.27847
0.13438
0.26325
0.03936
0
0.23838
0.19329
0.23601
0.2942
0.15738
0.39907
0
0
0
0.07159
0.2568
0.30055
0
0.4013
0.21294
0.40852
0.22887
0.11873
0.31585
0.4037
0.13431
0.27981
0.35404
0
0
0.22785
0.35761
0
0.41055
0.19033
0.41075
0.07268
0.28835
0.21108
0.09113
0.27535
0.30014
0.33016
0.21637
0
0
0.11987
0.39981
0.21454
0.25781
0.26519
0.08795
0.24606
0
0
0
0.04693
0.28228
0.3773
0.18993
0.03964
0.44212
0.29512
0.16539
0.03893
0.15721
0.39885
0.03937
0.08806
0
0.3885
0.41689
0.15434
0.20167
0.26364
0.42911
0.11778
0.0392
0.11785
0.33933
0.09106
0
0
0.18202
0.18726
0.37775
0.25374
0.30017
0.21398
0.04688
0.22695
0.09798
0.29728
0.34366
0
0.25632
0.19229
0.37137
0.11851
0.24114
0.23583
0
0.25219
0.39944
0.27378
0.13629
0.1356
0.14017
0.09325
0
0.11762
0
0.13461
0.42176
0
0.23637
0.10244
0.35536
0.15432
0
0
0.24352
0.29608
0.16685
0
0.23626
0.05123
0.2976
0.16336
0.28268
0.25993
0.278
0.03939
0.29724
0
0
0
0.34421
0.3389
0
0
0
0.32309
0.29883
0.3132
0.23587
0.18047
0.11777
0.27389
0.03953
0.39821
0.30525
0.2991
0
0.41082
0.0388
0.27811
0
0
0
0.07395
0
0
0
0
0.14053
0.34681
0.20893
0.2827
0
0.26114
0.08757
0
0.40428
0.14078
0.1398
0.07
0.35591
0
0.0156
0.27793
0.13383
0
0
0.11755
0
0
0.2759
0.23578
0.04564
0.40721
0.37271
0.13632
0
0.297
0.20885
0.16768
0.341
0.148
0.23604
0
0.09789
0
0
0.12036
0.04681
0.31552
0.42124
0
0
0
0.15747
0.23722
0.16837
0.31608
0.35167
0.4018
0.11681
0
0.04588
0
0.127
0.3009
0.04586
0.08803
0.02622
0
0
0.17804
0.18633
0.08734
0
0.32295
0
0
0
0
0.134
0.16739
0
0
0
0.04686
0.11391
0
0
0.26334
0.13409
0.36063
0
0.22787
0
0.01521
0.36352
0.40232
0
0.26068
0.37133
0
0
0
0
0.24347
0
0
0.27696
0.45539
0.04532
0.30072
0.10858
0.0302
0
0.13291
0.04702
0.08729
0.04565
0.06818
0.13269
0.38234
0
0.29992
0.11714
0.41703
0.37074
0.11741
0.15972
0.30493
0
0.20353
0.32793
0.06553
0
0.23654
0.14475
0.03014
0.07013
0.40297
0.11739
0.04556
0.16622
0
0.10905
0.30724
0.1853
0.06855
0.25056
0
0.40813
0.38726
0.41698
0.1939
0.39444
0
0.0644
0.08511
0.3422
0.09324
0.10377
0.23568
0
0.11836
0.29546
0
0.10691
0.23629
0.25988
0.35484
0.35413
0.14935
0
0.13574
0
0.15705
0.37597
0.37364
0.32505
0.34262
0.32006
0.16754
0.4386
0.36709
0.23766
0.16624
0.29822
0.37469
0.10123
0.36101
0.07029
0.35238
0.36531
0.25931
0.37423
0.16623
0.0887
0.04688
0.40804
0.13298
0.32804
0.13288
0.4609
0.34366
0.18305
0
0.32782
0.16632
0.23592
0.42252
0.17073
0
0.30749
0.16612
0.16852
0.10721
0.25443
0.41818
0.26287
0.04612
0.11707
0.0877
0.27407
0.16585
0.46055
0.23047
0.27605
0.41775
0.16721
0.15774
0.32802
0.36649
0.15797
0.32165
0.41644
0.4019
0.13301
0
0.13309
0.16879
0.27439
0.3498
0.37658
0
0.08924
0.41844
0.39488
0.05709
0.33076
0.32856
0.37967
0.32667
0.1685
0.39802
0.23694
0.38533
0.4162
0.36484
0.28151
0.25356
0.27543
0.22544
0.37121
0.42931
0.339
0.11735
0.37734
0.13507
0.15662
0.36504
0.04001
0.08789
0.29849
0.1677
0.32825
0.23669
0.27563
0
0.19387
0.04112
0.39795
0.34308
0.25337
0.25162
0.39874
0.27994
0.11967
0.11639
