0
0.73701
0.16561
0.03583
0.28176
0.764
0.27388
0.62995
0.40552
0.27854
0.57505
0.57666
0.4003
0
0
0.04198
0
0
0
0
0.01134
0.05844
0
0.32212
0
0.37538
0.36029
0.05679
0.892
0
0.03345
0
0
0
0
0.3623
0.72859
0.46445
0.19511
0.08643
0
0
0
0.22723
0.31555
0
0.10686
0.90539
0
0
0
0.05895
0.03982
0
0.08846
0
0.03362
0
0.28311
0.48792
0.3605
0
0.0456
0.03099
0
0.03614
0.54602
0
0.15048
0
0
0
0.34541
0.04722
0
0.47106
0.23457
0
0
0.09538
0
0
0.38753
0.81906
0
0.07445
0.03587
0.38519
0.44184
0
0.44272
0.51581
0
0.27919
0
0
0.05295
0
0.31369
0.39754
0
0.19098
0.48891
0.22156
0.52619
0.40395
0
0.03961
0.46564
0.46104
0.34783
0
0.24336
0
0.0342
0.3509
0.04021
0
0.26066
0
0.23542
0.30032
0.24135
0.17248
0.18367
0.31427
0.71392
0.12043
0
0.28518
0.03421
0.19041
0
0.22341
0.03999
0.41516
0.12324
0
0.16854
0.02301
0
0.04237
0
0.04261
0.27309
0
0
0.08069
0.04014
0.05948
0
0.05166
0.05221
0.08892
0.07799
0
0.04236
0
0.05795
0
0
0
0.0651
0
0.05929
0.17273
0
0
0
0.07123
0
0
0.01199
0
0
0
0
0.26877
0
0
0.27769
0
0
0
0
0.05787
0.4267
0
0
0
0
0
0.0661
0
0
0
0
0
0.03601
0
0
0.19302
0.26913
0.0772
0.0341
0
0.16547
0
0
0
0
0.03859
0
0
0
0
0
0
0
0
0.38976
0
0.0404
0.03594
0.05852
0
0
0
0
0
0
0
0.04283
0
0
0
0
0
0
0
0
0
0.07729
0.22301
0
0
0.3685
0
0
0.27958
0
0
0
0
0.05155
0
0
0.36111
0
0
0
0
0
0
0.04089
0
0.03434
0
0
0
0.16603
0
0
0.04569
0
0
0
0
0
0.04306
0
0
0.41279
0
0.1641
0
0
0
0
0.24262
0
0
0
0
0
0
0
0
0
0
0
0
0
0.38723
0.04286
0
0
0.07181
0.05362
0
0
0
0
0
0.0583
0.04499
0
0
0
0
0.23546
0
0.05838
0
0
0
0
0
0
0
0
0
0.05903
0
0.07185
0
0
0.43082
0
0
0.16227
0.46189
0
0
0
0
0.04028
0.05128
0
0
0
0.03989
0
0
0.04299
0
0
0
0.08636
0
0
0.01534
0
0.36004
0
0
0
0
0.03782
0
0
0
0.04056
0
0
0.05096
0
0.22646
0
0.2087
0
0.20802
0
0.42948
0.16149
0
0.15957
0
0
0
0
0
0
0.29359
0.22707
0
0
0
0
0
0.48623
0
0
0
0
0
0.28185
0
0
0
0
0.03941
0.11422
0
0
0
0
0
0
0
0.51256
0
0
0
0
0
0
0.13045
0.07706
0.01273
0.22073
0
0.39819
0
0.08673
0
0
0
0.32742
0.0407
0.3703
0.08943
0
0
0
0.36904
0.03826
0.09439
0.09482
0
0.33719
0
0.16686
0
0
0
0
0.10758
0.2043
0
0
0.01369
0
0
0
0
0
0
0.05921
0.05813
0
0
0.37711
0.05844
0.04004
0
0
0.04027
0.39593
0
0.05974
0
0.22753
0
0
0.2022
0.18634
0
0
0
0
0.04518
0
0
0.05829
0
0
0.04051
0
0
0
0.03468
0.03458
0
0.47513
0
0
0.47273
0.07838
0
0.04568
0
0.03866
0.35943
0
0.05932
0
0
0
0
0
0.42446
0.30284
0.10756
0
0
0.08203
0.50397
0
0
0
0.03936
0
0
0
0
0
0
0
0
0
0.0864
0
0.17828
0.04024
0.04039
0.09324
0.65238
0.03466
0
0
0.04052
0.14084
0
0
0
0
0
0.10627
0.05802
0
0
0
0
0.02452
0
0.18685
0.30575
0
0.48222
0
0
0.19194
0.05126
0
0.03983
0
0
0
0
0.09268
0
0
0
0
0
0
0.03855
0
0
0
0
0
0
0
0
0
0
0
0
0.04619
0
0
0
0
0
0
0
0.48458
0
0
0.10657
0.05837
0
0
0
0.60685
0
0.14891
0
0
0.34919
0.01884
0
0
0
0
0
0
0
0
0.03434
0.14237
0
0
0
0
0.34796
0
0
0.04105
0
0
0
0
0
0
0.53434
0
0
0.09666
0
0
0
0
0.03621
0
0.03635
0.05178
0.04073
0
0
0
0
0.08637
0
0
0
0
0.05836
0
0.03469
0
0
0.03475
0
0
0.09381
0
0.18625
0
0
0.37819
0
0
0
0.05073
0
0
0.207
0.09429
0.17244
0
0
0
0
0
0.02861
0.02407
0.40042
0
0
0.03825
0
0.01925
0
0
0
0.22811
0
0
0
0.46083
0.87844
0.04296
0.03976
0
0.0589
0
0
0.13265
0
0
0
0.20201
0.25693
0.08932
0.3003
0
0
0
0.26572
0
0.37287
0
0
0
0.23789
0
0
0
0.03739
0
0
0
0
0
0.0369
0.40523
0
0.08112
0
0
0
0.0587
0.05917
0.43712
0.05944
0
0
0
0
0
0
0
0
0
0
0
0
0.04228
0.04296
0
0
0
0.05883
0.39831
0
0.0593
0.03814
0
0
0
0
0
0
0
0
0.05892
0
0.39264
0
0
0
0
0
0
0
0
0
0
0
0
0
0
0
0.04641
0
0.22538
0.05285
0.23625
0.09557
0
0
0.39262
0.09253
0
0
0
0.45939
0.31473
0
0
0
0
0
0.09477
0
0
0
0.14361
0.03849
0
0
0.09366
0.05879
0.64982
0.43563
0.02727
0
0.01577
0
0.04673
0.03663
0.03428
0.03577
0
0
0
0.39048
0.09611
0
0
0
0
0
0
0.04006
0
0.33859
0
0
0
0.41183
0
0.45351
0.13922
0
0
0.25291
0
0
0
0
0
0
0
0
0.04249
0.1081
0
0
0
0.05141
0
0
0.30023
0.04203
0.03876
0
0
0
0
0
0.1887
0.20499
0
0.10561
0
0
0
0
0.03744
0
0
0
0
0.04256
0.07833
0
0
0
0
0
0.03962
0.0402
0
0
0.19895
0.36929
0
0.05211
0
0.22894
0
0
0
0
0
0
0
0
0
0
0.03971
0.48595
0.0524
0.04241
0
0.25072
0
0
0
0
0
0.04018
0.57221
0
0
0
0
0.0471
0.33564
0
0
0
0
0
0.14925
0.26248
0
0
0.1346
0
0
0.44046
0
0
0
0
0
0
0
0
0
0
0.18861
0
0
0.19005
0
0
0
0
0
0.16198
0
0
0.17067
0
0.16146
0.36959
0.04296
0
0
0.09284
0
0
0
0
0
0.09993
0
0
0
0
0
0
0
0
0.04275
0
0
0.05821
0
0.06248
0
0
0
0
0
0
0
0
0
0
0
0
0.06171
0
0
0.19427
0.04248
0.44877
0.04271
0
0.0241
0.02814
0.04313
0
0
0.06215
0
0
0
0.01146
0
0
0.26284
0.26416
0
0
0
0
0.08854
0
0
0
0.0364
0
0
0
0
0
0
0
0.03564
0
0
0
0
0
0
0
0
0
0
0
0
0
0
0.32348
0
0
0
0
0
0
0
0
0.03622
0
0
0.84064
0
0.57358
0
0
0.14517
0.28018
0
0
0
0
0.05664
0
0
0
0
0.26791
0
0
0
0
0
0
0
0
0.12295
0.02704
0
0
0
0
0
0
0
0
0
0.01325
0.48641
0.50679
0
0.44773
0
0
0
0
0
0
0
0
0
0.39351
0.04111
0
0.18386
0.01717
0
0
0.04112
0
0
0
0
0
0
0
0
0
0.38416
0.05894
0.13283
0.03072
0
0
0
0
0
0
0.04024
0.04002
0.03762
0
0
0.39918
0
0.05975
0
0
0
0
0
0
0
0.10809
0
0
0
0
0
0
0
0
0
0.04589
0.05082
0
0
0
0.44301
0.55683
0
0.22473
0
0
0.11785
0
0
0
0
0.0802
0
0.64753
0.05728
0.41141
0
0
0.70763
0.39258
0.03539
0
0
0
0
0
0
0
0
0
0.37364
0
0.28896
0
0.0589
0
0.20251
0
0.12051
0
0.21424
0.12484
0
0.18884
0.37904
0.46068
0
0
0
0
0.27002
0
0
0.05878
0
0
0
0
0
0.03636
0
0
0
0
0
0
0
0.04063
0.04064
0
0
0
0
0.25461
0.01843
0
0
0.29446
0
0
0
0.16209
0.31432
0
0
0.03706
0.05856
0
0.03295
0.14353
0
0.30052
0.95442
0.33737
0.40929
0
0
0
0.04035
0
0.03983
0
0
0
0
0
0
0
0.05858
0.51129
0
0
0
0
0.21814
0.13305
0
0
0
0.05254
0
0.03835
0
0
0
0
0.035
0
0.05808
0.51161
0
0
0
0
0
0
0
0.0336
0
0
0
0
0
0.05937
0.03792
0.05119
0.22916
0
0
0
0
0
0
0
0.22346
0
0
0.05827
0.05925
0.01926
0
0
0
0
0
0
0
0
0.33298
0
0
0
0
0
0
0
0
0
0
0.05815
0.77006
0.37044
0
0
0
0.20733
0.6495
0
0
0.22881
0
0
0
0
0
0
0.03424
0
0.02683
0.16217
0.14603
0.50033
0.22529
0
0
0.21857
0
0.0354
0
0
0
0
0
0
0.03656
0.05066
0
0
0
0.31367
0.08963
0.30125
0
0
0
0
0
0.39496
0.03607
0.36627
0
0.05849
0.05314
0
0
0.05028
0
0
0
0.37265
0
0
0.38654
0.41765
0.02405
0.03616
0.28176
0.24151
0.03609
0
0
0
0
0
0
0
0
0
0
0
0.04598
0
0.04094
0.37775
0
0
0
0
0.1277
0.41593
0.05857
0
0
0
0.03144
0
0.07795
0
0.5385
0.38538
0
0
0
0
0.09272
0
0.41559
0.23148
0
0.22676
0
0.25346
0
0
0
0
0
0
0
0.0587
0.10777
0
0
0
0.19564
0.29065
0
0
0
0
0.22779
0
0
0
0
0
0
0
0
0
0.03481
0.03479
0
0
0
0
0
0
0.0456
0.05318
0
0.27955
0
0
0
0
0
0.14502
0
0
0.3274
0
0
0
0
0
0
0
0
0
0
0
0.08623
0
0
0
0.06931
0
0.16219
0
0
0.44886
0
0
0.09379
0
0.037
0.03589
0
0.05164
0.13339
0.04549
0.03559
0.04294
0.02409
0.03411
0.36176
0.16221
0
0
0.04034
0
0
0.43136
0
0
0
0
0
0
0
0
0
0
0.22284
0
0
0
0.53582
0.22436
0.2278
0
0.341
0
0
0.36201
0.47245
0
0
0
0
0
0.19146
0
0.16319
0.28154
0.47162
0.22551
0
0
0
0
0
0
0.08615
0
0
0
0
0.09493
0.19305
0
0
0
0.03602
0.0373
0
0
0
0
0
0
0.5272
0
0.03581
0
0
0
0
0
0.03484
0
0
0
0
0.13267
0
0.47766
0.1619
0.05861
0
0.05828
0
0
0
0
0.05822
0.03463
0.0598
0.2022
0
0
0
0
0
0
0.03458
0
0.03466
0
0.08615
0.03471
0
0
0.47234
0.25875
0
0.22718
0.23674
0.44938
0
0
0
0
0
0
0
0
0
0
0
0
0
0
0.0385
0
0
0
0.36894
0
0
0.28024
0.11296
0.0355
0
0.42796
0
0
0
0
0
0
0
0.03849
0
0.31502
0
0
0.04971
0.05055
0
0
0
0
0
0
0
0
0.03888
0
0
0
0
0
0
0.23529
0
0
0.05819
0.50854
0.07159
0.03409
0
0
0
0
0
0
0.01521
0
0
0.08687
0.04034
0
0
0.32829
0
0.29784
0
0
0
0.01402
0.33925
0
0
0.22662
0
0
0
0.0383
0.04077
0.04012
0.17393
0.66163
0
0.02613
0.04653
0.31125
0
0
0
0.01724
0
0
0
0
0
0
0
0.21143
0.03618
0
0
0
0
0
0
0
0
0
0.1421
0
0
0.09239
0.09413
0
0
0
0
0.04969
0
0.05791
0
0
0.60117
0
0
0
0.03738
0
0.0502
0
0
0
0
0
0
0
0.38182
0
0
0
0
0
0
0
0
0
0
0
0
0
0
0.27487
0.13215
0.13509
0.18534
0
0.41186
0.11997
0.13333
0.22502
0.05149
0
0
0.29055
0.06713
0
0
0
0.49169
0
0.05221
0
0
0.0696
0
0.24654
0.0502
0
0.18692
0.15268
0
0.03468
0.87686
0.52021
0.48826
0
0.27385
0.68203
0.09438
0.03875
0.09291
0.21191
0
0
0
0
0
0
0.01521
0
0
0
0
0
0
0.1876
0.89991
0.30597
0.22643
0
0.4757
0
0.14583
0.03732
0.61329
0
0.04585
0
0
0
0
0
0
0
0.05247
0.09229
0
0
0.03425
0.08946
0.10599
0.01929
0
0.15861
0
0.04045
0
0.09399
0.05325
0
0
0
0
0
0.05238
0
0.41423
0
0.07614
0.25364
0.18156
0
0.45389
0.14187
0
0.04544
0.16177
0
0
0.0793
0.03433
0
0
0.03853
0.25501
0
0
0
0.37246
0.017
0.49263
0
0
0
0
0
0.41547
0
0
0.20805
0.05799
0.20145
0.03558
0.09251
0
0
0
0
0
0
0
0
0
0
0
0
0.03664
0
0
0.0401
0
0.03713
0.1429
0
0
0
0
0.19221
0.18528
0.0523
0.1965
0
0
0
0
0.24866
0.23572
0
0.18722
0
0
0
0
0
0
0
0
0
0.25789
0
0
0
0
0.04518
0
0
0
0.01925
0
0
0
0
0
0
0.22163
0
0
0.04057
0.03732
0
0
0.04554
0
0.04588
0
0.41928
0
0.08647
0
0.63471
0
0
0.05736
0
0.14479
0.1084
0
0.52641
0
0.2129
0
0
0
0.338
0.0627
0
0
0
0.36502
0.16452
0.11254
0.31922
0
0.21358
0
0.14241
0.92493
0
0
0
0.22437
0
0.04042
0.22568
0
0
0
0
0
0.27207
0.04685
0
0.01237
0
0.07446
0.03769
0.03732
0
0.03741
0
0
0.036
0
0.08959
0
0
0
0
0
0.03798
0
0
0
0
0.20549
0.22786
0
0.05904
0
0
0
0.19189
0.27836
0
0
0
0
0
0
0
0
0
0.09259
0.09269
0.1196
0.17463
0.04092
0
0.36005
0.0344
0
0
0
0.0433
0.15957
0
0.13515
0
0
0
0.04573
0
0
0
0
0
0.01841
0
0
0
0
0
0.03589
0
0.08731
0
0.5834
0.60929
0.25721
0.21829
0
0
0
0.08652
0
0
0
0.05816
0
0
0.20628
0.03552
0.33485
0.03604
0
0
0
0.85748
0
0
0.88477
0.11645
0
0
0
0
0
0
0
0.80753
0.04754
0
0
0
0
0
0
0.10665
0.48591
0.1205
0
0
0
0
0
0
0.04314
0.04084
0.12118
0
0
0
0.71985
0.26789
0
0
0.04045
0.22691
0
0
0
0
0
0
0
0.03428
0.17521
0
0.03511
0
0
0
0
0
0
0.26418
0.07409
0
0
0
0
0
0.0581
0
0
0
0.05789
0
0.05677
0
0
0
0.14939
0.21069
0
0
0
0
0
0
0
0
0.14822
0.20473
0
0
0
0
0.03009
0.97469
0.41458
0.33263
0
0
0
0.05073
0.42418
0
0.03605
0.04234
0
0.03616
0
0
0
0
0.22245
0.03638
0
0.30842
0
0.11607
0.21372
0.28302
0.23331
0.24164
0.07463
0.02409
0
0
0.03611
0
0
0
0
0
0
0.31534
0.18652
0.16157
0
0
0
0.03809
0.04095
0
0
0
0
0.09295
0.22478
0.32779
0.88621
0
0
0
0
0
0
0
0
0
0
0
0
0
0
0
0.03759
0.04198
0.22115
0.18985
0
0
0.59082
0
0
0.04228
0.44554
0.05255
0
0
0
0
0.04301
0
0.39948
0
0.05831
0
0.03003
0
0
0
0
0.79523
0.04098
0.44039
0.43904
0.01128
0.22033
0
0
0
0
0.05806
0
0.03604
0.18101
0
0.53792
0
0
0.04074
0
0
0
0.43586
0
0
0
0.08239
0
0
0.03409
0
0
0.05843
0
0.56221
0
0
0
0
0
0
0.51333
0.04538
0.05018
0.0498
0.32087
0
0.03579
0.85487
0
0
0.04251
0.04215
0.02752
0
0
0
0
0
0.03853
0.05974
0
0
0
0.0423
0.41045
0
0
0.04045
0.04035
0
0
0.38353
0
0
0.09568
0
0.08666
0
0
0
0.01355
0
0
0
0
0
0.12849
0.14326
0
0
0
0
0
0.36179
0
0.07447
0
0.47288
0.83077
0.07687
0
0
0
0
0
0
0
0.03878
0
0
0
0
0
0
0
0
0.34702
0
0
0
0
0.04092
0
0
0
0
0.17822
0
0
0
0
0
0
0
0.0422
0.0583
0
0
0
0
0
0
0
0
0.01281
0
0.33832
0
0.15452
0.13274
0.09232
0.04062
0
0
0.02319
0
0
0
0
0
0
0
0
0
0
0
0
0
0.33411
0
0.24266
0
0.04946
0
0
0.30929
0
0.26928
0.0421
0
0.28088
0
0.22848
0
0.44135
0.07772
0
0
0
0.03417
0.1925
0
0
0
0.04205
0.04227
0.33911
0.6029
0
0
0
0.50333
0.05845
0
0.02483
0
0
0.09294
0.09424
0.05813
0.09464
0.0408
0.23366
0.09062
0
0
0
0.38598
0
0
0
0.22622
0
0
0
0
0.31416
0
0
0.0453
0
0.06728
0
0
0
0
0
0.03621
0.03646
0
0
0.7623
0.22575
0
0
0
0
0
0.04022
0
0
0
0
0.07661
0
0
0
0.50216
0.25562
0
0
0.25641
0
0
0
0.05821
0
0
0
0.05901
0.03854
0.0586
0.11741
0.65157
0
0.04815
0.30144
0.14185
0
0.26086
0
0.05827
0
0
0
0
0.11415
0
0.27632
0.37437
0.05921
0.02404
0.53748
0.51193
0
0.03448
0
0
0
0
0
0
0.09441
0.08078
0
0
0
0.63388
0.1957
0.1851
0.31108
0
0.04088
0.01158
0.03427
0
0
0.40329
0
0
0
0.46598
0
0
0
0
0
0
0.09424
0
0
0.05864
0
0.09315
0
0.07648
0.08629
0
0.02868
0
0
0
0.38479
0.05354
0
0
0
0.05792
0
0
0.04717
0
0.03449
0
0.16214
0
0
0
0
0
0
0
0
0
0
0.07803
0
0
0
0
0
0
0
0.15201
0
0.09077
0.31717
0.31382
0.83603
0.25454
0.41199
0
0
0
0
0
0.39956
0.37044
0
0
0.73468
0
0
0.05868
0
0.01925
0.26845
0.31351
0.07762
0
0
0
0
0.10421
0.22703
0.23859
0.20739
0.29018
0
0.04664
0
0
0
0
0
0.0507
0.09333
0.04502
0
0.47965
0
0.20847
0
0
0
0
0
0.03755
0.50904
0
0
0
0
0
0.05792
0.05836
0.0512
0
0.07478
0
0
0.28925
0
0
0
0
0
0
0.03844
0
0.03967
0.09444
0
0
0
0
0
0
0
0
0
0.18895
0
0.08887
0.09365
0.18724
0.16376
0
0.03733
0.01817
0
0
0
0.24248
0
0.02272
0.29204
0.35363
0
0.18179
0
0
0.17656
0.05319
0
0
0
0
0.04275
0
0.20027
0
0.05919
0
0
0
0
0.34733
0.44775
0.03452
0
0
0
0
0.25486
0
0
0.09416
0.1077
0
0.03689
0.04078
0
0
0.0925
0.28831
0.2537
0
0
0
0.0405
0
0
0
0
0
0
0
0
0
0.08902
0
0.23635
0.29861
0.04315
0.04325
0.18525
0.08618
0.22464
0.03422
0.03851
0
0.16027
0.0628
0.05116
0
0
0
0
0
0.49893
0.04064
0.0863
0.42737
0
0.47768
0.31494
0
0
0
0.03457
0.31353
0.18907
0
0.01429
0
0
0
0
0
0.08911
0.0571
0
0.09403
0
0.04726
0
0
0.04679
0.26655
0.21408
0.11454
0
0.07442
0
0
0
0.04647
0
0
0
0
0
0
0
0
0
0.234
0.05793
0
0
0
0
0
0.44872
0
0
0.04024
0
0.56105
0
0
0
0
0
0
0
0
0
0
0
0
0
0.03793
0
0
0
0
0
0
0
0
0
0
0
0
0
0.05808
0
0
0
0
0
0.15674
0
0.05871
0
0
0
0
0
0.09285
0
0
0
0
0
0.3173
0.41213
0.08848
0.08631
0
0.09362
0.0403
0.36805
0
0.31548
0.36973
0.4615
0.04025
0.03983
0
0
0.04032
0
0
0
0
0
0
0
0
0
0.05826
0
0
0
0.31897
0.19958
0.04105
0
0
0
0
0
0
0
0
0.03827
0
0
0
0
0
0
0
0
0
0
0
0.0919
0.10309
0.20052
0.32635
0.26338
0
0.70613
0.36781
0.23625
0
0
0
0
0
0
0
0
0
0
0
0
0
0.27951
0.86801
0.21135
0.25804
0
0.04706
0
0
0
0
0
0
0
0.31344
0
0
0
0
0
0
0
0
0
0
0
0
0.64929
0
0
0.03937
0
0
0.03757
0
0
0
0
0
0.40466
0.08736
0.65386
0
0.29137
0
0
0.05805
0
0
0
0
0.21858
0.47683
0.04212
0.04228
0
0
0
0
0
0.31617
0.11068
0
0
0
0
0.03941
0.10373
0
0
0
0
0.39888
0.2587
0.07424
0.04301
0.04281
0.02833
0.05159
0.28078
0
0
0
0
0
0
0
0
0
0
0
0
0
0
0.04328
0
0
0.09689
0.32448
0.26748
0.45483
0
0
0.04273
0
0.09304
0
0
0
0
0
0
0.03985
0
0
0
0.20765
0
0
0
0
0
0
0.04085
0
0.04036
0
0
0.03715
0
0
0.22514
0.0432
0
0
0
0
0
0
0.05339
0
0.29616
0
0
0
0.12985
0.05258
0
0
0
0
0
0
0
0
0
0
0
0
0
0
0
0
0.02796
0.3741
0
0
0.0344
0
0
0
0
0
0
0
0.22864
0.05854
0.35043
0
0
0
0
0
0
0.31142
0.31653
0
0
0
0
0
0
0
0.25064
0
0
0.0348
0.26784
0.03568
0.28121
0.13354
0.26941
0
0
0
0
0
0
0.03854
0.05854
0
0
0
0
0
0.07605
0.10713
0.0574
0.12219
0
0
0
0
0.07799
0.26827
0
0
0
0
0.04298
0
0
0.04956
0.16217
0.20766
0.20738
0.51981
0
0.24932
0.07776
0.05145
0
0
0.05399
0
0
0
0
0.09572
0.07478
0.0356
0.01721
0
0
0
0
0.04516
0
0
0
0
0
0.24846
0
0
0
0.03488
0.03452
0
0
0
0
0
0
0
0
0.01161
0
0
0.80241
0
0.41477
0
0
0
0
0
0.1605
0.08646
0.57764
0
0.03464
0
0.08669
0
0
0
0.05195
0.05176
0
0.04038
0
0.0407
0
0
0.04261
0.05788
0
0.08702
0.16521
0
0.0421
0
0
0
0
0
0
0.03483
0.04299
0
0
0.03857
0
0.82762
0.80257
0
0
0
0
0
0.2764
0
0
0
0
0
0
0
0.05308
0
0
0
0.04067
0
0
0.04207
0
0.04243
0
0.43635
0.40412
0
0.04974
0
0
0.03952
0
0
0
0.25033
0
0
0.07692
0
0
0.03958
0
0
0.04512
0.05948
0
0
0.41913
0.38724
0
0
0
0.63425
0
0.44713
0.47396
0
0.61894
0
0.01428
0
0
0.86386
0
0
0
0
0
0
0
0.05855
0
0
0
0.26857
0
0.04214
0.66661
0
0
0
0
0
0
0.43678
0.03412
0
0.01352
0
0
0.01203
0
0
0.02656
0
0
0
0
0
0
0
0
0
0.09996
0
0
0.04244
0.03722
0
0
0.26261
0.45155
0.05505
0.46417
0.53844
0
0
0.21566
0.3528
0
0
0.05841
0.28001
0
0
0
0
0.6607
0
0.04489
0
0
0.07829
0
0
0
0
0.14225
0
0
0
0.45807
0.52334
0
0
0
0
0.06067
0
0
0
0
0
0.43312
0.21317
0.1652
0
0
0
0
0
0
0
0
0
0
0
0
0
0.51012
0
0
0
0
0
0
0.27619
0.45126
0
0.03757
0
0
0
0.06593
0.05224
0.30787
0.06606
0
0
0.39397
0
0
0.36659
0
0.26549
0
0
0
0
0
0.34073
0
0
0.421
0.25787
0.03714
0
0
0.09277
0
0
0
0
0.53813
0.0121
0.27764
0
0.19954
0.16204
0
0.21803
0
0
0
0
0.05836
0
0
0
0
0
0
0
0
0.0866
0
0.16183
0
0
0
0
0
0
0
0
0
0
0
0
0.05151
0.0172
0.30038
0.41956
0.03949
0.03969
0
0
0.1593
0
0.03765
0
0
0
0
0
0
0
0
0
0
0
0
0.05135
0.54012
0.54922
0.03849
0
0
0
0
0
0
0.41255
0.09406
0
0
0
0
0
0
0
0
0
0
0.1079
0
0
0
0
0.06001
0
0.14288
0.37446
0.2416
0.3439
0
0
0
0
0.01223
0
0.16154
0.07176
0
0
0.35888
0
0
0
0
0.45597
0
0.20665
0.45797
0.33955
0.1832
0
0.26864
0
0
0.2816
0
0
0
0
0.05789
0
0
0
0
0
0
0
0
0
0.0403
0
0.0264
0.19877
0.66665
0.12013
0.27916
0.21155
0
0
0.03682
0
0
0
0.25477
0
0
0
0
0
0.05861
0
0
0
0
0
0.06013
0
0
0
0
0
0
0
0
0
0
0
0.14333
0
0
0
0
0
0
0
0.05367
0.37365
0.38351
0.37663
0
0
0
0
0
0
0
0
0
0
0
0.29919
0.08889
0.23573
0
0
0
0
0
0.16225
0.09599
0
0
0
0
0
0
0
0.03417
0.47502
0
0
0
0
0
0
0
0
0
0
0
0
0.2541
0
0
0.05137
0
0
0
0.83676
0.24204
0.28447
0
0
0
0
0.29165
0
0
0
0.03975
0
0
0
0
0
0
0
0
0.05829
0
0
0.0674
0
0.05116
0
0
0.03438
0.4581
0.27
0
0
0.10452
0.28723
0
0
0
0
0
0
0.0407
0
0.04073
0
0
0
0.07147
0
0.05172
0
0
0.26551
0.25082
0
0
0
0
0
0
0
0.22416
0
0
0
0
0
0.57445
0.0182
0
0.85432
0.05084
0.36441
0.25496
0.70567
0.05789
0
0
0
0
0
0
0
0
0
0
0
0
0.0509
0.48389
0.05111
0
0
0.27932
0
0
0
0.26887
0
0
0
0
0
0
0
0
0
0
0
0
0
0
0.79844
0
0.25213
0
0
0
0
0
0
0
0
0
0
0.08972
0.1753
0
0
0
0.31398
0.44311
0
0
0.08103
0.33267
0
0
0
0
0
0
0
0
0.36286
0
0.21776
0
0
0.40514
0.1621
0.28063
0
0.14318
0
0
0
0.14565
0
0.20195
0
0.24135
0.22263
0
0
0
0.18894
0.25339
0.44287
0.68171
0.35343
0.49574
0.07206
0
0.08631
0
0
0
0
0
0
0
0
0.1746
0
0
0
0
0
0
0.27155
0
0
0
0
0
0.20343
0
0.10821
0
0
0.04005
0
0
0
0.72855
0.18424
0.16194
0
0
0
0
0
0
0
0
0
0
0
0
0.18458
0
0
0
0.36047
0
0
0
0.14399
0
0
0
0
0.40076
0
0
0
0.14142
0
0
0
0
0
0
0
0
0
0
0.47569
0.26354
0
0
0
0
0
0
0
0
0
0
0.30917
0
0
0.42026
0
0
0.38287
0.01926
0
0.22403
0
0
0
0
0.09397
0
0.05984
0
0
0
0
0
0
0
0
0
0
0
0
0
0
0
0.0984
0
0
0.4129
0
0
0
0
0.06244
0
0
0
0
0.04021
0
0
0
0
0
0
0.19193
0
0
0
0.18764
0
0
0
0.03972
0
0
0
0.8691
0.53965
0
0
0
0
0
0
0
0.03677
0
0
0.03679
0.04594
0
0.04613
0
0.04648
0
0.01172
0
0
0.2256
0.23973
0.20453
0.1623
0
0
0.22754
0.01154
0
0
0
0
0.04635
0.04649
0
0
0.08628
0.03415
0.03411
0.03466
0
0
0
0
0
0
0.25629
0.03595
0
0.05893
0
0
0.03771
0
0.03771
0
0.22159
0.35477
0
0
0
0.05866
0.10898
0.2221
0
0
0.05794
0.01344
0
0.79155
0
0
0
0.09606
0
0
0
0
0.37891
0
0
0
0.25105
0.19737
0.10846
0
0.10271
0.06587
0.41736
0.10895
0.44707
0.32699
0.47955
0.2292
0.10728
0
0.09756
0
0.05819
0
0.59124
0.22575
0.03457
0.09247
0
0
0.03684
0
0
0
0
0.03961
0.03978
0
0
0
0
0
0
0
0
0
0
0.0583
0.3143
0.36263
0
0
0
0
0
0
0
0
0.20607
0.62637
0.07465
0
0.05757
0.33529
0.3581
0.09372
0
0.01762
0.31547
0
0
0.13348
0
0.18869
0
0
0
0
0
0
0
0
0
0
0.31318
0.26879
0.0869
0
0
0.3244
0
0
0.0411
0
0
0
0
0
0
0.03843
0
0
0
0
0.78328
0
0
0.05839
0
0
0.24729
0
0
0
0.20693
0.44153
0
0
0.19137
0.25541
0.07878
0.24992
0
0
0
0
0.31253
0.22907
0.48691
0
0.03662
0.0472
0
0
0
0
0
0
0.08969
0
0
0
0
0
0
0
0
0.14474
0
0
0
0
0
0.05848
0
0
0.01356
0
0
0
0
0.23922
0
0
0
0
0
0.05209
0
0.01925
0
0
0
0.04273
0
0
0.08622
0
0
0.04266
0.18729
0
0
0
0
0
0
0
0
0
0
0
0
0.04025
0
0.49289
0
0.13574
0.31445
0
0
0
0
0
0
0.04798
0.23565
0.23985
0.16222
0
0.36207
0.30275
0
0.07088
0
0
0.55071
0
0
0.30409
0
0
0
0
0
0
0.04083
0
0
0.04014
0
0
0
0
0
0
0
0
0
0.96593
0.31495
0.79084
0
0
0
0.10736
0.57109
0
0
0.45541
0.99137
0.22757
0.29715
0
0
0
0
0
0.03766
0.03787
0
0.35266
0.22576
0.31458
0.04014
0
0.17788
0
0
0
0
0
0
0
0
0
0
0
0
0
0
0.28506
0
0
0
0
0
0
0
0
0
0
0
0
0.08264
0.27178
0.26883
0.48294
0.31414
0.36478
0.50319
0.11912
0
0
0
0
0
0.0403
0
0.06924
0
0
0
0
0
0
0
0
0
0
0
0
0
0
0
0
0.05963
0
0.09488
0.03421
0
0
0
0
0.04679
0
0
0
0
0.07554
0.30385
0
0.15333
0
0
0.39967
0.48298
0
0
0
0.19996
0.03744
0
0
0.03437
0
0
0
0
0
0
0.03738
0
0
0
0.37447
0
0.08741
0.22155
0.03294
0.20016
0.39741
0.36945
0
0
0
0
0
0
0
0
0.08708
0.01224
0
0
0
0
0
0.282
0.27858
0.36359
0
0
0.69413
0.04744
0
0
0
0
0
0.22509
0.86412
0
0
0
0
0
0
0
0
0
0
0
0
0
0
0
0
0
0
0
0
0
0.08615
0
0
0
0.19326
0
0
0.207
0
0.2168
0
0.05875
0
0
0
0.03518
0.25772
0.50178
0
0
0
0
0
0
0
0.36339
0
0
0
0
0.27697
0
0
0
0
0
0
0.03452
0
0
0.19269
0
0
0
0
0.02297
0
0.53976
0.0467
0.08745
0
0
0
0.09207
0
0
0
0.41666
0.0253
0
0
0.04114
0
0.16822
0.82305
0
0
0
0
0
0
0
0
0
0
0
0.03947
0
0
0
0.04005
0
0
0
0
0
0
0
0
0
0
0
0.30702
0.31508
0
0.05891
0
0
0
0
0
0
0
0
0
0
0
0
0
0
0
0
0.03753
0.10783
0.19285
0
0
0
0
0
0
0.0396
0
0
0.05921
0
0
0.05811
0
0.05901
0
0
0
0
0
0.05798
0
0.19459
0
0
0.03971
0
0
0
0
0
0.03991
0
0
0
0
0
0
0
0.02619
0.03999
0.33659
0.55239
0.39134
0.31981
0.24208
0.46131
0.50268
0.34943
0
0.17931
0
0
0
0.01646
0
0.38924
0.51558
0.03612
0
0
0.31899
0.08694
0
0
0
0
0
0
0
0
0
0
0
0
0
0
0.4319
0.12134
0.03736
0
0.05853
0
0
0.23551
0.0365
0.03463
0
0
0
0.28792
0.05265
0.07434
0.21678
0.37187
0
0
0
0
0
0
0
0
0.03561
0
0
0
0.24193
0
0
0
0
0
0
0
0
0
0
0
0
0
0
0
0
0
0
0
0
0.04045
0.20136
0
0.1334
0.17432
0.63615
0.42751
0.05331
0.39858
0
0
0.18775
0.09314
0.23997
0.25707
0.20632
0.58745
0.39958
0.31509
0.10763
0
0
0
0
0
0.84525
0
0
0
0
0
0.90462
0
0.01257
0
0
0
0
0
0
0
0
0
0
0
0.03463
0.03464
0
0.04101
0.03707
0
0.2978
0
0.39162
0
0
0
0
0
0
0.05807
0
0
0
0.0407
0.04116
0.18426
0.0925
0.45751
0
0.08761
0
0
0
0.3088
0
0.25551
0.05814
0.05844
0.32531
0
0
0
0.22282
0
0.03731
0
0
0
0.03629
0
0.10689
0.33392
0
0.05949
0
0
0
0.0591
0
0.05868
0
0
0
0
0
0
0
0
0
0
0
0
0.04073
0
0
0
0
0.02684
0
0
0.19064
0
0
0.03614
0
0.2403
0
0
0
0
0
0.05847
0
0.45961
0.91101
0.45087
0.44716
0.21478
0
0
0
0
0
0
0
0
0
0
0
0.03429
0
0.04699
0.04716
0
0
0
0
0
0
0.36402
0.36067
0.31645
0
0
0.12595
0.3855
0.32806
0
0.03359
0.20022
0.31421
0.25476
0
0
0
0
0
0
0.03803
0
0
0
0
0
0
0
0
0.20887
0.44446
0.47997
0
0.0409
0
0.03426
0.03421
0
0
0.11118
0.5107
0
0
0
0
0
0
0
0.04585
0
0
0
0
0
0
0
0
0
0
0
0
0
0
0
0
0
0
0
0
0
0
0
0
0
0
0
0.03606
0
0
0
0
0.14298
0
0
0
0
0
0
0
0
0
0
0.0929
0
0
0
0
0
0.43842
0.30818
0.05035
0.03779
0
0
0
0
0
0
0
0
0.29679
0.33206
0.14088
0.2571
0
0.03689
0
0
0
0.05127
0
0
0
0
0
0
0.07765
0
0
0
0.43894
0
0
0.06245
0
0
0
0.9243
0.36131
0.08716
0.0586
0
0.03503
0
0
0.03786
0.12692
0
0.3865
0.37577
0.40756
0.09556
0.34741
0
0
0
0.03793
0
0
0
0
0
0
0
0
0
0
0
0
0
0
0
0
0.03583
0
0
0
0
0
0
0
0
0.04554
0
0
0
0
0
0.03623
0
0
0
0
0
0
0
0
0
0
0
0
0
0
0
0
0.04004
0.16161
0.51067
0.30889
0
0
0
0
0.08636
0
0.10807
0.05041
0.02275
0
0
0.33921
0.48051
0
0.21378
0.09568
0.25876
0.05371
0.02803
0
0.24647
0
0.13329
0
0.20117
0
0
0.22255
0
0
0
0
0
0
0.46879
0
0.49128
0
0
0
0.03433
0
0.67237
0.39862
0
0.03638
0.04606
0
0
0
0
0
0
0
0
0.03669
0.03764
0
0
0.12079
0.04073
0.09248
0
0
0
0.22747
0
0
0
0.39872
0.41375
0
0
0
0
0
0
0
0.24469
0.38567
0.99692
0
0
0
0.28148
0.0549
0.49383
0.35495
0
0.77145
0
0
0.36022
0
0
0
0
0.14239
0
0
0
0
0.38895
0.2286
0
0
0.04604
0.2683
0
0.04009
0
0.04044
0.04039
0
0
0
0
0
0.04318
0
0.70831
0.68845
0
0
0.52465
0
0
0
0
0.33407
0
0
0
0
0
0
0
0
0
0
0
0
0.04268
0
0
0
0
0
0
0
0.04083
0
0
0
0
0
0
0
0.04044
0.21179
0.05049
0.36193
0.03753
0
0.05516
0
0
0.03481
0
0
0.2263
0.16489
0.05276
0
0.03721
0
0
0
0
0.25169
0.21948
0
0.31497
0.48298
0
0
0
0.33427
0
0
0
0
0
0
0
0
0
0
0
0
0
0
0
0
0
0.03764
0
0
0
0
0
0.03433
0
0
0.03466
0
0
0
0.08613
0
0
0.01157
0
0
0
0.26885
0
0.03476
0
0
0
0.05503
0
0.32176
0
0
0
0.05082
0.03586
0
0.29128
0.43891
0
0
0
0
0
0.05844
0
0.19973
0.36304
0.05978
0
0.01587
0
0
0
0.04636
0
0
0
0
0
0
0
0
0
0
0
0
0
0
0.03699
0
0
0
0
0
0.0131
0
0.28081
0.70643
0.04099
0
0.0651
0.05837
0.05884
0
0.01208
0
0
0
0
0.18869
0.07273
0
0
0
0.04
0
0
0.05867
0
0
0
0.03762
0
0
0
0
0
0
0
0
0
0.17666
0
0
0
0
0.03708
0
0.03723
0
0
0
0
0
0
0.2273
0.29502
0
0
0.08616
0
0
0
0
0.47858
0
0
0
0
0
0
0
0
0
0
0
0
0
0
0
0
0
0.44025
0.57218
0.11052
0.04268
0.05786
0
0
0.03737
0
0.0404
0.14303
0
0
0.0384
0
0
0.04103
0.07228
0.21436
0
0
0
0
0.21493
0.24488
0.18006
0
0.07775
0.16574
0.04028
0.08732
0.20786
0.03435
0.26851
0.21657
0.12586
0.30913
0.28426
0.03626
0
0.04303
0
0.16163
0.01196
0
0
0
0
0
0
0.45079
0.15675
0
0
0
0.10488
0
0
0.03349
0
0
0.21419
0
0
0
0.37081
0
0
0
0
0
0.26319
0.72265
0
0.04001
0.04041
0
0
0.32422
0.60922
0.05884
0
0
0
0.05204
0.08072
0.04032
0.186
0
0
0
0.0462
0
0.03695
0
0.02341
0.19923
0
0
0.08168
0.8788
0.20188
0
0.04312
0.47109
0
0.14629
0
0
0
0
0.25038
0.41849
0.162
0.05835
0
0.16153
0
0.4757
0.4758
0.22727
0.38434
0.31295
0.05075
0
0
0
0.25493
0
0.18506
0.09432
0.06692
0.05202
0.09396
0.03594
0.19511
0
0
0
0
0
0
0
0
0
0.84296
0.16184
0.03348
0.05554
0.63393
0.47307
0.47329
0
0
0
0
0
0.03726
0
0
0
0
0.04009
0
0
0
0
0
0.01202
0
0
0.04631
0
0
0
0
0
0
0
0.46674
0
0.05839
0.16172
0
0
0
0.03796
0
0.1773
0
0.02276
0.10628
0.14478
0.60742
0.28375
0
0.26266
0.04809
0.18184
0
0.47154
0
0.3059
0.33516
0
0
0
0.05793
0.45096
0
0.03625
0.24701
0.39097
0
0
0
0
0
0.04239
0
0.02399
0
0.36339
0.23887
0.07806
0
0
0.10765
0.24167
0
0.19013
0.02292
0
0
0
0.07172
0.41474
0.48226
0.01648
0.05814
0.27969
0.1108
0.52637
0.19192
0
0
0
0
0
0
0
0
0
0
0
0.01568
0
0
0
0.053
0.14974
0.40451
0
0.09339
0
0
0
0
0
0.09234
0
0
0
0
0
0
0
0
0
0
0
0
0
0
0
0
0
0
0.2746
0
0
0
0
0.09459
0
0.22799
0
0.05842
0
0.09367
0
0.15791
0
0
0
0
0.30189
0.17922
0
0
0
0
0
0
0
0
0
0
0
0
0.0406
0.35956
0.37071
0.43615
0
0
0
0
0
0
0
0
0
0
0
0
0
0
0
0
0.31102
0.34547
0
0
0
0
0.06041
0
0.06036
0
0
0.04981
0.47885
0.18584
0
0.05856
0.19739
0.35053
0.34672
0.28233
0.06596
0.25208
0
0.28105
0
0
0.45708
0.0863
0
0
0
0
0
0
0
0
0.02328
0.19126
0
0.04758
0
0
0
0
0
0
0
0
0.04531
0
0.04741
0
0
0
0
0
0.0412
0
0
0
0
0.4073
0
0
0
0
0
0.03744
0
0
0
0
0.23554
0
0
0.01228
0
0
0
0
0.03865
0.23419
0
0
0.03975
0.04006
0.10793
0.05819
0.05826
0
0
0
0
0
0.03628
0
0
0
0
0
0
0
0
0.22449
0
0
0
0
0
0.189
0
0.38024
0.47403
0
0
0
0
0
0
0
0
0
0
0
0
0
0.09426
0.03452
0
0.034
0.03455
0
0
0
0
0
0
0.03457
0
0.22904
0
0.06614
0
0.37485
0.01378
0
0
0
0
0
0
0
0
0
0
0
0
0
0.03474
0
0
0
0
0
0
0
0
0
0.18965
0
0
0.45043
0
0
0
0
0
0
0
0
0.33564
0.24123
0.4247
0.25532
0.41836
0.05886
0.52338
0
0
0
0
0.05829
0
0.36263
0
0
0
0
0
0
0
0
0
0
0
0
0
0
0
0
0
0
0
0
0
0
0
0.05845
0
0
0
0
0
0.02461
0
0.03722
0.03795
0
0
0
0
0
0.03706
0
0
0
0
0
0.48029
0
0
0
0.2999
0.77773
0.25917
0
0.03717
0
0.46818
0
0.17003
0.47452
0
0.05826
0
0
0.04571
0.03682
0.0122
0.0455
0
0
0
0.04661
0.08676
0
0
0.09345
0.11985
0
0
0
0
0
0.05168
0.07877
0
0
0
0.06775
0
0
0.02994
0.04059
0
0
0
0
0
0
0
0
0.26347
0.28577
0
0.06029
0.05944
0
0
0
0
0
0
0
0
0
0
0
0
0
0
0
0.26934
0.24645
0
0.58994
0
0.03706
0
0.83335
0.26359
0.04013
0
0
0
0
0
0
0
0
0
0
0
0.27338
0
0
0
0
0
0
0
0
0
0
0
0.03955
0
0.04056
0
0
0.03547
0
0
0
0
0
0
0
0
0
0
0.14282
0
0
0.03413
0.02312
0
0
0
0.05793
0
0
0
0
0
0
0
0.40591
0.19034
0
0
0.35567
0
0.0584
0.05833
0.29057
0
0.08682
0
0
0
0
0.07812
0.03645
0.41745
0.25194
0.11427
0
0.21976
0
0.4448
0.4489
0.3507
0.12655
0.35391
0.17315
0.17411
0.18154
0.09352
0
0
0
0
0
0
0
0
0
0
0
0.3025
0.38231
0
0
0
0
0.0385
0
0.04979
0.26799
0
0
0.82037
0.66044
0
0
0
0
0.04763
0
0.2578
0
0.03568
0
0
0.08827
0.67307
0.10818
0.25868
0.45276
0.33532
0
0
0
0
0
0
0
0
0
0
0
0
0.43237
0.03561
0.03776
0.04629
0.08766
0.16482
0
0
0
0
0
0
0
0
0.22443
0.40773
0
0
0
0
0
0.05927
0
0.03425
0.03407
0
0.26914
0
0
0
0.05102
0.42458
0.2682
0
0.2061
0
0
0
0
0
0.29411
0.47108
0
0.0566
0.48901
0.01841
0.37898
0
0
0
0.10729
0.5039
0
0
0
0
0
0.04108
0.21265
0.31972
0
0
0
0.03927
0.04053
0
0
0
0
0
0
0
0
0
0.08069
0.04311
0.04199
0
0
0
0
0
0
0
0
0
0
0
0
0
0
0
0
0
0
0
0
0
0
0.18556
0.22546
0.6506
0
0
0
0
0.14062
0
0
0.05009
0.2549
0.01307
0
0.04084
0.36378
0.04582
0
0
0.0468
0.04693
0
0
0
0
0
0
0
0.22505
0.03663
0
0
0
0
0.01926
0
0.03677
0
0.24574
0
0.14505
0
0.4297
0.03572
0
0
0
0
0
0.03812
0
0
0
0
0
0.23786
0
0
0
0
0.22578
0
0
0
0
0
0
0
0
0
0.10701
0.08961
0.29683
0.08903
0.2418
0.2811
0.09328
0
0
0
0
0
0
0
0
0
0
0.07441
0.04262
0
0
0
0
0
0
0.05062
0.58981
0.26857
0.05272
0
0.041
0
0.22543
0
0.07429
0
0
0.02406
0
0
0
0
0
0
0
0.27996
0.23006
0.39879
0
0
0
0
0
0.09248
0
0
0
0
0
0
0.03648
0
0
0
0
0
0
0.15332
0
0.03976
0
0
0
0
0
0
0
0
0.15558
0.48777
0.22479
0.35476
0.52595
0
0
0
0
0
0
0
0
0
0
0
0
0.03691
0.03714
0.41006
0.15588
0.23983
0
0.14141
0
0
0.04096
0.04018
0
0
0
0
0
0.03982
0
0
0.43732
0.01206
0
0
0.04059
0
0.01214
0
0
0
0.03608
0
0
0
0.38145
0
0
0.0582
0.59234
0
0.23183
0
0
0
0
0
0.09402
0
0
0
0
0
0
0.04096
0
0
0
0
0
0
0
0
0
0
0
0
0
0
0
0
0
0
0
0.0865
0.7406
0.35047
0.19032
0.0659
0.25666
0.19796
0.04227
0
0
0.31846
0.0356
0.07938
0.52799
0.0955
0.03639
0
0
0
0
0.09205
0.25757
0.06752
0
0
0.04078
0
0
0
0
0
0.15394
0
0
0.20773
0.56644
0
0.1431
0
0.20152
0.26925
0
0.08616
0.05126
0
0
0.04304
0
0.01426
0
0.05998
0.05916
0.5023
0.04559
0
0
0
0
0.27439
0.05211
0
0
0.15305
0.03437
0.09511
0
0.21571
0.24535
0
0.0409
0
0
0.08688
0.14781
0
0
0
0
0
0
0
0.0378
0
0
0
0
0
0
0
0
0
0
0
0
0
0.53716
0.56648
0
0
0.36168
0.38351
0.07207
0.05989
0
0
0.06664
0.06295
0
0
0
0
0
0.03475
0
0
0.38158
0.18437
0.26853
0.17483
0
0
0.18639
0.05154
0.04015
0.19082
0.22812
0.22547
0.15477
0
0
0
0.18779
0
0
0
0
0
0.22099
0.30675
0
0.03997
0.09404
0
0
0.38414
0.45097
0.0901
0.14211
0.03975
0.09297
0
0
0.04658
0.22275
0.64934
0.66255
0.45908
0.21166
0.40052
0
0
0
0
0
0
0
0
0.03418
0.28956
0
0
0.70079
0.35186
0
0
0
0.0384
0.05867
0.01155
0
0
0
0
0
0
0
0.04
0
0
0
0
0
0
0
0.04091
0.13931
0.23452
0.30071
0.05468
0.07574
0.30578
0.0348
0
0
0
0
0
0
0
0.04037
0.04089
0.44312
0
0
0
0.03855
0
0
0.09486
0
0
0
0
0
0
0.41261
0.36586
0
0
0.04075
0.70056
0.31552
0.40757
0
0.24914
0.0368
0
0
0
0
0
0
0
0
0
0
0
0
0
0
0
0.09472
0
0.03963
0
0
0.09262
0
0
0
0.41027
0.26805
0
0.42098
0.45762
0.08107
0.04005
0
0
0
0
0
0.03448
0.35076
0
0.11441
0
0.0409
0.05216
0.09311
0.18873
0
0
0
0
0
0.86241
0.19108
0
0
0
0
0
0
0
0
0
0
0
0
0.05148
0
0
0
0
0
0
0
0
0
0
0
0
0
0
0
0
0
0
0
0.0366
0.03677
0.03691
0.04693
0.03647
0.25385
0.09345
0
0
0
0
0
0.0347
0.18439
0.20235
0.20205
0.19782
0
0.05483
0.44162
0.37084
0.11008
0.39862
0
0
0.22166
0
0
0
0
0
0
0.03939
0.35146
0.25264
0.4365
0.89208
0.41725
0.8136
0.34858
0.22315
0
0
0.04591
0.04626
0.04738
0.03464
0.03609
0.04632
0.0369
0
0
0.0317
0.03655
0.05743
0
0.33063
0.34638
0
0
0
0.30564
0.09243
0.10271
0.09672
0.19582
0.22488
0.03594
0.11054
0.24379
0
0
0
0.08101
0.05443
0.29594
0
0
0.22186
0
0
0
0.01927
0
0
0
0
0.05869
0
0
0
0
0
0
0.30849
0.30982
0
0
0.03723
0
0
0.03687
0
0.02395
0
0
0
0
0.03464
0.1243
0
0
0.50947
0.03552
0.25673
0
0.30991
0
0
0.0547
0.21355
0.04227
0
0
0
0
0
0
0.13289
0.29139
0.23577
0.42367
0.21092
0.10217
0.20039
0.31536
0
0
0
0.53981
0.09253
0.01727
0.46673
0.36801
0
0.08126
0
0
0
0.18918
0.31456
0.14259
0
0
0
0
0
0
0
0
0.03421
0.18324
0.22558
0.47675
0.18832
0.19135
0.22222
0.11694
0
0
0.03454
0
0.03436
0
0.02597
0
0.25638
0.22643
0.22477
0
0
0.03403
0
0
0.03401
0
0.19077
0
0.01226
0.05893
0
0.05821
0
0
0
0
0
0
0
0
0
0
0
0.03852
0.34556
0
0.03687
0
0
0
0
0
0
0
0
0
0
0
0
0
0.03695
0
0.02991
0
0
0
0
0.04525
0
0
0.03705
0
0.01223
0.0368
0
0.02484
0
0.01925
0.05832
0
0
0
0
0
0
0
0
0
0.03632
0
0
0
0
0
0
0
0.0587
0
0
0
0
0.04042
0.04051
0.3886
0
0
0.02487
0.03493
0.03401
0
0
0
0
0
0
0
0
0.03542
0
0.27641
0.53846
0
0
0.18985
0
0.49164
0.17137
0.31203
0.14135
0
0.04059
0
0
0
0
0
0
0.03592
0.02392
0.57594
0
0
0.31501
0
0
0.30063
0
0.10343
0
0
0
0
0.03972
0
0
0
0
0
0
0
0
0
0.058
0.42662
0.2809
0
0
0.03478
0.22441
0
0
0
0
0
0.14756
0
0
0
0.03467
0.03592
0
0
0
0
0.03995
0
0
0.01314
0.44126
0
0.08102
0
0
0
0
0
0
0
0
0
0
0
0
0.21474
0
0
0
0
0
0
0
0.22257
0
0
0
0.04617
0
0
0
0
0
0
0.05951
0.05788
0
0
0.47955
0.03808
0
0
0
0
0
0
0
0
0
0
0
0
0
0
0
0
0.16187
0
0.36358
0.38828
0
0
0
0
0
0
0
0
0
0
0
0
0
0.03679
0.03715
0.0122
0.04749
0.03486
0
0
0.03478
0
0
0
0.1202
0
0.04653
0.04609
0
0.0889
0
0
0
0.25244
0
0
0
0.22682
0.09973
0
0.06345
0
0
0.91426
0.21963
0.08342
0.37374
0.29157
0.53827
0
0.01741
0
0.0585
0.03826
0
0
0
0
0
0
0
0
0
0
0
0
0
0
0
0
0
0
0.19049
0.10672
0
0.29486
0.45598
0
0
0
0
0
0
0
0
0
0.01281
0
0.03833
0
0
0
0
0
0
0.20823
0.14068
0
0
0
0
0
0
0.57012
0
0
0.05037
0.05011
0
0.03575
0
0.22157
0
0.01122
0.03453
0.11558
0.58962
0.34004
0
0
0
0
0
0
0
0
0
0
0
0.26669
0
0.07841
0
0.16044
0
0
0
0
0
0
0
0
0
0
0
0
0
0
0.86161
0
0
0
0.20014
0.03592
0.01707
0.26907
0
0.0932
0.20743
0.31428
0.15232
0
0.01929
0
0
0.08718
0.26883
0.14254
0.08676
0
0
0.0864
0.20182
0.08645
0.17429
0
0
0
0
0
0
0
0
0
0
0
0
0
0
0
0
0
0
0
0.08643
0.24656
0.23588
0.23547
0
0
0
0.03636
0
0
0.03756
0
0
0
0.25414
0
0.1542
0
0
0
0
0
0
0
0
0
0.16047
0.17748
0
0.28845
0.3176
0
0
0
0
0
0
0
0.0364
0.0125
0.04586
0
0.01925
0
0
0
0.03929
0
0
0
0
0
0.05905
0
0.05822
0
0.33591
0
0
0
0
0.01559
0
0.94247
0.60854
0.42101
0.41591
0.30573
0.03826
0
0
0
0.03813
0.03747
0
0
0
0.03756
0
0.05914
0
0.16574
0
0.33114
0
0.10569
0
0
0.19434
0
0.05095
0.46053
0
0
0.39303
0.20087
0
0
0.16946
0
0.08927
0
0
0
0
0
0
0
0
0
0.08396
0
0
0
0
0
0
0
0
0
0.04047
0
0
0
0
0
0
0
0
0
0
0
0
0
0
0
0
0
0
0
0
0
0
0
0
0
0.18273
0
0
0.05997
0.05939
0
0.01728
0
0
0
0.22416
0.22562
0.39682
0
0
0
0
0
0
0
0
0
0
0
0
0
0.39732
0.41839
0.09342
0.07004
0.17457
0
0.4953
0.04043
0.29806
0.15485
0.04028
0
0
0
0.22273
0
0.0588
0.24051
0
0.26109
0
0.05335
0
0.2609
0.35975
0
0.08613
0
0.3989
0.04301
0.05125
0.29142
0.41299
0.03809
0
0
0.01123
0.05342
0.10735
0
0.03598
0
0
0
0
0
0
0.31453
0.22372
0.05232
0.37345
0.22222
0
0
0
0
0
0
0
0.21136
0.18575
0.03994
0.17458
0.22842
0
0.23122
0.19747
0.02335
0
0.05819
0
0
0
0
0.05079
0
0
0.22212
0.05862
0.05863
0
0
0
0
0
0
0
0
0
0.0461
0
0
0
0
0
0
0
0
0.60995
0.12576
0.20619
0.06625
0.44955
0.02306
0
0
0
0.03757
0
0
0.03705
0.22282
0.09533
0.22481
0.373
0.42224
0.42934
0.40035
0
0
0
0
0.03746
0
0
0
0
0
0
0
0.03821
0.06019
0
0
0
0
0
0
0
0.04022
0
0
0
0
0
0
0
0
0
0
0
0
0
0
0
0
0
0
0.04022
0
0
0
0.03443
0
0.05819
0.06885
0.01718
0.43662
0.30211
0.36023
0.26828
0.34927
0.49678
0.64764
0
0
0
0
0.0778
0
0
0.50411
0.36554
0.47825
0.14761
0.75283
0.2975
0.09735
0.35154
0.35495
0.09585
0.45029
0.45327
0.02411
0
0.03418
0
0.03421
0.09325
0
0
0
0
0
0.4743
0.08628
0
0
0.05857
0
0
0
0.1108
0.38901
0.14687
0
0
0
0
0
0.09371
0
0.06018
0
0
0
0.27433
0.03354
0.44776
0.22663
0
0
0.31525
0.05824
0
0
0.05825
0
0
0
0
0
0
0.05787
0
0.05299
0.0746
0
0
0
0.03751
0.05792
0.03711
0.03746
0
0.02668
0.21664
0.74532
0.03851
0
0.14557
0
0
0.03581
0
0
0
0
0.04075
0
0
0
0.09404
0.03972
0
0
0
0
0
0
0
0.52593
0.04515
0
0.28743
0
0
0
0
0
0
0
0
0
0
0
0
0
0
0
0
0
0.059
0
0.35978
0.03577
0.39072
0.04645
0.04089
0
0.093
0.05691
0.03549
0
0
0.04687
0
0
0
0
0
0
0
0
0.15503
0.18403
0.224
0
0.0511
0
0
0.09358
0.41263
0.43895
0.03591
0
0.27503
0.30629
0
0
0
0
0
0
0
0
0
0
0
0
0
0.05086
0.51287
0.25248
0.59884
0.09029
0.45771
0.10822
0
0
0.0586
0
0
0.03766
0
0.03589
0.04115
0
0.04013
0.90004
0.59001
0
0.11067
0
0
0
0.20032
0.18769
0.05792
0.03852
0
0.01927
0.12457
0.04888
0.06286
0
0.60779
0.31412
0.35512
0.38736
0.02496
0
0
0.2146
0
0
0
0
0
0
0.01858
0.03599
0
0.05234
0
0.04709
0.27546
0
0.15353
0.43863
0.36366
0.08124
0.17457
0.04094
0.29631
0.20746
0
0.03741
0.0367
0
0
0
0
0
0
0
0
0.16589
0
0
0
0
0
0.01162
0.03737
0
0
0
0
0
0
0
0
0.40233
0
0.38365
0.0369
0
0
0
0
0.0349
0
0
0
0
0
0.05295
0
0
0
0
0
0
0
0.35364
0.04597
0
0.03606
0.04586
0
0.03615
0
0.09217
0
0.20776
0
0.3145
0
0.46168
0
0
0
0
0
0
0
0
0
0.04025
0.09415
0
0
0
0.04552
0
0
0.19334
0.22391
0.15917
0.20177
0.1407
0
0
0.14166
0
0
0.03509
0.12729
0.59749
0.26358
0.4212
0.61093
0.19899
0.04026
0
0
0
0
0
0.2259
0.21516
0.05238
0.08167
0
0.11036
0
0.03621
0.03631
0
0
0
0
0
0
0.03447
0
0.22338
0
0
0
0
0
0
0
0
0
0
0.04593
0
0
0
0
0.05845
0
0.2451
0.03457
0.04028
0
0.04109
0.0526
0
0
0
0
0
0
0.0453
0
0.04586
0
0
0.25041
0
0
0.22749
0.3621
0
0
0
0.09332
0.04235
0
0.0628
0.03555
0
0
0.22463
0.22243
0.39322
0.14756
0
0
0
0.06062
0
0
0
0
0.03722
0.14098
0.15089
0
0
0.12759
0
0.20697
0
0.18207
0.34989
0.17706
0.05104
0.33099
0
0
0.34073
0
0.3803
0
0
0
0.02745
0
0.11782
0.29683
0
0
0.13817
0.42876
0.34668
0
0
0
0.28617
0.54151
0.2681
0.35471
0.39601
0
0.03399
0
0
0
0
0
0
0
0
0
0.05842
0.44021
0
0
0.04039
0.12753
0
0.13264
0
0
0
0
0
0.04105
0.01887
0.50418
0.05039
0
0.41617
0.03427
0.50491
0.15201
0.41067
0.28192
0.47402
0.34135
0.1016
0.65128
0.40853
0
0.0375
0
0
0
0.0386
0
0
0
0
0
0.18579
0.03565
0
0.80458
0
0
0.27491
0.05695
0
0.05011
0.22658
0
0.08653
0.1234
0.08669
0
0.37129
0
0
0
0
0.0866
0
0
0.04503
0
0
0
0
0
0.19045
0.24137
0.47513
0.31449
0.04116
0.1864
0
0
0
0
0.37802
0
0
0
0.03809
0
0
0
0
0
0
0
0
0
0
0
0
0
0
0
0
0
0
0
0.03797
0
0
0.03763
0
0
0
0
0
0
0
0
0
0
0.0373
0
0
0
0
0
0
0
0
0
0
0
0
0
0
0
0
0
0
0
0
0
0
0
0
0.28775
0
0.22247
0.25521
0.35635
0.36309
0
0
0
0
0
0
0
0
0
0
0
0
0.03737
0
0
0
0
0
0
0
0
0.03979
0.0941
0.25797
0
0
0.03689
0
0
0
0
0
0
0
0
0
0
0
0
0.03714
0
0
0
0
0
0
0
0
0
0.03619
0.01164
0
0
0
0.55736
0.42053
0
0.04299
0.83635
0.31356
0.17453
0
0.16534
0
0
0
0.38851
0
0
0.22477
0.29313
0
0.04496
0
0.04107
0
0
0
0.88455
0.25258
0.21372
0.4416
0
0.01755
0
0
0.03371
0
0.42876
0
0.45513
0
0
0
0
0.28067
0.077
0.03417
0.23458
0.05349
0
0
0.54874
0.08752
0
0
0
0
0.03887
0.03025
0.31652
0.19749
0.28216
0
0
0
0
0
0
0
0.33519
0.04276
0.06338
0.07427
0.04223
0
0.03974
0.18156
0
0
0
0.05941
0
0
0
0
0
0
0
0
0
0
0
0
0
0
0
0.0259
0.03703
0.05858
0
0.03777
0
0
0
0
0
0.0456
0
0
0
0
0
0
0
0
0
0
0
0.03456
0
0
0.03421
0.03437
0.03435
0
0
0.03424
0.22709
0.5196
0.48855
0.21344
0.03621
0
0
0
0.03607
0
0.03463
0.04033
0
0
0
0.03581
0.03443
0.51789
0.05226
0.22115
0
0
0
0.24903
0
0
0
0
0
0
0
0
0.03854
0.05152
0
0
0
0
0.04064
0
0.03712
0.31039
0
0
0
0
0
0.25709
0.54283
0.10716
0.16932
0.10734
0.07955
0.08614
0
0.08614
0
0
0
0
0
0
0
0
0
0
0
0.22158
0.1263
0
0.10613
0
0.05858
0.05831
0.39496
0.09532
0.0405
0.04031
0
0.05017
0.0948
0.07676
0.04045
0.22356
0.22408
0.04597
0
0
0.33348
0
0
0
0.27284
0
0
0
0
0
0
0
0
0
0
0
0
0
0
0
0
0
0
0.0363
0
0
0
0
0
0.02988
0
0.0344
0
0
0.46885
0.32967
0.5571
0.03588
0.47639
0.2084
0
0
0.03449
0
0
0.03425
0
0
0.03441
0.02334
0
0
0.09435
0
0
0
0
0.27752
0
0.04004
0
0.26891
0
0
0
0.27194
0.26843
0
0.03489
0
0
0
0
0.03605
0
0
0
0.04251
0
0
0
0
0
0
0
0
0
0
0
0
0
0
0
0
0
0
0
0.09538
0.09364
0
0.05185
0.04693
0
0
0
0
0
0
0
0
0
0.05025
0
0
0
0
0.05022
0.05056
0.04986
0
0
0
0.09379
0
0.05223
0
0.05296
0
0.33147
0.05316
0.10664
0.20595
0
0
0
0
0.05488
0.01838
0
0.04017
0.25384
0.12833
0.07659
0.1753
0.21159
0.23971
0.49076
0.13182
0
0
0.0522
0.05208
0.0906
0.05449
0
0
0
0
0
0
0
0
0.21977
0
0
0
0.09475
0
0
0.41793
0.23442
0
0.05143
0
0
0
0
0
0.0582
0
0
0.02489
0
0.207
0.05246
0.05988
0
0.4768
0
0.11304
0.25292
0.05164
0
0.35029
0.4668
0
0
0
0
0
0
0
0
0
0
0
0
0
0
0.03407
0.03487
0
0
0.03446
0
0
0.21353
0
0
0
0.04212
0.49772
0
0
0
0.03852
0.05795
0.04017
0.11355
0.0513
0.05892
0
0
0.45429
0.28708
0.42943
0.21957
0.27329
0.31618
0.08724
0
0.49003
0.21298
0.05723
0.19545
0.3814
0
0
0
0
0
0
0
0
0
0
0
0
0
0.03998
0
0
0
0
0
0
0
0
0
0
0
0.42655
0.07441
0.26798
0.31471
0.22251
0
0.34037
0
0.06445
0.09499
0.30934
0.10627
0
0
0
0.26606
0
0.09309
0
0.03719
0.09089
0
0
0
0
0
0
0
0
0.46663
0.33982
0.27979
0
0
0
0
0.0386
0
0
0.0372
0
0
0.06262
0
0
0.09307
0.13682
0.44823
0.05258
0.04251
0.04202
0.20484
0
0
0
0.04247
0.43942
0.43957
0.2959
0.03621
0
0.05787
0.1514
0.20614
0
0
0
0
0
0.28025
0.35084
0.07844
0
0.05365
0
0.2115
0
0
0
0.03742
0
0
0
0
0
0
0
0
0
0
0
0
0
0
0
0.05966
0.05818
0
0.09979
0
0
0.05842
0
0.33199
0.05689
0.44695
0.36661
0
0
0
0
0
0
0
0
0
0
0
0
0.03697
0
0
0.01926
0.05908
0
0.05961
0.33558
0.33321
0.19811
0
0
0
0
0
0
0
0
0
0
0
0
0
0
0
0
0
0.274
0
0.05787
0
0
0
0.72705
0
0.44701
0.08997
0.66106
0.04261
0.04281
0.03711
0
0
0.04244
0.23019
0
0
0
0
0.0364
0.03702
0
0
0
0
0
0
0
0
0
0
0.31202
0.42891
0.33813
0.46708
0
0
0.09372
0.41785
0
0.10083
0
0
0
0
0
0.10332
0.07454
0
0.06948
0
0.046
0
0.04647
0.03619
0
0.03173
0
0
0
0
0
0
0.03587
0
0
0.1872
0
0
0
0.04544
0.037
0
0
0.04531
0
0
0
0
0
0
0
0
0.03802
0
0
0
0
0
0
0
0
0.03869
0
0
0
0
0
0
0.54798
0.45412
0.20625
0
0.04039
0.04515
0.03668
0.3163
0.04297
0
0
0
0.24234
0.06718
0.11704
0
0.02507
0.1735
0
0
0.4769
0.14597
0.05606
0
0
0
0
0
0
0
0
0
0
0
0
0
0
0
0
0.04545
0
0
0
0
0
0
0
0
0
0
0
0
0
0
0
0
0
0
0
0.16164
0
0
0.04029
0.2684
0.26819
0
0.03423
0.08626
0.08617
0
0
0
0
0
0.03465
0.03504
0
0
0
0.11915
0.24536
0.8013
0.25387
0
0.29795
0.10651
0.05674
0
0
0
0
0
0
0
0.14304
0
0.08656
0
0
0.08706
0.08675
0
0.0691
0
0.63151
0
0.34893
0.40709
0
0.51825
0.35019
0
0.10547
0
0
0.08702
0.10672
0.04267
0
0.09869
0
0
0
0.04672
0
0
0
0
0.01666
0.10649
0.25721
0.53432
0
0
0
0.54233
0.70166
0.70858
0.30312
0.15934
0
0.28794
0
0.24253
0
0.04064
0
0
0
0.01755
0.35196
0
0
0
0
0
0.04055
0.29096
0.90541
0
0.04208
0.04319
0
0
0
0
0
0.05323
0
0.02264
0.25527
0.10863
0.18162
0.22487
0.19213
0.2349
0
0
0
0
0
0
0
0
0
0.02588
0
0
0
0
0.23534
0.08646
0.65886
0.04208
0.04312
0.29864
0.07826
0
0.0783
0.01427
0
0.2765
0.17327
0.07691
0.29158
0.8209
0.34972
0.41826
0
0.09384
0
0.76905
0.16381
0.59426
0
0
0
0
0
0
0
0
0
0
0.04015
0
0
0
0
0
0
0
0
0
0.03862
0
0
0.05889
0
0
0
0
0
0.20127
0.22665
0
0
0.05162
0.09287
0
0.09375
0.22637
0.05693
0.19051
0.39047
0.21127
0.23196
0.293
0.23532
0.16027
0.21758
0
0
0
0
0
0
0
0.17363
0
0
0
0
0.16519
0.04028
0
0
0.52833
0.43178
0
0
0
0
0.03674
0
0.31999
0
0.01582
0
0
0.06806
0.09315
0.2271
0.45983
0
0
0.35366
0.21925
0.42862
0.42759
0
0.37592
0.45329
0.03857
0
0
0
0.03696
0
0.0402
0
0
0
0
0
0.0373
0.03607
0.13904
0.18255
0.18258
0.09547
0
0.48138
0.07808
0
0.03403
0
0
0.05835
0.05848
0
0
0
0
0
0.34522
0.21875
0
0
0.01701
0
0.01813
0.0306
0
0
0
0
0.01588
0.04595
0.04055
0.04046
0
0.32815
0.25667
0.04197
0.04241
0.04277
0.42672
0
0
0
0
0
0.04131
0
0
0
0
0
0
0
0
0
0
0
0
0
0
0
0
0
0
0
0
0
0
0
0.30445
0
0
0.01146
0.1562
0.41343
0.03377
0.08881
0.72483
0
0.31336
0
0.04034
0.84769
0
0
0
0
0
0
0
0
0
0
0
0.33934
0.04215
0
0.04292
0
0.07699
0
0
0
0.22493
0.01185
0.88484
0
0.18199
0
0
0
0
0
0
0
0
0
0
0
0
0.05708
0
0.25739
0.59862
0.23478
0.16555
0
0.04085
0
0.13217
0.09459
0.09389
0
0
0
0.03835
0
0
0
0.03691
0.2801
0.06775
0.09585
0.11736
0.01398
0.04221
0.146
0.07717
0.25328
0
0.04291
0
0
0
0
0
0
0.01925
0.05922
0.03851
0.13211
0.3466
0.49836
0.05097
0.24135
0.48158
0
0.26613
0.44423
0.09396
0
0
0
0
0
0
0
0
0.5184
0.05053
0
0
0
0
0
