0.49934
0.0889
0
0.15107
0
0
0
0
0.55574
0.13342
0.12239
0
0
0.10985
0
0.07294
0
0.03285
0
0.20487
0.05924
0.1487
0.0475
0
0
0.29333
0.11774
0
0
0
0
0
0
0.13949
0.04238
0
0
0
0.26244
0
0
0
0
0.04071
0
0.41629
0
0
0
0.07474
0
0
0
0
0
0
0
0
0.13793
0
0
0
0
0
0
0
0
0
0
0.15521
0
0.08298
0
0
0.03687
0.22156
0
0
0
0
0
0
0.12286
0
0
0.17358
0
0
0
0
0
0
0
0.05499
0
0
0
0
0.109
0.71758
0
0
0
0.15132
0
0
0
0
0.05402
0
0
0
0
0
0
0
0
0
0
0
0
0
0.16547
0
0
0.12302
0
0
0
0.07226
0.12284
0.49276
0.03778
0.19775
0.09973
0.17177
0
0
0.09715
0
0
0.13934
0
0
0.12082
0
0
0
0
0.11217
0
0
0
0
0.11048
0
0.10715
0
0
0.10317
0.1639
0
0.03908
0.1303
0
0
0
0.512
0
0
0
0.10846
0
0
0.09827
0
0.79091
0
0.08721
0
0.15223
0
0
0.49819
0
0.13255
0
0
0
0
0.04505
0.22983
0.1179
0
0
0
0.12669
0.12718
0.26904
0
0
0
0
0.10474
0.20908
0
0
0.19763
0
0.11988
0
0.09641
0
0
0
0.12072
0.55484
0.08885
0
0
0
0.11134
0
0
0
0
0
0
0.10862
0
0
0
0
0.18046
0
0.10872
0
0.22193
0.12682
0
0
0
0
0.07168
0
0
0
0.10987
0
0.4207
0.12294
0
0
0
0
0.03434
0
0.15169
0
0
0.09951
0.11305
0
0
0.09877
0
0
0
0.11464
0
0
0
0.45983
0.12177
0.26365
0.25781
0
0
0
0
0.13452
0
0.10592
0
0
0
0
0
0.11551
0.11515
0
0.30188
0.51093
0
0.1192
0
0
0
0.09877
0
0
0.11601
0
0.15314
0.11101
0
0
0.05546
0
0
0.67913
0
0.38629
0.11559
0.1315
0
0
0.52618
0
0
0
0
0
0.16161
0
0
0.10671
0.04098
0.1304
0
0.24181
0
0
0
0.20484
0.16135
0.10514
0
0.20333
0
0.04883
0
0.12017
0
0.12532
0
0.14692
0
0
0
0
0
0
0
0
0.16277
0
0
0.08783
0.18386
0.12885
0
0.02965
0
0.11184
0
0
0
0
0
0
0.23246
0
0.20571
0
0
0
0
0
0
0
0
0.12189
0
0
0
0
0.31807
0
0.22175
0
0.15056
0.15079
0
0
0
0
0.11858
0
0
0
0.10738
0
0
0
0
0
0.16748
0.03719
0
0.14522
0.03754
0
0
0
0.1299
0
0
0
0
0
0.12638
0
0
0
0
0.05262
0
0.09662
0.10955
0.49267
0.82898
0
0
0.15972
0
0
0.04277
0
0.09063
0.34184
0
0.07001
0
0.10742
0
0.04847
0.14632
0.19179
0
0
0.09712
0.10784
0
0
0
0
0.07068
0.12854
0.18047
0
0.13322
0
0.11077
0
0.04174
0
0.07568
0
0.27334
0
0
0
0
0
0.0958
0.14464
0.10946
0.03535
0
0.09755
0
0
0.03602
0
0
0
0
0.152
0.29226
0
0.12139
0.13889
0
0.21537
0.10006
0.11243
0.11131
0
0
0
0.35752
0.25745
0
0.49702
0
0.12144
0
0
0
0.0715
0
0.16233
0
0.4717
0.13283
0.12144
0.22304
0
0
0.12489
0
0.04424
0.16012
0
0.64427
0.32911
0.16333
0
0
0
0
0.20538
0
0.86007
0.15027
0.30969
0
0
0.49975
0.20586
0
0
0
0
0.21127
0.09238
0
0.35935
0
0.12041
0.03369
0.21449
0.03674
0
0.28267
0
0.09215
0.03665
0.28186
0
0.11099
0.28951
0.10832
0.26319
0
0
0
0
0.12268
0
0
0
0.14822
0
0
0
0.16902
0
0
0
0
0
0.12708
0
0
0
0.082
0.30342
0.11058
0
0
0.2436
0.20758
0.09851
0
0.11348
0.1133
0.0324
0
0.11023
0.11316
0
0.11007
0.05531
0
0
0
0.1102
0.108
0
0
0
0
0.09001
0.32473
0
0.35776
0.03274
0.23711
0.37672
0
0.33203
0
0
0.21407
0
0.27597
0
0
0
0.33533
0.20388
0.04001
0
0.10934
0.18258
0
0
0
0.15024
0
0
0.08051
0.14642
0.09491
0
0
0
0.26827
0.04388
0.23588
0.05456
0.14029
0
0
0.12018
0
0.14818
0
0.1232
0.10843
0
0
0.08878
0
0.20372
0.16192
0
0
0
0.11184
0.03051
0.26394
0
0.25534
0.03143
0
0.20404
0.07465
0
0
0
0
0.10917
0.2573
0.12478
0.539
0.49353
0.61655
0.09851
0
0
0
0
0.24489
0
0
0.11831
0
0
0.1114
0.36257
0.09169
0.35317
0.12462
0
0.11516
0
0
0
0.12158
0.16684
0
0
0.2185
0.0982
0
0.13278
0.08724
0
0
0.37711
0.25882
0.09919
0
0
0.11342
0
0
0
0
0.69562
0
0
0.10843
0
0
0
0
0
0
0
0.03061
0
0
0
0.12756
0
0
0
0.13123
0
0
0.1132
0
0.18859
0.07168
0
0
0
0.28481
0
0
0
0
0
0
0.11233
0.52291
0.52658
0
0.10692
0
0
0
0
0
0
0
0
0
0.23629
0.12186
0
0
0
0
0
0.11866
0.03786
0
0.23429
0.20313
0
0.17618
0.11339
0.12189
0.03082
0
0
0.11314
0.03422
0.11303
0.04054
0.0981
0
0
0.2182
0.03803
0.03794
0
0
0
0
0
0.35485
0
0
0.11918
0.10719
0
0
0.09232
0.11192
0
0
0
0
0
0.10973
0
0
0
0.12146
0
0
0.32673
0.15394
0
0
0.11854
0.11
0.37527
0
0.03786
0.55013
0.60475
0
0.10732
0
0
0.04496
0
0
0
0
0
0.12787
0
0
0
0.14878
0
0.09824
0
0.10541
0.08258
0
0.12965
0.11834
0.1193
0
0.04459
0.13134
0
0.1489
0.12178
0.14027
0
0
0
0.35381
0.38536
0
0
0
0
0
0.14723
0.27078
0.1401
0
0.2192
0.10877
0
0
0
0
0.1527
0
0
0.04497
0
0
0
0.2705
0.27284
0
0
0.11022
0
0
0
0
0
0
0
0
0
0
0.21116
0.10811
0.14813
0.07438
0.11397
0
0
0
0.2655
0
0
0.04784
0
0
0
0
0.15078
0
0.15853
0
0
0
0
0
0
0.07613
0
0.50539
0.12996
0
0
0
0
0.09708
0
0.10346
0.22169
0.31072
0.09733
0
0
0
0.29358
0.12306
0.08874
0
0
0.1477
0
0
0
0
0
0
0.21369
0.27358
0
0
0
0
0
0.09815
0.27456
0
0.10966
0.11368
0
0.158
0.09222
0
0.11541
0.0774
0.07259
0
0.15074
0
0.11721
0.12938
0
0.72684
0.09818
0
0.15874
0
0.13585
0
0.41208
0.14308
0
0.10872
0.09707
0.21902
0.49895
0.14466
0
0
0.13014
0
0.23363
0
0
0
0
0
0
0.10276
0.15843
0.15551
0.17502
0.24714
0
0
0
0
0
0.12583
0
0
0.10711
0.1102
0
0
0.08677
0.26517
0
0.06856
0
0
0.10601
0
0
0.10541
0.10884
0
0.11801
0.11104
0.09721
0.14195
0
0.12147
0
0
0.14234
0
0
0
0
0
0
0
0.46872
0.09852
0
0
0.49625
0
0
0
0.10789
0.04678
0
0
0
0
0.07426
0
0.11478
0
0
0
0.11413
0.20927
0.3589
0
0.1174
0
0
0
0
0.11136
0
0
0
0
0
0.27863
0
0
0
0
0
0
0.10066
0
0.16772
0.21007
0
0
0
0
0
0
0.14062
0.09812
0
0
0
0
0.11252
0.09106
0.11709
0.04876
0
0
0.10806
0.03838
0.1098
0
0
0
0
0
0
0
0.1325
0.41359
0
0
0.13387
0
0
0
0.11273
0
0
0
0
0
0.10806
0
0
0
0
0.37478
0
0.21434
0
0.37744
0.10147
0
0
0
0.16823
0
0.09043
0
0
0.12172
0
0.11105
0
0
0.11321
0
0
0.54202
0.09833
0
0.10716
0
0
0.60453
0
0.03845
0
0
0
0
0
0
0
0
0
0
0.09987
0.1209
0
0
0
0
0.11051
0
0.38055
0
0
0
0.20934
0
0.48238
0
0.11436
0
0.23619
0
0
0
0
0
0.12149
0
0
0
0.11277
0
0
0
0.22995
0.25175
0
0.20938
0.10208
0
0
0
0.33839
0.10785
0.1104
0
0.15039
0
0.172
0
0
0.10929
0
0.10921
0
0.12777
0.2227
0
0.34016
0
0
0.03858
0
0.03777
0
0
0
0.1866
0.36842
0
0.10472
0.06876
0.1369
0
0
0
0.13658
0.09844
0
0
0.19825
0
0.2149
0.20946
0
0.12955
0.03265
0.17073
0.14901
0.14779
0
0.07496
0.12984
0.10767
0.43386
0.08591
0
0
0
0.55569
0.27074
0
0.64443
0
0
0.20771
0
0
0.10159
0
0
0
0.14467
0
0
0.04024
0
0
0
0.14929
0
0.41193
0.12911
0
0
0.10968
0.18063
0.1395
0.09562
0.10404
0
0
0.10365
0
0
0
0
0.4193
0.61785
0
0.11705
0.12196
0
0
0
0.07385
0.19512
0.11076
0
0.13524
0
0
0.19234
0
0.14129
0.52896
0.11769
0.12179
0
0.21607
0.05642
0.07087
0
0
0.16763
0
0
0
0
0.2147
0.03537
0.10532
0
0
0.12273
0.52567
0
0.11697
0
0.10591
0
0
0
0
0
0
0
0
0
0
0.11649
0
0.15266
0
0
0.06568
0
0.07306
0.35797
0
0.10412
0.30014
0.11795
0
0
0
0
0.1223
0
0
0.23117
0.16885
0.35545
0
0
0.15515
0.10838
0
0
0
0.29931
0
0
0.12159
0.12125
0.03149
0.24251
0.15315
0
0
0.51844
0.19519
0
0
0
0.22176
0
0
0
0.24328
0.20066
0
0
0.14342
0
0
0
0
0.21044
0.04887
0
0
0.35916
0
0.14158
0.10809
0.10846
0
0
0.0884
0
0.14142
0
0.40173
0.10736
0.40651
0.1415
0
0
0
0.04051
0
0.16964
0
0
0
0.47462
0
0
0
0
0
0
0.10594
0.03533
0
0
0.26533
0.13763
0.0711
0
0
0
0
0
0.3462
0.35446
0
0.03963
0.11416
0
0
0
0.48405
0.27636
0
0.16488
0
0
0.04406
0
0
0
0
0
0
0
0
0
0
0.04533
0.28137
0.11442
0
0
0
0
0.11714
0
0
0.12146
0.42098
0.4824
0
0.04821
0
0
0
0
0
0.10564
0
0
0.07212
0
0.19532
0.11752
0.45165
0
0
0
0
0
0.0918
0
0.10721
0
0.38821
0
0
0.25044
0.383
0
0.05902
0.14731
0
0
0
0
0
0
0
0.08835
0
0
0
0
0.50403
0.11421
0
0
0.03638
0
0
0
0
0
0
0.32148
0.15483
0.1426
0
0
0.34792
0
0
0
0
0
0.23421
0
0.13549
0.11411
0.11883
0
0
0.10594
0
0
0
0
0.06476
0.31963
0
0
0
0
0
0
0.1108
0
0
0
0.03277
0
0.10624
0.182
0.13075
0
0
0.07346
0
0
0
0.28099
0.38777
0
0.14241
0.12285
0
0.47342
0
0.46257
0.08972
0.06069
0
0
0
0
0
0
0
0
0
0.09019
0.14925
0.14558
0.15624
0
0
0
0
0
0
0
0
0
0
0.03075
0
0
0
0.11369
0
0.05989
0.0853
0
0.23147
0
0.09211
0
0
0
0
0
0.09441
0
0.16387
0
0.12189
0.12119
0
0
0.1241
0
0
0.27844
0.11905
0
0.26487
0.05277
0
0
0.10841
0
0.26291
0
0.38955
0
0
0
0
0
0.04044
0.11374
0.28143
0.28355
0.12095
0
0
0
0
0
0
0
0
0
0
0
0
0.11339
0
0.09033
0
0
0
0.26434
0.23003
0.13602
0
0.21827
0
0
0
0
0.17287
0
0
0
0.04381
0
0
0
0.09028
0
0.16882
0
0.12401
0
0.08949
0.191
0.23061
0.12716
0
0
0
0
0
0
0.11381
0
0
0
0.11517
0
0
0.11052
0.38786
0
0
0
0.15779
0
0
0
0.09456
0
0.35366
0.21729
0
0.17248
0.11991
0
0.1189
0
0
0
0.24538
0
0
0
0
0
0
0.07844
0.12588
0.34911
0.12428
0
0.11731
0.12613
0.28196
0.05164
0.26303
0
0
0
0.26602
0.15441
0.12376
0.12915
0.04666
0
0
0
0.11538
0.26744
0
0
0
0
0.13039
0
0.11345
0.09098
0
0
0
0
0
0
0
0.2117
0.41139
0
0.1197
0.11311
0
0
0
0.15867
0
0.3882
0
0
0
0
0
0.26531
0.09103
0
0
0
0
0
0
0
0.03065
0
0.09524
0.18938
0
0
0.24353
0
0.0296
0.09592
0.12154
0
0
0.09193
0
0
0.04347
0
0
0.08651
0
0
0
0
0.0616
0
0
0.09108
0.12104
0.12846
0.15899
0
0.14262
0.21387
0
0
0
0.32531
0
0
0.18589
0
0.11377
0
0
0
0
0.29135
0.2942
0
0
0
0.04008
0.12182
0
0
0.39023
0.20351
0
0
0.12103
0.03838
0
0.09043
0.21881
0
0.35623
0.10599
0.10615
0
0.17828
0.12509
0.20244
0
0
0
0
0
0
0
0
0.07968
0.04066
0.22532
0.27093
0.41796
0
0
0
0.06047
0
0.12306
0.27455
0
0
0.11496
0
0
0.20112
0
0
0
0.11986
0
0
0.11923
0
0
0.21026
0
0
0
0
0
0.13011
0
0
0.2179
0
0
0.10807
0.49694
0
0
0.157
0
0
0.15794
0.09146
0.24827
0.39138
0.26586
0.12458
0
0.12249
0
0.15545
0
0.08142
0
0.11288
0.4991
0.11746
0
0.04078
0
0
0
0
0.2189
0
0
0
0
0
0
0.12884
0
0
0
0
0
0.12229
0
0.15864
0
0.09118
0.12168
0
0
0
0
0
0.21387
0.08465
0
0
0.13262
0
0
0
0.08621
0
0
0.20559
0.14026
0
0.28712
0
0
0
0
0
0.04037
0
0
0
0
0
0
0
0.26491
0
0
0.09312
0
0.11124
0.12091
0.12047
0
0.22323
0.11119
0
0
0
0
0
0
0
0.24152
0
0
0.30339
0.29993
0
0
0
0
0
0
0
0.20994
0.18283
0
0
0
0
0
0
0
0
0
0
0
0
0.27164
0
0.12024
0.10953
0
0
0
0
0.10605
0
0
0.07674
0
0
0.07736
0
0
0.29012
0
0
0
0.19294
0
0.1119
0
0.15871
0
0
0
0.11807
0
0.12319
0
0
0
0
0
0.21838
0
0.0402
0.14181
0.0756
0
0.11316
0
0
0.16253
0.55219
0.23063
0
0.10325
0.24624
0
0
0
0
0
0
0.11642
0
0
0
0
0.21449
0
0.54526
0
0
0
0
0
0.17773
0
0
0
0
0
0
0.12087
0
0
0
0.2402
0.09873
0
0
0
0
0.10877
0
0.15796
0
0
0
0.06854
0
0.22912
0.19105
0
0.12058
0.44603
0
0
0.1352
0
0.15816
0
0
0
0.1236
0.09604
0.27533
0
0
0
0
0
0.13088
0.16975
0
0.22675
0
0
0.18466
0
0
0.19273
0
0.03722
0
0.28128
0.15329
0
0
0
0.30124
0
0
0.10572
0
0.03507
0.58378
0.10516
0
0.40839
0
0.1101
0.50049
0.10708
0
0.11148
0
0.07958
0
0.36754
0
0
0.419
0
0
0
0.18569
0.03021
0
0
0.19757
0.11093
0
0
0.07197
0
0
0.09134
0
0
0.13809
0
0
0
0.09706
0
0.07725
0
0
0
0.28106
0.30321
0
0.24248
0.26534
0
0.1261
0.16791
0
0
0
0.08551
0
0.16469
0
0
0
0.03017
0
0.21547
0.38784
0.13049
0
0
0
0
0
0.10872
0.16438
0
0.12209
0
0
0
0
0
0
0.05544
0.11684
0
0
0
0
0
0
0
0
0.24126
0
0.20418
0
0
0
0.15015
0.05137
0
0.0993
0
0
0
0.20329
0.1107
0
0
0.4144
0
0.07524
0.41192
0
0.07392
0
0
0
0
0
0
0.12285
0
0.19348
0.48331
0
0
0
0
0
0
0
0
0
0
0
0.10842
0
0
0
0
0
0
0
0
0
0
0.09667
0
0
0.21864
0
0.11842
0.10805
0
0
0
0
0
0
0
0
0
0
0
0
0
0
0
0
0.29982
0.12113
0
0
0
0
0
0.09943
0
0.28718
0
0
0
0
0
0
0
0
0.12034
0
0.04992
0
0
0
0
0.1297
0
0
0
0
0
0
0
0.07212
0.35527
0
0
0
0
0
0
0
0
0
0.08012
0
0
0
0
0
0
0
0.23998
0
0
0.1068
0
0
0
0
0
0
0
0
0
0
0.26951
0
0
0
0.26206
0
0
0
0
0.2809
0
0
0
0
0
0
0
0
0
0
0
0
0
0
0
0
0.11848
0.15153
0
0.34992
0.35256
0.12032
0
0
0.04992
0
0
0
0
0
0
0.10347
0
0
0
0
0.12922
0
0
0
0
0
0.36668
0
0
0
0
0
0
0
0
0.21829
0
0
0.10767
0
0
0
0
0
0
0.1908
0
0
0
0
0.04819
0.27405
0
0
0
0.06562
0
0
0.12747
0
0
0.12955
0
0.11812
0.11941
0
0
0.25315
0
0
0
0
0
0
0.05103
0.29096
0
0.15178
0
0.55346
0.35023
0
0
0
0
0
0
0
0
0.12966
0
0
0.35458
0.23361
0
0
0.53293
0.61267
0
0.15247
0
0
0
0
0
0
0
0
0.28616
0.15357
0
0
0.15557
0
0
0.15668
0
0
0
0
0
0
0
0
0.05125
0
0
0
0
0
0
0
0
0.29642
0
0
0
0
0
0
0
0
0
0.68925
0
0.05026
0.03961
0.28555
0
0
0
0
0
0
0
0
0
0
0.11817
0
0.11967
0.15405
0
0
0
0
0
0
0.15467
0.35134
0
0
0.25252
0.21869
0
0
0
0
0
0
0.61545
0
0
0
0.03614
0
0
0.03593
0
0
0
0
0
0
0
0
0
0
0
0.17989
0
0
0
0
0.15578
0
0
0.03263
0
0.14405
0.27505
0
0
0.13874
0.03737
0
0.14165
0
0
0
0
0.12815
0
0
0.13814
0
0
0
0
0.0351
0
0.49424
0
0
0
0
0
0.12958
0
0
0.19489
0
0
0
0
0
0.13306
0
0
0
0
0.11586
0
0.38373
0
0.17581
0
0.25628
0.08666
0
0.24926
0
0.35252
0
0.09747
0.12175
0
0
0
0
0
0
0
0
0.11049
0
0.11203
0
0
0
0.15342
0
0
0
0
0.11723
0
0
0
0.1957
0
0
0
0.19734
0
0.20351
0.13734
0
0.41603
0
0
0.15514
0
0
0.11159
0
0
0
0.14523
0
0
0.15367
0
0
0.19085
0
0.10819
0
0
0.1416
0
0
0.45115
0.86568
0
0.14714
0
0
0
0
0
0
0
0.41269
0.41248
0
0
0
0.08973
0
0
0
0
0
0
0.07099
0
0
0
0
0.09591
0.07071
0
0
0.10225
0
0
0.05101
0
0
0
0
0.13831
0
0
0
0
0
0
0.13942
0
0
0.16495
0
0
0.09501
0.08825
0
0.24672
0
0.12565
0.16912
0
0.09144
0
0
0
0
0
0.11181
0
0.21083
0
0.08315
0.17833
0.22273
0.38119
0
0
0.11482
0.11332
0
0.03992
0
0
0.21676
0
0
0
0
0.20877
0
0.10936
0.54762
0
0
0.09922
0.19667
0.21039
0
0
0
0
0
0.29262
0.23307
0
0.22958
0
0.21388
0.08084
0.08098
0
0
0
0.10404
0.11705
0
0.08248
0
0
0
0
0
0.24442
0
0.08983
0
0.08008
0
0
0.11459
0.10606
0
0
0
0
0.12487
0.04065
0.10348
0
0
0
0
0
0.11806
0.12051
0
0.21649
0
0.72882
0
0
0
0.08175
0
0
0.12656
0.2141
0.12081
0.11923
0
0.11581
0.03062
0.08209
0
0
0
0.0533
0
0
0
0
0
0.04043
0
0.15341
0
0
0
0.22081
0
0
0
0
0.05424
0.11649
0
0
0.14873
0.12839
0.04371
0
0
0.12815
0.1102
0.21153
0
0
0.1135
0
0.07732
0.19173
0
0
0
0
0
0
0
0
0
0
0.12982
0
0
0.08562
0
0
0
0.12148
0.11353
0.04051
0.09035
0.16285
0.1388
0
0
0
0
0
0.449
0
0
0
0
0.11811
0
0
0
0.0477
0
0
0
0
0
0.11958
0
0.12118
0
0
0.14287
0
0
0
0.12485
0
0
0.46724
0
0.1403
0
0
0.04615
0
0
0
0.15866
0.15117
0
0
0.03936
0
0
0.22752
0
0
0.12579
0
0
0.04097
0
0
0.10362
0
0
0.08556
0.03676
0
0
0
0
0
0.23169
0.17832
0
0
0
0
0
0
0
0.19494
0.12149
0
0.186
0.11614
0
0.11977
0.08513
0
0.09581
0.11106
0
0
0
0
0.52766
0.08788
0
0.12553
0.35282
0
0
0
0
0
0
0
0
0
0
0
0
0
0.66817
0
0
0
0
0
0
0
0
0
0.28585
0.12631
0
0
0
0.15834
0
0
0.51618
0.12281
0
0
0
0
0.16653
0
0
0.10272
0
0
0
0
0
0
0
0.12149
0.15459
0
0
0
0.04118
0.47075
0
0
0
0.121
0
0.15443
0.19765
0
0
0
0
0
0
0.12473
0
0
0
0
0.12641
0
0.08464
0
0
0
0.27246
0.04511
0.17341
0
0
0.07938
0.0448
0
0.14435
0
0
0.23199
0
0
0
0
0
0
0.12822
0
0
0.44863
0
0.08114
0
0
0.17358
0
0.12711
0.13231
0
0
0
0.11288
0.11319
0.22027
0
0.08267
0
0.14851
0
0
0
0
0
0.11532
0
0.17899
0
0
0
0.13215
0
0
0
0.13869
0.19568
0
0
0
0
0.08925
0
0.24237
0.13074
0
0
0.20284
0
0
0.13316
0.12133
0
0
0
0.13
0.12886
0.16887
0.11077
0
0
0.08578
0.10976
0.04234
0
0
0
0.07674
0.14843
0.16441
0
0
0
0
0
0
0.12432
0.14483
0
0
0
0
0
0
0
0
0
0
0.0776
0.05643
0
0.10663
0.46862
0
0
0.14024
0
0
0
0
0
0
0.11145
0
0
0.12188
0
0
0
0
0
0
0
0.09693
0
0.08645
0
0
0
0
0
0
0
0
0.09331
0
0
0.12888
0.11272
0
0.19887
0.07516
0.08128
0
0.03807
0
0
0
0
0
0
0
0
0
0
0.13083
0.12867
0.11583
0.20957
0.11109
0.15209
0
0
0
0
0
0
0.06056
0
0
0.09791
0
0.09095
0
0
0
0
0
0
0.11739
0.03731
0
0
0.11256
0.19821
0
0
0
0.12143
0
0
0
0
0.07664
0.08358
0
0
0
0.12897
0
0.04854
0
0
0
0
0.05424
0
0
0
0
0.12074
0
0
0
0
0
0.11658
0
0
0
0
0
0.11155
0.1103
0
0.10917
0.03074
0
0
0
0
0.11158
0
0
0
0
0
0
0
0
0.1209
0
0
0
0
0.11586
0
0.11524
0
0
0
0
0
0
0
0
0
0
0
0.26747
0
0.26989
0
0.13783
0
0
0
0.12701
0.04231
0
0.12573
0
0
0
0
0
0
0
0
0.22928
0.11616
0
0.10362
0
0.04712
0
0
0
0
0
0.11619
0.11205
0
0
0
0
0
0
0.11555
0.11707
0
0
0.13064
0
0
0
0
0
0
0
0
0
0.08496
0
0
0
0
0
0
0
0
0
0
0.12692
0
0
0
0.06681
0
0.11544
0
0
0
0.08365
0.04572
0
0
0.08519
0
0.14312
0
0
0
0
0
0
0
0
0
0.22141
0
0
0
0.10183
0
0.14078
0.45011
0
0
0
0
0
0
0
0
0
0
0
0.11637
0
0
0
0
0.1537
0
0
0
0
0
0.11072
0.11642
0.51471
0.41669
0.02825
0
0.05621
0.38208
0
0
0
0.12297
0.11674
0.17605
0
0.12032
0
0.11679
0.35289
0
0
0
0
0
0
0.07703
0
0.11628
0
0.11784
0
0
0
0
0
0
0
0.30675
0
0
0
0
0
0
0.11113
0.0574
0
0.09854
0.1111
0
0.14242
0.17664
0.51283
0
0.14095
0
0.11757
0.11735
0
0.08478
0
0
0
0
0.10159
0
0
0.1429
0
0.11674
0.14047
0
0
0.11771
0
0
0.11742
0
0
0
0
0
0
0
0
0
0.07878
0.26302
0
0.12491
0.1399
0.14133
0
0
0
0
0
0.34541
0
0
0
0.11542
0
0
0.04857
0
0
0
0
0
0
0.15131
0
0
0
0
0
0
0.12372
0
0
0
0
0.07881
0
0
0
0
0
0
0.03666
0
0.1407
0
0
0
0
0
0.11667
0
0
0
0.21725
0.12141
0
0
0
0
0.08637
0
0
0.20588
0
0
0.14711
0.08598
0
0.41592
0
0
0
0
0
0
0.24861
0.14051
0
0
0.08662
0
0
0
0
0
0
0.22581
0
0
0
0.03034
0.08564
0
0
0
0
0
0
0
0
0
0
0
0
0
0
0.09645
0
0.21661
0
0
0
0
0
0
0
0
0
0.0933
0
0
0
0
0
0.1392
0
0
0.11797
0
0
0.12732
0
0.1058
0.3134
0
0
0
0
0
0.08633
0.13245
0
0
0
0
0
0.51788
0.04243
0
0
0
0
0
0
0
0
0.09673
0
0
0
0
0.0798
0
0
0.12259
0
0
0
0
0
0
0.08622
0
0
0
0
0
0.11289
0.09273
0
0
0
0
0
0
0
0
0
0
0
0
0
0
0
0
0
0
0
0
0
0
0.44838
0
0
0
0
0
0
0
0
0
0
0
0
0
0
0.09245
0
0
0
0.13067
0
0
0
0
0
0
0
0
0
0.29754
0.08577
0
0
0.10659
0.1179
0
0
0
0
0
0
0
0.07033
0
0.08628
0
0
0
0
0
0.28312
0
0
0
0
0
0.19845
0
0
0
0
0
0
0.10657
0.10671
0
0
0
0
0
0
0
0
0.13988
0
0
0
0
0
0
0
0
0
0
0
0
0.13058
0
0
0
0
0
0
0.0568
0
0.07346
0
0
0
0
0
0
0
0
0
0.12328
0
0.12068
0
0
0
0
0.08223
0
0
0
0
0
0
0.14166
0.46078
0.07617
0
0
0
0
0
0
0.10071
0
0
0
0
0.22412
0
0
0
0
0
0
0
0
0
0
0.14097
0
0
0
0
0
0
0.06738
0
0.16299
0
0.12045
0
0
0.073
0
0
0
0
0
0
0
0
0
0
0
0.04685
0
0.12667
0
0
0
0
0
0
0.07761
0
0.30309
0.09933
0
0
0.49895
0
0
0
0
0.12821
0
0.13011
0
0
0
0
0
0
0
0
0
0.36029
0
0.11861
0
0
0
0.07487
0
0.26445
0.12071
0
0
0
0.05643
0
0
0.25639
0
0.0967
0
0.21815
0.26483
0
0
0
0
0
0.097
0.12997
0
0.10616
0
0
0.13881
0
0.11038
0
0
0.14478
0.10635
0.13221
0
0
0.14436
0
0
0.09298
0
0
0
0
0
0.10544
0.16597
0
0
0
0
0
0
0.33789
0.19481
0.21806
0
0
0.19873
0.04651
0
0.03665
0
0
0.22379
0
0.04116
0
0
0
0
0
0
0.21551
0
0
0
0
0
0
0.03704
0
0
0
0.16555
0
0.17447
0.20098
0.12341
0.16169
0.09776
0.17714
0
0.15518
0
0
0.11813
0.18784
0.10986
0
0
0.09885
0.1506
0
0.24914
0.10269
0
0
0.14325
0.03628
0
0.14404
0
0
0
0
0
0
0
0
0.07571
0
0
0
0
0.03074
0
0
0
0.50722
0.1059
0.03739
0.26651
0
0
0
0.10886
0
0.145
0
0
0
0
0
0
0
0
0
0.15174
0
0
0.12424
0.23276
0
0
0
0
0
0
0
0.03786
0.09585
0.10938
0.1181
0.1446
0
0
0.06115
0
0
0
0
0
0
0
0
0
0
0
0
0.07997
0
0
0
0.12264
0
0.12489
0
0
0.11094
0
0.19454
0
0
0
0.06923
0.21816
0
0
0
0
0
0.09537
0.20586
0.18106
0
0
0
0.29275
0
0
0.09731
0.12266
0
0.24357
0.29728
0
0.11219
0
0
0.09839
0
0
0
0
0.17302
0
0
0.26696
0
0.11507
0.20499
0
0
0
0.18805
0.19754
0.24528
0
0
0
0
0.17141
0
0
0
0
0.21878
0
0
0.10895
0.04795
0
0
0
0.21836
0
0.13429
0
0
0
0.22362
0
0
0
0
0.09602
0
0.11848
0
0.10823
0
0
0
0
0.11314
0.04079
0
0
0.13158
0
0
0.04232
0.07314
0
0
0
0
0
0
0
0
0.18634
0
0.1019
0
0
0
0
0
0.03649
0
0
0.15588
0
0
0
0
0
0
0
0
0
0
0
0
0
0
0
0.12016
0.19248
0.14332
0
0.03728
0.4979
0
0
0.11986
0.11767
0.20226
0
0
0
0
0.28787
0
0
0
0
0
0
0.12254
0
0
0.52087
0.21367
0.11064
0.10691
0.04148
0
0
0
0
0.13694
0
0.35297
0.40961
0.46689
0
0.11535
0
0
0
0.19274
0.13153
0.07188
0
0
0
0.03237
0.1132
0
0.23973
0
0
0
0
0
0
0
0
0
0
0.29155
0.10671
0
0
0
0
0
0
0
0
0.12998
0
0
0
0
0.31659
0
0
0
0
0.11099
0
0
0.0282
0
0
0
0
0
0
0.10425
0.11899
0
0.07365
0
0
0
0
0
0
0
0
0
0.14376
0.14997
0.0435
0
0
0
0.11934
0.11147
0.1199
0.14623
0.11523
0.07453
0.02969
0
0
0
0
0.08572
0
0
0
0
0
0
0.13127
0
0
0
0
0.12146
0
0
0
0.111
0
0
0.16973
0.16008
0
0.02949
0.10637
0
0
0
0
0
0
0.06972
0
0.24468
0.11623
0.12261
0
0
0
0
0
0.08854
0
0.63804
0
0
0.05664
0
0.17434
0
0.14046
0.19841
0
0
0.09716
0.08538
0
0.03993
0
0.28712
0.09575
0
0
0
0.53017
0
0
0
0
0
0
0
0.1172
0
0
0.10792
0.23697
0.11027
0
0
0
0
0
0.11715
0
0.38741
0
0.1094
0.03825
0
0
0
0.04496
0.12969
0
0
0
0
0
0
0.03546
0
0
0
0
0.03844
0.11325
0
0
0.1645
0
0
0
0
0.04862
0
0
0.1268
0.54005
0.13903
0
0.23319
0
0
0.03723
0
0
0
0.12303
0
0.15827
0.1487
0
0.11356
0.11323
0
0
0
0
0
0
0
0.18083
0
0
0
0
0
0
0
0
0
0
0
0
0
0
0
0.58323
0.14087
0
0
0
0
0
0
0
0.14352
0
0
0
0
0
0
0
0.21905
0
0
0
0.1819
0.11905
0.26559
0
0
0
0
0
0
0
0.14207
0
0
0
0.11351
0.12865
0
0.14043
0
0
0
0
0
0
0
0
0
0
0.03628
0
0
0.29937
0.10732
0
0
0
0
0.15959
0
0
0
0
0.14993
0
0
0
0.17353
0.11566
0
0
0
0
0.3026
0
0
0
0.17965
0
0
0.11938
0
0.1965
0
0.08319
0
0
0.09135
0
0
0
0.35852
0.09272
0.09838
0.05612
0
0
0
0.10788
0.35754
0
0
0
0
0
0
0
0
0
0
0
0
0.15473
0.09954
0.1251
0.10563
0
0
0
0.03946
0
0.26278
0
0.29392
0
0.21367
0
0.03558
0
0.10666
0.11136
0
0
0
0.05263
0
0
0
0.31149
0
0
0.13983
0
0.16639
0
0
0.07485
0
0
0.07264
0
0
0
0
0
0
0.29658
0.11462
0
0.35906
0.15973
0
0
0.10898
0
0
0
0.07391
0
0
0
0
0
0
0.14562
0
0
0
0.0354
0
0
0.49611
0
0
0.35356
0
0.35213
0
0
0
0
0
0
0
0
0.26269
0
0
0.10531
0.1123
0.05252
0
0
0.61525
0.33372
0
0.15252
0
0
0.09247
0
0.2131
0.11617
0
0.17074
0.14152
0
0
0
0
0
0
0
0
0
0
0
0.1206
0
0
0
0.09139
0
0
0.09448
0.11832
0
0
0.1101
0.03724
0
0
0.13147
0
0.15126
0
0
0
0
0
0.17326
0
0
0
0
0.06801
0
0
0
0
0
0.11953
0
0
0.17445
0
0.03392
0
0
0
0.18396
0.15336
0
0.12785
0.1058
0.11127
0.59022
0
0
0
0
0.11179
0
0
0
0
0.14475
0
0.22862
0
0
0
0.59418
0.26632
0.04813
0
0
0
0
0.07231
0
0
0
0
0
0
0
0
0
0
0
0
0
0
0.07603
0
0.13237
0
0.03581
0
0
0
0
0.20437
0.14434
0.088
0
0
0
0
0
0
0.14435
0
0
0.13728
0
0
0
0
0.04816
0
0
0.13933
0
0
0.07373
0
0
0
0
0
0.09669
0
0.09083
0.19626
0
0
0
0.20009
0
0
0.17637
0.34365
0.04378
0
0
0
0
0.14411
0
0.05232
0.14441
0
0
0
0
0
0
0.51732
0
0
0
0
0
0
0
0.12043
0.23878
0
0.21694
0.08965
0
0
0.1077
0.21002
0
0
0
0
0
0.0921
0
0
0
0
0
0
0
0
0
0
0
0
0
0
0
0
0
0
0.14481
0.1448
0.04778
0
0
0
0
0
0
0
0.14371
0
0
0
0
0
0
0.08532
0.12258
0.17203
0.1732
0
0
0
0
0
0.29633
0
0
0
0
0
0
0.15812
0
0
0
0
0
0.16049
0.29215
0
0
0
0
0
0.36539
0
0
0
0
0
0
0
0
0.15411
0
0
0
0
0.50669
0.4082
0
0
0
0
0
0
0
0
0.28467
0.16779
0
0
0.10711
0
0
0.09727
0
0
0.09861
0
0.10671
0.03658
0
0.03764
0.19832
0
0.18346
0
0
0
0
0.1313
0
0.17175
0
0.22469
0.11094
0
0
0
0
0.09701
0
0.1127
0
0
0
0
0.10922
0.18229
0
0
0
0
0
0
0
0
0
0
0
0
0
0
0
0
0.36477
0.10268
0.07442
0.04959
0.11423
0
0.54098
0
0
0
0
0
0
0
0
0.10791
0.14097
0.09413
0
0
0
0
0.1112
0.11688
0
0
0
0
0
0
0
0
0
0
0
0
0
0.07728
0
0
0
0
0
0
0
0
0
0
0
0.19654
0.12116
0
0
0.24281
0
0.09827
0.24248
0
0
0
0
0.1455
0.0925
0
0
0
0
0.04167
0
0
0
0
0.24785
0.61047
0.09589
0.27724
0
0
0
0
0
0.53128
0.03967
0.11839
0.13817
0
0
0
0
0.17461
0
0
0
0.12304
0
0.13405
0
0.04563
0
0
0
0.03411
0
0
0.12201
0
0
0
0.21521
0.10815
0.10679
0.12389
0.6051
0
0
0
0
0
0
0.12211
0
0.10721
0.51514
0.23048
0.09553
0.0536
0.12835
0.12112
0
0
0
0
0
0.13679
0.11309
0
0
0
0
0.29994
0.22696
0
0.05382
0
0
0.14098
0
0.11075
0
0
0.04618
0.50456
0
0
0.11095
0.10899
0
0
0
0
0.05734
0.32758
0
0
0
0
0
0
0.11766
0
0
0
0
0.15661
0
0
0
0
0
0
0
0
0
0
0
0.04184
0
0
0
0
0.03074
0
0
0.29504
0.29586
0.0869
0
0
0
0
0
0
0
0.1293
0
0
0
0
0
0.07884
0.16876
0.23768
0
0
0.64687
0
0
0.30205
0
0
0.27987
0
0
0
0.12248
0
0
0
0.12742
0
0.12329
0.11621
0
0.03797
0
0
0
0.27854
0
0
0
0.05586
0.20417
0
0.14265
0
0
0
0
0.1436
0
0
0
0
0.1129
0
0
0
0
0.12856
0
0
0.15905
0
0
0
0
0
0.10875
0
0
0
0.54457
0.06147
0
0
0
0
0
0
0
0.10403
0.10307
0
0
0
0
0
0
0
0
0.25512
0.63736
0.10847
0.16808
0
0.16083
0.10253
0
0
0
0.13186
0
0.28067
0.4155
0.12565
0
0
0.15138
0.15216
0.10485
0
0.55327
0
0.1212
0
0.28417
0.15414
0
0
0.12955
0
0.04128
0
0
0
0
0.1316
0.03908
0
0
0
0
0
0.12906
0
0.11164
0
0.15943
0
0
0
0
0
0.12142
0
0
0.28885
0
0
0
0
0.12024
0
0.0497
0.12493
0
0.11156
0
0.15028
0
0.12294
0.09094
0.1087
0.10772
0
0
0.09738
0.14221
0
0
0
0
0.15577
0.07644
0
0
0.28077
0.11372
0
0
0.11376
0
0
0
0.14161
0
0
0.05962
0.12621
0
0
0
0
0.08254
0
0
0
0.11116
0
0.10606
0
0
0
0
0
0.46021
0
0
0
0.03816
0
0.14759
0.09634
0
0
0.10703
0
0.36001
0
0.09185
0
0
0
0
0
0.10482
0
0
0
0
0.38872
0.09298
0
0.04066
0
0.14152
0
0
0
0
0
0.14725
0
0
0
0
0.09078
0
0
0
0.04485
0
0.13434
0.11923
0.25745
0.13072
0.50189
0
0.09729
0
0
0
0.37022
0
0
0
0
0.22743
0.11828
0
0
0
0
0
0.35457
0
0.10901
0
0
0
0.09693
0
0
0
0
0
0.12803
0.26927
0.10625
0.07302
0
0
0.08635
0
0.10861
0
0
0
0
0
0
0
0.10547
0.1057
0.10529
0.15844
0
0
0
0
0
0
0
0.09836
0
0
0
0
0
0
0
0
0.27178
0
0
0
0
0
0
0.24654
0.12719
0
0
0.09014
0.22176
0.09015
0
0
0
0
0.07296
0.21619
0
0
0.11834
0
0.04736
0.15738
0.04366
0.21401
0
0.16289
0
0
0
0.10924
0.09014
0
0
0
0
0
0
0.128
0
0.12216
0
0.10585
0.22417
0
0
0
0
0
0.15963
0.4155
0.12371
0
0.10934
0
0
0
0
0
0
0
0
0
0.16791
0
0.11415
0
0.08606
0
0.09045
0
0
0.12223
0.0981
0.09631
0
0.26068
0
0
0
0.11604
0.27894
0
0.11383
0.12672
0.10765
0
0
0
0
0
0
0
0
0
0
0.09602
0.17869
0.09492
0.03936
0
0
0.13565
0.13042
0.2266
0.16188
0
0.05231
0
0.2157
0.24441
0.1339
0.03768
0.11707
0
0
0.354
0.11337
0.0852
0.04764
0.16181
0
0.11369
0
0
0
0
0.17689
0
0
0
0.12104
0
0
0.21481
0
0.71775
0
0
0
0
0
0
0.27478
0
0
0
0.08816
0
0
0
0
0.13257
0.19444
0
0.35917
0
0
0
0.1079
0
0
0
0.13783
0
0
0
0.06423
0.10694
0
0
0
0.39107
0.41609
0
0
0.11615
0.21726
0
0
0
0
0
0.09779
0
0
0
0.14038
0
0
0
0.09248
0.12058
0
0
0
0
0
0.12261
0
0.0968
0
0
0
0
0
0.15742
0.10715
0.03009
0
0.29405
0
0
0.09815
0
0
0
0
0
0.15833
0.08798
0
0
0
0
0
0
0
0
0
0.32295
0
0.15904
0
0.09607
0.2955
0
0
0
0
0
0
0.11713
0
0.61176
0
0
0
0.14023
0
0.19402
0
0
0
0.11079
0.20527
0
0
0
0
0
0
0
0
0.09866
0.10884
0
0
0
0.61848
0
0.12401
0
0
0
0
0
0.11396
0.19832
0
0
0.12282
0.30426
0.14514
0.13107
0
0
0.09336
0.12097
0
0.40197
0.25694
0
0
0
0
0
0
0
0
0
0
0
0
0
0
0
0
0
0.10642
0
0.27459
0
0
0.18851
0.10526
0
0.31917
0
0
0
0
0
0.13038
0
0
0
0
0
0.12788
0
0
0
0
0.12866
0
0.24843
0
0
0
0.0961
0
0
0
0.38774
0
0
0
0
0.15111
0.09249
0.11532
0
0
0
0
0
0
0
0.12657
0
0
0.12328
0
0
0
0.03883
0.07285
0.17748
0
0.1998
0
0
0
0
0
0
0
0.612
0
0
0
0
0.1129
0
0
0.29417
0
0.0907
0
0.10592
0
0.21155
0.15807
0
0
0
0
0.0915
0
0
0.10276
0.13796
0.18181
0
0
0
0
0.38198
0.0954
0
0
0.11471
0
0
0
0.08604
0.11328
0
0
0.11747
0.12218
0.13335
0.12529
0.1135
0
0
0
0
0.05231
0
0
0
0
0
0
0
0
0
0.21865
0
0.1312
0
0.05224
0.28525
0.17439
0
0
0
0
0
0
0
0.11351
0
0.0432
0
0.03892
0
0.04091
0.14795
0
0.12126
0.12002
0.16433
0
0
0
0
0
0
0
0.10218
0
0.25523
0
0.20779
0.12729
0
0
0.26275
0
0
0
0.13803
0
0
0.03819
0
0
0.09468
0
0
0.15619
0
0.23197
0
0
0
0
0
0
0.12486
0
0.11309
0
0
0
0
0
0
0
0
0
0
0
0
0
0
0
0
0
0.35407
0
0
0
0
0
0
0
0.11355
0
0
0.15448
0.18809
0.10259
0
0
0
0
0
0.16469
0
0
0.14768
0
0
0
0
0
0
0
0.15406
0.12688
0
0
0
0
0.05067
0
0
0
0
0.15723
0
0
0
0.26401
0
0
0
0
0
0
0
0.18457
0
0
0
0
0.15223
0
0
0
0
0.15409
0
0
0.36534
0
0
0
0
0
0
0
0
0
0
0
0
0
0.15325
0
0.20627
0
0.40808
0
0
0
0
0.22811
0
0
0
0
0
0
0.11612
0
0.04002
0.12182
0.14808
0.11077
0
0.15826
0
0.1294
0.16846
0
0
0
0.03285
0.21832
0
0
0
0
0.0849
0
0.12302
0.11659
0
0
0
0
0
0.2703
0
0
0
0
0
0.22358
0
0
0
0
0
0.09586
0
0
0
0
0
0
0.11964
0
0.41498
0
0.12048
0
0
0
0
0.12172
0.15237
0
0
0.21047
0.30283
0.04737
0
0
0.11678
0.55068
0
0
0
0.1191
0
0
0
0
0
0
0.29386
0
0
0
0
0
0
0
0
0
0.36621
0.04787
0
0.57615
0
0
0
0
0
0
0.09604
0.12307
0
0
0.18835
0
0
0
0.09143
0.35172
0
0
0
0.08184
0
0.10931
0
0
0
0
0.15027
0
0
0.19138
0
0
0.23795
0.10713
0.14438
0
0
0.15136
0
0.03279
0
0
0
0
0
0
0
0
0
0
0
0
0
0
0
0
0
0
0
0
0
0
0
0
0
0
0
0.64088
0.11606
0
0
0.19819
0.14758
0
0
0
0
0
0
0
0
0
0
0
0
0.30063
0
0.10321
0
0.20497
0.10976
0.06397
0
0
0
0
0
0
0.2424
0.09391
0
0
0.15801
0.1708
0.13906
0
0
0.11204
0.10653
0
0.20423
0
0
0
0.21916
0
0
0
0.09293
0.2432
0
0
0.19809
0
0
0.04325
0.1223
0
0
0
0
0.11107
0
0
0.08583
0
0
0
0
0
0.03106
0
0.13057
0
0
0.28765
0.11506
0
0
0
0
0
0
0
0.04272
0.14017
0
0
0.14966
0
0
0.35589
0.12631
0.11555
0
0
0
0.11595
0.43251
0.50096
0
0
0.07678
0.10352
0
0.08501
0.30461
0.53245
0
0.19951
0
0.10299
0.1182
0
0.11481
0.10988
0.50345
0
0
0
0
0.28342
0.07797
0.36105
0
0
0
0.1165
0.08685
0.57283
0
0.03285
0.08558
0.1448
0.0485
0
0
0
0.11978
0
0.29132
0
0.03965
0.2253
0.51164
0.2445
0.11615
0
0.03074
0.10419
0.88387
0.11452
0
0.11594
0.13891
0
0.15351
0.14315
0
0
0
0
0.04323
0.12777
0.12904
0
0
0.33697
0
0
0.40585
0
0
0
0
0.1054
0.25862
0
0
0
0.08655
0
0
0
0
0
0
0
0.04813
0
0
0
0
0
0
0.2421
0
0
0
0.12265
0.12162
0
0
0.10941
0
0.12139
0.12356
0
0.13031
0
0.23221
0
0
0.09017
0
0
0
0.03809
0
0
0
0
0
0
0
0
0
0.28087
0.13076
0
0
0.11636
0
0
0.17068
0
0
0
0
0.21481
0
0
0
0.44466
0
0
0
0
0.1699
0
0.24476
0
0
0.2551
0.0394
0
0.09063
0
0
0.0761
0.21831
0
0
0
0
0
0.13055
0
0
0
0.11037
0
0
0
0
0.35603
0
0.08634
0.26461
0
0
0
0.26645
0
0
0
0
0.13338
0
0.32259
0
0.03849
0
0
0
0
0
0.03148
0.1096
0
0
0.03972
0
0.08568
0
0
0.25822
0.12041
0.27972
0.1511
0.244
0
0.16089
0
0.22402
0
0.112
0
0.16293
0
0.10183
0
0.09209
0
0.12092
0
0.11301
0
0.16398
0
0.11861
0
0.25962
0
0
0
0.0952
0
0
0.08038
0
0.08641
0
0
0
0
0
0.29828
0
0.12196
0.33271
0.23997
0.17066
0
0
0.47764
0.11159
0.52027
0.111
0
0
0
0
0
0
0.29208
0.11804
0
0
0
0.21852
0
0.25593
0.2085
0.35548
0.20077
0
0
0
0
0
0
0.3529
0
0.24476
0
0
0
0
0
0
0
0.18259
0.49427
0
0
0
0
0
0
0
0
0
0.64668
0
0.28307
0
0
0.10199
0
0
0.03721
0
0
0
0
0.30344
0
0
0
0.24526
0
0
0.18535
0
0
0
0
0
0
0
0
0.11585
0
0.11233
0
0.13723
0
0.19356
0
0
0
0.15806
0
0
0
0
0
0.1288
0.08609
0
0.11793
0
0
0.09914
0
0
0
0
0
0
0.21689
0
0.15074
0
0.09665
0.11715
0.11684
0
0
0
0
0
0
0
0
0.12904
0.0924
0
0
0.13196
0.03863
0
0
0
0.11527
0.07338
0
0.08488
0
0
0.11774
0.07627
0
0
0
0
0.11709
0
0.02836
0
0
0.1158
0
0
0
0.08535
0
0
0.09081
0.41559
0
0
0
0
0
0.15443
0
0
0
0
0
0.12116
0
0
0.08678
0
0.29189
0.68344
0
0
0
0
0
0.17134
0.09339
0
0
0
0
0
0
0
0.10025
0.11491
0
0.14501
0
0.11805
0
0
0
0
0
0
0
0
0
0
0
0
0
0
0
0
0.23849
0.1279
0
0
0
0.11031
0
0
0
0.12906
0
0.11242
0.14072
0.11683
0.11239
0
0
0
0.12568
0
0.13378
0
0
0.15939
0
0
0.11616
0
0
0
0
0
0
0
0
0.88381
0
0
0.04027
0
0
0
0
0.196
0
0
0
0
0
0
0
0
0
0
0
0
0
0
0.30183
0
0.17765
0
0
0.10239
0
0
0
0
0.13976
0.12092
0
0.11243
0
0
0.17698
0
0
0
0.1076
0.0332
0.14499
0
0
0.03517
0
0
0.1084
0
0
0
0.29425
0
0
0
0
0
0.11584
0
0
0
0
0.03368
0.08867
0
0
0
0
0
0
0
0
0
0
0.09617
0.04465
0
0
0
0
0
0.19563
0.11332
0
0.16834
0.11936
0.02909
0
0
0
0
0
0
0
0
0.03283
0.13507
0
0
0
0.08726
0
0.11109
0
0
0
0.08832
0
0
0
0
0
0
0
0
0
0
0
0
0
0.32562
0.18134
0
0.03814
0
0.04628
0
0
0
0
0
0
0
0
0
0
0.0463
0
0
0
0
0
0
0.10597
0
0
0
0
0
0
0
0
0
0.19758
0
0
0
0
0
0.25706
0
0
0
0.13776
0
0
0
0
0
0
0
0
0
0.15059
0
0.08515
0.12259
0
0
0
0
0
0.03874
0
0
0
0
0
0
0
0
0
0.14096
0
0.56618
0
0.19669
0
0
0
0.13593
0
0
0
0
0.07345
0
0
0
0.10564
0
0.11319
0
0
0
0.88508
0.10941
0
0
0.24969
0
0
0
0
0.15851
0
0
0
0
0
0
0
0
0
0.14344
0
0
0.11397
0
0
0
0
0
0
0
0
0
0
0
0
0
0
0
0.08519
0
0.1446
0
0.12983
0.09834
0
0
0
0
0
0
0.39234
0
0
0
0
0.22292
0
0
0
0
0.16852
0
0
0
0
0
0
0
0
0
0
0.22577
0
0
0.14391
0
0.76806
0
0
0
0
0
0.03546
0
0
0.3067
0.09637
0
0
0
0
0
0
0
0.12305
0.14438
0
0
0.08202
0.09789
0
0.04802
0
0.11301
0
0
0
0
0.13034
0
0
0
0
0.04778
0
0
0.21995
0.15738
0
0
0
0.08543
0
0.09828
0.07908
0
0.20462
0.09219
0
0
0
0
0.63834
0
0.11399
0.12548
0
0.09615
0
0.14199
0
0.07554
0
0.09662
0
0
0
0.19207
0
0
0
0
0
0
0
0
0
0
0
0
0
0
0
0
0
0
0
0
0
0
0
0.19688
0
0.1454
0
0
0.11082
0
0
0.14762
0
0
0
0
0.11567
0
0.24644
0
0.13593
0
0.13575
0
0
0
0
0
0.10622
0
0
0
0.14337
0
0.07914
0
0
0
0
0
0
0
0.15287
0.10893
0
0
0
0.0915
0
0.30457
0.11027
0
0.10539
0
0
0.0655
0
0.10571
0
0.13489
0
0
0.1217
0.1119
0.49646
0
0
0
0
0
0.11032
0.14061
0
0
0
0.14027
0.09713
0
0
0.26524
0.25113
0
0.37588
0
0
0.64464
0
0.11764
0.29191
0
0
0
0.11651
0
0.10951
0.11295
0
0
0
0.23198
0
0
0
0
0
0
0
0
0.1094
0.1193
0.03653
0
0
0
0
0.16655
0
0
0
0.18625
0.09819
0.76933
0
0
0
0
0
0.1494
0
0
0
0
0.21947
0.10772
0
0
0
0
0
0
0.2436
0.12521
0.11036
0.07354
0
0.18261
0.11874
0.12684
0
0
0
0
0.11381
0
0
0
0.22082
0.07981
0
0.11455
0
0
0.27558
0.09805
0
0.15846
0
0
0.29011
0
0.10735
0.08037
0
0
0.08705
0.12136
0
0
0.14561
0
0
0.09196
0.14748
0
0.03618
0
0
0.20111
0.32823
0.3587
0.11978
0.15379
0
0
0
0.09438
0.03073
0.2095
0.12108
0
0.21495
0
0
0
0
0.28547
0
0.26079
0
0
0.09592
0
0.09487
0.0389
0
0.13866
0.06992
0
0
0.11269
0
0
0.21169
0
0.17336
0
0
0.20365
0.24564
0
0.10988
0.11371
0
0
0.06125
0
0.10897
0
0.14381
0
0.11364
0.10736
0.15383
0
0.09102
0.11133
0
0
0
0
0
0
0
0
0
0.1446
0.12134
0
0
0.15266
0
0.16267
0
0
0.12936
0.07147
0.12042
0.04408
0
0.118
0
0.13988
0
0
0
0.09587
0
0.10723
0
0
0.24029
0
0.09813
0
0.17701
0
0.10341
0
0
0.10559
0
0.38913
0
0
0
0
0
0
0
0
0.52577
0
0.10587
0.10608
0.11315
0
0.08553
0
0
0
0
0.50723
0
0
0.0717
0.12869
0
0.16692
0
0.12269
0
0
0
0
0.10586
0
0
0.13193
0
0.3618
0
0
0.36442
0
0.07364
0
0.26392
0
0.10512
0
0.13966
0
0
0.13952
0.13353
0.52065
0.14978
0.14775
0
0.10309
0
0
0
0.03273
0
0.15582
0
0.28185
0
0.12252
0.29878
0.29947
0
0.14434
0.10266
0.04048
0.05277
0.15967
0
0.13283
0
0.06258
0.11228
0
0
0
0.08897
0
0
0.11788
0
0
0.0508
0
0
0
0
0.17786
0
0.03066
0.41768
0
0
0
0.11495
0.11947
0
0.1512
0
0
0
0
0
0
0.07847
0.30279
0
0.08599
0
0.18249
0
0.1443
0
0
0.14933
0.36531
0.13014
0.16271
0
0.10781
0.29813
0
0.34617
0.35933
0
0
0
0
0
0.10827
0.12014
0
0.11998
0
0
0
0
0.11143
0
0.2125
0
0
0
0.27015
0
0
0
0.1138
0
0
0
0
0
0.2697
0
0
0
0.11994
0
0
0.11052
0
0
0.35672
0
0
0
0
0.09166
0
0
0.27742
0
0
0.09395
0
0.15472
0.11408
0.07551
0
0
0
0
0.22006
0
0
0
0
0.11468
0
0.11379
0
0
0.08537
0
0
0
0.16369
0.12474
0.12172
0.17803
0
0.13065
0.15218
0.53355
0
0
0
0.28067
0.09171
0
0
0
0
0.04029
0
0
0
0.09685
0
0.42944
0
0
0
0
0
0
0.09191
0
0
0
0.09662
0.32773
0
0
0
0
0
0
0
0
0
0
0
0
0
0
0.14439
0.29955
0.12255
0
0
0
0
0
0
0.13879
0
0
0
0.11624
0
0
0.14707
0.09865
0.49363
0.73233
0
0.53206
0.10707
0.19366
0
0
0.25798
0.26736
0
0
0.11122
0
0
0
0.66766
0
0
0
0
0.12323
0
0.29049
0
0
0
0
0.13551
0
0
0
0
0
0
0
0
0
0
0
0
0.11686
0
0
0
0
0.58701
0.15637
0
0
0
0
0.03952
0.10726
0.14105
0
0
0
0.14363
0
0
0.15068
0
0.09519
0
0
0.04959
0.03652
0.08731
0
0.15064
0
0
0
0
0.07997
0.10715
0
0.06561
0
0
0
0
0
0
0
0
0
0
0
0.19833
0
0.07311
0.15146
0
0
0
0
0
0
0.03966
0.15407
0
0
0
0
0
0
0
0
0
0
0
0
0.16208
0
0
0
0
0
0.14492
0
0
0
0
0.19823
0
0
0
0
0
0
0.13979
0
0
0.21177
0.09628
0
0
0
0.69733
0
0.14229
0
0.38781
0
0
0.20495
0.22175
0.10315
0
0.20351
0
0.11471
0.11782
0
0
0
0.08455
0
0
0
0
0
0
0
0
0
0.13899
0
0
0
0
0
0
0.14906
0.14553
0
0
0.24267
0
0
0
0
0
0
0.15203
0
0
0.15809
0
0
0
0.13967
0
0
0
0
0
0
0
0.12353
0
0
0
0.12885
0
0.26398
0.11966
0.40984
0
0
0
0
0
0.11369
0
0
0
0
0
0.21237
0.11931
0
0
0
0
0
0.1793
0
0
0
0.15031
0
0
0
0
0
0.31806
0
0
0.09974
0.20486
0.09822
0
0
0.11536
0.10718
0.17328
0.49424
0
0
0.1307
0
0
0
0.06986
0
0
0
0.03279
0
0
0.08215
0
0
0
0
0
0
0
0.23437
0
0
0
0
0.02828
0.18262
0
0.04714
0
0
0
0
0
0
0
0
0
0
0
0
0.0853
0
0
0
0
0.0842
0
0
0
0
0.03886
0
0
0
0
0
0
0
0
0
0.11667
0.11375
0.11308
0.12532
0
0
0
0.63154
0
0
0
0
0
0
0
0
0
0
0
0.08517
0
0.08532
0
0
0.08571
0
0
0
0
0
0
0.13969
0
0.10797
0
0.101
0
0
0
0
0
0.08734
0
0
0
0
0
0
0
0
0
0
0
0
0
0
0
0
0
0
0
0
0
0
0
0
0
0
0
0
0
0
0.0487
0
0
0
0
0
0
0
0.10725
0
0.03566
0
0
0
0
0
0
0
0.29377
0
0.03275
0
0
0.04376
0
0
0
0
0
0
0
0.15156
0.13775
0.10976
0
0
0
0
0
0
0
0
0
0
0
0.17067
0
0
0
0
0
0.13996
0.10606
0
0
0
0
0.11541
0
0
0
0.10917
0
0.1197
0
0
0
0
0
0
0
0
0
0
0
0
0
0
0
0.12199
0
0
0
0
0
0
0
0
0
0.22113
0
0
0
0.09844
0
0
0
0.09502
0
0
0
0.14951
0
0.0414
0
0
0
0
0
0
0
0
0
0
0
0.19663
0.24273
0
0
0
0
0.09116
0
0
0
0
0
0.13042
0.12412
0.08652
0
0
0
0
0
0
0
0
0
0
0
0.21614
0
0
0.03085
0
0
0
0
0
0
0
0
0
0
0
0.12942
0.14425
0
0
0.2593
0
0
0.35782
0
0
0.1145
0
0
0.04063
0
0
0
0
0
0.15758
0.15954
0
0.09787
0.33725
0
0
0
0
0
0.09742
0
0
0
0
0
0.14473
0.19022
0.09741
0
0
0
0.12073
0
0
0.11744
0.07739
0
0
0
0
0
0.03231
0.12784
0.15096
0
0
0
0
0
0
0.03758
0.15575
0
0.0846
0
0.03839
0
0
0
0
0.11312
0.23398
0.23162
0.1227
0.19422
0.15769
0.08488
0
0.07839
0
0.1153
0
0
0
0
0.0807
0
0
0
0
0
0.10279
0.113
0.03792
0.12113
0
0
0
0
0.11697
0
0
0
0
0
0
0
0.03948
0
0
0
0.17584
0
0
0.09747
0
0
0.14028
0
0.08646
0
0
0
0.09198
0
0
0
0
0
0.1192
0
0
0
0.11158
0
0
0
0
0
0.14395
0
0.14386
0.02851
0
0
0
0
0.10753
0
0
0
0
0.25651
0.16944
0.12805
0.04294
0
0
0
0
0.35386
0
0.25375
0
0
0
0
0
0
0
0
0
0
0
0
0
0
0
0
0
0.18637
0
0.09264
0
0
0.14051
0
0
0
0
0
0
0
0
0.09004
0
0
0
0
0.14041
0
0
0
0
0
0
0
0
0
0
0
0
0
0
0
0
0.08302
0
0.09207
0.07761
0.11624
0.19605
0.13876
0
0
0.04248
0
0.08211
0.32017
0.27788
0.15939
0.09482
0.27258
0.05634
0.17618
0
0.20662
0.09457
0
0
0
0
0
0
0
0.14199
0
0
0.08704
0
0.10708
0
0
0.11324
0
0.16696
0.12254
0
0
0.2547
0
0.26879
0.16007
0.25149
0
0.21497
0.21595
0.07542
0.17016
0.09614
0
0
0.08949
0
0
0
0
0
0
0
0
0
0.19423
0
0
0
0
0.04191
0
0.11775
0
0.26454
0
0.22007
0.21598
0.31463
0
0
0.30271
0.20671
0
0.20678
0.23003
0.16107
0.35491
0.35509
0
0
0.12209
0.02971
0
0
0
0
0
0
0
0
0.06215
0.1071
0.10728
0
0
0
0.23332
0
0.0916
0
0
0
0
0.13806
0.22297
0
0
0
0.356
0
0.09032
0
0
0
0
0.1444
0
0.08661
0
0
0
0
0
0
0
0
0
0
0
0
0
0
0.14457
0.23383
0.23284
0
0.13968
0
0
0
0
0
0
0
0
0
0.34652
0
0
0.24392
0
0.27439
0.09543
0.2641
0.35443
0.1406
0.0921
0
0
0
0
0.09817
0.0857
0
0
0
0
0
0
0
0
0
0
0
0
0
0
0
0
0
0
0.1403
0
0
0
0
0
0
0
0
0
0
0.12717
0
0
0.12274
0
0.11655
0
0.10938
0
0.2678
0.15045
0.21448
0
0.16257
0.49515
0.18173
0.296
0
0
0
0.0866
0.18452
0.11253
0.15548
0
0.02904
0
0.07016
0
0
0
0
0
0
0.13146
0
0.06101
0.32146
0.12026
0
0
0
0
0
0
0
0
0
0.52894
0
0
0.33307
0
0.36108
0.13182
0.1727
0
0
0
0
0
0
0
0.08475
0.16244
0.11288
0.15055
0
0
0
0
0
0
0
0.0367
0
0
0
0.0281
0.09296
0.21664
0.32633
0
0
0
0
0
0
0
0
0
0
0.31913
0
0.16118
0.28226
0
0
0
0.20102
0
0.1219
0.26642
0
0.12147
0
0
0
0
0
0.22542
0
0.09811
0
0
0.2154
0.18818
0
0
0.1307
0.31839
0.11842
0.21848
0.12482
0
0
0
0
0
0
0
0.48342
0
0.12051
0
0.04439
0
0.21939
0.21907
0.49749
0
0.22995
0
0.09113
0
0.09129
0.11241
0.12174
0.0359
0.10906
0
0
0
0
0.13249
0
0
0
0
0.28346
0.036
0
0
0
0
0.15827
0.12511
0
0
0.24436
0.12196
0
0
0
0
0.16208
0
0.10652
0.23258
0
0
0
0.23099
0.19454
0
0
0.098
0.10604
0
0
0.12638
0.10639
0
0
0.11289
0
0
0
0
0
0
0
0
0
0
0
0.35473
0
0.10987
0
0
0
0.57225
0.39208
0.29239
0.36425
0
0
0.4616
0
0
0
0.37975
0.0857
0.29214
0.56994
0.30323
0.15367
0.15368
0
0
0.36267
0
0
0
0.31445
0.19968
0.52713
0.26785
0.16621
0
0.14275
0
0
0
0.15238
0
0.12149
0
0.12316
0
0
0.09803
0
0
0
0
0
0.1922
0
0
0
0
0
0
0
0
0
0
0.30684
0
0
0.50891
0
0
0
0
0
0.1272
0
0.23968
0.13002
0.49848
0
0
0
0.43867
0.04267
0.20035
0
0
0
0
0.22895
0.09837
0
0
0
0
0
0
0
0
0
0
0
0
0.12806
0
0
0
0
0
0
0
0
0.4513
0.16011
0
0
0
0.11891
0.64195
0
0
0
0.18822
0.12844
0.12544
0.09224
0
0
0
0.44823
0.07101
0
0.21005
0.41343
0.1278
0.31119
0
0
0
0
0
0
0.22819
0.22984
0.15812
0.12263
0
0
0.1762
0.03892
0.15424
0
0
0.08882
0
0
0
0.12028
0
0
0
0
0
0
0
0
0.1311
0.52697
0.11663
0
0
0
0.16668
0
0.16037
0
0.2096
0.35714
0
0
0
0
0
0
0
0
0
0
0.10498
0
0
0
0
0
0
0
0
0
0
0
0
0.10758
0.10768
0
0.13122
0.03898
0
0
0
0
0.27446
0
0.13077
0.12928
0.42451
0
0
0
0.23181
0
0
0
0
0
0.1211
0
0
0
0
0.10052
0
0
0
0
0
0
0
0
0
0.10672
0
0.10808
0.10625
0
0
0
0
0.13085
0
0
0.12057
0.09287
0.51998
0
0
0.56764
0.56773
0
0
0
0
0
0.24441
0.12295
0
0.27783
0.16642
0.13534
0.10042
0
0
0
0
0
0
0
0
0
0.79671
0.03835
0
0
0
0
0
0
0.12605
0
0.28987
0
0
0
0.27373
0
0
0
0
0
0.11491
0
0
0
0
0.11064
0.08627
0.05785
0.11467
0.23917
0
0
0
0.32016
0.12558
0
0.4996
0
0
0
0
0
0.15306
0
0
0.21507
0
0.24225
0
0.30187
0
0
0
0
0
0
0
0
0
0
0
0.12966
0
0
0
0
0.35812
0
0
0
0
0
0
0
0
0.14861
0.10745
0
0.20416
0
0
0
0
0
0
0
0
0.10758
0
0
0
0
0
0
0.12087
0
0
0.35633
0
0.1015
0.12628
0.1052
0
0.14508
0.1021
0.14806
0.13966
0
0
0.104
0
0.09802
0
0
0
0
0
0
0
0
0
0
0
0
0
0
0
0
0
0.04623
0
0
0.14786
0
0.27467
0.10549
0
0
0
0
0
0
0
0
0
0
0
0.1224
0
0
0
0
0
0.1352
0
0.13975
0
0
0
0.04817
0.14355
0
0
0.27317
0
0
0
0
0
0
0
0
0
0
0
0
0
0.12169
0
0
0
0.08618
0.63991
0.63423
0
0.12695
0.17528
0
0.14703
0
0
0.14727
0
0
0
0
0
0
0
0
0
0
0
0.11841
0.12395
0.17908
0.13031
0
0.12807
0
0.38493
0
0
0.04945
0.0681
0.03411
0
0
0
0
0
0
0
0
0
0
0
0.1076
0
0.03614
0
0.10483
0.12241
0.07713
0
0
0.19124
0.09951
0.09964
0.1123
0.15418
0.15115
0
0
0
0
0
0.10999
0
0
0
0
0
0
0
0
0
0.07168
0.03501
0
0
0
0
0
0
0.12848
0.08168
0.51221
0
0
0
0.14887
0
0.14432
0
0
0
0
0
0
0
0.10895
0
0
0
0
0
0
0
0
0
0
0
0
0.11502
0
0
0
0
0.04497
0.13008
0
0
0.13589
0
0
0
0
0
0
0.10631
0.10644
0.14029
0
0
0
0
0
0
0
0.10558
0
0
0.11852
0
0
0.12745
0
0.50293
0
0
0
0
0
0
0
0
0
0
0
0
0
0
0
0
0.04309
0
0.11686
0
0
0.13723
0.15151
0.15385
0
0
0
0
0
0.07023
0
0
0.11621
0
0.12082
0.11548
0.16704
0
0.03724
0
0
0
0
0
0
0
0
0
0.10919
0
0
0
0
0.13628
0.11582
0
0.03567
0
0
0
0
0
0
0
0.11351
0.10744
0
0
0
0.10651
0
0
0.11273
0
0.1096
0.07408
0
0
0
0.07053
0.03767
0
0
0
0.03617
0
0.10598
0.03508
0.10553
0
0
0
0
0
0.10753
0
0.0701
