0.23263
0.09155
0.1646
0.0936
0.23488
0.16751
0.09241
0.02541
0.16889
0.13675
0.02384
0.22852
0.0912
0.09761
0.0943
0.09158
0
0.09225
0.22892
0.19935
0.26059
0.21782
0.20678
0.16645
0.11586
0.09314
0.16436
0.21688
0
0
0.14728
0.2582
0.05045
0.09227
0.09155
0.03025
0.12663
0.09369
0.2582
0.32207
0.19859
0
0.29238
0.12319
0.16683
0
0
0.15397
0.24812
0.14245
0.09208
0
0.14348
0.12508
0.02567
0.20608
0.19259
0.07407
0
0.14434
0.21892
0.14553
0.07417
0.14891
0.12506
0.10387
0.16545
0.21264
0.09114
0.14191
0.14239
0.14271
0
0.06753
0
0.01995
0
0
0
0.12603
0
0.1266
0.12844
0.12657
0
0
0
0.14627
0.14416
0.04945
0.09133
0.16546
0.15615
0.12351
0.14107
0
0
0
0
0.12719
0
0
0.12818
0
0
0
0
0
0.06814
0
0.12994
0
0
0
0
0.12943
0
0
0
0
0
0
0
0
0
0
0
0
0
0
0
0
0
0
0
0
0
0
0
0
0
0
0
0
0
0
0
0
0
0
0
0
0
0
0
0
0
0
0
0
0
0
0
0
0
0
0
0
0
0
0
0
0
0
0
0
0
0
0
0
0
0
0
0
0
0
0
0
0
0
0
0.14304
0.16664
0.14185
0.09082
0.06977
0
0.23601
0.14124
0.32037
0.13653
0
0.16055
0.16071
0.32095
0
0
0.12818
0.1048
0
0
0
0
0
0
0
0.06742
0.06737
0.06733
0
0
0
0.12925
0
0
0
0.13084
0.04372
0.15058
0
0
0
0
0.19191
0.02
0
0
0.12462
0
0
0
0
0
0
0
0
0
0
0
0
0
0
0
0
0
0
0
0
0
0
0
0
0
0
0
0
0
0
0
0
0
0
0
0
0
0
0
0
0
0
0
0
0
0
0
0
0
0
0
0
0
0
0
0
0
0
0
0
0
0
0
0
0
0
0
0
0
0
0
0
0
0
0.26435
0.14157
0.07075
0
0.07563
0
0
0.23591
0.20701
0.07501
0.32043
0
0
0
0.08743
0
0
0
0
0
0
0
0
0.08923
0
0.06291
0.19421
0.06281
0
0.19215
0.19186
0
0.12347
0.12262
0
0.10414
0
0.14586
0.12269
0
0
0
0
0
0
0
0
0
0
0
0
0
0
0
0
0
0
0
0
0
0
0
0
0
0
0
0
0
0
0
0
0
0.14621
0.07314
0
0
0.12568
0
0
0.07457
0.10428
0.32041
0.2024
0.19564
0
0.09216
0.09194
0.1063
0.07628
0.02529
0
0.21808
0
0.10803
0
0.06708
0
0.12622
0.12718
0
0
0
0
0
0
0
0
0
0
0.12785
0.10846
0
0
0.17101
0.12962
0.16788
0
0
0
0.06329
0.0627
0.08339
0.06322
0
0
0
0
0
0
0
0
0
0
0
0
0
0
0
0
0
0
0
0
0
0
0
0
0
0
0
0.14432
0
0.19575
0.14294
0.09138
0.17221
0.19636
0
0
0.14318
0.12677
0
0
0
0
0
0
0
0
0
0
0
0
0.12636
0
0.13076
0
0
0.12455
0
0
0.06342
0
0
0
0
0
0
0
0
0
0
0
0
0
0
0
0
0.14988
0.16872
0.23423
0.16155
0.19649
0.07476
0.22663
0.22802
0.02478
0.0759
0
0
0
0
0.16707
0.15967
0.23481
0.21917
0.17982
0.1606
0
0.12679
0
0
0
0
0
0
0
0
0
0
0
0.12738
0
0
0
0
0
0.08496
0.12702
0.12662
0.12677
0.12609
0.12591
0
0
0
0
0
0
0
0
0
0
0
0
0
0
0
0
0
0
0
0
0
0
0
0
0.07004
0.17102
0.11708
0.18876
0.18911
0
0.15595
0.09915
0.16526
0.07587
0.09375
0.24648
0.26896
0
0.17216
0.18539
0.14573
0
0
0
0
0
0
0
0
0
0
0.12598
0
0
0
0
0.12606
0
0
0
0
0
0
0
0
0
0
0
0
0
0.07019
0.09358
0.14655
0.1266
0
0.18029
0.07581
0.02498
0.229
0
0.16674
0
0
0.3225
0
0
0
0
0
0
0.0642
0.08549
0.08428
0.12698
0
0.06392
0.10576
0
0.08299
0
0
0.06353
0
0
0
0
0
0
0
0
0
0
0
0
0
0
0
0
0
0
0
0
0.2143
0.22766
0.1468
0
0.14532
0.02398
0.26323
0
0.15378
0.28307
0.23085
0.15997
0.1559
0.23202
0.3171
0.19196
0.18637
0.15695
0
0
0
0
0
0
0
0
0
0.12731
0.12607
0
0
0
0
0
0
0
0
0
0
0
0
0
0
0
0
0
0.22821
0.07536
0
0.16423
0.32361
0.23093
0.28465
0.27728
0.29664
0.2836
0
0
0.12899
0
0
0
0.12789
0
0
0
0
0
0.06307
0
0
0
0
0
0
0
0
0
0
0
0
0
0.07146
0.30669
0
0.09296
0.14542
0.21653
0.20246
0.23054
0.14755
0
0.07343
0.16266
0.02524
0.14914
0.0933
0.23116
0.30702
0.07545
0.16154
0.15481
0.16905
0.2162
0
0
0
0
0
0
0
0.12799
0
0
0.12701
0
0
0
0
0
0
0
0
0
0
0
0
0
0
0
0
0
0
0
0
0.02348
0.0703
0.14854
0.0467
0.07507
0.12423
0.24171
0
0.09997
0.15801
0
0
0.03032
0.22495
0.24851
0.27834
0.17
0.29595
0.02262
0.12764
0.06778
0
0
0.12801
0
0
0
0
0
0.06411
0.06404
0
0
0
0
0
0
0
0
0
0
0
0
0
0
0
0
0
0
0
0
0
0.07085
0.02373
0.2164
0.21691
0
0.1631
0.23133
0
0
0
0.14203
0.22606
0.1704
0.2488
0.31701
0
0.14697
0.17001
0.24625
0
0
0
0.06687
0
0
0.02193
0
0
0
0
0
0
0.06373
0
0
0
0
0
0
0
0
0
0
0
0
0.04773
0.13116
0
0
0.02501
0
0.16729
0
0
0
0.31739
0.06058
0.18909
0.19289
0.19918
0.22799
0.15407
0.17586
0
0
0
0
0
0
0
0
0.12762
0
0
0
0
0
0
0
0
0
0
0
0
0
0
0
0
0
0
0
0
0
0
0
0
0
0
0
0
0.06409
0
0.06376
0
0
0
0
0
0
0
0
0
0
0
0
0
0
0
0
0.04862
0.07357
0
0.07157
0.07481
0.04906
0
0
0.07489
0
0
0.23039
0.0498
0.07356
0.12395
0.05095
0.23171
0
0.16889
0.5232
0.44945
0
0
0
0.06707
0
0
0.02193
0
0
0
0
0
0
0
0
0
0
0
0
0
0
0
0
0
0
0
0
0
0
0
0
0
0
0
0
0
0
0
0
0
0
0
0
0
0
0
0.04232
0
0
0
0
0
0
0
0
0
0
0
0
0
0
0
0
0
0
0
0.14136
0.07304
0.07424
0
0.1427
0.15779
0
0.02485
0.20379
0.24109
0.08736
0.0782
0.10612
0.16733
0.39875
0.61375
0
0
0
0
0
0
0
0.02223
0.12751
0
0
0
0
0
0
0
0
0
0
0
0
0
0
0
0
0
0
0
0
0
0
0
0
0
0
0
0
0
0
0
0
0
0
0
0
0
0
0
0
0
0
0
0
0.02117
0.06368
0
0
0
0
0
0
0
0
0
0
0
0
0
0
0
0.07321
0
0.07394
0.19728
0.07582
0.20664
0
0.31933
0.26061
0.26936
0
0
0
0
0
0
0
0
0
0
0
0
0.06618
0
0
0
0
0.02147
0
0
0
0
0
0
0
0
0
0
0
0
0
0
0
0
0
0
0
0
0
0
0
0
0
0
0
0
0
0
0
0
0
0
0
0
0
0
0
0
0
0
0
0
0
0
0
0
0
0
0.07351
0.07492
0.14231
0
0.14233
0.07579
0.16012
0.1219
0.07856
0.12652
0
0.19111
0.24555
0.24353
0.21827
0.57727
0
0
0
0
0
0
0
0.06599
0
0
0
0
0
0
0
0
0
0
0.08524
0.06438
0
0
0
0
0
0
0.08244
0.02128
0
0
0
0
0
0
0
0
0
0
0
0
0
0
0
0
0
0
0
0
0
0
0
0
0
0
0
0
0
0
0
0
0
0
0
0
0
0
0
0
0
0.22869
0
0
0.05108
0.14078
0.14287
0
0.17538
0.14985
0.14323
0.36801
0.22724
0.07944
0.37064
0.15588
0.29094
0
0
0
0
0
0
0
0
0
0
0
0.04436
0
0.06633
0
0
0
0
0
0
0
0
0
0.06417
0
0
0
0
0
0
0
0
0
0.06338
0
0
0.06377
0.06378
0
0.08416
0
0
0
0
0.08411
0
0
0
0
0
0
0.0832
0
0
0.08517
0
0
0
0
0
0
0
0
0
0
0
0.07361
0.16673
0.07376
0
0
0.16168
0.07599
0.1622
0.05615
0.07886
0.16441
0
0
0
0
0
0
0
0
0
0
0.06419
0
0
0
0
0
0
0
0
0
0
0
0
0
0
0
0
0
0
0.08555
0
0.08338
0
0
0
0
0
0
0
0
0
0
0
0
0
0
0
0
0
0
0.07393
0.07411
0.22997
0.07305
0.02312
0
0
0.09618
0
0.09929
0.07029
0.0731
0.24968
0.23191
0
0
0
0
0
0.0661
0
0
0
0
0
0
0
0
0
0
0
0
0
0
0
0
0
0.08397
0
0
0
0
0
0
0
0
0
0
0
0
0
0
0
0
0
0
0
0
0
0
0
0
0
0.07388
0
0
0
0
0
0
0
0
0
0
0.10087
0.0577
0.15925
0.16224
0.22708
0.07945
0
0.15606
0.26521
0.21063
0.20155
0
0
0
0
0
0
0
0
0
0
0
0
0
0
0
0
0
0
0
0
0
0
0.08588
0
0
0
0
0
0
0
0
0
0
0
0
0
0
0
0
0
0.08163
0
0
0.05372
0
0
0
0
0
0
0.07418
0.16582
0.14503
0.06903
0.02438
0
0
0
0
0
0
0.15222
0
0.26948
0.7193
0.10746
0
0
0.15511
0
0
0
0
0
0
0
0
0
0
0
0
0
0
0
0
0
0
0
0
0
0
0
0
0
0
0
0
0
0
0
0
0
0
0
0
0
0
0.08151
0.02706
0
0
0
0
0
0
0
0
0.07334
0
0
0.0735
0.07387
0
0
0
0
0
0
0
0
0.09583
0
0.16187
0.07424
0.16925
0.24271
0.02689
0
0
0
0
0
0
0
0
0
0
0
0
0
0
0
0
0
0
0
0
0
0
0
0
0
0
0
0
0
0.06407
0
0.06368
0.08465
0
0
0
0
0.07328
0
0
0
0
0
0
0
0
0
0
0.08201
0.08196
0
0
0
0
0
0
0
0
0
0
0
0
0
0
0
0
0
0
0
0
0
0
0
0.14095
0.07483
0
0.07395
0
0
0
0
0
0
0
0.15934
0.14825
0.07436
0.23152
0.13684
0.24782
0
0
0
0
0
0
0
0
0
0
0
0
0
0
0
0
0
0
0
0
0
0
0
0
0
0
0
0
0
0
0
0
0
0
0
0
0
0
0
0
0.08111
0
0
0
0.08134
0
0
0
0
0
0
0
0
0.02714
0
0
0
0
0.07365
0
0
0
0
0.07448
0
0
0
0
0.16761
0.24805
0.20484
0.17841
0
0.15428
0.55931
0
0
0
0
0
0
0
0
0
0
0
0
0
0
0
0
0
0
0
0
0
0.02147
0
0
0
0
0
0
0
0
0
0
0
0
0
0
0
0
0
0
0
0
0
0
0
0
0
0
0
0
0
0
0
0
0
0.14301
0.14139
0
0
0
0
0
0
0.16494
0
0
0
0
0
0
0
0
0
0
0.2235
0
0
0.07346
0
0
0.15598
0.14823
0.15763
0.19273
0.32002
0
0
0
0
0
0
0
0
0
0
0
0
0
0
0
0
0
0
0
0
0
0
0
0
0
0
0
0
0
0
0
0
0
0
0
0
0
0
0
0
0
0
0
0.08153
0
0.1423
0
0
0.15732
0
0
0
0
0
0.02556
0
0.07907
0.07865
0
0
0
0
0.07485
0
0
0.22402
0
0
0.29709
0
0.24013
0.21581
0.22903
0.16732
0.18215
0.31939
0.22837
0.16518
0
0
0
0
0
0
0
0
0
0
0
0
0
0
0
0
0
0
0
0
0
0
0.04279
0.08384
0
0
0
0
0
0
0
0
0
0
0
0
0
0
0
0
0
0.08196
0
0
0
0
0
0.06923
0.09528
0
0
0
0
0
0.07883
0
0
0
0
0
0.07483
0
0
0
0
0
0
0
0
0
0
0.06762
0
0
0
0
0
0
0
0.06942
0
0
0
0
0
0.25651
0.09213
0
0
0
0
0
0.12749
0
0
0
0
0
0
0
0
0
0
0
0
0
0
0
0
0
0
0
0
0
0
0
0
0
0
0
0
0
0
0
0
0
0
0
0.0562
0
0
0
0
0
0.04985
0.16085
0
0
0
0
0
0
0
0
0
0
0
0.07738
0
0
0
0
0
0
0
0
0
0.06825
0
0
0
0
0
0.07508
0
0
0.02652
0
0
0
0
0.16363
0
0.11624
0
0
0
0.24934
0.24072
0.15879
0.32384
0.11041
0
0
0
0
0
0
0
0
0
0
0
0
0
0
0
0
0
0
0
0
0
0
0
0
0
0
0
0
0
0
0.05472
0
0
0
0
0
0
0
0
0
0
0.08241
0
0
0.16103
0
0
0
0
0
0
0
0
0
0
0.04499
0
0.07088
0
0
0
0
0
0
0.1719
0.0794
0
0
0
0
0
0
0
0
0
0
0
0
0
0
0.15671
0
0.34436
0.17365
0.29876
0.37909
0.32597
0.29406
0
0.30068
0
0.27234
0.13451
0.27039
0
0
0
0
0
0
0
0
0
0
0
0
0
0
0.06431
0
0
0
0.08446
0
0
0
0
0
0
0
0
0
0
0
0
0
0
0
0
0
0.05411
0
0
0.14187
0
0
0
0.07469
0.07485
0.09988
0.15793
0
0
0
0
0
0
0
0
0
0.07438
0
0
0
0
0
0
0
0.14498
0.14781
0
0
0
0
0
0
0
0
0
0
0
0
0
0
0
0.09245
0.0773
0.14128
0.2012
0.10839
0.52547
0.43572
0.40813
0
0
0.05283
0.23952
0.24116
0.07919
0.07966
0.13469
0.02638
0
0
0
0
0
0
0
0
0
0
0
0
0
0
0
0
0
0
0
0
0
0
0
0
0
0
0.02517
0
0
0
0
0
0
0
0
0
0
0
0.21734
0
0
0.16892
0
0
0.07774
0
0
0
0
0
0
0.07665
0
0.15855
0
0.07962
0
0
0
0
0
0
0.1241
0
0.04584
0
0
0
0.06921
0
0
0
0
0
0
0.14838
0
0
0
0
0
0
0
0
0
0
0
0
0
0
0.0479
0.16352
0.0717
0.07084
0.10874
0.07128
0.08153
0
0.3187
0.1901
0.27133
0
0
0
0.10605
0
0
0.14007
0.07923
0
0.21543
0.08089
0.08037
0.07973
0.08087
0
0
0
0
0
0
0
0
0
0
0
0
0
0
0
0.04293
0
0
0
0
0
0
0
0
0
0
0
0
0
0
0
0
0
0
0
0
0
0
0
0.16435
0
0.14364
0.0953
0.08794
0.07298
0
0.16893
0.09378
0
0
0.09384
0
0
0
0
0
0
0
0.15876
0.08104
0.05396
0
0
0
0.07426
0
0
0
0
0
0
0.07426
0
0
0
0
0
0.07178
0
0
0
0
0
0
0
0
0
0.09981
0
0.1249
0
0
0
0
0
0
0.06791
0
0
0.06869
0
0
0
0.06804
0
0
0
0.2335
0
0
0
0
0
0.0697
0
0
0
0
0
0
0
0.15963
0
0.04769
0.24216
0.3492
0.36618
0.34442
0.16023
0.16688
0
0.07753
0
0
0.21419
0.0801
0.08014
0
0.15771
0.07957
0
0.40767
0.32376
0
0.05264
0
0
0
0
0
0
0
0
0
0
0
0
0
0
0
0
0
0.06429
0
0
0
0
0
0
0
0
0
0
0
0
0.05738
0
0
0
0
0
0
0
0
0
0
0
0
0
0
0
0
0
0
0
0
0
0
0
0
0.14164
0
0.07331
0
0.08126
0
0
0
0.07395
0
0
0
0.16044
0
0
0
0
0
0
0
0.07404
0
0
0
0
0
0
0.15828
0
0
0
0
0
0.09512
0
0
0
0.09703
0
0.12465
0.1698
0
0
0
0
0
0
0
0.14551
0
0
0
0
0
0
0
0
0
0
0
0
0.04634
0.2342
0.23523
0.06713
0
0.07397
0
0
0
0
0
0
0.24938
0.07276
0.10503
0.07764
0.19329
0.13052
0.08685
0.23891
0.14465
0.07036
0.08624
0.40985
0.04987
0.22332
0.45374
0.2576
0.22946
0.39194
0.37802
0.07875
0.16215
0.16724
0
0.08433
0.48466
0
0
0.60345
0.13509
0
0
0
0
0
0
0
0
0
0
0
0
0
0
0
0
0
0
0
0
0
0
0
0
0
0
0
0
0
0
0
0
0
0
0
0
0
0
0
0
0
0
0.07384
0
0
0
0
0
0
0
0
0
0
0
0
0.08287
0
0
0
0.08261
0
0
0
0
0
0
0
0
0
0
0
0
0.1625
0.15985
0
0
0
0
0.15949
0.16927
0
0
0
0
0
0
0
0
0
0.10093
0
0.14252
0
0
0
0
0
0
0
0
0.02301
0.04449
0.26039
0.02222
0
0.06594
0
0
0
0.11497
0
0
0
0
0.21173
0.11381
0.07738
0.07721
0.33491
0.32121
0.08762
0.24067
0.33303
0
0.33565
0.1708
0.07931
0.08582
0.16777
0.08759
0.16759
0.05266
0
0
0.08362
0.14769
0.33251
0.13121
0
0.15715
0.07933
0.17302
0
0.08145
0
0.02664
0.05352
0.08078
0.07243
0.07863
0
0
0
0
0
0
0
0
0
0
0
0
0
0
0
0
0
0
0
0
0
0
0
0
0
0
0
0
0
0
0
0
0.10359
0
0
0.05857
0
0
0
0.08277
0
0
0
0
0
0
0
0
0
0
0
0
0
0
0
0.14361
0
0.08938
0
0
0
0
0
0
0
0
0
0
0
0
0.06629
0
0
0
0
0
0
0
0.08614
0
0
0.1647
0.07098
0.1351
0.07531
0.33508
0.1576
0.21037
0.17442
0.09398
0.22277
0.08596
0.12969
0.07852
0.09904
0.25797
0.13773
0.16063
0
0
0.15991
0.07385
0.14391
0.23926
0.07631
0
0
0.0801
0.2448
0
0
0.10715
0
0
0
0
0
0
0
0
0
0
0
0
0
0
0
0
0
0
0
0
0
0
0
0
0
0
0
0
0
0
0
0
0
0
0
0.14136
0
0
0
0
0
0
0
0
0.07463
0
0
0
0.08519
0.04894
0
0
0
0
0
0.09919
0
0
0
0.14438
0
0
0
0
0
0
0
0
0
0.06623
0
0.07818
0
0
0.02469
0
0
0.13494
0.15922
0
0.11403
0.08677
0.07769
0.07754
0.3843
0.28764
0.08594
0.08617
0.07081
0.13072
0.07845
0.54684
0
0.21063
0.0876
0.15713
0.08511
0.37367
0
0.07585
0
0
0.23163
0.16929
0.16866
0.07927
0.13706
0.07217
0.15555
0.08042
0
0
0.27374
0
0
0
0
0
0
0
0
0
0
0
0
0
0
0
0
0
0.22305
0
0
0
0
0
0
0
0
0
0
0
0.16146
0
0
0
0
0
0
0
0.07515
0
0
0
0.0733
0
0
0.15891
0
0
0
0
0
0
0
0.19912
0
0
0.31475
0.06712
0.15463
0.0677
0
0.06924
0.26533
0.11655
0
0.10561
0.06634
0.14467
0
0
0
0
0
0.07233
0.10799
0.05042
0.27697
0.63689
0.28908
0.28626
0.33223
0.10854
0.11193
0.23147
0.13996
0.11339
0
0.07721
0.07896
0.12997
0.10613
0.19069
0.16011
0.14104
0.21149
0.15783
0.30421
0.46297
0.44642
0.63185
0.46315
0.72354
0.25091
0.85293
0
0
0.0744
0
0
0
0
0
0
0
0
0
0
0
0
0
0
0
0
0
0
0
0
0
0
0
0
0
0
0
0
0
0
0
0
0
0
0
0
0
0
0
0
0
0.07227
0
0
0
0
0
0
0
0
0
0
0
0.15963
0
0.15614
0.07274
0
0
0
0
0
0
0
0
0.07477
0.07191
0
0
0
0
0
0.17612
0.16054
0
0
0
0
0
0
0.20827
0
0
0.10387
0
0
0.07811
0
0.31664
0
0.16082
0
0.15978
0
0.06857
0.07925
0
0
0
0
0.22091
0
0
0.0246
0.02471
0.56234
0
0.0712
0.02526
0.52947
0.21754
0.08078
0.07764
0.33099
0.16039
0
0.07754
0.12925
0.80321
0
0.16784
0.15655
0.37007
0
0
0.2731
0
0.63297
0.83708
0.45818
0.2118
0.2346
0.80422
0.82611
0.56412
0
0.15564
0.40933
0
0
0.28225
0.82297
0.35609
0.07335
0
0
0
0
0
0
0
0
0
0
0
0
0
0
0
0
0
0
0
0
0
0
0
0
0
0
0
0
0
0
0
0
0
0
0
0
0
0
0
0
0
0
0
0
0
0.16128
0
0
0
0
0
0.07186
0
0
0
0
0
0.07346
0.10317
0
0
0
0
0
0
0
0.32127
0
0.07878
0
0
0.25192
0.18238
0.16183
0
0
0.22622
0
0.07348
0
0.34162
0.2982
0.3349
0.32146
0.27011
0
0.33592
0.32339
0.09039
0.08677
0.13862
0
0.02856
0.30845
0.07639
0.07636
0.24093
0.10602
0
0.15699
0.04881
0.15827
0.07798
0.07538
0.21811
0.15723
0.10542
0.15622
0.07461
0.52507
0.86251
0.08766
0.22701
0.07321
0
0
0
0
0
0
0
0
0
0
0
0
0
0
0
0
0
0
0
0
0
0
0
0
0
0.02734
0
0
0
0
0
0
0
0
0
0
0
0
0
0
0.06903
0
0
0
0.0828
0
0
0
0
0
0
0
0
0
0
0
0
0
0
0
0
0
0
0
0
0.20766
0
0
0
0.20626
0.29286
0
0
0.31228
0.18442
0
0.16058
0
0
0.23563
0.15976
0
0.07833
0
0
0
0
0
0
0.06974
0.06848
0.06984
0
0.04673
0
0
0
0
0
0.31159
0.83137
0.26293
0
0
0
0.3653
0.26282
0
0.07613
0
0.11611
0.07838
0.18225
0.19675
0.11491
0.21898
0
0.15458
0.44869
0.07899
0.07613
0.15709
0
0.51818
0.04927
0.20318
0
0.22057
0
0.79825
0.13081
0.51419
0
0.05279
0
0
0
0
0
0
0
0
0
0
0
0
0
0
0
0
0
0
0
0
0
0
0
0
0
0
0
0
0
0
0
0
0
0
0
0
0
0
0.05112
0
0
0
0
0
0
0
0
0.07485
0
0
0.07445
0
0
0.07251
0
0
0
0
0
0
0
0
0
0
0.16058
0.33483
0
0
0.31823
0
0
0
0
0
0
0
0
0
0
0
0
0
0
0
0.10749
0
0
0.02468
0
0.05049
0
0.15051
0
0.08086
0
0.08767
0.16182
0.33413
0.16147
0.04719
0.21698
0.42582
0
0.20028
0.31423
0.33833
0.15954
0.16157
0.82796
0.07703
0.08704
0.33382
0.34308
0.17058
0.4151
0.71086
0.07365
0.47915
0.04761
0.07513
0
0
0
0
0
0
0
0
0
0
0
0
0
0
0
0
0
0
0
0
0
0
0
0
0
0
0
0
0
0
0
0
0
0
0
0
0
0
0
0
0
0.1611
0
0
0
0
0
0
0
0
0
0
0
0
0
0
0
0
0
0
0
0.08002
0
0
0
0
0
0
0
0.06921
0
0
0.28926
0
0
0
0
0.15712
0
0
0.37908
0.46032
0.07811
0.31748
0.21957
0.1402
0
0.02357
0.23997
0.18443
0
0.65254
0.39718
0.30907
0.31218
0
0.08711
0.35143
0.15922
0.70888
0.33309
0.47868
0.151
0.07707
0.07202
0
0.15386
0.88409
0
0.02402
0
0
0
0
0
0
0
0
0
0
0
0
0
0
0
0
0
0
0
0
0
0
0
0
0.06397
0
0
0
0
0
0
0
0
0
0
0
0
0
0
0
0
0
0
0
0
0
0
0
0.07511
0
0
0
0
0
0
0
0
0
0
0.15682
0
0
0
0
0
0.14869
0
0
0
0.3326
0.24114
0
0.24127
0
0
0
0
0.16269
0
0
0.16182
0
0.15055
0.16308
0.45363
0.25045
0
0.07517
0.07284
0
0.15378
0.33493
0.48931
0.0237
0.33168
0.16748
0.13279
0.25576
0.16433
0
0.28989
0.57304
0.3846
0
0.4596
0.07966
0.96025
0.88553
0
0.10714
0.07171
0.18233
0
0.21309
0.07859
0.07461
0.79879
0
0.07283
0.07227
0
0
0
0
0
0
0
0
0
0
0
0
0
0
0
0.06395
0
0.08469
0
0
0
0.05639
0
0
0
0
0
0
0
0
0
0
0
0
0
0
0
0
0
0
0
0.07547
0
0
0
0.0763
0
0
0
0
0
0
0
0
0
0
0
0
0
0
0
0.05341
0.15341
0.02462
0.36611
0
0
0.264
0
0
0
0
0
0
0
0
0
0.16339
0.08142
0.24296
0.15396
0.33353
0.60455
0.16239
0.1604
0.38911
0.07697
0.15069
0.16385
0
0.75143
0
0.22186
0
0.30319
0.1597
0
0.13387
0.33115
0
0.07236
0
0
0
0
0
0
0
0
0
0
0
0
0
0
0
0
0
0
0
0
0
0
0
0
0
0
0
0
0
0
0
0
0
0
0
0
0
0
0
0
0
0
0
0.05091
0
0
0
0
0
0
0
0
0
0
0
0
0
0.33372
0.33308
0.23638
0
0.29485
0
0
0
0
0
0
0.15743
0.08022
0
0.36122
0.30258
0.45888
0.44143
0.35697
0.35814
0.29971
0.16146
0
0.07413
0.24886
0
0
0
0
0
0
0
0
0
0
0
0
0
0
0.06414
0
0
0
0
0
0
0
0
0
0
0
0
0
0
0
0
0
0
0
0
0
0
0
0
0
0
0
0
0
0
0
0
0
0.07534
0
0
0
0
0
0.07474
0
0
0.0794
0
0
0
0
0
0.32201
0.06595
0.06628
0
0
0
0
0
0.04672
0
0
0.02497
0
0.06849
0.07369
0.07561
0.26771
0
0
0.114
0.17499
0.02835
0
0
0.35753
0.43042
0.12007
0.76367
0.61381
0.17541
0.16913
0.16133
0.0754
0.15873
0.07917
0
0
0
0
0
0
0
0
0
0
0
0
0
0
0
0
0
0
0
0
0
0
0
0.0938
0
0
0
0
0
0
0
0
0.07568
0.07587
0
0
0
0
0
0
0
0
0
0
0
0
0
0
0
0
0.06614
0.14311
0.13283
0.16051
0
0.16231
0.32188
0
0
0.06921
0.23782
0.0737
0.45695
0
0
0.26683
0.24391
0
0
0
0
0.07535
0.17042
0
0.24549
0.44732
0.24515
0.31489
0.99991
0.87171
0.20908
0.64629
0.27681
0
0.16447
0.76225
0.25155
0.82069
0.61559
0.43765
0.51515
0.51418
0.49275
0
0.07478
0.07419
0.0804
0.54395
0.07887
0
0
0
0
0
0
0
0
0
0
0
0
0
0
0
0
0
0
0
0
0
0
0
0
0
0
0
0
0
0
0
0
0
0
0
0
0
0
0
0
0
0
0
0
0
0
0
0
0
0
0
0
0
0
0
0
0
0
0
0
0
0
0
0
0.07715
0
0
0
0
0
0
0.06742
0.55007
0
0
0
0.40205
0.38013
0.2011
0
0
0.8158
0
0.22204
0.05739
0.3125
0.20152
0.16534
0
0.24106
0
0.15456
0.12672
0.46771
0.73999
0.44087
0.15084
0.28085
0
0
0.23072
0.07531
0
0
0
0
0
0
0
0
0
0
0
0
0
0
0
0
0
0
0
0
0
0
0
0
0
0
0
0
0.08385
0
0.08456
0
0
0
0
0
0
0
0
0
0
0
0
0
0
0
0
0
0
0
0
0
0
0
0
0
0.07608
0
0
0
0
0
0
0
0
0
0.04896
0
0.37795
0.0491
0
0.31471
0.06904
0
0
0.07481
0.15115
0
0.37969
0.16366
0
0
0
0
0
0
0.31601
0.19492
0.35107
0.55073
0.16922
0.49446
0.33894
0
0.49776
0.22874
0.27367
0.29055
0.31515
0.07963
0.27585
0
0.07348
0.16002
0.52044
0
0.7122
0.20183
0.07171
0
0
0.08082
0
0
0
0
0
0
0
0
0
0
0
0
0
0
0
0
0
0
0
0
0
0
0
0
0
0
0
0
0
0
0
0
0
0
0
0
0.16039
0
0
0
0
0
0
0
0
0.13247
0
0
0
0
0
0
0.16214
0
0
0
0.07443
0
0
0
0
0.06829
0.07412
0.313
0.15065
0
0.15263
0.06839
0
0
0.11306
0
0.74236
0.2302
0.33706
0.87722
0
0.86784
0.23006
0
0.18808
0
0.38427
0
0
0.0742
0
0
0
0
0
0
0
0
0
0
0
0
0
0
0
0
0
0
0
0
0
0
0.06429
0
0
0
0
0
0
0
0
0
0
0
0
0
0
0
0
0
0
0
0
0
0
0
0
0
0
0
0
0
0
0
0
0
0.06721
0
0
0
0.23868
0
0
0.24849
0.30492
0.25331
0.22392
0.16954
0
0.1176
0.37836
0.52317
0.16112
0.37556
0.66206
0.12894
0.08733
0
0
0
0.71528
0
0.12305
0.55201
0
0.20337
0
0
0
0
0
0
0
0
0
0
0
0
0
0
0
0
0
0
0
0
0
0
0
0
0
0
0
0
0
0
0
0
0
0.15865
0
0
0
0
0
0
0
0
0
0
0
0.14834
0
0
0
0
0.15985
0.31727
0
0.06613
0
0.06649
0
0.31589
0.0737
0
0
0
0.25346
0
0
0.30795
0.32768
0.15887
0.19116
0.16967
0.13678
0.07687
0.08814
0.2143
0.02649
0.02614
0
0.10175
0.07594
0.13532
0.15075
0.58353
0.428
0.07261
0.2126
0.18825
0
0
0
0
0
0
0
0
0
0
0
0
0
0
0
0
0
0
0
0
0
0
0
0
0
0
0
0
0
0
0
0
0
0
0
0
0
0
0
0
0
0
0
0
0
0
0
0
0
0
0
0
0
0
0
0
0
0
0
0
0
0
0
0
0
0
0
0
0
0
0.15867
0
0.06669
0.07405
0
0.07417
0
0.06907
0
0.3143
0
0
0
0
0.07165
0
0.53142
0
0.16979
0.88463
0.2405
0.15714
0
0.1568
0.07302
0.07306
0.15064
0.45582
0.40783
0.07414
0
0.08106
0.02404
0
0
0
0
0
0
0
0
0
0
0
0
0
0
0
0
0
0
0
0
0
0
0
0
0
0
0
0
0
0
0
0
0
0
0
0
0
0
0
0
0
0
0
0
0
0
0
0
0
0
0.14566
0
0
0
0
0
0
0
0.15831
0
0
0.06811
0.07538
0.0755
0.3186
0
0.24078
0
0
0.07479
0.0747
0.16971
0.16927
0
0.16746
0.24192
0.24104
0.16724
0.07315
0.02437
0.12672
0
0
0
0
0.07881
0.17717
0.13876
0
0.08199
0.12926
0.10303
0
0
0
0
0
0
0
0
0
0
0
0
0
0
0
0
0
0
0
0
0
0
0
0
0
0
0
0
0
0
0
0
0
0
0
0
0
0
0
0
0
0
0
0
0
0
0
0
0
0
0
0
0
0
0
0
0
0.31578
0.02563
0.20746
0
0.0746
0
0.02512
0.29047
0
0
0.30022
0
0.16315
0.58376
0
0.16068
0.49717
0
0
0
0.0877
0
0
0.07329
0.21412
0.13561
0
0
0.43166
0.13844
0.07429
0.07236
0
0
0
0
0
0
0
0
0
0
0
0
0
0
0
0
0
0
0
0
0
0
0
0
0
0
0
0
0
0
0
0
0
0
0
0
0
0
0
0
0
0.09532
0
0.02414
0
0
0
0
0
0
0
0
0
0.26302
0
0
0.23617
0
0
0.07427
0.23502
0
0
0
0
0.05151
0.32804
0
0.16921
0.16794
0.16858
0
0
0.68134
0.4092
0.0768
0.08716
0.20919
0.31485
0.02826
0
0
0
0.07349
0.25237
0
0.30232
0.55895
0.07926
0.81781
0
0.07958
0
0
0
0
0
0
0
0
0
0
0
0
0
0
0
0
0
0
0
0
0
0
0
0
0
0
0
0
0
0
0
0
0
0
0
0
0
0
0
0
0
0
0
0
0
0
0
0
0
0
0
0
0
0
0
0
0
0
0
0.16056
0
0
0.02483
0.15326
0
0
0
0.23594
0.06677
0
0
0.0677
0.31837
0.15216
0
0.18289
0
0
0.61829
0
0.15606
0.0808
0.25906
0
0
0
0
0.90034
0.08085
0.04987
0
0
0
0
0
0
0
0
0
0
0
0
0
0
0
0
0
0
0
0
0
0
0
0
0
0
0
0
0
0
0
0
0
0
0
0
0
0
0
0
0
0
0
0
0
0.07491
0
0
0.23594
0.28934
0.06755
0
0
0
0
0
0.07713
0
0
0.11533
0
0.16808
0.64127
0.43219
0.72065
0
0.39187
0
0.07771
0.08642
0.11152
0.08872
0.6149
0.02398
0.11898
0
0.43868
0.22277
0.04909
0.07919
0.63369
0.07131
0.08065
0
0
0
0
0
0
0
0
0
0
0
0
0
0
0
0
0
0
0
0.04603
0
0
0
0
0
0
0
0
0
0
0
0
0
0
0
0
0
0
0.04697
0
0
0
0
0
0
0
0
0.10887
0.04385
0
0.02187
0
0
0
0.04437
0
0.06732
0.23562
0.06771
0
0.23589
0
0
0
0.07449
0.07725
0.38817
0.16046
0.34361
0.56044
0
0
0.07889
0.21049
0.23268
0
0.23201
0
0
0.491
0
0.20958
0.05072
0.08131
0.07189
0.07984
0.07982
0
0
0
0
0
0
0
0
0
0
0
0
0
0
0.08247
0
0
0
0
0
0
0
0
0
0
0
0
0
0
0
0
0
0
0
0
0
0
0
0
0
0
0
0
0
0
0
0
0
0
0
0
0
0.09552
0
0
0
0
0
0
0
0
0
0
0
0
0
0
0
0
0
0.15291
0
0.07482
0
0
0.2366
0
0
0
0
0
0.07517
0.30943
0.23578
0
0
0
0.33538
0
0
0.0757
0.48504
0.1585
0
0.29356
0
0
0.11172
0.13873
0.07902
0.50894
0
0.02367
0.04738
0.07912
0.07919
0.07861
0.19202
0.02492
0.02831
0.15973
0.16001
0.63397
0.63839
0.3919
0
0.07138
0.30264
0.08028
0.27349
0.07304
0
0
0
0
0
0
0
0
0
0
0
0
0
0
0
0
0
0
0
0
0
0
0
0
0
0
0
0
0
0
0
0.14249
0
0
0
0
0
0
0
0
0
0
0
0
0
0
0
0.11872
0
0
0
0
0
0
0
0
0
0
0
0
0
0
0
0
0
0
0
0
0
0
0
0
0.07928
0
0
0
0
0
0.26207
0.06686
0
0
0.23891
0.15348
0
0
0.02599
0.07943
0.11191
0
0
0.0795
0.07428
0.50646
0
0.18027
0.44652
0.16267
0.16328
0.38375
0.57843
0.24878
0.52639
0.04775
0.34701
0.08872
0
0.2351
0.50167
0.07158
0.30271
0.05246
0.46923
0
0
0
0
0
0
0
0
0
0
0
0
0
0
0
0
0
0
0
0
0
0
0
0
0
0
0
0
0
0
0
0.11819
0
0
0.06973
0
0
0
0
0
0
0
0
0
0
0
0
0
0
0
0
0
0
0
0
0
0
0
0
0
0
0
0
0
0.12678
0
0.02484
0
0
0.02597
0
0
0
0
0.07769
0.21213
0.1536
0.41022
0.24186
0.07664
0
0.13896
0.15725
0.16179
0.33129
0.48512
0.69151
0
0.13363
0.17167
0.07883
0.29655
0.08061
0.02373
0.0524
0.07246
0.49465
0.55182
0.0736
0.05311
0
0
0
0
0
0
0
0
0
0
0
0
0
0
0
0
0
0
0
0
0.07399
0
0
0
0
0
0
0
0
0
0
0
0
0
0
0
0
0
0
0
0
0
0
0
0
0
0
0
0
0
0
0
0
0
0
0
0
0
0
0
0
0
0
0
0
0
0.04453
0
0
0.21352
0.07728
0.07522
0.33383
0.07177
0
0.10847
0.164
0.07192
0.0718
0
0
0.20531
0.39775
0
0.18539
0.23328
0.16172
0
0
0.30963
0.33258
0.02721
0
0
0
0
0
0
0
0
0
0
0
0
0
0
0
0
0
0
0
0
0
0
0
0
0
0
0
0
0
0
0
0
0
0
0
0
0
0
0
0
0
0
0
0
0
0
0
0
0
0
0
0
0
0
0
0
0
0
0
0
0
0
0
0
0
0
0
0
0
0
0
0.07631
0
0
0
0
0
0
0.05189
0
0
0.0792
0.07715
0.19143
0.13732
0
0.07766
0
0.18153
0.24021
0.15895
0.21626
0.32085
0.23693
0.32822
0.28566
0.22994
0
0.15678
0.38445
0.08633
0.45955
0
0.44809
0
0.18559
0
0.60831
0.07168
0.10602
0.02613
0.07149
0.437
0.30939
0.07194
0.07258
0
0
0
0
0
0
0
0
0
0
0
0
0
0
0
0
0
0
0
0
0.08605
0
0
0
0
0
0
0
0
0
0
0
0
0
0
0
0
0
0
0
0
0
0
0
0
0
0
0
0
0
0
0
0
0.02335
0
0
0
0
0
0
0
0
0
0
0
0
0
0
0
0
0
0
0
0
0
0
0
0
0.15112
0
0
0
0.07638
0
0
0
0
0
0
0.06717
0
0
0
0
0.30303
0.07836
0.36803
0.08604
0
0
0.18579
0.21227
0.11028
0
0.15394
0
0.24513
0.15853
0.08129
0.07737
0
0.5626
0.08131
0.10181
0.07809
0.30842
0.5078
0.22953
0
0.08788
0.28057
0
0
0.47439
0.23685
0.2309
0.49243
0.37873
0.07317
0.30501
0.793
0.42684
0.50077
0
0
0
0
0
0
0
0
0
0
0
0
0
0
0
0
0
0.0832
0
0
0
0
0
0
0
0
0
0
0
0
0
0
0
0
0
0
0
0
0
0
0
0
0
0
0
0
0
0
0
0
0
0
0
0
0
0
0
0
0
0.07205
0
0
0
0
0
0
0
0
0
0
0
0
0
0
0.14827
0.14831
0
0
0
0
0.06706
0
0
0
0
0.02437
0.0776
0.14866
0.07859
0.0483
0.0242
0
0
0.2402
0.30695
0
0.08054
0.16314
0.10381
0.08086
0.23487
0.16282
0
0.17997
0.07445
0.31018
0.08008
0.31522
0.36998
0.29812
0.07827
0.22195
0.07436
0
0
0.12716
0.55568
0.55668
0.07807
0.07142
0.22545
0.07152
0.55473
0.2913
0.07855
0.07292
0.07926
0.79388
0
0
0
0
0
0
0
0
0
0
0
0
0
0
0
0
0.08247
0
0
0
0
0
0
0
0
0
0
0
0
0
0
0
0
0
0
0
0
0
0
0
0
0
0
0
0
0
0
0
0
0
0
0
0
0
0
0
0
0
0
0.07432
0
0
0.14624
0
0
0.07579
0.05797
0
0
0.07045
0
0.07045
0
0
0
0
0.06799
0.07452
0.23701
0.05164
0.05666
0.07931
0.02575
0.05219
0.12851
0.14835
0.07587
0.183
0
0
0.35781
0.02723
0
0.07145
0.15869
0.56621
0.10343
0.26752
0
0.08039
0.10912
0.66551
0
0.41972
0.21674
0.2626
0.237
0.52566
0.4561
0.3969
0.10537
0.35622
0.844
0.07568
0.0729
0.46365
0.07397
0.32165
0
0
0
0
0
0
0
0
0
0
0
0
0
0
0
0
0
0
0
0
0
0
0
0
0
0
0
0
0
0
0
0
0
0
0
0
0
0
0
0
0
0
0
0
0
0
0
0
0
0
0
0
0
0
0
0
0
0
0
0
0
0
0
0
0
0
0
0
0
0
0
0.07554
0
0
0
0.07955
0
0.15147
0
0
0
0
0
0.0679
0
0.07793
0
0.0786
0
0.15186
0.07326
0.07511
0.02714
0
0.4396
0
0.23517
0.3691
0.07267
0
0.52837
0.13283
0.07228
0.32253
0
0.10199
0.21263
0.75283
0
0.57203
0.08765
0.08721
0.30999
0
0.5308
0.07832
0.18742
0.55032
0.37458
0.23202
0.52517
0.52128
0.30327
0.18275
0.07465
0
0
0
0
0
0
0
0
0
0
0
0
0
0
0
0
0
0
0
0
0
0
0
0
0
0
0
0
0
0
0
0
0
0
0
0
0
0
0
0
0
0
0
0.04666
0
0
0
0
0
0
0
0
0
0
0
0
0
0
0
0
0
0
0
0
0
0
0.06713
0.07338
0
0.05054
0
0
0.08004
0.07555
0
0.07462
0
0.07808
0
0
0
0
0
0.24056
0.07741
0
0
0
0
0
0
0.10138
0.23497
0
0.07346
0.24127
0.02524
0
0
0
0
0.27496
0.44523
0.08085
0.13544
0.1678
0.35008
0.12777
0.1688
0.20911
0.31481
0.69547
0.6084
0.61499
0.16253
0.47198
0.14895
0.23934
0.1177
0.3804
0
0.766
0.46777
0
0.07292
0.07352
0.07363
0.07234
0
0
0
0
0
0
0
0
0
0
0
0
0
0
0
0
0
0
0
0
0
0
0
0
0
0
0
0
0
0
0
0
0
0
0
0
0
0
0
0
0
0
0
0
0
0
0
0
0
0
0
0
0
0
0
0
0
0
0.05157
0
0
0.10143
0
0
0
0
0
0
0
0
0
0
0
0.06779
0
0
0
0.0499
0
0
0.06845
0.07884
0
0.21176
0.07825
0.04987
0.1012
0.07949
0.07598
0
0
0
0
0.23859
0
0.07226
0.07482
0.2396
0
0
0.45241
0.24085
0
0.07429
0.02852
0.21163
0
0.3146
0.04759
0.15699
0.10458
0.2923
0.32512
0.27027
0.69975
0.55931
0.58459
0.58386
0.08003
0.32818
0.47082
0.21692
0.0741
0.11002
0
0.07414
0
0
0
0
0
0
0
0
0
0
0
0
0
0
0
0
0
0
0
0
0
0
0
0
0
0
0
0
0
0
0
0
0
0
0
0
0
0
0
0
0
0
0
0
0
0
0
0
0
0
0
0
0
0
0
0
0
0
0
0.07586
0
0
0
0
0
0
0
0
0
0
0
0
0
0
0
0.16313
0.02504
0
0
0
0
0.10955
0
0
0.0713
0
0
0
0.24044
0
0.10112
0.02485
0.31759
0
0.07448
0.19223
0
0.07465
0.16292
0
0.55967
0.07114
0.02704
0.08525
0
0.07164
0.31702
0.07204
0.39508
0.15985
0
0.0875
0
0.19746
0
0.07088
0.02502
0.07372
0
0
0
0
0
0
0
0
0
0
0
0
0
0
0
0
0
0
0
0
0
0
0
0
0
0
0
0
0
0
0
0
0
0
0
0
0
0
0
0
0
0
0
0
0
0
0
0
0.07003
0
0
0
0
0
0
0
0
0.14125
0
0
0
0
0
0
0
0
0
0
0.2464
0
0
0
0
0
0
0
0
0.05121
0.08611
0
0
0
0
0
0
0
0.07879
0
0
0.07239
0
0.07826
0
0.07355
0
0
0
0.07973
0
0
0
0.07626
0.15588
0.15382
0.07493
0
0.15311
0.27617
0.23829
0
0.07475
0
0.1635
0
0.08692
0
0
0.08704
0.23936
0.0745
0.07435
0.02378
0.0864
0.07409
0.37578
0
0.07177
0.02378
0
0
0
0
0
0
0
0
0
0
0
0
0
0
0
0
0
0
0
0
0
0
0
0
0
0
0
0
0
0
0
0
0
0
0
0
0
0
0
0
0
0
0
0
0
0
0
0
0
0
0
0
0
0
0
0
0
0
0
0
0
0
0
0
0
0
0
0
0
0
0
0
0
0
0
0
0
0
0.08587
0
0
0
0
0
0
0
0
0
0
0
0
0
0
0
0.07081
0
0
0
0
0
0
0
0
0
0
0
0.06829
0
0.07334
0.05185
0.07139
0
0
0
0.07208
0
0
0.16292
0.13751
0.07551
0.05442
0.16848
0.60887
0.4709
0.02894
0.07545
0
0.02491
0
0.07309
0.08622
0.35625
0.43653
0
0.0799
0.17626
0.07113
0.11904
0.07446
0.07997
0
0
0
0
0
0
0
0
0
0
0
0
0
0
0
0
0
0
0
0
0
0
0
0
0
0
0
0
0
0
0
0
0
0
0
0
0
0
0
0
0
0
0
0
0
0
0
0
0
0
0
0
0
0
0
0
0
0
0
0
0
0
0
0
0
0
0
0
0.0736
0
0
0
0.07103
0
0.07115
0
0
0
0
0
0
0
0
0
0
0
0
0
0
0
0
0
0
0
0
0
0
0
0
0
0
0
0
0
0
0.07089
0
0
0
0
0
0
0
0.153
0
0.21092
0.076
0.08544
0
0.16896
0.50205
0.27691
0.27963
0.05762
0.34121
0.1489
0
0.05256
0.02536
0.6944
0
0.07236
0
0.07331
0
0
0
0
0
0
0
0
0
0
0
0
0
0
0
0
0
0
0
0
0
0
0
0
0
0
0
0
0
0
0
0
0
0
0
0
0
0
0
0
0
0
0
0
0
0
0
0
0
0
0
0
0
0
0
0
0
0
0
0.19996
0
0
0
0
0
0
0
0
0
0
0
0
0
0
0
0
0
0
0
0
0
0
0
0
0
0
0
0
0
0
0.12511
0
0.07552
0
0
0
0
0
0
0
0
0
0
0
0.0792
0.07935
0
0
0.04852
0.0483
0
0
0.23731
0
0
0.27682
0
0
0.33148
0.54942
0.07344
0
0.07196
0.07422
0
0
0
0
0
0
0
0
0
0
0
0
0
0
0
0
0
0
0
0
0
0
0
0
0
0
0
0
0
0
0
0
0
0
0
0
0
0
0
0
0
0
0
0
0
0
0
0
0
0
0
0
0
0
0
0
0
0
0
0
0
0.14641
0.07338
0
0
0
0.07366
0
0
0
0
0
0
0
0.08986
0
0
0
0
0
0
0
0
0.29366
0
0
0.04878
0
0
0
0
0
0
0
0
0
0
0
0.07213
0.21118
0.33444
0.3363
0.54927
0
0.71131
0.30093
0
0.07444
0.07549
0
0.07263
0.07306
0
0
0.07264
0.07609
0
0.07563
0
0
0
0
0
0
0
0
0
0
0
0
0
0
0
0
0
0
0
0
0
0
0
0
0
0
0
0
0
0
0
0
0
0
0
0
0
0
0
0
0
0
0
0
0
0
0
0
0
0
0
0
0
0
0
0
0
0
0
0
0
0
0
0
0
0
0
0
0
0
0
0
0
0
0
0
0
0
0
0
0
0
0
0
0
0
0
0
0
0
0
0.02296
0
0
0
0
0
0
0
0
0
0
0
0
0
0
0
0
0
0
0
0
0.07543
0
0
0
0
0
0
0
0.16251
0.04854
0.16164
0
0
0
0
0
0
0
0
0
0
0
0.42039
0.19343
0.47651
0.12791
0
0.39773
0
0.70947
0.07568
0
0
0.10472
0
0.07287
0
0.79882
0.07233
0
0
0
0
0
0
0
0
0
0
0
0
0
0
0
0
0
0
0
0
0
0
0
0
0
0
0
0
0
0
0
0
0
0
0
0
0
0
0
0
0
0
0
0
0
0
0
0
0
0.07319
0
0.14626
0
0
0
0
0
0
0
0
0
0
0.089
0
0
0
0.22181
0
0
0.07167
0
0
0
0.02401
0
0
0
0
0.21637
0
0
0
0
0
0
0.49344
0.13898
0.44598
0
0
0
0
0
0
0
0
0
0
0
0
0
0
0
0
0
0
0
0
0
0
0
0
0
0
0
0
0
0
0
0
0
0
0
0
0
0
0
0
0
0
0
0
0
0
0
0
0
0
0
0
0
0
0
0
0
0
0
0
0
0
0
0
0
0.17903
0
0
0
0
0
0
0
0
0
0
0
0
0.25608
0
0
0.0715
0
0
0.3209
0.24319
0.06903
0.06907
0
0
0.21543
0
0
0.53967
0
0
0
0
0
0
0
0
0
0
0
0
0
0
0
0
0
0
0
0
0
0
0
0
0
0
0
0
0
0
0
0
0
0
0
0
0
0
0
0
0
0
0
0
0
0
0
0
0
0
0
0
0
0
0
0
0
0
0
0
0
0
0.09726
0
0
0
0
0
0
0.17779
0.11281
0
0
0
0
0.27196
0.16589
0.33592
0.33541
0.19288
0.37635
0
0
0
0
0
0
0
0
0
0
0
0
0
0
0
0
0
0
0
0
0
0
0.11549
0.08371
0
0
0
0
0
0
0
0
0
0
0
0
0
0
0
0
0
0
0
0
0
0
0
0
0
0
0
0
0
0
0
0
0
0
0
0
0
0.04594
0.04604
0
0
0
0
0
0
0.23221
0
0.21649
0.07801
0.14033
0.37416
0.46288
0.36326
0
0
0
0
0
0
0
0
0
0
0
0
0
0
0
0
0
0
0
0
0
0
0
0
0
0
0
0
0
0
0
0
0
0
0
0
0
0
0
0
0
0
0
0
0
0
0
0
0
0
0
0
0
0
0
0
0
0
0
0.16305
0
0
0
0
0
0
0
0
0.14187
0.25484
0.02343
0.08894
0.08864
0.21439
0.3214
0.45512
0.23322
0.52813
0.41174
0.38814
0
0
0
0
0
0
0
0
0
0
0
0
0
0
0
0
0
0
0
0
0
0
0
0
0
0
0
0
0
0
0
0
0
0
0
0
0
0
0
0
0
0
0
0
0
0
0
0
0
0
0
0.17477
0
0
0.2224
0
0
0
0
0.19677
0
0
0
0
0
0
0.02937
0.08984
0
0
0.16153
0.23249
0
0
0
0
0
0
0
0
0
0
0
0
0
0
0
0
0
0
0
0
0
0
0
0
0
0.04618
0
0
0
0
0
0
0
0
0
0
0
0
0
0
0
0
0
0
0
0
0
0
0
0
0
0
0
0
0
0
0
0
0
0
0
0
0
0
0
0
0
0
0
0.08938
0.12028
0.24436
0.5547
0
0.47564
0.21806
0.19375
0.15165
0.2322
0.2094
0
0
0
0
0
0
0
0
0
0
0
0
0
0
0
0
0
0
0
0
0.0436
0
0
0
0
0
0
0
0
0
0
0
0
0
0
0
0
0
0
0
0
0
0
0
0
0
0
0
0
0
0
0
0
0
0
0
0
0
0
0
0
0.08931
0.22355
0
0.25411
0.22978
0.07174
0.30541
0.30408
0.0878
0.1961
0.21424
0
0.15792
0.16682
0.55438
0.22017
0.23072
0
0
0
0
0
0
0
0
0
0
0
0
0
0
0
0
0
0
0
0
0
0
0
0
0
0
0
0
0
0
0
0
0
0
0
0
0
0
0
0
0
0
0
0
0
0
0
0
0
0
0
0
0
0
0
0
0
0
0
0
0
0
0
0
0
0
0
0
0.09927
0.08939
0
0
0
0.20528
0.19871
0
0
0
0.02426
0.0759
0.08876
0.09824
0
0
0
0.39548
0.15784
0.16134
0.14902
0.14894
0.21942
0.23157
0
0
0
0
0
0
0
0
0
0
0
0
0
0
0
0
0.06555
0.06656
0
0.06661
0
0
0
0
0
0
0
0
0
0
0
0
0
0
0
0
0
0
0
0
0
0
0
0
0
0
0
0
0
0
0
0
0
0
0
0
0
0
0
0
0
0
0
0
0
0
0
0
0.07599
0
0
0.2302
0.02503
0.10851
0.24128
0.51505
0.30102
0.16643
0.24571
0.50099
0
0
0
0
0
0
0
0
0
0
0
0
0
0
0
0
0
0
0
0
0
0.02175
0
0
0.06545
0
0
0
0
0
0.04404
0
0
0
0
0.06536
0
0
0
0
0
0
0.02179
0
0.06605
0.06589
0.04373
0
0
0
0.0446
0
0
0.06621
0
0.066
0.06559
0
0
0
0
0.0674
0.06614
0
0
0
0
0
0
0
0
0
0.06626
0.06622
0.06632
0.02208
0.06698
0
0.06708
0
0
0
0.06662
0.06738
0
0
0.0667
0
0.06698
0.06669
0.06762
0
0
0
0.06784
0
0
0
0
0
0.06785
0.06648
0
0
0.06695
0.06814
0.06712
0.06831
0.06743
0
0
0
0.068
0
0.06832
0.0678
0.06786
0
0.06836
0.0684
0
0
0.02261
0
0.06826
0.02261
0
0
0.06758
0.06874
0.06852
0
0
0
0
0
0
0
0
0
0
0
0
0
0
0
0
0
0
0
0
0
0
0
0
0
0
0
0
0
0
0
0
0
0
0
0
0
0
0
0
0
0
0
0.07287
0.17304
0.19899
0.13582
0.07179
0.09
0.076
0.14049
0
0.07883
0.07888
0.56525
0.15389
0.6594
0
0
0
0
0
0
0
0
0
0
0
0
0
0
0
0
0
0
0
0
0
0
0
0
0
0
0
0.08311
0.06715
0
0
0
0
0
0
0
0
0
0
0
0
0
0
0
0
0
0
0
0
0
0
0
0
0
0
0
0
0
0
0
0
0
0
0
0
0
0
0
0
0
0
0
0
0
0.14062
0.12232
0.02384
0.09806
0.30048
0.09453
0.21645
0.08973
0
0.20801
0.08043
0.07897
0.21991
0.56532
0.55307
0
0
0
0
0
0
0
0
0
0
0
0
0
0
0
0
0
0
0
0
0
0
0
0
0
0
0
0
0
0
0
0
0
0
0
0
0
0
0
0
0
0
0
0
0
0.30304
0
0.26248
0.08032
0.23163
0.16425
0.14239
0
0.07745
0.15066
0
0.15236
0.02613
0.20327
0.15033
0.08059
0.21949
0.3306
0.56553
0.41026
0.52496
0.20098
0.25928
0
0
0
0
0
0
0
0
0
0
0
0
0
0
0
0
0
0
0
0
0
0
0
0
0
0
0
0
0
0.14508
0
0
0
0.14882
0.14031
0.10475
0.20058
0.07341
0.26581
0
0.34144
0.08836
0
0.09473
0
0.15377
0.15192
0.05057
0.15773
0.07985
0.15085
0.33159
0.45531
0.38602
0
0
0
0
0
0
0
0
0
0
0
0
0
0
0
0
0
0
0
0
0
0
0.0703
0.30343
0.30548
0
0.17151
0.14833
0.12354
0.07837
0.22896
0.3855
0.23505
0.15744
0.20353
0.10493
0.02557
0.04863
0
0.24439
0
0
0.07786
0.15081
0.14924
0.48215
0.14901
0
0
0
0
0
0
0
0
0
0
0
0
0
0
0
0
0
0
0
0
0
0
0
0
0
0
0
0
0.0243
0.0243
0.15154
0.22633
0.23289
0.18751
0.14026
0.07502
0.04736
0.07105
0.07048
0.02929
0
0.07044
0.07629
0.15613
0.15004
0.15289
0.15698
0.10522
0.32053
0.15873
0.18546
0.41078
0.58292
0
0
0
0
0
0
0
0
0
0
0
0
0
0
0
0
0
0
0
0
0
0
0
0
0
0
0
0
0
0
0.22407
0.36042
0.22474
0.07579
0.14717
0.14011
0.25204
0.15234
0.10192
0.12808
0.31849
0.07646
0.18523
0.24766
0.0962
0.05105
0
0.15552
0.15096
0.60024
0.15811
0.0783
0.07856
0
0
0
0
0
0
0
0
0
0
0
0
0
0
0
0
0
0
0
0
0
0
0
0
0
0
0
0
0
0
0
0
0
0.37253
0.15201
0.12657
0.15221
0.1412
0.15577
0.16192
0.20066
0.15491
0.05885
0.14129
0
0.29823
0.07174
0.07311
0.0709
0.07622
0.16224
0.14943
0.64601
0.36209
0.56432
0
0
0
0
0
0
0
0
0
0
0
0
0
0
0
0
0
0
0
0
0
0
0
0
0
0
0
0
0
0
0
0
0
0.12028
0.0296
0.05924
0.3041
0.37689
0
0.14546
0.13092
0.1415
0.20385
0.15525
0
0.2494
0.26709
0.21001
0.21846
0.07845
0.42625
0.07783
0.24016
0.17884
0
0
0
0
0
0
0
0
0
0
0
0
0
0
0
0
0
0
0
0
0
0
0
0
0
0
0
0
0
0
0
0
0
0.25525
0.22681
0.07024
0.14075
0.16144
0
0
0.10264
0.12872
0.15241
0.121
0.15641
0.18274
0.67134
0.64877
0.10122
0
0
0
0
0
0
0
0
0
0
0
0
0
0
0
0
0
0
0
0
0
0.09401
0.30331
0
0.07593
0
0.14425
0.22777
0.14239
0.2281
0.22302
0.10295
0.15599
0.15563
0.32624
0.1023
0
0.21264
0.37567
0.10075
0
0
0
0
0
0
0
0
0
0
0
0
0
0
0
0
0
0
0
0
0
0
0
0
0
0
0
0
0
0
0
0
0
0.23162
0.0703
0.14182
0.27565
0
0
0.19982
0.08989
0
0
0
0
0.20775
0.12966
0.15277
0.15708
0.18565
0
0
0
0
0
0
0
0
0
0
0
0
0
0
0
0
0
0
0
0
0
0
0
0
0
0
0
0
0
0
0
0
0.14691
0.14795
0.20656
0.15265
0.14752
0
0.33525
0.15542
0.29174
0.07837
0.15125
0.2089
0.32589
0.14487
0.13069
0.1503
0
0
0
0
0
0
0
0
0
0
0
0
0
0
0
0
0
0
0
0
0
0
0
0
0
0
0
0
0
0
0
0
0
0
0
0
0
0
0
0
0
0
0.14086
0.15947
0.22491
0.18904
0
0.14545
0
0.16212
0.16263
0.20173
0.15408
0.26963
0
0
0
0
0
0
0
0
0
0
0
0
0
0
0
0
0
0
0
0
0
0
0
0
0
0
0
0
0
0
0
0
0
0
0
0
0
0
0
0
0
0
0
0
0
0
0.11828
0.22325
0.059
0.10241
0.1451
0.15592
0.02586
0.31731
0.17003
0
0
0.22783
0.1059
0.21
0.15355
0.15262
0
0.13048
0
0
0
0
0
0
0
0
0
0
0
0
0
0
0
0
0
0
0
0
0
0
0
0
0
0
0
0
0
0
0
0
0
0
0
0
0
0
0
0
0
0
0
0.37522
0.32672
0.11888
0.37701
0.23996
0.07252
0.12313
0.22641
0.05119
0.10122
0.10407
0
0
0
0
0
0
0
0
0
0
0
0
0
0
0
0
0
0
0
0
0
0
0
0
0
0
0
0
0
0
0
0
0
0
0
0
0
0
0
0
0
0
0
0
0
0
0
0
0
0
0
0
0
0
0
0
0
0.12007
0
0.22334
0.14127
0
0.34459
0.1743
0.13701
0.14756
0
0.15069
0.15132
0.07948
0
0.07766
0.02583
0
0
0
0
0
0
0
0
0
0
0
0
0
0
0
0
0
0
0
0
0
0
0
0
0
0
0
0
0
0
0
0
0
0
0
0
0
0
0
0
0
0
0
0
0
0
0
0
0
0
0
0
0
0
0
0
0
0
0
0
0
0
0
0
0
0
0
0
0
0
0
0
0
0
0
0
0
0
0.07218
0.33325
0.14663
0
0
0.2715
0.13689
0.07191
0.08971
0.29675
0.08895
0
0.07892
0.20912
0
0
0
0
0
0
0
0
0
0
0
0
0
0
0
0
0
0
0
0
0
0
0
0
0
0
0
0
0
0
0
0
0
0
0
0
0
0
0
0
0
0
0
0
0
0
0
0
0
0
0
0
0
0
0
0
0
0
0
0
0
0
0
0
0
0
0
0
0
0
0
0
0
0
0
0
0
0
0
0
0
0
0
0
0
0
0
0
0
0
0
0
0
0
0
0
0
0
0
0
0
0
0
0
0
0
0
0
0
0
0
0
0
0
0
0
0
0
0
0
0
0
0
0.14226
0.17537
0.02929
0.19738
0.22336
0.22319
0.14125
0.20634
0.08913
0.07569
0
0.16005
0.15373
0.21498
0.15808
0.1438
0.08896
0.15284
0.10533
0.15255
0
0
0.24726
0
0.2723
0.52521
0.14573
0
0.161
0.46702
0.12362
0.05162
0.17816
0.15418
0.09009
0.29075
0.15419
0.09743
0.30667
0.16126
0.21259
0.15295
0.15162
0
0.02518
0.38254
0.08941
0.14637
0.1894
0.07222
0.07302
0.15119
0.10018
0.1511
0.15062
0.41125
0.22313
0.1414
0.14714
0.14951
0.2684
0.19885
0.14361
0.28903
0.29674
0.28836
0.04869
0.14898
0.15275
0.14924
0.14048
0.15117
0.12551
0.14078
0.14049
0.14383
0.07588
0.21816
0
0.12938
0.14104
0.6002
0.14087
0.14129
0.24542
0.44358
0.24395
0.21709
0.0786
0.14955
0.22932
0.07914
0.28688
0.1454
0.15453
0.07108
0.07575
0.10341
0
0.29107
0.16191
0
0.15286
0.30865
0.14889
0.27829
0.0517
0.36501
0.44527
0.36681
0
0.36767
0.15048
0.13349
0.17425
0.06418
0
0
0
0
0
0
0
0
0.15941
0
0.02452
0
0
0
0.16163
0
0.07489
0.04952
0.17501
0.22273
0.14172
0.07457
0
0
0
0
0
