0
0.24428
0.05011
0.0818
0
0
0
0
0
0
0
0
0
0
0.36581
0
0
0
0
0
0
0
0.41699
0.81475
0
0
0
0
0
0
0
0
0
0
0
0
0
0
0
0
0
0
0
0
0.59987
0
0
0
0
0.41769
0
0
0
0.05
0
0
0
0
0
0
0
0
0
0
0
0
0
0
0
0
0
0
0.58084
0
0
0
0
0
0.06262
0
0
0
0
0
0
0
0
0
0
0
0
0
0
0
0
0
0.5009
0
0
0
0
0
0
0
0
0
0
0
0
0
0
0
0
0
0
0
0
0
0
0
0
0
0
0
0
0
0
0
0
0
0
0.53514
0.1255
0
0
0
0
0
0
0
0
0
0.58531
0
0
0
0
0
0
0
0
0
0
0
0.20123
0
0
0
0
0
0
0
0.28479
0
0
0
0
0
0
0
0.2865
0
0
0.02406
0
0
0
0
0
0
0
0
0
0
0
0.39359
0.34052
0.05061
0
0.06935
0.01839
0
0
0
0
0.1862
0
0
0.09541
0
0.13559
0
0
0.0695
0
0
0
0.38353
0
0
0
0
0
0
0
0
0
0
0
0
0
0
0
0
0
0
0
0
0
0
0
0.53243
0
0
0.03982
0
0
0.02033
0.12252
0.12264
0
0
0.02148
0
0
0.30066
0
0.01998
0
0
0
0
0
0.02082
0.22202
0.3318
0
0
0
0
0
0
0
0
0
0
0
0
0
0.353
0
0
0
0
0
0
0
0
0
0
0
0
0
0
0
0
0.75939
0
0
0
0
0
0
0
0
0
0
0
0.08072
0
0
0
0
0.37836
0.02116
0
0
0.06098
0
0.30509
0
0
0.38539
0
0
0
0
0
0
0
0
0
0
0
0.17239
0
0.06057
0.11883
0
0
0
0.08219
0
0
0
0
0.29999
0
0
0
0
0
0
0.35876
0.64582
0
0
0.16632
0
0
0
0
0
0
0
0
0
0
0
0
0
0.33098
0
0
0.21806
0.33125
0
0
0
0
0
0
0
0
0
0
0
0
0
0
0
0
0
0
0
0
0
0
0.06101
0.1373
0
0
0
0
0
0
0
0
0
0
0.07993
0
0
0
0
0
0
0
0
0.05222
0
0
0.07789
0
0
0
0
0
0.0491
0
0.05353
0
0
0
0
0.09562
0
0
0
0
0
0.04895
0
0.28855
0
0.19938
0
0
0
0.31164
0
0
0.29667
0
0.69102
0
0
0
0.20449
0
0.46764
0.51745
0
0
0
0
0.26025
0
0
0
0
0
0
0
0
0
0.45557
0.4825
0
0
0
0
0
0
0.1683
0.21807
0
0
0
0
0
0
0
0
0
0
0
0
0
0.12996
0
0
0.2705
0
0.69552
0
0
0.05306
0
0
0.04939
0
0
0
0
0
0
0
0.32724
0.6331
0
0
0
0
0
0
0
0.21463
0
0
0
0.24921
0
0
0
0
0
0
0
0
0
0
0
0
0
0
0
0
0.02633
0
0
0
0
0
0
0
0.53439
0
0
0
0
0
0.26488
0.08051
0.06023
0
0
0
0.55023
0.29093
0
0
0
0
0
0
0
0
0
0
0
0
0
0
0.18451
0
0
0
0
0
0
0
0
0
0
0
0
0
0.07059
0
0.11544
0
0.32973
0
0
0
0
0
0
0
0
0
0
0.07919
0.06989
0
0
0
0
0
0
0.22653
0
0
0.05997
0
0
0
0
0
0
0
0
0.15492
0
0
0
0
0
0
0
0
0
0
0
0
0
0
0
0
0
0
0
0
0
0.20519
0
0
0
0
0
0
0
0
0
0
0
0
0
0
0
0
0.05893
0
0
0
0
0
0
0
0
0
0
0
0
0
0
0
0
0
0
0
0
0
0.255
0
0.06452
0.45286
0
0
0
0.14121
0
0
0
0
0
0
0.04904
0
0
0.07664
0
0
0
0
0.88768
0
0
0
0
0.06152
0
0.1687
0.37088
0
0
0
0.17034
0
0
0
0
0.22687
0
0
0.51456
0
0
0
0
0
0
0
0
0
0
0
0
0
0
0
0
0
0
0
0
0
0
0
0
0
0
0
0.06177
0
0
0.60808
0
0.05294
0
0
0
0
0
0.3503
0
0
0
0
0.24331
0
0
0.73638
0
0
0
0
0
0
0
0
0
0
0
0.127
0
0.62974
0
0
0
0
0
0
0.52554
0
0
0
0
0
0
0.10414
0
0
0.22597
0
0
0
0
0
0
0.10612
0
0
0
0
0
0.58653
0
0
0
0
0
0
0
0
0
0
0
0
0.07977
0
0
0
0
0
0
0
0
0
0
0
0
0
0
0
0
0.81493
0
0
0.91516
0
0
0
0
0
0.11871
0
0
0
0.02096
0
0.5804
0
0
0
0
0
0
0
0
0
0
0
0
0
0
0
0
0
0
0
0
0
0
0
0
0
0
0
0
0
0
0
0
0.01688
0
0
0
0
0
0
0
0.22575
0
0
0
0
0
0
0.38305
0
0
0
0
0
0
0
0
0
0
0.04931
0
0
0
0
0
0.03846
0
0
0.44246
0.3112
0.37001
0
0
0
0
0
0
0
0
0
0
0
0
0
0
0
0.83661
0.22754
0.45065
0
0
0
0
0
0
0
0
0
0
0
0
0
0
0
0.1023
0
0.11677
0
0
0
0
0.15213
0
0
0
0
0.04191
0.05021
0
0
0
0
0.08044
0
0
0
0
0
0
0
0.0436
0
0
0.05261
0
0
0
0.47133
0.08183
0
0
0
0
0
0
0
0
0
0
0
0
0.27218
0
0
0.03723
0
0.5979
0
0
0.11736
0.07091
0
0
0
0
0
0
0
0
0
0
0.05765
0
0
0
0
0
0
0
0
0
0
0
0.48527
0.37735
0
0.18603
0
0.07656
0.1368
0
0
0
0
0.27865
0
0
0
0
0
0.18826
0
0
0
0
0
0
0.12211
0.53008
0
0
0
0
0
0
0
0
0
0
0
0
0
0.39177
0.34772
0
0
0
0
0
0
0
0
0
0
0
0.08094
0.63164
0
0
0
0
0
0
0
0
0.02635
0.54241
0
0
0
0
0
0
0
0
0
0
0.57431
0.13744
0
0
0
0
0.01687
0.38519
0
0
0
0
0
0
0
0
0
0
0
0
0
0
0
0
0.26028
0
0
0
0
0
0
0
0
0
0.60413
0
0
0
0.57593
0
0
0
0
0
0
0
0
0
0
0
0
0
0
0
0
0
0.02631
0
0
0
0
0
0
0
0
0
0
0
0
0
0
0
0
0
0.40243
0
0
0
0.33223
0
0
0
0
0
0
0.06991
0
0
0
0
0
0
0
0
0
0
0
0
0
0
0
0
0
0
0
0.6755
0
0
0.16901
0.75325
0.25493
0
0
0
0
0
0
0
0
0
0.02175
0
0
0
0.18488
0
0
0
0
0.66914
0
0.58006
0
0.23295
0.04552
0
0
0
0
0
0
0
0
0
0
0
0
0
0
0
0
0
0
0
0
0
0
0.0531
0
0
0
0.15405
0
0
0.12269
0
0
0
0.0793
0
0
0
0
0
0.12272
0
0
0
0
0
0
0
0
0
0.0969
0
0
0
0
0
0
0.12721
0
0
0
0
0
0
0
0.6348
0
0
0
0
0
0
0.07693
0
0
0
0
0
0
0
0
0
0
0
0
0
0
0
0
0
0
0
0
0.35142
0
0
0.40546
0
0
0
0.25232
0
0
0
0
0
0
0
0
0
0
0
0
0
0
0
0
0
0
0
0
0
0
0.11831
0
0
0
0
0.2087
0
0
0.35573
0
0.29662
0
0.12216
0
0
0
0
0
0
0
0
0
0
0
0
0
0
0
0
0
0
0
0
0
0.19694
0
0
0
0
0
0
0
0
0
0
0
0
0
0
0
0
0
0
0
0
0
0
0.4565
0
0
0
0
0
0
0
0
0
0
0
0
0.87356
0
0
0.04358
0
0
0.29608
0
0
0
0
0
0
0
0
0
0
0
0
0.06038
0
0
0
0
0
0
0.33552
0.33393
0
0
0
0
0
0
0
0
0
0
0
0
0
0
0.05303
0
0
0.17297
0
0
0
0
0
0
0
0
0.2249
0
0
0
0
0
0
0
0
0
0
0.07997
0
0.35955
0.06055
0
0
0.05336
0
0
0
0
0
0
0
0
0
0
0
0
0.52279
0
0
0
0
0
0
0
0
0
0
0.0797
0
0.05322
0
0.07929
0
0.22326
0
0
0
0
0
0.68482
0
0
0
0.15353
0
0
0
0
0
0.09952
0
0
0
0
0
0
0
0
0
0
0
0
0
0
0
0.70662
0.05952
0
0
0
0.80583
0
0
0
0
0
0
0
0.45189
0.21663
0
0
0
0
0
0
0
0.56487
0
0
0
0
0.64713
0
0
0
0
0
0.04937
0.21114
0
0
0
0
0
0
0.06505
0
0
0
0
0.06118
0
0
0.21643
0
0
0
0.02324
0.5766
0
0
0
0
0
0
0
0
0
0
0
0
0
0
0.05978
0
0
0
0
0
0
0
0
0.02588
0.66004
0
0
0
0
0
0.1083
0
0
0
0
0
0
0
0
0
0
0
0
0.22896
0
0
0
0
0
0
0
0
0
0
0
0
0.33517
0
0
0
0
0
0
0
0
0.64765
0
0
0
0
0
0.38406
0
0
0
0
0.33237
0
0
0
0
0
0
0
0.22812
0
0
0
0
0
0
0
0
0
0
0
0
0.06504
0
0
0
0
0.3841
0.12088
0
0
0
0
0
0
0
0
0
0
0
0
0.46015
0
0
0
0
0
0
0
0
0
0
0
0
0.21414
0
0
0
0
0
0
0
0
0
0
0
0
0.73414
0.73319
0
0.03602
0
0
0
0
0
0
0
0
0
0.79827
0
0
0
0
0
0
0
0
0
0
0
0
0
0.04952
0
0
0
0
0
0
0
0
0
0
0
0
0
0
0
0
0
0.28432
0
0
0
0
0.49255
0
0
0
0
0
0
0
0
0
0
0
0.31571
0
0
0
0
0
0.38208
0
0
0
0.6138
0
0.07816
0.27962
0.33687
0.06024
0.41577
0.27304
0
0
0
0
0.22724
0
0
0
0
0
0
0
0
0
0
0
0
0.08514
0
0
0
0
0
0
0.14555
0.15283
0
0
0
0.48151
0
0
0
0
0
0
0
0
0
0
0
0
0.31999
0.64714
0
0
0
0.02331
0
0
0.01623
0
0.5866
0
0
0
0.09503
0.05361
0
0
0
0
0
0
0.2097
0.03522
0
0
0
0
0.44914
0
0
0
0
0
0
0
0
0
0
0
0
0
0
0
0
0
0
0
0.07652
0
0
0
0
0
0
0
0
0
0.30134
0
0
0
0
0
0
0
0
0
0
0
0
0
0
0
0.0636
0
0
0
0
0.15239
0
0
0
0
0
0
0
0
0
0
0
0
0
0.49208
0
0
0.20839
0
0
0
0
0
0.25488
0
0
0
0
0
0.48872
0
0
0
0
0
0
0
0
0
0
0
0
0
0
0
0
0
0.05296
0
0
0
0
0.05092
0
0
0
0
0
0.16811
0
0.06469
0.06839
0.05349
0
0
0
0
0
0
0
0
0.24214
0
0
0
0
0
0
0
0
0
0
0.05075
0
0
0
0
0
0
0
0
0
0.31694
0
0
0
0
0
0
0
0
0
0
0
0
0
0
0.44199
0
0
0
0
0
0
0
0.02089
0
0
0
0
0
0
0
0.16817
0
0
0.25854
0
0
0
0
0
0
0
0
0
0
0
0
0
0
0
0
0
0
0
0
0
0
0
0
0
0
0
0
0
0
0
0
0
0.63621
0
0
0
0
0
0
0
0
0
0.06039
0
0
0
0
0
0.03277
0
0
0
0.54269
0
0.09504
0
0
0
0
0
0
0
0.33509
0
0
0
0
0
0.12183
0
0
0
0
0
0.22132
0
0
0
0
0
0
0
0
0
0
0
0.07815
0
0.01677
0
0
0
0
0
0
0
0.04946
0
0
0
0.05725
0.07536
0
0
0
0
0
0
0.34591
0
0
0
0.06075
0
0
0
0
0
0
0
0
0
0
0
0
0
0
0
0
0
0
0.07819
0
0
0
0
0
0.0596
0
0
0
0
0.22378
0.18744
0
0
0
0.1229
0
0
0
0.43248
0
0
0
0
0
0.09533
0
0
0
0
0
0.10212
0
0
0
0
0.27286
0
0.61455
0
0
0
0
0
0
0
0
0
0
0
0
0
0
0
0
0
0
0
0
0.02634
0.05311
0.05316
0
0.06057
0.06109
0
0
0.3305
0
0
0.10476
0
0
0
0.05934
0
0
0
0
0
0
0
0.30906
0
0
0
0
0
0
0
0
0
0
0
0
0
0
0
0
0
0
0
0
0
0.59609
0
0
0
0
0
0
0
0
0
0.25165
0
0
0
0.63505
0
0
0
0
0
0.24415
0.09426
0
0
0
0
0
0
0.21807
0
0.23783
0.07737
0
0.28584
0.21908
0.22329
0.37883
0.33897
0
0
0
0
0
0
0
0
0
0
0
0.41548
0
0
0
0.49799
0.21691
0
0
0
0
0
0
0
0.15806
0
0
0
0
0
0
0
0
0
0
0
0
0
0
0
0
0
0
0
0
0
0.26649
0
0
0
0
0
0.03273
0
0
0.39378
0
0.45393
0
0
0
0
0.14755
0
0.07697
0
0
0
0
0
0
0
0
0
0
0
0
0
0
0.05041
0
0
0
0
0
0
0
0.62957
0
0
0
0
0.48021
0
0
0
0
0
0.06324
0
0.18079
0
0
0
0
0.60787
0
0
0
0
0
0
0.21523
0
0
0
0
0
0
0
0
0.18191
0
0
0.18798
0
0
0
0
0
0
0
0
0
0
0
0
0
0
0.79688
0
0
0
0.05171
0.154
0.40569
0.53546
0
0
0
0
0
0.04904
0
0
0
0.07492
0.28699
0
0
0
0.08213
0.44116
0.03815
0
0
0
0.04095
0.07912
0
0.05764
0
0
0
0
0
0
0
0
0
0
0
0
0
0
0
0
0
0
0
0
0.07987
0
0.13452
0.16082
0
0.27827
0
0
0
0
0
0
0
0
0
0
0
0
0
0.06038
0
0
0.24701
0
0
0.13567
0
0
0
0
0
0
0
0
0
0
0
0
0
0
0
0
0
0
0
0
0
0
0
0
0
0
0
0
0
0
0.68752
0.12497
0
0
0
0
0
0.19561
0
0
0
0
0
0
0
0.23264
0
0
0.26238
0
0.43565
0
0
0
0
0
0
0
0
0.05941
0
0
0
0
0
0
0
0
0
0
0
0
0
0
0
0
0.06213
0
0
0
0
0
0.22791
0
0
0
0
0
0.24396
0
0
0
0
0
0.07955
0.08066
0
0
0
0.06176
0
0
0
0
0
0
0
0
0
0
0
0
0
0
0
0
0
0
0
0.45686
0
0
0.55289
0.08111
0
0
0.7597
0.53078
0.6425
0
0.26047
0.07016
0
0
0
0
0
0
0
0
0
0
0.07918
0
0.14802
0
0
0
0
0
0
0.64619
0
0.07989
0
0
0
0
0
0
0.06442
0
0.05072
0
0
0
0.16008
0
0
0.69851
0
0.0766
0
0
0
0
0
0
0
0
0
0
0
0
0
0
0
0
0
0
0
0
0
0
0
0
0
0
0.26002
0.0491
0.07104
0.06999
0
0
0
0
0
0.97288
0.18917
0
0
0
0
0
0
0
0
0
0
0.12441
0
0
0
0
0.12231
0
0
0
0
0
0
0.19935
0.06209
0
0
0
0
0.23705
0
0
0.22847
0
0
0
0
0
0
0
0.36327
0
0
0
0
0
0
0
0.01683
0
0
0
0.22913
0
0
0
0
0.22145
0
0
0
0
0
0
0
0.31599
0
0
0.01906
0
0
0
0
0
0
0.1105
0.26634
0
0
0
0
0.21435
0
0
0
0
0
0
0
0
0
0
0
0
0
0
0
0
0
0.08089
0
0
0
0
0
0
0
0
0
0
0
0.30601
0
0
0
0
0
0
0
0
0
0
0
0
0
0
0
0.05134
0
0
0
0
0
0.20312
0
0
0
0
0
0
0
0
0
0
0
0
0
0
0
0
0.02183
0
0
0
0
0
0
0
0.8474
0
0
0
0
0
0
0
0
0
0
0
0
0
0.10851
0.03369
0.04988
0
0
0
0
0
0
0
0
0
0
0
0
0.32414
0
0.36331
0.19359
0
0
0
0
0
0
0
0
0
0
0
0
0
0
0
0
0
0
0
0
0
0
0
0
0
0
0
0
0
0
0
0
0
0
0
0
0
0
0
0
0
0
0
0
0
0
0
0
0
0
0
0
0
0.60126
0
0.27706
0
0
0
0.53196
0
0.61198
0
0
0
0
0
0
0
0
0
0
0
0.03961
0
0
0
0
0
0
0
0
0.2599
0
0
0
0
0
0
0
0.0492
0
0
0
0
0.11963
0
0
0
0
0
0
0
0
0
0.07982
0
0
0
0
0
0
0.08089
0
0
0
0.12441
0
0
0
0
0
0.29269
0
0
0
0
0
0
0
0
0
0
0
0
0
0
0
0.35274
0.23304
0.05902
0
0
0
0
0
0
0
0
0
0.13636
0
0
0.2685
0
0
0
0
0.61646
0
0
0.0598
0.88768
0
0
0
0
0
0
0.05956
0
0
0
0
0
0
0.15592
0
0
0
0
0.08104
0
0
0.13622
0
0.51405
0
0
0.08041
0
0
0
0
0.08153
0
0
0
0
0
0
0
0
0
0
0
0
0
0
0
0
0
0
0
0
0
0
0
0
0
0
0
0
0
0
0
0
0
0
0
0
0.43012
0
0
0
0
0
0
0
0
0
0.24503
0
0.02636
0
0
0
0
0
0.05876
0
0
0
0
0.21445
0
0
0
0
0.05319
0.06089
0
0
0
0
0
0
0
0
0
0
0
0
0
0
0
0
0
0
0
0
0
0
0
0.25408
0.20759
0
0
0
0
0
0.03602
0
0
0
0
0
0
0
0
0
0
0
0
0
0
0
0
0
0
0
0
0
0
0
0
0
0
0
0
0
0
0
0.20683
0
0
0
0
0
0
0
0
0
0
0
0
0
0.15391
0
0
0
0
0
0
0
0
0
0
0
0.07931
0
0
0
0
0
0
0
0
0
0
0
0
0
0
0.36018
0
0.04637
0
0.38017
0
0
0.27795
0
0.08069
0
0
0
0
0
0
0
0
0
0
0
0
0
0
0
0
0
0
0
0
0
0
0
0
0
0
0
0
0
0
0.02087
0
0
0
0
0
0
0.06009
0
0
0
0
0
0
0
0
0
0.63339
0
0
0.02631
0
0.06078
0
0
0
0.08093
0
0
0
0
0
0
0
0
0
0.08224
0.13656
0.68767
0
0
0
0.08165
0
0
0
0
0
0
0
0
0
0
0
0
0
0
0
0
0
0
0
0
0.26006
0
0
0
0.38253
0.19701
0
0
0
0.78531
0
0
0
0
0
0
0
0
0
0
0
0
0
0.1214
0
0
0
0.38967
0
0
0
0
0.59263
0
0
0.32956
0.01622
0
0
0
0
0.03932
0
0
0.02633
0
0
0
0
0
0
0
0
0
0
0
0
0
0
0
0
0
0
0
0
0
0
0
0
0
0
0
0
0
0
0
0
0
0.48199
0
0
0
0
0
0
0
0
0
0
0
0
0
0
0
0
0
0.05394
0
0
0.29006
0
0
0
0.04628
0
0
0
0
0
0
0
0
0
0
0
0
0
0
0
0
0
0
0
0
0
0
0
0
0
0
0
0
0.22787
0
0
0
0
0
0
0
0.23384
0
0
0
0
0
0
0
0
0
0
0
0.13529
0
0
0
0
0
0
0
0
0
0
0
0
0
0
0
0
0
0
0
0
0.49548
0
0
0
0
0
0
0
0
0
0.63261
0
0
0
0
0
0
0
0
0
0
0
0
0
0.12704
0
0
0
0
0.02097
0
0
0
0
0
0
0
0
0
0
0
0
0
0
0
0
0
0.28441
0
0
0
0
0
0
0
0
0
0.07962
0
0
0
0
0.06158
0
0
0
0
0
0.136
0
0.07942
0
0
0
0
0
0
0
0
0
0
0
0
0
0
0.07844
0
0
0
0
0
0
0
0.21702
0.39594
0
0
0
0
0
0
0
0
0.52964
0
0
0
0
0
0
0
0.08037
0
0
0
0
0
0
0
0
0
0
0
0
0.09919
0
0.52562
0
0
0
0.07689
0
0
0
0
0.02357
0
0.35087
0
0
0.05271
0
0
0
0
0
0
0
0
0
0
0
0
0
0
0
0
0.11654
0.68515
0
0
0.34503
0
0
0
0
0.20717
0
0
0
0.16995
0
0
0
0
0.24742
0.2878
0
0
0
0
0
0
0
0.85923
0
0
0
0.25637
0
0
0
0
0
0
0.1274
0
0.06091
0
0
0
0
0.07864
0
0
0
0
0
0
0
0
0.07834
0
0
0
0
0
0
0.07941
0
0
0.07968
0
0
0
0
0
0.74336
0
0.24509
0
0
0
0
0
0
0
0
0
0
0
0
0
0
0
0
0.07523
0.06064
0
0
0
0
0
0
0
0
0
0
0
0
0
0
0
0
0.59643
0
0
0
0
0
0
0
0
0
0
0
0.05995
0
0
0
0
0
0
0
0
0
0
0
0
0
0
0
0
0
0
0
0
0
0
0
0
0
0.70792
0.0619
0
0
0.06147
0
0
0
0
0
0
0
0
0.1825
0
0.20643
0.08761
0
0
0
0
0
0
0
0
0
0
0
0
0
0
0
0
0
0
0
0
0.20653
0
0.06034
0
0
0.1081
0.04075
0.123
0.14311
0.28643
0.34008
0.1173
0.15847
0
0.3158
0.36554
0.05018
0
0.33593
0.33711
0.43111
0.2656
0.54017
0.54433
0.04939
0.22428
0.19138
0.31815
0
0
0.5441
0.64703
0.33101
0.21406
0.23411
0
0
0
0.57241
0
0.48465
0.25174
0
0.32991
0.26619
0
0
0
0
0
0
0
0
0
0
0
0
0
0
0
0
0
0
0
0
0
0
0
0
0
0
0
0
0
0
0
0
0.60588
0
0.57864
0.54398
0.04971
0
0.04946
0.36508
0
0.1021
0.17977
0.21531
0.16194
0
0
0
0
0
0
0
0
0
0
0
0
0.15367
0
0
0
0
0
0
0
0
0.05101
0
0.15361
0
0.11573
0.30321
0.28882
0.2556
0.06653
0.18646
0
0
0
0
0
0
0
0
0
0
0
0
0
0
0
0
0
0.04879
0
0
0
0.64554
0.14619
0.26671
0.11533
0
0
0
0
0
0
0
0
0
0
0
0
0
0
0.08082
0
0
0
0.08002
0
0
0
0.57256
0
0.15268
0
0
0
0.07746
0.22146
0.23667
0.12239
0.06034
0
0
0.06053
0
0
0
0
0
0
0
0
0
0
0
0
0
0
0
0
0
0
0
0
0.07937
0
0.13659
0
0
0.62448
0
0
0.24497
0.68427
0.12283
0.25362
0.2142
0
0
0
0
0
0
0
0
0
0
0
0
0
0
0
0
0
0
0
0
0
0
0.12259
0.272
0.16599
0.0933
0
0
0
0
0
0
0
0
0
0
0
0.12654
0
0
0
0
0
0
0
0.05095
0
0
0
0
0
0.64646
0
0
0
0.37427
0.16696
0
0.12344
0
0
0
0
0
0
0
0
0
0
0
0
0
0.05132
0
0
0
0
0
0.27386
0
0.15225
0
0
0.05036
0
0
0
0.12781
0
0.25103
0.1787
0.36569
0.22878
0.06043
0
0
0
0.06181
0
0
0
0
0
0
0
0
0.02917
0
0.12231
0
0
0
0.54068
0.03549
0.17251
0
0.17104
0.80695
0
0
0
0
0
0
0
0.04919
0.57827
0.29235
0
0
0.34151
0.30107
0.07243
0.06115
0.47363
0.31205
0.68156
0.28619
0.38379
0
0.21915
0
0
0.05941
0
0
0.43928
0
0.12225
0.23212
0
0
0
0
0
0
0.07252
0
0.15698
0.07937
0.16172
0
0
0
0.08028
0.69281
0
0
0.07719
0.02811
0.54852
0
0.01745
0.473
0.28934
0.19991
0.70141
0.2538
0.28111
0.80734
0
0
0.59627
0
0.50118
0
0
0.48291
0
0
0
0
0
0
0
0
0
0
0.0493
0
0.02637
0
0.07944
0
0
0
0
0
0
0.18454
0
0.51178
0.12628
0.17078
0.27331
0.28865
0.60478
0.39427
0.6608
0
0
0
0
0.53446
0
0.06961
0.05062
0.24277
0
0
0
0
0.05283
0.07996
0
0
0
0
0
0
0
0
0.06301
0.02454
0
0
0.03855
0.12506
0.2757
0.56198
0
0
0
0.05355
0.11716
0.05235
0.18648
0
0
0
0
0
0
0.73762
0
0.60326
0
0.56934
0
0.27642
0.28349
0.22884
0.28277
0.59243
0.72221
0.5073
0.5265
0
0
0.07079
0
0
0
0
0
0
0
0
0.05204
0.18167
0
0
0
0
0.26638
0.61084
0
0.26421
0.3713
0.12146
0
0.12682
0
0.55125
0.47525
0
0
0
0.37679
0
0.16676
0.63192
0
0
0
0.06983
0.01979
0
0
0
0
0
0
0.05317
0
0.12232
0
0
0
0
0
0.14403
0
0
0.05083
0.07739
0
0
0.17031
0.62368
0
0.20781
0.07297
0.12317
0.05113
0.25171
0.10329
0
0.25472
0
0
0.76473
0
0.56429
0
0.25897
0
0
0
0
0
0
0
0
0
0
0
0
0
0
0
0
0
0
0
0
0.05161
0.26978
0
0.23055
0.29561
0
0
0
0
0
0
0.09507
0.05111
0.20247
0
0.24286
0.4472
0.07653
0.7295
0.16945
0
0
0
0
0
0
0
0
0
0
0
0
0
0
0.09542
0
0.07747
0
0
0
0
0.36972
0.25643
0
0.35618
0.42888
0
0
0
0.07284
0
0
0.59903
0.30313
0
0.12715
0
0
0.22852
0.24223
0.44408
0.07802
0
0
0.02445
0
0
0
0
0
0
0
0
0
0.01804
0
0
0
0
0
0
0
0.25618
0
0
0.24954
0
0
0.60696
0
0
0
0
0
0
0
0
0
0
0
0.60374
0
0
0.29133
0.05368
0
0
0
0
0
0
0
0
0
0
0
0
0
0
0
0
0
0
0
0
0
0.17987
0
0.37832
0.05305
0.36698
0.58511
0
0
0.05281
0
0
0
0
0
0
0
0
0
0
0
0.17913
0
0
0
0
0
0.0642
0.05288
0.51636
0.331
0.42709
0
0
0
0
0
0
0
0
0
0
0
0.08136
0
0
0
0
0.57526
0
0
0
0
0
0
0
0
0
0
0
0
0
0
0
0
0
0
0
0
0
0
0
0
0.1171
0
0
0
0
0
0
0.44995
0.40206
0
0
0
0
0
0
0
0.06324
0
0
0
0
0
0
0
0
0
0
0
0
0
0.11624
0.25847
0
0
0
0
0
0
0.66555
0.55159
0.11537
0.34442
0
0
0
0
0
0
0
0
0
0
0
0
0
0
0
0
0
0
0
0
0
0
0
0
0
0.06498
0
0.23317
0
0
0
0.14164
0
0
0.48832
0
0
0
0
0
0
0.44416
0.88286
0
0.21704
0.16011
0.53283
0.33063
0.23751
0.51525
0.37708
0.25167
0.51548
0.69845
0
0
0
0
0
0
0
0
0
0
0.19478
0
0
0
0
0.12469
0.37879
0.76456
0
0.30973
0.72818
0.28138
0.65247
0.499
0.53453
0.45605
0.95159
0.95185
0.38317
0.40401
0.47382
0
0.58253
0.09203
0.56082
0.70068
0.93048
0.54241
0.45954
0.64486
0.73415
0.80842
0.38271
0.11398
0.33328
0.05187
0.41732
0.67129
0.23512
0
0.53195
0.18803
0
0.35127
0.83251
0
0
0.24068
0
0
0.64444
0.12368
0
0
0.10244
0
0
0.05159
0.62932
0
0
0
0
0
0
0.16574
0
0
0.23663
0
0.6148
0
0.06776
0
0.22255
0.30281
0
0.6991
0
0
0.17103
0
0.2026
0.21634
0.07317
0
0
0.06941
0.64736
0.33765
0
0
0.70819
0
0
0.02434
0
0.25643
0.08195
0.05602
0.83093
0
0
0.44965
0
0.08516
0
0.19761
0
0.05957
0.01778
0.06956
0
0
0
0
0.44794
0
0
0
0
0
0
0
0
0
0
0
0.53806
0
0.50639
0
0.6183
0
0
0
0
0.26311
0
0.05334
0
0.1961
0
0
0.07449
0
0
0.16345
0
0
0
0
0
0
0
0
0
0
0.34688
0
0
0
0
0.33054
0.26382
0
0.06267
0
0
0
0.63892
0
0
0.6926
0.10753
0.64666
0
0
0
0
0.34946
0
0
0
0.31729
0
0
0.03598
0.04928
0
0
0
0
0
0
0
0
0.26031
0.52087
0
0
0
0
0
0
0.12253
0
0
0
0
0.25323
0.21982
0
0
0.05388
0
0
0
0.12658
0
0.18997
0
0.06355
0
0
0
0.27743
0
0
0
0
0
0
0
0
0
0
0.05391
0
0
0
0
0
0
0
0.16123
0
0
0
0
0
0.35996
0.74457
0
0
0
0
0
0
0
0
0
0
0
0
0.34381
0
0.60281
0
0.74869
0
0
0.11909
0
0
0
0
0.31913
0
0.1295
0
0.64509
0
0
0
0
0
0
0
0.48079
0
0
0
0
0.06459
0
0.21752
0
0
0
0
0
0
0
0.26303
0
0
0.32823
0
0
0.25458
0
0
0
0
0
0
0
0
0
0.12274
0
0
0.13418
0
0
0
0
0.6151
0
0.06104
0
0
0
0
0.17396
0
0.04949
0.24154
0
0
0
0.08086
0
0
0
0
0
0.31778
0
0
0
0
0
0.5338
0.23313
0
0
0
0.33647
0.1713
0.15254
0
0
0
0
0.44612
0
0
0.73756
0
0
0
0.59686
0
0.26217
0
0
0
0
0.20456
0.44922
0
0
0.5429
0
0
0
0
0
0.15689
0
0
0
0.33608
0
0.04902
0
0.09972
0
0
0.58814
0.05134
0
0.18634
0
0
0
0.17083
0
0
0.0496
0
0
0
0.28983
0
0
0
0.71331
0
0
0
0
0
0.1022
0
0
0.05078
0.52969
0.21669
0.04985
0
0
0
0
0.5408
0
0.05742
0
0
0
0
0.18058
0
0.57312
0.27765
0.19456
0
0
0
0
0
0.2575
0
0
0
0.12787
0.49379
0
0
0.07985
0
0.07794
0
0
0.07841
0
0.30065
0
0.08112
0
0
0.06907
0
0
0
0
0
0
0
0
0
0
0
0.40249
0
0
0
0
0
0.55027
0
0
0.12298
0.08059
0.7229
0
0.06084
0.55022
0
0
0
0
0.49794
0
0
0
0
0
0.06182
0.39919
0
0
0
0
0.58012
0
0
0
0.33737
0
0
0
0
0
0
0
0
0
0
0
0
0.31729
0.56143
0.12272
0
0.30157
0.12626
0.54226
0
0
0
0.05068
0
0
0
0
0.55305
0.46945
0.02633
0
0
0
0
0.24245
0
0.12149
0.05252
0
0
0
0
0
0.04376
0
0.26323
0
0.29668
0
0
0
0.14708
0
0.16651
0
0.05319
0
0
0
0.11679
0
0.25939
0
0
0.43182
0
0
0.07992
0.28384
0
0
0
0
0
0
0
0
0.28459
0
0.23199
0
0
0.11404
0
0
0.85042
0
0
0
0
0
0
0
0
0
0
0
0
0
0.50675
0.48743
0
0
0.57947
0
0.59798
0
0
0
0.49171
0
0
0.05366
0
0.02537
0.06473
0
0.2012
0.14199
0
0
0.25228
0.2994
0
0
0.35375
0
0
0
0
0
0
0
0.38474
0.24819
0
0
0
0
0.21617
0
0.34816
0.24025
0
0.03737
0.05255
0
0
0
0
0.22725
0
0.49684
0
0
0.4446
0.10142
0.05168
0
0
0
0
0
0
0.57472
0
0
0
0
0
0
0
0
0
0
0.05187
0
0
0
0.17047
0
0
0
0
0
0
0
0
0
0.63033
0
0
0
0.30921
0
0
0
0
0
0.36836
0
0
0.197
0
0
0
0.10814
0
0
0
0.20554
0.26918
0
0
0
0
0
0
0.4807
0.0526
0
0
0
0.16914
0
0
0
0
0.05003
0
0
0.46431
0.47654
0
0
0.08201
0.48353
0
0
0
0
0.12312
0
0
0
0
0
0
0
0
0
0
0.0621
0.42919
0
0
0
0
0
0.3991
0.35434
0
0.29921
0
0
0.23664
0.30325
0
0
0
0
0
0
0
0
0
0
0
0.52765
0.22836
0
0
0.70962
0
0.05916
0
0
0
0
0.30242
0
0.07533
0
0.10983
0
0
0
0.11527
0
0.06005
0
0
0.27803
0
0
0.44702
0
0
0.01998
0.1216
0
0
0
0
0.34551
0
0
0
0
0
0.46831
0.57538
0
0.2253
0
0.278
0.35898
0.34544
0.64766
0
0
0
0
0
0.10523
0
0
0
0
0
0.06155
0
0
0
0
0
0
0
0.16158
0
0
0
0
0.08042
0
0
0
0.09947
0
0
0
0.43696
0
0
0
0.1021
0
0.05328
0
0.05011
0
0.59368
0
0
0.79763
0.31759
0.46485
0
0.61881
0
0.23453
0
0
0.09483
0
0
0
0
0
0.07704
0
0
0
0
0
0
0
0.0771
0
0.57718
0.2773
0.44688
0
0
0.1186
0
0
0
0
0
0
0
0
0
0.06909
0
0.27329
0
0.12303
0.02636
0
0
0
0
0
0.51541
0
0
0
0
0
0
0.1102
0
0
0
0
0
0
0
0.54087
0.05259
0.07648
0.29146
0.12393
0.07822
0
0
0
0
0.13885
0.30763
0
0.26429
0.05897
0
0
0.27635
0
0
0
0.07322
0
0
0
0
0
0
0.06112
0.29293
0
0.06017
0.05379
0
0
0
0.28311
0.17466
0
0
0
0
0
0
0
0
0.05374
0
0.46384
0
0.05317
0
0.52618
0.48078
0
0.57503
0.28275
0
0
0
0
0
0.08558
0.05095
0.05367
0
0
0
0
0.16602
0
0
0
0
0
0.09321
0.02543
0
0.05969
0
0
0
0
0
0
0.02058
0.55949
0.15381
0
0
0
0
0
0.05037
0.15323
0
0
0
0
0
0
0
0.08051
0
0
0.83903
0.30937
0.38354
0
0.27377
0
0
0
0
0
0
0
0
0
0
0
0.22045
0
0.2191
0
0
0
0
0.14653
0
0
0
0
0
0.35778
0.62788
0.20862
0
0
0.29794
0
0.0514
0
0
0
0
0
0
0.05983
0
0
0.27579
0
0
0
0.17306
0
0
0
0.07671
0
0
0.17999
0
0
0
0
0
0
0
0
0
0.83411
0
0.36268
0.23589
0.34843
0
0
0
0
0
0
0
0.60743
0
0
0
0.68265
0
0
0
0
0
0
0
0
0
0.12745
0
0
0
0
0.17127
0
0
0
0.14427
0
0.05343
0
0.30465
0.3084
0
0
0.07508
0.14995
0
0
0
0
0.08185
0
0.07323
0
0.66566
0.62661
0
0.54843
0
0
0.46587
0
0
0
0.43839
0
0
0.16755
0
0.23797
0.17219
0.05274
0.07986
0.79185
0
0
0
0
0
0
0
0.06916
0.36998
0
0
0
0
0.05345
0
0
0.09926
0
0
0
0
0
0
0
0
0
0
0
0.16952
0.64457
0
0.12648
0
0
0
0
0
0.12168
0
0
0.50938
0.17946
0
0.48303
0.23043
0.0434
0.74192
0.63702
0
0
0.05053
0
0
0
0
0
0
0
0
0
0
0
0.5902
0
0.21664
0.3867
0
0
0
0
0.51024
0
0
0.04881
0
0
0
0
0
0
0
0
0
0
0.05215
0
0
0
0
0
0.08887
0
0.3296
0.07668
0
0
0.23331
0
0
0
0
0.10157
0
0
0
0
0.21558
0
0
0.43891
0
0
0
0
0
0
0
0.07532
0.12204
0
0
0
0.14153
0
0
0.27197
0
0
0
0
0.05135
0
0.05289
0
0
0
0
0
0
0
0.07963
0.23336
0.42077
0
0
0
0
0
0
0
0.51758
0.09598
0
0
0
0
0.07924
0.36849
0
0
0.05919
0
0
0
0
0.04919
0.3944
0
0
0
0.44519
0
0
0
0
0
0
0
0
0
0.11752
0
0
0
0.23807
0
0
0
0
0
0.54153
0
0.04625
0.08005
0
0
0
0
0
0
0.05073
0.49672
0
0
0.0831
0
0
0
0
0.27604
0
0
0
0
0
0.05151
0.20535
0
0
0
0.36819
0
0
0
0
0
0
0
0
0.12315
0
0
0.2184
0
0.47957
0
0
0.0527
0
0
0
0
0
0
0
0
0
0.05076
0.28837
0
0.12334
0
0
0
0
0
0
0
0.0716
0
0.30183
0
0
0
0
0
0
0
0.61221
0.4882
0
0.36502
0.22882
0.28972
0
0
0.30419
0
0
0.6789
0.64844
0
0.07006
0
0
0
0
0
0.05227
0
0
0
0
0
0
0.06295
0.16696
0
0
0
0.26403
0
0
0.43112
0
0
0.57425
0.0493
0
0
0
0
0
0
0
0.27364
0.02383
0.08012
0
0
0.26738
0.55341
0.06217
0
0
0.73412
0
0.12229
0
0
0.5099
0
0.01788
0.14966
0
0
0
0
0
0
0
0
0.25418
0
0
0
0
0
0
0
0.28324
0.17233
0.34576
0
0
0.12224
0
0
0
0
0
0
0
0
0
0
0
0
0
0
0.04988
0
0.8234
0
0
0.70703
0
0
0.57566
0.1531
0
0.19639
0.02411
0
0
0.20454
0.05769
0
0
0
0.07808
0
0
0
0
0
0.4048
0
0
0.57699
0.4176
0
0.23844
0.21962
0
0.44933
0
0
0
0
0
0
0.0626
0
0
0.08012
0
0
0
0
0
0.52767
0
0.08841
0
0
0.33461
0
0
0.1147
0.73559
0
0
0
0.15103
0
0
0
0
0.31387
0
0
0
0
0
0
0.57316
0
0
0
0.07002
0
0.5445
0
0
0
0
0
0
0
0.06945
0.36533
0.29145
0.05326
0
0.57979
0
0
0
0.26608
0
0.17214
0
0.68705
0
0
0
0
0
0
0.25181
0.34537
0
0.334
0
0.2635
0
0.21701
0
0
0
0.16725
0
0
0.08017
0
0.04323
0
0
0.2598
0
0
0.12707
0
0
0
0
0.75957
0
0.45609
0
0
0
0.10321
0.20831
0
0
0
0
0.33147
0
0.36664
0
0
0
0
0
0
0
0
0.0176
0.09849
0
0.72845
0
0
0
0
0.71816
0
0.28717
0
0
0
0.44999
0.6295
0
0
0
0
0
0
0
0.25381
0.07987
0
0.3018
0.47232
0.54924
0
0.76968
0
0
0
0.32348
0
0.65867
0
0.38805
0
0.2873
0
0
0.56848
0
0
0
0.31
0
0.47651
0.03443
0.14081
0
0.67991
0.43054
0
0.05075
0
0
0
0.34383
0
0
0.20446
0
0.37992
0
0
0
0
0.08069
0
0.30385
0
0.53623
0
0
0.53911
0
0.57431
0
0.2067
0.6311
0.17228
0
0.67891
0
0
0.07024
0.0489
0
0.17232
0
0
0
0
0.05267
0
0.75977
0
0
0.37204
0.31642
0
0.43119
0
0
0
0
0
0
0
0
0
0
0.49745
0.85167
0.05925
0
0.43633
0
0.32307
0.44575
0
0
0
0
0
0
0.04892
0
0.24238
0
0
0
0
0.08049
0.23603
0
0
0.12288
0.57572
0.02104
0
0
0
0
0.44488
0
0
0.23708
0
0.04908
0
0
0.35619
0
0
0.20191
0
0
0.59591
0
0.61373
0.63661
0
0
0.04871
0
0
0
0
0.12224
0
0
0
0.17978
0.12797
0.01729
0
0
0
0
0.67973
0
0
0.17776
0
0.28724
0.25497
0.09373
0
0
0
0.45755
0.4562
0
0
0
0
0
0
0
0.24696
0
0
0.28685
0.47142
0
0
0.32783
0
0
0.71418
0
0
0
0.43215
0.34833
0.62225
0
0
0
0
0
0.22857
0.0813
0.2105
0
0.12621
0
0.82626
0.2327
0.42174
0
0.28283
0.08987
0.29675
0
0
0
0
0
0
0.06888
0
0.04957
0.76984
0
0
0
0.07918
0.31637
0
0.80724
0.07838
0
0
0
0
0.35228
0
0
0
0.28085
0
0
0
0
0
0.53462
0.24236
0.2378
0
0.52201
0.62721
0
0
0.69291
0.14435
0
0
0
0
0
0.44126
0
0.34172
0
0.2142
0
0
0
0
0.08022
0
0.52507
0
0
0
0
0
0
0
0
0.0807
0.62943
0.20455
0
0
0
0
0
0
0
0
0
0.31805
0.14174
0.60052
0
0
0
0
0
0
0
0.17998
0
0.25114
0
0
0.01845
0
0
0
0
0
0.57702
0
0.75656
0.05211
0.34749
0
0
0
0
0.01701
0
0
0
0
0.24037
0.07982
0.07936
0
0
0
0.20237
0.70726
0
0
0
0.05926
0
0.23495
0
0
0
0
0
0
0
0.38658
0
0.16245
0.28264
0
0
0
0
0.08617
0
0
0
0.16588
0
0
0
0.0992
0.07952
0
0
0.3111
0
0.08318
0
0.39568
0
0.01778
0.36106
0
0.83622
0.81053
0.43176
0
0
0
0
0.06314
0.15448
0.12269
0.60576
0
0.28277
0
0
0
0
0
0
0
0
0
0
0
0.31931
0.05194
0
0.36209
0
0
0.02637
0
0
0
0
0
0.77452
0
0
0
0
0
0.16516
0
0
0.12644
0.25639
0.27447
0.06803
0
0.64496
0.23284
0
0
0.35935
0.66168
0.31521
0
0
0
0.31214
0
0
0
0
0
0
0.31996
0
0
0
0
0
0
0
0.31088
0.38259
0.35576
0.20686
0.09443
0
0
0.42005
0
0
0
0
0
0
0
0.27881
0
0
0
0
0
0
0
0
0.10871
0.57347
0
0
0
0.05072
0
0
0.0516
0
0
0
0
0.86149
0
0
0
0
0
0
0.12279
0.03792
0.42843
0
0
0
0
0
0
0
0.38255
0
0
0
0.97252
0
0
0
0
0
0
0
0
0.52703
0
0
0.34454
0
0
0.32269
0
0
0
0
0
0
0
0
0
0.059
0
0
0.10807
0.14726
0
0
0
0
0
0.07955
0.17842
0
0
0
0
0.32511
0
0.47486
0
0
0.10252
0.45362
0.21439
0.09979
0.14216
0.0497
0
0
0
0
0.14447
0
0.07986
0
0.11835
0
0
0
0
0
0
0.13155
0.17207
0.05272
0
0
0.45107
0
0
0.51257
0.14532
0
0
0
0
0
0.07972
0.12415
0.15671
0.12496
0.04903
0.53366
0
0.0595
0.05241
0.23437
0
0
0.53631
0
0
0
0
0
0
0
0
0.85504
0
0
0
0
0
0
0
0
0.54715
0.24715
0.77142
0.12237
0
0
0
0
0
0.25375
0
0
0
0.6226
0
0
0
0.06031
0.05949
0
0
0
0
0
0
0
0.58096
0.17985
0
0.67308
0
0
0
0
0
0.17591
0
0.29303
0.83433
0
0
0.02632
0.0595
0
0
0
0
0
0
0.05899
0
0
0
0
0
0
0
0
0
0
0
0
0
0
0
0
0.27376
0
0.09996
0
0.1427
0
0.22816
0
0.06416
0
0.64553
0
0
0
0.01705
0
0
0
0
0
0.05045
0.14272
0
0
0.67978
0
0
0
0.22188
0
0.32513
0
0.23583
0.67279
0.42675
0.05064
0.61143
0.70104
0.43523
0
0
0
0
0
0.57899
0
0
0.19659
0
0.12136
0
0.28119
0
0
0.14299
0.05897
0
0
0
0
0
0
0.43856
0
0
0
0
0
0.75831
0.1668
0
0
0
0
0.03249
0
0.05737
0
0.16891
0
0
0
0
0
0
0.46338
0
0
0.0798
0
0.3115
0
0.05969
0
0
0
0
0.53557
0.07942
0.01833
0
0
0
0
0.10563
0
0.67491
0.05356
0.57911
0.21422
0.92215
0.01675
0
0.30896
0
0
0.10537
0
0
0
0.72402
0.02535
0
0
0
0
0
0.83578
0
0.46324
0
0
0
0.34853
0.49725
0.46811
0
0
0
0
0
0
0.31277
0.53243
0
0
0
0
0
0
0.2441
0
0
0.49337
0
0
0
0.15872
0.16425
0
0
0
0.33959
0
0.31362
0
0
0.31481
0
0.05163
0.39116
0.20725
0
0
0
0.70437
0
0.23056
0
0
0
0
0
0
0
0.97272
0
0
0
0
0
0.34746
0
0
0
0
0
0
0.57835
0
0
0
0
0
0.31285
0
0
0
0.65904
0.07925
0
0
0
0.53486
0
0
0.74486
0.79738
0
0
0
0
0
0
0
0
0.05927
0
0.04973
0.17493
0.02469
0
0
0
0.79669
0
0.1498
0
0.65138
0
0
0
0.08116
0.31811
0
0.05363
0.3962
0.02112
0
0
0.1983
0
0.66568
0
0.1264
0.56689
0
0
0
0.08155
0
0.09874
0.57514
0.12584
0
0
0
0.65313
0.06486
0.04954
0
0
0.15183
0.07747
0
0
0
0
0.05248
0.05052
0
0
0
0
0
0.49544
0.17989
0
0
0
0.54583
0
0
0
0
0
0
0.63708
0.22455
0
0
0.27419
0
0.3009
0.97168
0
0
0.43226
0
0
0
0
0
0.48069
0
0
0.58014
0
0
0
0.45258
0
0
0
0
0.34882
0.29497
0.4566
0.05282
0.19544
0
0.35925
0
0
0.09456
0
0
0.06071
0.51355
0.18696
0
0.24688
0.16637
0
0
0
0.05276
0.428
0.04885
0.19335
0.15796
0
0
0.71783
0
0.36038
0
0
0.26299
0
0
0.14903
0
0.14491
0.08153
0.5296
0.59934
0.36139
0.28241
0
0
0.18671
0
0
0
0.09453
0
0
0.0499
0.38122
0.73234
0
0
0
0
0.73614
0
0
0
0.12144
0.33178
0
0.59361
0.15317
0
0
0
0
0
0
0
0.03392
0
0.7447
0
0
0
0
0
0.28423
0.17138
0
0.42527
0
0
0.15385
0.45998
0
0.247
0
0
0
0.27169
0
0
0
0
0
0.49007
0
0
0.32029
0
0
0
0
0
0
0.14075
0.40918
0
0.05279
0
0.37517
0
0.35091
0.46638
0.19681
0.38638
0
0
0.786
0
0.3317
0
0
0.06505
0
0
0.0794
0.7411
0
0
0
0.55256
0
0
0
0
0
0.19732
0
0
0.45093
0
0.16549
0
0
0
0
0
0
0
0
0
0.30946
0
0.08095
0
0.71774
0.97151
0
0
0
0
0
0
0
0
0
0.0645
0.24409
0
0
0
0
0.61581
0.10155
0.59135
0.07457
0.03589
0
0
0
0
0.28789
0.21209
0
0
0.93195
0
0
0.53801
0
0.43699
0.36471
0.52565
0.15284
0
0.03543
0
0.31887
0.18714
0
0
0.39528
0
0
0
0.05291
0
0
0
0
0
0
0.30846
0
0.08235
0
0
0.34509
0
0
0
0
0
0
0.32528
0.23785
0.30373
0.31133
0
0
0.23786
0
0.10197
0
0.41003
0
0
0
0
0
0.49509
0.49484
0.28411
0
0
0
0
0
0.3766
0
0
0.07369
0.2623
0
0
0
0
0
0.84568
0
0
0.07743
0
0.26889
0.2347
0.38107
0
0.12206
0
0
0
0.26129
0.16356
0
0.60749
0
0
0
0.69111
0.25128
0
0
0.31212
0.02633
0
0
0
0.08336
0
0
0.26456
0
0.22073
0
0
0.0733
0
0
0.42315
0
0.56643
0
0
0
0.10471
0.03358
0.41901
0
0
0
0
0
0.34771
0
0
0
0
0
0
0
0
0.05282
0.15285
0.02001
0
0
0.05493
0
0
0
0.17596
0.35992
0.21655
0.05254
0.08068
0.28436
0.2159
0
0
0.25887
0.05324
0
0
0
0
0.0146
0
0.38176
0
0
0
0
0.1813
0.26754
0.45185
0
0
0
0
0.26344
0
0
0
0
0
0
0.11499
0.48129
0
0.2968
0.07955
0.85116
0.16518
0
0
0.01698
0.18622
0
0
0.03431
0
0.3465
0.02076
0
0
0
0.34764
0
0
0.45504
0.52302
0
0
0
0
0.19708
0
0
0.07536
0
0
0
0
0
0
0
0
0
0
0
0.12357
0.44328
0.45051
0
0
0.10174
0
0
0.54764
0
0
0.52665
0.36403
0
0.22887
0
0
0
0
0
0
0
0
0
0
0
0
0
0
0.4189
0
0
0
0.26136
0
0
0
0
0
0.17061
0.06282
0
0
0.39322
0.15298
0
0.48961
0.36511
0
0
0
0
0
0.05331
0.08213
0
0
0
0.55327
0.21661
0
0
0.80812
0
0.09872
0.05076
0.97284
0
0
0
0
0
0.41449
0
0.07781
0.22139
0.59942
0
0.57177
0
0.33904
0.55167
0.2553
0
0.0597
0.64769
0
0
0
0
0
0
0
0.50309
0
0
0.05891
0
0
0
0
0
0.15615
0
0
0
0.45558
0
0
0.15146
0
0.79061
0
0
0
0
0.64615
0
0
0
0.37786
0
0.4069
0.05582
0.23571
0
0.17097
0
0.83159
0
0
0.11713
0.23737
0
0.04804
0
0
0
0.27761
0.31745
0
0.25449
0.31547
0.19181
0
0.3569
0
0
0.25609
0
0
0
0
0
0
0
0
0.10466
0
0
0
0
0
0.58045
0
0
0
0
0
0
0
0
0
0
0
0
0.27028
0.54183
0
0
0.54975
0
0.33154
0.04279
0
0
0
0.10169
0
0.41189
0
0
0.35416
0
0.31258
0
0.77128
0.16846
0
0
0
0
0
0
0
0.22127
0.09186
0
0.24753
0
0
0
0.25908
0
0.19581
0.07907
0.01719
0.05133
0
0
0
0
0
0
0
0.26451
0.52368
0
0
0
0
0
0
0.71565
0.62036
0.73577
0
0.64482
0
0
0
0
0
0
0.28777
0.53388
0
0
0.46392
0
0.05097
0.37136
0
0.54814
0
0
0
0
0
0
0
0.17071
0.49844
0
0
0
0.11347
0.47967
0
0
0
0
0.53611
0
0.68606
0
0
0.22792
0.31302
0
0
0
0
0.36288
0.29334
0.10193
0
0.54242
0.48825
0
0
0
0.31947
0
0.32898
0
0
0
0
0
0.74473
0
0.20245
0
0
0
0.16554
0
0
0.07303
0.05306
0
0
0
0.10219
0
0
0
0
0.2376
0
0
0.07355
0.262
0
0.27856
0
0.10979
0
0
0.11646
0
0
0
0.27742
0
0
0.57489
0.14234
0
0.25225
0
0.5338
0
0.31348
0.12189
0
0
0
0
0
0.52215
0
0.91646
0
0.13744
0
0
0
0
0.10579
0
0
0
0
0.10237
0.14279
0.54126
0
0
0
0
0
0.07403
0
0
0
0.53121
0
0
0.23493
0.293
0
0
0
0
0
0.16852
0
0
0
0
0
0
0
0
0.18424
0
0
0
0
0.08018
0
0
0
0
0
0
0
0.04906
0
0
0
0.07737
0.29326
0.18634
0
0
0
0.12425
0
0
0.21654
0
0.40494
0.16812
0
0
0.51837
0
0
0
0
0
0.31057
0
0
0.09953
0
0
0.64932
0
0
0
0
0
0
0.45647
0.19182
0
0.22611
0.54083
0.49574
0.20285
0
0
0.68589
0.28229
0
0.26961
0
0
0
0.22829
0
0
0
0
0.25582
0
0
0
0
0.24386
0
0
0.08182
0
0
0.2381
0.02631
0
0
0.31168
0
0
0
0
0
0.20339
0
0
0
0
0
0
0.36017
0.64598
0
0
0.17679
0.30975
0.25504
0.55752
0
0
0
0.07731
0
0
0.54104
0
0.09253
0
0.62584
0
0
0.14957
0
0
0
0.80063
0
0.77913
0
0.43804
0
0
0.45527
0
0.64684
0
0
0.30848
0
0
0
0.6312
0.55358
0
0
0
0.23586
0
0
0.21443
0
0
0.62825
0
0
0
0
0
0
0
0
0
0
0
0
0.40005
0
0
0.36426
0
0
0
0.75427
0
0.56369
0.31717
0.08191
0
0.04959
0.7459
0.08184
0.22695
0
0.30895
0
0.12078
0
0
0
0
0
0.3606
0
0
0
0
0
0
0.629
0
0
0
0
0.55049
0
0
0.34581
0
0
0.50848
0
0
0.91715
0
0.60001
0
0.25479
0
0
0.43558
0
0.60103
0
0.6286
0.53662
0.27469
0.71905
0.15866
0.42382
0.07716
0
0
0.44164
0.33479
0
0
0.10282
0
0
0.32165
0
0
0
0
0
0
0
0.72794
0
0
0.18855
0.56997
0
0
0
0
0
0.40349
0
0.35552
0
0.06265
0.28049
0.85069
0.21938
0
0
0
0.30116
0
0.30597
0.44772
0.0653
0
0
0.28826
0
0.04994
0
0
0
0
0
0
0
0
0
0
0
0
0.05932
0.08777
0
0.21945
0
0
0
0
0
0.65523
0
0
0
0.1268
0.68043
0
0
0.31557
0.30873
0
0.22809
0.51322
0
0
0.84445
0.82509
0
0.74091
0
0.61034
0
0
0
0
0.54722
0
0
0.46502
0.11396
0
0.38507
0.46644
0
0
0
0.36168
0.36752
0.3082
0.19608
0
0.64997
0.06323
0
0
0
0
0.08509
0
0
0
0
0.09934
0.02097
0.18411
0
0.33172
0
0.41925
0
0.3293
0
0.09813
0
0
0
0
0
0
0.43895
0
0
0
0
0.06139
0.37675
0
0
0.30994
0.45712
0.43129
0.69557
0.36528
0.27322
0
0.37678
0
0
0
0.14915
0.53636
0.17915
0.54155
0
0
0
0
0
0.57938
0.26736
0
0.1079
0
0.49322
0.50619
0
0
0.37286
0.60745
0.80669
0
0.31229
0
0
0
0
0
0
0
0.47201
0
0.3367
0
0.29274
0
0
0.57719
0.973
0
0
0.22123
0
0
0.55635
0
0
0
0.64765
0
0
0
0
0
0
0.60256
0
0
0
0
0.30065
0.04986
0
0
0
0.17877
0
0.1829
0
0.58584
0.05176
0
0.05074
0.57278
0
0
0.57733
0
0
0
0
0.0779
0
0
0
0
0.90728
0
0
0
0
0.05047
0
0.20554
0.07172
0.41834
0
0.22814
0.1961
0.39281
0
0
0
0
0
0.2672
0.21662
0.06261
0.45085
0.29264
0.16591
0
0.08209
0
0
0
0.07596
0
0
0.0653
0
0.21741
0
0
0
0.22436
0.35078
0.02001
0.17098
0
0.7489
0
0
0
0
0
0.36053
0
0.22866
0
0
0
0.07801
0.83458
0
0
0
0
0
0.55001
0.10193
0.05207
0
0
0
0
0
0.37992
0
0
0
0
0
0
0
0
0
0
0
0.07845
0
0.38258
0.25059
0
0
0
0
0.11668
0
0
0.12393
0.01618
0.31122
0.07509
0.08541
0
0.27872
0
0.70057
0
0.69552
0
0.68595
0
0.15104
0.42421
0
0.21217
0
0.44989
0.30371
0.36386
0.12108
0
0
0.53226
0
0
0.22382
0
0.3126
0
0
0.35741
0
0
0
0
0
0
0
0
0
0
0
0
0
0
0
0.05256
0.3331
0
0
0
0
0
0
0
0
0
0
0
0
0.59258
0
0
0
0
0
0
0
0
0
0.22697
0.05084
0
0
0.30275
0
0
0
0.23032
0.05322
0
0.28229
0.19842
0.05197
0
0
0.05361
0.45658
0
0.31046
0
0.19753
0
0
0
0
0.05353
0
0
0
0
0
0.4375
0
0
0.25825
0.30875
0.20437
0
0.86966
0
0
0
0
0
0
0.28304
0.74178
0
0.29733
0
0.1603
0.17911
0
0
0
0
0
0
0.46307
0
0
0
0
0
0
0
0.05021
0
0
0
0.21649
0.36441
0.31915
0.39737
0
0
0.23699
0
0
0
0.3884
0
0
0
0
0
0.46829
0
0
0
0
0
0.07033
0.48775
0.34773
0.10763
0.32724
0
0.26903
0.43097
0
0
0.52672
0
0.67928
0.26325
0
0.08837
0
0.44938
0.4467
0.30162
0
0
0.36841
0.27184
0
0.24499
0.31257
0.09951
0.18059
0.30355
0
0
0
0
0
0.39334
0
0
0.05266
0
0
0
0
0
0.05355
0
0
0.22612
0.26348
0
0
0.04951
0
0
0
0
0
0
0
0
0.30878
0.32991
0.84043
0
0
0
0
0
0.37655
0.05044
0
0.33553
0
0
0.29661
0
0
0
0
0
0
0
0.01748
0.23807
0
0
0
0
0.04921
0.14098
0.30573
0
0
0
0
0
0
0
0
0
0.33036
0
0
0
0
0
0
0
0
0.62096
0
0
0
0
0
0
0
0.29892
0
0
0
0
0
0
0
0
0.78595
0
0.47494
0.03733
0
0
0
0
0
0
0.5241
0
0
0
0
0
0.65025
0
0.05971
0.01654
0.31578
0
0.06459
0.2918
0
0
0
0.07995
0
0
0
0
0.13275
0
0
0.38641
0
0.12758
0
0
0
0
0
0.29024
0
0
0.12768
0
0
0
0.11554
0.43838
0
0.12659
0.14113
0
0.01685
0
0.05052
0
0.10493
0.2656
0
0
0
0.71159
0.44688
0
0
0.29153
0.30255
0.04976
0.36595
0
0
0
0
0
0
0
0.60232
0
0
0.40369
0.48322
0
0
0
0
0
0
0
0
0
0
0
0.21177
0.17884
0.24383
0.04146
0
0.62673
0
0
0
0.3973
0
0
0
0
0.54025
0
0
0
0.01784
0
0
0
0
0
0.27312
0.41513
0
0
0
0
0
0
0
0
0
0
0.34012
0
0
0.64674
0
0
0
0
0
0
0
0
0
0.23662
0
0.0242
0
0.04974
0
0
0.38266
0
0
0
0
0.04943
0
0
0
0
0
0
0.05203
0
0.7147
0.62823
0
0
0
0
0.17956
0
0.65035
0
0
0
0
0.06938
0
0.51355
0
0
0
0
0
0
0
0
0
0
0
0
0
0
0
0
0
0.18046
0
0.62977
0
0
0.30328
0.06235
0
0.57714
0
0
0.36872
0
0.05273
0.55011
0
0
0.04888
0
0
0.24707
0
0.20686
0.08526
0
0.33215
0
0
0
0
0
0.24477
0
0
0
0
0
0.05591
0.05007
0.45638
0
0
0
0
0.64483
0.05284
0.55548
0.05932
0
0.26081
0
0
0
0
0
0
0
0
0
0
0
0
0
0
0
0
0
0
0.36504
0
0.21231
0.2662
0.2796
0
0
0.04973
0
0.14466
0
0
0
0.23382
0
0.04952
0.42937
0.569
0.0218
0
0
0
0
0.23312
0
0
0
0
0
0
0
0
0
0
0
0
0
0.14763
0
0
0
0
0
0.80722
0.25331
0
0
0
0
0
0.59732
0
0.08029
0
0
0.55431
0
0.42355
0
0
0.34832
0
0
0.131
0
0
0
0
0.59374
0
0
0
0.14475
0.33923
0.05398
0
0
0
0
0
0
0
0
0
0.06916
0.23652
0
0.04941
0
0
0
0.64864
0
0
0
0
0
0
0
0.70497
0
0.0739
0
0
0
0
0
0
0
0
0
0
0.74001
0.74365
0
0.60327
0
0.54721
0.4496
0
0
0
0
0.07058
0
0
0
0
0
0
0
0.04277
0
0
0.19465
0
0
0
0
0
0
0
0
0
0.08011
0
0
0
0
0
0
0.32946
0.41347
0.0678
0.01765
0
0.54139
0
0.05887
0
0.14097
0.3777
0
0.17717
0
0
0.49068
0
0
0
0.05081
0.07414
0
0.05113
0
0
0
0.5423
0.28334
0
0.84669
0
0
0
0
0
0.2293
0
0.62035
0.35256
0.40515
0.20283
0
0
0.05379
0.53557
0
0
0
0
0
0
0
0
0
0
0
0
0.44106
0.34708
0
0
0.64475
0.34622
0
0
0
0
0
0
0.18549
0
0
0.31808
0
0.06319
0
0
0
0
0
0
0
0
0.75806
0.5136
0.66682
0
0.05128
0
0
0
0.15402
0.25266
0
0
0.22545
0.42913
0.05985
0
0.33859
0
0
0
0
0
0
0
0
0
0
0
0
0
0
0.07021
0.55253
0
0
0
0
0
0
0
0
0.06472
0.0634
0
0
0
0
0.4878
0.58564
0
0.26429
0
0.26181
0
0
0
0.11945
0
0
0.5325
0.05711
0
0
0
0
0
0
0
0.33048
0
0.28346
0
0
0
0
0
0.54049
0
0.43155
0.129
0
0
0
0
0
0
0
0.10447
0
0
0.56785
0
0
0
0
0
0
0
0
0
0
0
0
0
0
0
0.01752
0
0
0
0
0
0
0
0.78473
0
0
0
0
0
0
0
0
0
0.07978
0.28519
0
0
0
0
0.37011
0
0
0.08092
0
0
0.77307
0.07674
0
0
0
0
0
0
0.06816
0
0.03256
0
0.33149
0
0
0
0.3852
0
0
0.12752
0.07788
0
0
0
0.58547
0
0
0
0.20373
0
0
0
0
0
0
0
0
0
0
0.12262
0
0
0.26704
0
0
