0
0.066
0
0
0.16409
0.07806
0
0.0782
0.16255
0
0
0
0
0.03898
0
0
0.07798
0
0
0
0.0807
0
0
0
0.28791
0.07954
0.07962
0.28636
0
0.07979
0.07909
0.28861
0.28665
0
0.2845
0
0.22842
0.2862
0.28627
0
0
0
0
0
0
0.02856
0
0.02673
0.28842
0.19798
0
0.25626
0
0.05783
0.28622
0
0.25689
0
0
0.0864
0.08936
0
0.086
0
0.08895
0
0
0.08533
0.15325
0
0
0.0887
0.08955
0.07844
0
0.07888
0.07996
0.08933
0.08832
0
0.16358
0
0.16248
0
0
0
0.07959
0.28657
0.08004
0.08584
0.22771
0.0289
0
0.02885
0
0
0.08616
0.07882
0
0
0
0
0
0.25785
0.07879
0.10703
0
0
0
0
0
0
0
0
0.17944
0.28763
0
0
0
0
0
0
0
0
0
0
0
0
0
0
0.08593
0
0
0
0
0
0
0
0.13863
0
0.07847
0
0
0
0
0.0905
0.07834
0.16378
0.05769
0.07938
0
0
0
0.0291
0
0.22056
0
0
0.02655
0
0.07811
0
0
0
0
0
0
0
0.28706
0
0
0
0
0
0
0.29455
0
0
0
0
0
0.07797
0
0.07818
0
0
0
0
0
0
0
0
0
0
0
0
0
0
0
0
0
0
0.07894
0
0.07805
0
0
0.08858
0.08038
0
0.07831
0
0.08611
0.05307
0.07944
0
0
0.07935
0
0.02845
0.07879
0
0.07879
0
0.0791
0.11467
0.053
0.07818
0.0907
0
0
0.2938
0
0
0
0.29308
0
0.02923
0.05599
0
0
0
0
0
0.07836
0
0
0
0.07857
0.07881
0
0.11532
0
0
0.17142
0
0
0
0
0
0.07925
0.07823
0
0
0
0
0
0
0
0.08774
0.17158
0
0
0
0.10161
0
0.08043
0.08055
0.02703
0.08072
0.02704
0
0
0.02688
0
0.22252
0
0
0
0
0
0.17024
0.08666
0
0
0
0.08759
0
0.1711
0
0
0
0
0
0.16954
0
0
0
0.32673
0.07946
0
0.0537
0.08088
0.08056
0
0
0
0.079
0.17027
0.16956
0
0
0
0.07815
0.16975
0.08003
0.17024
0
0
0.05833
0.16911
0
0.05824
0.16894
0.16996
0
0.08642
0
0
0
0
0
0
0
0
0
0.08791
0
0.05948
0
0
0
0
0
0
0
0
0.14471
0
0
0
0
0
0
0
0
0
0.16941
0
0
0.11547
0.16959
0
0
0.21069
0
0
0
0
0
0
0
0
0
0
0
0
0
0
0
0
0
0
0
0
0
0
0
0
0
0
0
0
0.17071
0
0
0
0
0
0
0
0
0
0
0
0
0
0
0
0
0.17028
0
0
0
0
0
0
0
0
0
0
0.06144
0
0
0.16839
0.16943
0.08821
0.12003
0.16766
0
0.06146
0.16804
0
0
0
0
0
0
0
0.16896
0.16906
0
0.17023
0.16897
0
0.17182
0.17111
0.1704
0.16914
0.16907
0
0.16987
0.02915
0
0.16849
0
0
0.17032
0.02923
0.17064
0.17178
0
0
0.17236
0.11289
0
0
0.05608
0
0
0
0
0
0
0
0.17268
0
0
0
0
0.17129
0
0.02819
0.05641
0
0.09332
0.09316
0
0
0
0
0
0
0.14176
0
0
0
0
0
0
0
0
0.17126
0
0
0
0
0
0
0
0
0
0
0
0
0.08496
0
0
0
0
0
0
0
0
0.14416
0
0
0
0
0
0
0
0.05625
0
0
0
0.11315
0
0
0
0
0
0
0
0
0
0
0
0.16957
0
0
0
0
0.08718
0
0
0
0
0
0.17093
0
0
0
0
0
0
0
0
0
0
0
0
0
0
0
0.0864
0
0
0
0.05952
0
0
0
0
0
0
0
0
0
0
0
0.16901
0
0
0
0
0
0
0
0
0.28132
0
0.19936
0
0.28571
0.28008
0
0.28721
0.28871
0.28174
0.28207
0.17854
0.02649
0.11523
0
0.11331
0.11912
0.16536
0
0.16298
0.0849
0.19903
0.19776
0.32754
0
0.08531
0.28687
0.0785
0.20014
0.19859
0.02913
0.02667
0.28693
0.28761
0.10702
0.22583
0.28107
0.113
0.1239
0.07746
0.28516
0
0.13946
0
0.28107
0.16417
0.28077
0.19885
0.10842
0.07982
0
0.19811
0.28318
0.28325
0
0
0
0
0
0
0
0
0.28687
0
0.11201
0
0
0
0
0.11516
0
0.05737
0.13239
0.2277
0.22845
0
0
0
0
0
0
0
0
0
0
0
0
0
0
0
0
0
0
0.16603
0.24431
0.11578
0.05371
0
0.116
0
0.28086
0
0
0
0.28175
0.11333
0.11386
0.11485
0
0.0756
0
0.19768
0.28099
0.06548
0
0
0.19764
0.28302
0.19763
0.28391
0.16432
0.28317
0.2835
0.28153
0.28078
0
0
0
0
0
0
0
0
0.2814
0
0.11283
0
0
0
0
0
0
0
0.22897
0.28143
0.11363
0
0
0
0
0
0
0
0
0
0
0.28848
0
0
0
0.02852
0
0
0.11072
0
0
0
0
0.28523
0.28863
0
0
0
0
0.29324
0
0
0
0
0.28874
0.08658
0.15281
0
0
0
0
0
0
0.07882
0.02903
0
0
0.43488
0.1529
0.05804
0.08526
0
0
0.07904
0.28711
0
0
0
0.0857
0
0.28628
0
0.28691
0
0.3926
0.16131
0
0
0
0.06389
0
0.05292
0.32764
0
0
0
0
0
0
0.28071
0
0
0
0
0
0
0
0
0.08727
0
0
0.06059
0
0
0
0
0
0
0
0
0
0.11301
0
0
0
0
0
0
0.08915
0
0.08793
0
0
0
0
0
0
0
0
0
0
0
0
0
0
0
0
0
0
0
0
0
0
0
0
0
0
0
0
0
0
0
0
0
0
0
0
0
0
0
0
0
0
0
0
0
0
0.05849
0.02669
0
0
0
0
0
0
0
0
0
0
0
0
0
0
0
0
0
0
0
0
0
0
0
0
0.03866
0
0
0
0.08993
0
0
0
0
0
0
0
0
0.02972
0
0
0
0
0
0
0
0.30303
0
0.08823
0.08814
0.08825
0.07971
0.02907
0.07997
0.02904
0
0
0
0
0.09006
0.09024
0.08037
0
0.09017
0.09083
0.08006
0.08928
0.08998
0
0.02984
0
0
0
0
0
0
0
0
0
0
0
0
0.08955
0
0
0
0
0
0
0
0
0
0
0
0
0
0
0
0
0
0
0
0
0
0.28793
0
0
0
0
0.11269
0.11166
0
0
0
0.16406
0
0.11288
0.11154
0.11383
0.11289
0.10857
0.28132
0.11357
0
0
0
0.11248
0
0.11219
0
0.1133
0.28078
0
0
0
0.28152
0
0
0
0.28216
0.28189
0
0.10589
0.03758
0.25324
0
0.1083
0.28036
0.28051
0
0.2807
0
0
0
0.09034
0.17667
0
0
0.0911
0
0
0
0
0
0
0.14192
0.10923
0.08935
0
0.43025
0.21321
0
0
0.11351
0.11324
0
0.10696
0
0.10762
0
0
0.25351
0.3934
0
0
0
0.43004
0
0.10737
0.42897
0.21589
0.36592
0
0.42878
0.10556
0
0.10585
0.09101
0
0
0.08743
0
0.08766
0
0.05819
0.09163
0.09188
0
0.03059
0
0.06127
0.0928
0
0
0
0
0
0.20437
0
0
0
0.03537
0
0
0.03575
0
0
0
0
0
0.32811
0
0.25462
0
0
0.03091
0
0
0
0
0.08992
0
0.10633
0
0
0.22139
0.09103
0.09113
0
0.20804
0.20933
0.09106
0.16749
0
0.38114
0
0.09188
0.03069
0
0
0
0.091
0
0
0.09096
0
0
0
0.08892
0.25263
0
0
0.09164
0
0.13203
0.09156
0.29281
0
0.05884
0
0
0.09157
0
0
0
0
0
0
0.08977
0.20328
0
0.1074
0.3871
0
0.35002
0.10832
0
0.28034
0.4737
0.10954
0
0.43331
0.43391
0
0
0
0.07273
0
0
0
0
0
0
0
0.16788
0.21019
0
0.03315
0
0
0
0.54385
0.17209
0
0
0
0
0
0
0
0
0
0
0
0
0
0.05242
0
0.28738
0.19994
0.12029
0.28781
0
0.28816
0
0.28875
0
0.17004
0.07902
0.02628
0
0
0
0
0
0
0
0
0
0.02941
0
0
0
0
0
0
0
0.28883
0
0.08625
0.08634
0.15426
0
0
0
0
0
0
0
0
0
0
0
0
0
0
0
0
0
0
0
0.03507
0
0
0
0
0
0
0
0.12109
0
0
0
0
0
0
0.02924
0
0.39205
0
0
0
0
0
0
0
0
0
0
0
0
0
0
0
0
0
0
0
0
0
0
0
0.03073
0.05833
0
0
0
0
0
0
0
0.08756
0.08755
0.03575
0.29283
0.09038
0
0.08825
0.08811
0.05827
0
0.08845
0
0
0.02912
0
0.08952
0.03071
0
0
0
0
0
0
0
0.1898
0.29504
0.29426
0.35574
0.2972
0
0
0
0.16921
0.39364
0
0
0.12121
0.3912
0.39378
0.39534
0.39315
0
0.39367
0.39246
0
0.39153
0.09244
0
0.39226
0
0.39175
0
0
0
0
0
0
0
0
0
0
0.08947
0.37955
0.31582
0
0
0.02989
0
0
0
0
0.29503
0
0
0.12291
0
0
0
0
0
0
0
0
0
0
0
0
0
0
0
0
0
0
0
0
0
0
0
0
0
0
0
0.08821
0
0
0.05927
0.08881
0
0
0
0
0
0
0
0
0.09618
0.31732
0
0
0.31698
0
0.09624
0
0.34065
0.05935
0
0.0644
0
0
0
0
0
0
0
0
0
0
0
0
0
0
0
0
0
0
0
0
0
0
0
0
0
0
0.29314
0
0
0
0.359
0
0
0
0
0
0.39435
0.39461
0.06758
0.03386
0
0
0.39512
0.1995
0.06295
0
0
0
0
0
0
0
0.03146
0
0
0.09397
0
0.09478
0
0.09393
0.06177
0
0
0.09404
0.03216
0.08739
0
0
0
0
0
0
0
0
0
0.37867
0
0
0
0
0
0.08842
0
0
0.37505
0
0
0
0
0
0
0
0
0
0
0
0
0
0
0
0
0.08922
0.25895
0.08836
0.08797
0.08949
0
0.0899
0.06164
0
0
0
0
0
0
0.29319
0.3946
0
0
0.39469
0
0.18808
0.3206
0.21686
0.136
0.39466
0.3949
0
0.39543
0.39256
0.20447
0.39413
0
0
0
0
0
0.13504
0.37681
0.39143
0.16908
0
0.25989
0.39605
0.13558
0.03083
0
0
0
0
0
0
0
0
0.15271
0.0883
0
0.14331
0
0
0
0
0
0
0
0
0
0
0
0
0
0
0.3773
0.38048
0
0
0
0
0.2332
0
0
0
0
0
0.22099
0
0
0
0
0
0
0
0
0.29382
0
0
0.06665
0
0
0
0
0.06567
0.35013
0.25612
0.06424
0
0
0.34903
0.37782
0.30982
0.28708
0.37267
0
0.0341
0
0.08889
0
0
0
0.02974
0.37347
0
0
0
0
0
0
0
0
0
0
0
0.30286
0.39582
0.33414
0.30294
0.3954
0.3953
0.3941
0.39271
0.39148
0.3337
0
0.03165
0.39442
0
0
0.37172
0
0.09525
0
0.16584
0.29023
0
0
0
0
0
0.09573
0.39381
0
0
0
0
0.22657
0
0.3955
0
0
0.28833
0.09918
0.29096
0.32019
0
0
0
0
0
0
0
0
0
0
0
0
0
0.03412
0
0.22162
0
0.21994
0
0
0
0
0
0
0
0.1054
0.09543
0
0
0
0
0
0.29701
0
0
0
0
0.39285
0
0
0.38046
0
0
0
0
0
0.09557
0
0
0
0.08658
0
0.20758
0.2077
0.05836
0.08586
0
0
0
0
0
0
0
0
0
0
0
0
0
0.12146
0
0
0.12143
0
0
0
0
0
0
0
0
0
0
0
0
0
0
0
0
0
0.08077
0
0
0
0
0
0.09469
0
0
0
0
0
0
0
0.18342
0.21475
0
0
0
0
0
0
0
0
0
0.08731
0
0.20878
0
0
0
0
0
0
0
0
0
0
0
0
0
0
0
0
0
0
0
0
0
0
0
0
0
0.12424
0.12415
0
0
0
0
0
0
0
0
0
0.12286
0.12403
0
0.08637
0
0
0.12782
0.08085
0
0
0
0
0.12662
0
0
0.05769
0.08622
0.08635
0.16617
0
0
0
0
0
0
0
0
0
0.15356
0
0
0
0.12301
0.12271
0
0.08719
0.12199
0
0.12168
0.12306
0.08077
0.12271
0
0
0
0.20882
0.20863
0
0
0
0.17911
0.08543
0.08556
0.20799
0.20866
0.20745
0.20761
0.12173
0
0
0.21652
0
0
0
0.0876
0.08639
0
0
0
0
0
0
0
0
0
0
0
0
0
0.20944
0
0
0
0
0
0
0
0
0
0
0
0
0
0
0
0.06169
0
0
0
0
0
0
0.12316
0.08673
0
0
0
0.08609
0.0878
0
0
0
0
0.08808
0
0.20928
0
0
0
0
0
0
0
0
0
0
0
0
0
0
0
0
0
0
0
0
0
0.18165
0
0
0
0
0.21311
0
0.12429
0.08719
0.08072
0.20724
0.12534
0.16891
0
0.16643
0.12487
0.12192
0.08586
0.20858
0.20873
0.2089
0
0
0
0
0
0
0.17971
0
0
0
0
0.12168
0.12191
0
0.12232
0
0
0.04035
0
0.04045
0.21252
0.21308
0
0
0
0.04038
0
0
0
0
0.21564
0
0.21601
0
0.21182
0.12187
0
0
0
0
0
0.21644
0
0
0.08084
0
0.12153
0.21483
0.1217
0
0.21485
0.21654
0.21282
0
0.13433
0.21338
0
0.12187
0.15172
0.21533
0.08688
0.12497
0
0
0.08626
0
0
0.2081
0
0
0
0
0
0.12259
0
0
0.12201
0.12311
0
0.152
0.08545
0.08511
0.20792
0.20949
0.08709
0.12396
0.15022
0.08551
0
0
0.21634
0.21615
0.2153
0.15332
0
0
0
0.2092
0.21364
0.12128
0.02827
0
0
0.0856
0
0
0
0
0
0.08506
0
0
0
0
0
0
0.05694
0.08493
0
0.02875
0
0
0
0
0
0
0.08662
0
0
0
0
0.08564
0
0
0
0
0
0
0
0
0
0
0
0
0.15209
0
0
0
0
0
0
0
0
0
0
0
0
0
0
0
0
0
0
0
0
0
0
0
0
0
0
0
0
0
0
0
0
0
0
0.08367
0
0
0
0
0
0
0.08353
0
0
0
0
0.08365
0
0
0
0
0.0834
0
0
0
0
0.12592
0
0.08664
0
0.12345
0
0
0
0.08297
0
0.04047
0
0
0
0
0
0.04035
0
0
0
0
0
0
0
0
0
0.12216
0.08785
0.0854
0
0
0
0
0.08614
0.08549
0.08592
0
0
0.05854
0.20794
0
0
0.02942
0.21379
0
0
0
0.12391
0
0
0
0
0
0.08521
0.08457
0
0.1246
0
0
0
0
0
0
0
0
0
0
0
0.08564
0
0
0
0
0
0
0
0
0.08736
0
0
0.08555
0
0
0
0
0
0
0
0
0.08414
0
0
0
0
0.08666
0
0
0.08707
0
0
0
0
0
0.0571
0.08444
0.05704
0
0
0
0.08706
0.08509
0
0
0
0
0
0
0
0
0
0.08631
0
0.08718
0
0
0.08645
0
0
0.08787
0
0
0
0
0
0
0
0
0
0
0
0
0
0
0
0.08392
0
0
0.08357
0
0
0
0
0
0
0
0
0
0
0
0
0
0
0
0
0
0
0
0
0
0
0
0
0
0
0
0
0
0
0
0.02843
0
0
0
0.08468
0
0
0.08514
0.08484
0.08475
0
0
0
0.08345
0.08405
0
0
0
0
0
0
0
0
0
0
0
0
0.08546
0.0844
0.08318
0
0
0
0.02834
0
0
0.08412
0.08378
0
0
0.08732
0.08402
0
0
0
0
0.0559
0
0
0
0.12553
0.08385
0
0
0
0
0
0
0
0.08329
0
0
0
0.05537
0
0
0
0.10737
0
0.05637
0
0
0
0
0
0
0
0
0
0
0
0
0
0
0
0
0
0
0
0
0
0
0
0
0
0
0
0.08546
0
0
0.02838
0.08438
0.07073
0
0.02808
0
0
0
0.05631
0.08502
0.08488
0
0
0.21574
0
0
0
0
0
0.08081
0.12141
0
0.18331
0
0.21727
0.04033
0
0
0
0.21532
0
0
0
0
0
0
0.21543
0.21448
0
0
0.21412
0
0
0
0
0.08077
0
0
0.21516
0.12239
0.09422
0.21584
0
0
0.12222
0
0
0.0872
0.18211
0
0
0
0
0
0
0.03137
0
0
0
0.03091
0
0
0
0
0
0
0.21674
0
0
0
0
0
0
0.10726
0.10787
0
0
0
0
0
0
0
0
0
0
0
0.21394
0
0
0
0.1746
0
0
0
0
0
0
0
0
0
0
0
0.21587
0
0
0
0
0
0
0
0.21554
0
0.2154
0
0
0.21522
0
0
0
0
0
0
0
0
0
0
0
0
0
0
0
0
0
0
0
0
0
0
0
0
0
0
0
0.38976
0
0
0
0
0
0
0
0
0
0
0
0
0.20383
0
0
0
0
0
0
0
0
0
0
0
0
0
0
0
0
0
0
0
0
0
0
0
0
0
0
0
0
0
0.1255
0
0
0
0
0
0
0
0
0
0
0
0
0
0
0
0.13104
0
0
0
0
0
0.10819
0
0.1062
0
0.21486
0
0
0
0
0.03689
0
0
0
0
0
0
0
0
0
0
0.08551
0
0
0
0
0
0
0
0
0
0
0
0
0
0
0
0
0
0
0.08589
0.08563
0
0
0
0
0
0
0
0
0
0
0.11118
0.07412
0
0
0
0
0
0
0
0
0
0
0
0
0
0
0
0
0
0
0
0
0
0
0.08086
0
0.04039
0
0
0
0
0
0.04035
0
0
0
0
0
0
0
0
0.21521
0
0
0
0
0
0
0
0
0
0
0
0
0
0
0
0
0
0
0
0
0
0
0
0
0
0
0
0
0
0
0
0
0
0
0.0316
0
0
0
0
0
0
0
0
0
0
0
0
0
0.28634
0
0
0.2053
0
0.20418
0.10639
0.21272
0
0
0
0.03624
0.21612
0
0
0
0
0
0
0.42444
0
0.4108
0.41092
0.41098
0
0
0.10958
0
0
0.07021
0
0
0.20819
0
0
0
0.29161
0
0
0.42543
0.25374
0
0
0
0
0
0.13524
0
0
0
0
0
0
0
0
0.31324
0
0.0313
0.03729
0
0
0
0
0
0
0
0
0
0
0.43183
0.25314
0.21272
0.21681
0
0.42761
0
0
0
0.42753
0
0.43222
0.39796
0.43194
0.42927
0.43206
0
0
0
0
0
0
0
0
0.20854
0
0.42982
0.42917
0
0.42856
0.31289
0
0
0.10707
0
0
0
0
0
0
0
0
0
0
0.11043
0
0.43112
0
0
0
0.31861
0
0
0
0
0
0
0
0
0
0
0
0
0
0
0
0
0
0
0
0
0
0
0
0
0
0
0
0
0
0
0
0
0
0
0
0
0
0
0
0
0
0
0
0
0
0
0
0
0
0
0
0
0
0
0
0
0
0
0.03765
0
0
0
0
0
0
0
0
0
0
0
0
0
0
0
0
0
0
0
0
0
0
0
0
0
0.03769
0
0
0.03142
0.21574
0
0
0
0.21447
0.21329
0.2111
0.21551
0.21539
0.12288
0
0.21547
0
0
0.21519
0.2127
0.2118
0
0.18365
0
0
0
0.03103
0
0
0.21598
0
0.0935
0
0.21547
0.18144
0
0.21137
0
0
0.17316
0.21359
0.12252
0.12241
0
0
0.05793
0
0
0
0
0
0
0.27721
0
0
0
0
0
0
0
0
0
0
0
0.0367
0
0
0
0
0.08823
0
0.08808
0
0
0
0
0
0
0
0
0
0
0
0
0
0
0
0
0
0
0
0
0
0
0
0
0
0
0
0
0
0
0
0
0
0.03685
0
0
0
0.10807
0.10802
0
0
0
0.1062
0.10626
0.10638
0
0
0
0.10821
0.10791
0
0.10994
0
0.11169
0.1088
0
0
0
0
0
0
0
0
0
0
0
0.03514
0
0
0
0
0
0
0
0
0
0
0
0
0
0.24132
0.20447
0
0
0
0
0.10642
0.16687
0
0
0
0
0
0.13053
0
0
0
0
0
0.03671
0.11246
0.11186
0.10951
0
0
0
0
0.10907
0
0.10757
0
0.10944
0
0
0.11107
0
0
0
0
0
0
0.03515
0.11859
0
0
0
0
0
0
0
0
0
0
0
0
0
0
0
0
0
0
0
0
0.31454
0
0.31515
0.1072
0.10692
0
0
0
0.10586
0
0
0.03729
0
0.02978
0
0
0
0
0
0
0
0
0
0
0
0
0
0
0
0
0
0
0
0
0.11114
0
0
0
0.08975
0
0
0
0
0.05685
0
0
0.08439
0
0
0
0
0
0
0.08343
0
0
0
0
0
0.08497
0
0
0
0
0.08485
0
0
0
0
0
0
0
0
0
0
0
0
0
0
0
0
0.10896
0.03582
0
0
0
0.08445
0.08404
0.08339
0.08449
0
0
0
0
0.08474
0
0
0
0
0
0
0
0
0
0
0
0
0
0
0
0
0
0
0
0
0
0
0
0
0
0.10764
0
0.10638
0
0
0
0
0
0
0
0
0
0
0
0
0
0
0
0
0
0
0
0
0
0
0
0
0
0.11189
0
0.1079
0
0.10677
0.11152
0.10948
0
0
0
0
0
0.11056
0.1092
0.1087
0
0
0
0
0.08497
0
0.08439
0
0
0
0
0
0
0.10653
0
0
0
0
0.10718
0
0
0
0
0
0.11077
0
0.106
0
0
0
0
0.17958
0
0.05771
0
0
0
0
0
0
0
0.10918
0.17724
0
0
0
0.06311
0.17757
0.17733
0
0
0.05819
0.08722
0.15097
0
0
0.08677
0.17791
0.17766
0
0.17874
0.17868
0.17783
0.17762
0
0.17745
0.1787
0.10568
0
0.05846
0
0
0
0
0.10777
0.10759
0
0
0
0
0
0.10754
0
0.32422
0
0
0
0.10765
0
0
0
0
0
0
0
0
0
0
0
0
0
0
0
0.10931
0
0
0
0
0
0
0
0
0
0
0
0
0
0.11082
0.10829
0.10739
0.1061
0
0
0
0.10921
0
0
0
0.43348
0
0
0
0
0
0
0
0
0
0
0
0
0
0
0
0
0
0
0
0
0
0
0
0
0
0
0
0
0
0
0
0
0
0.08859
0
0
0
0
0
0
0
0
0
0
0
0
0
0
0
0
0
0.09683
0
0
0
0
0.10635
0
0.10662
0.10693
0
0.08844
0.10786
0
0
0
0.10612
0
0
0.14794
0
0.10968
0.10949
0
0
0
0.02949
0.1079
0
0.11785
0
0.17834
0
0
0
0
0.0355
0.07148
0.10715
0
0
0
0
0
0
0
0
0
0
0
0
0
0.17843
0
0
0.17859
0.17932
0
0
0.17871
0.17832
0.1776
0
0.17947
0
0.18013
0
0
0
0.18112
0
0
0
0
0
0
0
0
0
0
0
0
0
0
0
0
0
0
0
0
0
0
0
0.09682
0
0
0
0
0.18091
0
0
0.17825
0
0
0
0
0
0
0
0
0
0.17918
0.17944
0.09382
0
0
0
0
0
0.02991
0.09304
0
0
0
0
0
0.03073
0
0
0
0
0
0
0
0
0
0
0
0
0
0
0
0
0
0.18553
0
0.05151
0.18572
0.0534
0.18392
0
0.15169
0
0
0
0.18382
0
0
0.02667
0
0
0
0.16584
0
0
0
0
0.08065
0.08069
0
0
0
0
0.24349
0
0
0.10752
0.37241
0
0
0.37233
0
0.37296
0
0
0.31781
0
0.3765
0.37369
0
0.17133
0
0.17177
0.17037
0.17058
0.21575
0
0.3765
0
0.25055
0
0
0
0.14295
0
0
0
0
0
0
0
0
0
0
0
0
0
0
0
0
0
0
0
0
0
0
0
0
0
0
0
0
0
0
0
0
0
0
0
0
0
0
0
0
0
0
0.10485
0
0
0
0
0
0
0
0
0
0
0
0
0
0
0
0
0
0
0
0
0
0
0.08749
0.24757
0
0
0.17082
0
0.02929
0
0.31948
0.37804
0.37632
0
0
0
0
0
0.09445
0
0
0
0
0
0
0
0
0
0
0
0
0
0
0.0877
0
0
0.08848
0
0
0.37831
0
0
0
0
0.16949
0
0
0
0
0
0
0
0.16974
0.17155
0
0
0
0
0
0
0
0
0
0.09429
0
0
0
0
0
0
0
0
0.30838
0
0.10563
0
0.10477
0
0
0.09876
0
0.10606
0
0
0
0
0
0
0
0
0
0
0
0
0
0
0
0.10557
0
0
0.03635
0
0
0
0
0
0
0
0
0
0
0
0
0
0
0
0
0
0
0
0
0
0
0
0
0
0.18345
0.18415
0.18381
0
0
0
0
0
0
0.18663
0.18346
0
0.37725
0
0.033
0
0.10427
0
0
0
0
0
0
0
0
0
0
0
0
0
0.09763
0
0.37212
0
0
0
0
0
0
0
0
0.07955
0
0.07946
0
0
0.03212
0
0
0
0
0.37974
0.37778
0.10767
0.37495
0
0
0
0
0
0.4596
0.37417
0.24494
0.30773
0
0.03425
0
0
0.03425
0
0.2279
0.13127
0.37304
0.12021
0.06821
0
0
0.03406
0
0.10409
0
0
0
0.03603
0.22732
0
0.41499
0
0
0
0
0.0717
0
0
0
0
0
0.10565
0.10588
0
0
0
0
0.09827
0.10184
0
0
0.10506
0.30781
0
0
0.09623
0.10456
0.10793
0.10782
0.10814
0.10066
0
0
0.10632
0
0.16985
0
0.37857
0.03587
0
0
0
0
0
0
0
0
0
0
0
0
0
0
0
0
0
0
0
0.10266
0
0.09454
0.09445
0.09749
0.10366
0
0
0.4216
0
0.10555
0
0
0.48114
0.30766
0
0
0
0
0
0
0
0
0
0
0
0
0
0
0
0
0
0
0
0
0
0
0
0
0.10575
0
0.09886
0.09529
0.27616
0.09632
0
0.07068
0
0.10238
0.18514
0
0
0
0
0.19667
0
0
0
0.21064
0
0
0.10473
0
0
0
0.10281
0
0.10347
0.10306
0.10431
0
0.20018
0.16852
0.10542
0
0.19707
0
0
0
0
0.10226
0
0.14688
0.13673
0
0
0.09683
0.20302
0
0
0
0
0
0.10118
0.39409
0.03147
0
0.10433
0.03522
0.07047
0.09813
0.09647
0
0.09693
0.10569
0.10564
0
0
0
0.24505
0.09731
0
0
0.17134
0
0
0
0
0
0.17083
0
0.1054
0.34779
0
0.37376
0.37352
0.09735
0.37545
0
0
0.27602
0
0.10523
0.184
0
0
0
0
0
0
0
0
0
0
0
0
0
0
0
0
0
0
0.21153
0
0
0
0
0
0
0
0
0
0
0
0
0.05148
0.02573
0.18527
0
0
0.18663
0
0
0
0.22733
0
0
0
0
0
0.07889
0
0
0
0
0.18732
0.16067
0
0
0
0
0
0
0
0
0
0
0
0
0
0.18377
0.18507
0
0
0.1846
0
0
0.18342
0
0
0.1856
0.11491
0.18392
0
0
0.18574
0.18338
0
0
0
0
0
0
0.18357
0.05341
0
0
0
0
0
0
0
0
0
0
0
0
0
0
0
0
0
0
0
0
0
0
0
0
0
0
0
0
0
0.18613
0
0.18808
0
0
0.11393
0
0
0
0
0.18424
0
0
0
0
0
0
0.18448
0
0
0
0
0
0
0.18456
0
0
0
0
0
0.1861
0
0
0
0
0
0
0
0.18735
0
0
0.02612
0
0.05205
0
0
0
0.18528
0.22641
0
0
0
0.03467
0.18648
0
0
0.18471
0
0
0
0
0.05387
0.02693
0
0
0
0
0
0
0
0.08002
0
0.02586
0
0
0
0.18503
0
0
0
0
0
0
0
0
0
0
0
0
0
0
0.1084
0
0
0.24371
0
0
0
0.18374
0.08123
0.24322
0
0
0
0.19166
0.08135
0
0
0
0.1232
0.08113
0
0.05343
0
0
0
0
0
0.10739
0
0
0
0
0
0
0.18439
0.18442
0.05135
0
0
0
0
0
0
0.16258
0
0.16153
0.09812
0
0
0.08147
0.08139
0.02694
0.0808
0.03608
0
0
0
0
0.08088
0.10706
0.08082
0
0.08087
0.08087
0.08089
0.08039
0.08087
0.08087
0
0
0
0
0
0
0.3108
0
0
0.20171
0
0
0
0
0.31038
0
0
0
0
0
0
0
0
0
0
0
0
0
0
0
0
0
0
0
0.09876
0.20257
0
0
0
0
0
0
0
0
0.19905
0
0.06323
0
0
0
0
0
0
0
0
0
0
0
0
0
0
0.16046
0
0
0
0.16056
0.08103
0
0.24347
0
0
0
0
0
0
0
0.1324
0
0
0
0
0
0.1058
0.26088
0
0
0
0
0.09905
0
0.18795
0
0
0
0
0
0
0
0
0
0
0
0
0
0
0
0.10006
0.3159
0
0
0
0
0
0.19128
0
0.10951
0.08149
0
0
0
0
0
0
0
0
0
0
0
0
0
0.10163
0
0
0
0
0
0
0
0
0
0.17034
0
0
0
0.09226
0
0
0
0
0
0
0
0
0.16109
0.16149
0.16111
0
0
0
0
0.16112
0
0.16122
0
0.05417
0
0
0
0
0
0.21763
0.13756
0
0.21842
0.08277
0
0
0.16039
0.08112
0.244
0.18862
0.08073
0.0799
0
0.20365
0.05391
0.16104
0.02599
0
0.16206
0
0
0.02683
0.24413
0.08033
0.24397
0.24427
0
0.24399
0
0
0
0.08106
0.08094
0
0
0.0806
0
0
0
0
0
0
0
0
0
0
0
0
0
0
0.02669
0
0
0.08009
0.08043
0
0
0
0
0
0
0
0.20536
0
0
0
0.08028
0.08065
0
0.02685
0.0534
0
0.02674
0
0
0
0.08025
0
0
0
0.08092
0
0
0
0
0
0.24359
0
0.16073
0.24435
0
0
0
0.08082
0
0.08089
0.0812
0
0
0.16077
0.08068
0.0808
0.08076
0
0.08089
0
0.24457
0.18828
0
0.13408
0
0
0
0
0
0.13733
0.16325
0.05157
0
0
0
0
0
0
0.08057
0
0.08077
0.24407
0.05387
0.08062
0.16131
0.24383
0.08078
0.10713
0.15983
0.13221
0
0.10726
0.03424
0.02695
0
0.13403
0.03444
0
0.08325
0
0
0
0.08359
0.0838
0
0
0
0
0
0
0
0
0
0
0
0
0
0
0.08398
0.08401
0.02781
0.08313
0
0.08374
0.12556
0.08368
0.08355
0.08421
0
0.0852
0
0.0571
0
0
0
0
0
0
0
0
0
0
0.18416
0
0
0
0
0
0
0.13076
0
0.18729
0
0.18511
0
0
0.18594
0
0
0.15699
0.1305
0
0
0.18375
0
0
0
0
0
0.1064
0.18341
0
0
0
0
0
0
0
0.18451
0.1843
0
0
0
0
0.10571
0
0.18368
0
0.24434
0
0
0
0.02648
0
0
0
0
0
0
0
0
0
0
0
0
0
0.05664
0
0
0
0
0
0
0
0
0
0
0
0
0
0
0
0
0
0
0
0
0
0
0
0
0
0
0
0
0
0
0
0
0
0
0
0
0
0
0
0
0
0
0
0
0.02965
0
0
0
0
0
0
0
0
0
0
0
0
0
0
0
0
0
0
0
0
0
0
0
0
0
0
0
0
0
0
0
0
0
0
0
0
0
0
0
0
0
0
0
0
0
0
0
0
0
0
0
0
0
0
0
0
0
0
0
0.02839
0
0
0
0
0
0
0
0
0
0
0
0
0
0
0
0
0
0
0
0
0
0
0
0
0
0
0.09469
0.08505
0.08606
0.05747
0.08616
0.11693
0
0.02875
0
0
0
0.17756
0.0861
0
0.1777
0.17853
0
0.02866
0
0.17875
0
0
0
0
0.17815
0.17721
0.17902
0.1778
0
0
0
0
0
0.18027
0
0
0
0
0
0
0
0
0
0
0
0
0
0
0.10439
0.10522
0
0
0
0.10633
0
0
0
0.10608
0
0
0
0
0
0
0
0.10672
0
0
0
0
0
0
0
0
0
0
0
0
0.10679
0
0
0
0
0
0
0
0
0
0
0
0
0.18333
0
0
0
0
0.10472
0
0
0
0.10098
0
0
0
0
0
0
0.10519
0
0.18348
0
0
0
0
0
0
0
0
0
0
0
0
0
0
0
0
0
0.09982
0.09963
0
0.10232
0
0
0
0
0
0
0
0
0
0.10427
0.10424
0
0
0
0
0
0
0
0
0
0
0
0
0
0
0
0
0
0
0
0
0
0
0
0
0
0
0
0
0
0
0
0
0
0
0
0
0
0
0
0
0
0
0
0
0
0
0
0
0
0
0
0
0.06537
0
0.10279
0.10297
0.10291
0
0
0.18015
0.17893
0
0
0
0
0
0
0
0.18166
0
0
0
0
0
0.15235
0
0.09443
0
0
0
0
0
0.03167
0
0
0
0
0
0
0
0
0
0
0
0
0
0
0
0
0
0
0
0
0
0
0
0
0
0
0
0.06282
0.17842
0
0
0
0.09385
0
0
0.06007
0.09446
0
0
0
0
0
0
0
0
0
0
0
0
0
0
0
0
0.09132
0
0.09161
0.18037
0
0
0
0.08798
0.2478
0
0
0
0
0
0
0
0
0
0
0
0
0
0
0.05716
0
0
0.06346
0
0
0
0
0
0.09238
0
0
0
0
0.24258
0
0.02882
0
0
0
0
0
0.1915
0
0
0
0
0
0.12667
0
0
0.27714
0.27673
0.09685
0
0
0
0
0
0
0
0
0
0
0
0
0
0
0
0
0
0
0.10016
0
0
0
0
0
0
0
0
0.1796
0
0.12332
0.06505
0.17825
0
0
0
0
0
0
0.10354
0
0
0
0
0.10367
0
0
0
0.03183
0
0
0
0.09813
0.09764
0.27672
0
0.27672
0
0
0
0
0
0
0
0
0
0.12105
0
0.09563
0
0
0
0
0.17336
0
0
0
0
0
0
0
0.27723
0.27709
0
0.27758
0
0.09689
0
0
0
0
0
0
0
0
0
0
0.1231
0
0
0
0
0.27703
0.12299
0
0
0
0.27667
0.2767
0.03175
0
0.24996
0.15886
0
0.03261
0.06512
0
0
0
0.27917
0
0.06359
0
0.15218
0
0.09819
0
0
0
0.2786
0
0
0
0
0
0
0
0
0
0.21714
0
0
0
0
0
0.13744
0.1918
0
0
0
0
0.08177
0.08181
0
0
0
0
0
0.12333
0.21809
0
0
0
0
0
0
0
0
0
0
0
0
0
0
0
0
0
0
0
0
0.03253
0
0
0
0
0
0
0.08726
0
0
0
0.08727
0
0
0
0
0
0
0
0
0
0
0
0
0
0
0
0
0
0
0
0
0
0
0
0
0
0
0
0
0
0
0
0
0
0
0
0
0
0.10646
0
0
0.10718
0
0
0
0.10727
0
0
0
0
0
0.10336
0
0
0
0
0
0
0
0
0.10454
0
0
0
0
0
0
0
0
0
0
0
0.08757
0
0
0.05851
0
0
0
0
0
0
0
0.09918
0
0
0
0
0.10056
0.09895
0
0
0
0.0869
0.08648
0
0.10045
0
0
0
0.09816
0
0
0
0.08068
0.10731
0
0
0.10774
0
0.08075
0
0.03606
0
0
0.09737
0
0.08078
0
0
0
0.0808
0
0.18382
0
0
0
0
0
0
0.02835
0
0.0284
0
0
0
0
0.08544
0
0
0
0
0
0
0
0
0
0.08083
0
0
0
0
0
0
0
0
0
0
0
0
0
0.09839
0
0
0
0
0
0
0
0
0
0
0
0
0.16162
0
0.16195
0.08637
0
0
0
0
0.09795
0
0
0
0.10161
0.06845
0.08576
0.08612
0.10156
0.10065
0.10164
0
0
0.0868
0.08598
0.06916
0.03442
0.10212
0
0
0
0
0
0.102
0
0
0
0.08539
0.10073
0.08555
0
0
0.10166
0.03481
0
0
0.08647
0.03465
0
0.10091
0.10129
0
0.08747
0
0.10287
0
0
0
0.08761
0
0
0
0
0
0
0
0.08659
0
0
0.10119
0.10141
0
0.09965
0.09938
0
0.09856
0.05822
0
0
0.12725
0
0
0
0
0
0.18081
0.09794
0
0
0.10273
0.09908
0.27744
0.09982
0.0665
0
0
0.09895
0.0991
0
0.09832
0.0993
0
0.09611
0.09683
0.10203
0.10184
0
0.10055
0.1015
0.09944
0.08817
0
0
0
0
0.09947
0
0
0
0
0.03233
0
0
0.09938
0
0.05903
0
0.08081
0.08088
0.0808
0
0
0.16062
0.07817
0.08085
0.16027
0.16064
0
0
0.16085
0
0
0
0
0
0.08661
0
0
0
0.1612
0
0
0
0
0
0.08077
0.08082
0
0
0
0
0
0
0
0
0
0.08083
0.05184
0.02694
0
0
0
0
0
0
0
0
0.03613
0.0855
0
0
0
0
0
0
0
0
0
0
0
0.24357
0
0
0
0
0
0
0
0
0
0
0
0.03632
0
0
0
0
0
0
0
0
0
0.10778
0
0
0.10702
0
0.10693
0
0.10865
0
0
0
0
0
0.24426
0
0
0
0
0
0.02872
0
0
0
0
0
0.08606
0
0.06672
0
0
0
0
0
0.08673
0.08677
0.08668
0.08689
0
0.08512
0.05753
0.08637
0
0.02888
0
0
0.08521
0
0.10877
0
0.07267
0.10875
0.10885
0
0.08609
0
0
0
0
0
0
0.08638
0
0
0
0
0
0
0
0
0
0
0
0
0
0.10932
0.10852
0
0
0
0.19766
0
0
0
0.0362
0.43216
0
0
0
0
0
0
0.35919
0
0
0.08335
0
0
0
0.09131
0.16387
0
0
0.42593
0.06423
0.10209
0.42635
0.17987
0.24337
0.41241
0.17661
0.05594
0.24601
0
0.18162
0.13289
0.31205
0.0723
0.37933
0.20958
0
0.30977
0.23463
0
0.31454
0.27929
0.31263
0.56565
0.31157
0.08074
0.31152
0.31048
0.08024
0.23401
0.1513
0.43259
0.40668
0.40858
0.43681
0.40593
0.40742
0.40928
0.16288
0.42716
0.41224
0.34549
0.31418
0.13078
0
0.37994
0.31275
0.08062
0.06542
0.09857
0.23671
0.31368
0.16178
0.42861
0.16184
0.20058
0.42902
0.4282
0.45277
0.41108
0.34789
0.42666
0.42806
0.43542
0.43065
0.4402
0.46796
0.34093
0.33929
0.19586
0.63137
0
0.38718
0.08193
0.4081
0
0.37159
0.43071
0.4337
0.31529
0.4074
0.40808
0.35038
0.447
0.48712
0.52983
0.48829
0.48682
0.5236
0.34593
0.41142
0
0
0
0
0.11108
0.60651
0.48873
0.19658
0.34054
0.56152
0.44699
0
0.19584
0
0.06422
0
0.70718
0.7092
0.38525
0.4331
0.48541
0.34247
0.19915
0.60488
0.43277
0
0
0
0.31996
0.11672
0
0
0
0
0
0
0
0
0
0
0
0
0.34242
0
0.31216
0.09495
0
0.21087
0.31126
0
0.07687
0.4258
0.33707
0
0.4253
0.44021
0
0.09161
0.20968
0
0.09253
0
0.31238
0.45674
0
0
0
0.09172
0
0.47011
0.09087
0.23254
0.34641
0
0.16264
0.31137
0.05881
0
0
0
0.30582
0.31264
0.31088
0.31238
0
0
0.19559
0.3723
0.4304
0.19546
0.37513
0.3429
0
0.18665
0
0
0
0.30826
0.31437
0
0.11479
0.11489
0.0675
0.06751
0.08009
0
0.03393
0
0.03404
0.22337
0.39788
0.09242
0.13466
0.28067
0
0.31169
0.10231
0
0.39749
0
0
0.28962
0.32595
0
0
0
0.25902
0.15572
0.0619
0
0.25187
0
0
0
0
0
0
0
0
0
0
0
0
0
0
0
0
0
0
0
0
0
0
0
0
0
0
0.15098
0.1014
0
0.03375
0
0.33351
0
0
0.21106
0
0
0
0
0
0
0
0
0
0.29581
0
0
0.39553
0
0.14221
0.27231
0
0.2245
0.145
0.11602
0.11598
0
0.38509
0
0.30326
0
0
0
0
0
0
0
0
0
0
0.49666
0
0
0
0
0
0
0
0
0
0
0
0
0
0
0
0
0
0
0
0
0
0.43066
0.43058
0.40951
0.43363
0.35328
0.43383
0.43162
0
0
0.6219
0
0.62117
0.11499
0.20048
0
0.43715
0
0.62163
0.44961
0
0.30753
0.6993
0.31097
0
0
0.39679
0.5851
0
0
0.48236
0.49271
0.30581
0.37108
0.41103
0.22183
0
0.37239
0
0.22003
0.22135
0.40811
0
0.37168
0.62219
0.56643
0.30598
0.53814
0.33333
0
0.68535
0.40304
0.39003
0.20014
0.23616
0.3475
0.64489
0.67729
0.33898
0.55081
0.43288
0.33866
0.49638
0.43754
0.19938
0.58116
0.47819
0.27447
0.47691
0.58723
0.48708
0.42737
0.3911
0.45173
0.51041
0.45776
0.50845
0.50908
0.31014
0.33488
0.36548
0.37134
0
0.14353
0.45358
0.10258
0.50782
0.50831
0.50737
0.33547
0.46703
0.30039
0.31932
0.09028
0.69615
0.10039
0
0.39187
0.08277
0.08245
0.21187
0.14589
0.03327
0.0665
0.25084
0.4852
0.51392
0.10236
0.43418
0
0.54158
0.23999
0.23981
0.52725
0.42838
0
0.18592
0.33374
0.03394
0.18804
0.48156
0.1175
0.30316
0
0.11843
0.11729
0.11721
0.22355
0.11731
0
0.18578
0
0
0
0
0
0.10052
0.22063
0.33301
0.10244
0.21201
0.22063
0
0.32665
0
0.33332
0
0
0
0
0.3267
0.33565
0.36857
0
0.30108
0
0
0
0
0
0
0
0
0
0
0
0
0
0
0
0.35743
0
0
0
0
0.33303
0.09986
0.1039
0
0.22206
0.33469
0.30294
0.06946
0.10427
0.80546
0.39699
0.10171
0
0.1008
0.91077
0.51413
0.03174
0.33544
0.30924
0.55628
0.30929
0.22147
0.41122
0.38142
0.27109
0.22002
0.62119
0.29778
0.60473
0.36783
0.1124
0.3985
0.62184
0.56804
0.375
0.31158
0.36992
0.39197
0.43965
0.20585
0.22284
0.3911
0.31667
0.39459
0.29157
0.26427
0.22735
0.54057
0.31008
0.53961
0.31014
0.60031
0.39802
0.37123
0.39493
0.31635
0.63421
0.39744
0.20168
0.43374
0.30941
0.29159
0.26206
0.51086
0.26891
0.81191
0.33706
0.45027
0.31664
0.60143
0.60191
0.30113
0.54093
0.56942
0.37062
0.54078
0.40092
0.47908
0.0637
0.06162
0.40136
0.38479
0.09039
0.58325
0.19443
0.30968
0.30991
0.50925
0.66444
0.31004
0.20995
0.34517
0.34
0.38037
0.21013
0.38463
0.34106
0.23305
0.3573
0.27909
0.17884
0.20866
0.17088
0.20907
0.5348
0.51901
0.43048
0.43009
0.43014
0.52347
0.70987
0.56092
0.40017
0.14577
0.27491
0.58349
0.23509
0.75724
0.51403
0.88951
0.75094
0.58824
0.51479
0.53007
0.38291
0.34291
0.70408
0.4748
0.93448
0.31742
0.5692
0.30258
0.40814
0.49018
0.49155
0.17345
0.40052
0.72752
0.82317
0.91185
0.99764
0.71989
0.86263
0.40978
0.99663
0.31974
0.80213
0.33271
0.78854
0.72161
0.41883
0.56044
0.20996
0.83159
0.62297
0.78637
0.8073
0.79128
0.8741
0.32429
0.88632
0.82852
0.91122
0.43234
0
0
0.34573
0.42713
0.3135
0
0.31334
0.31134
0.31273
0
0.30837
0.27534
0
0
0.30536
0
0
0
0
0
0.12873
0.35339
0
0
0
0.78507
0.20711
0.78635
0.02683
0.17066
0
0
0
0
0.66917
0.41139
0
0.31027
0.20821
0
0
0
0.08348
0
0.30889
0.08292
0
0
0
0
0.78603
0.43168
0
0.78901
0.47101
0
0
0
0
0.08124
0.2151
0
0
0
0
0.42896
0
0.03533
0.42875
0
0.03684
0
0.07365
0.27785
0
0
0.05333
0.08115
0
0.74117
0.67734
0.25615
0.75188
0.34283
0.08212
0.0822
0.37248
0.54607
0.54582
0.3141
0.08255
0.69798
0
0
0.41018
0
0.08059
0.35078
0.41202
0.41952
0.47262
0.45584
0
0.78213
0.42649
0.30986
0
0.47724
0
0.2988
0.08186
0.90784
0.08265
0.78513
0.10996
0.08263
0.91719
0.13741
0.02776
0.61142
0.31006
0.89762
0.84005
0.42735
0.02766
0
0.81841
0.1119
0.76745
0.682
0.03656
0
0.85832
0
0.69576
0.8714
0.8369
0.8157
0.42337
0.13972
0.7224
0.74626
0.25522
0.40954
0.41009
0.42773
0.31504
0.78605
0.31007
0.41472
0.40951
0.40848
0.08147
0.74833
0.03636
0
0.17278
0.4727
0.75807
0.17343
0.78484
0.77922
0.14359
0.11162
0.44684
0.44819
0.69476
0.05483
0.8141
0.08134
0.82474
0.78076
0
0.42065
0.81884
0.5684
0.8227
0.81898
0.82727
0.82077
0.48329
0.63574
0.78649
0.61583
0
0.74531
0.78142
0.34275
0.4795
0.34011
0
0
0.0887
0
0.20914
0
0.08209
0
0
0.08214
0
0.27879
0.24594
0.40721
0
0
0.09448
0.09498
0.06246
0
0.10111
0
0.10126
0.10133
0.09277
0
0.08051
0
0
0.09513
0
0.08161
0
0
0
0
0
0
0
0
0
0
0.09657
0
0.09555
0
0
0
0
0.10024
0.09551
0
0
0
0
0
0
0
0
0
0
0.09451
0.09416
0
0
0
0
0
0
0
0.08249
0.09352
0
0.0953
0
0
0.40781
0
0.09295
0.0929
0.09306
0.09982
0.09601
0
0.09644
0
0
0
0.09591
0
0.06486
0.10321
0
0
0.06275
0.40613
0.10146
0
0
0.09296
0
0
0.09619
0.09366
0.09326
0.09381
0
0
0.09553
0
0
0
0
0
0
0
0
0
0
0
0
0
0
0
0.10062
0
0
0
0
0
0
0
0.0933
0
0
0
0
0.09427
0
0
0
0
0
0
0
0.09333
0.09322
0
0
0
0
0
0
0
0.03154
0
0.20145
0
0
0
0
0
0
0
0
0
0
0
0.09334
0
0.09365
0.09504
0.09693
0
0
0.09273
0.09488
0.09589
0
0
0
0
0
0
0
0
0
0
0
0
0
0
0
0
0.03387
0.10019
0
0.08358
0
0
0.09383
0
0.09391
0.12039
0
0
0.06161
0.09464
0.09402
0.09446
0.08344
0.16161
0.44535
0.09684
0.37264
0.41774
0.08366
0.09593
0.12245
0.09502
0.08354
0.15012
0.09574
0.06434
0.12235
0.09285
0.80633
0
0.55151
0.08372
0.11053
0.11077
0.11045
0.11063
0.3399
0.35999
0
0.41707
0.11091
0.07971
0.30721
0.07355
0.10961
0.29164
0.30098
0.40065
0.44559
0.11538
0.40149
0.7667
0.65847
0.42951
0.09097
0.4297
0.09175
0.09342
0.05557
0.11472
0.08476
0.08573
0.2912
0
0
0.08274
0.79441
0.30122
0.05723
0.30136
0.55582
0.36082
0.70564
0.47763
0.34293
0.57861
0.19722
0.3023
0.09406
0.88827
0.40509
0.08026
0
0.40771
0.40936
0
0.06406
0.10216
0.09324
0.23669
0.09281
0.08488
0.40968
0
0.09478
0.0936
0
0.33475
0.99844
0
0
0
0.40313
0
0
0
0.17463
0.41055
0.47327
0.41957
0.62049
0
0
0.30321
0
0
0.10101
0.47247
0.40909
0
0.40236
0.19753
0
0.09358
0
0
0
0
0
0.09352
0.0933
0
0.12236
0.27769
0
0
0.09687
0
0.03824
0.54938
0.08975
0
0.06457
0.19891
0
0.09467
0.0969
0.09702
0.19619
0
0.30186
0.09728
0
0.09719
0.08305
0
0
0
0.09386
0
0.17821
0.09957
0.83348
0
0.0383
0
0.09608
0.08357
0
0.09655
0
0
0.03208
0
0.06384
0
0.91023
0
0
0.15919
0
0.28929
0.87571
0
0.52996
0
0
0
0
0
0
0
0
0
0
0
0.39963
0.4153
0
0.08458
0.08527
0
0.10236
0
0.30239
0.44181
0.10157
0.73002
0.69312
0.69232
0.23854
0.22186
0
0.30145
0
0
0.36191
0.03217
0.19707
0.19703
0.47235
0.4777
0.63268
0.32579
0.17413
0
0.50772
0.16739
0
0.22133
0.14653
0.20567
0.20554
0
0.24183
0.11165
0.28538
0.26086
0.11864
0.17423
0.85076
0.34167
0.36855
0.09131
0.85974
0.77842
0.08273
0.34288
0.11845
0.33917
0.7763
0.47289
0.08269
0.26141
0.78899
0.3102
0.3105
0.39745
0.30945
0.28306
0.11367
0.31558
0.22091
0.31521
0.37878
0.33929
0.17341
0.87349
0.19064
0.87977
0.22576
0.2239
0.3146
0.34001
0.05318
0.78602
0.22572
0.27647
0.3148
0.33974
0.31495
0.34256
0.4666
0.24244
0.63983
0.20198
0.22526
0.435
0.4628
0.57729
0.66243
0.21592
0.70392
0.70202
0.59874
0
0.34706
0.67077
0.20582
0.542
0.21016
0.76902
0.23314
0.33327
0.14879
0.08381
0.38032
0.1726
0.19743
0.17448
0.69757
0.41024
0.30127
0.12098
0.77803
0.42719
0.28126
0.17388
0.20553
0.08257
0.67124
0.20603
0.39096
0.07984
0.08007
0.12941
0.31583
0.09142
0.24348
0.20598
0.29482
0.25651
0.22578
0.19499
0.16707
0.90181
0.11219
0.54763
0.30954
0.22192
0.62199
0.91254
0
0.91263
0.27385
0.14778
0.25283
0.15633
0.5303
0.23194
0.18805
0.07365
0.78883
0.08235
0.46824
0.39004
0.39009
0.31557
0.90339
0.14166
0.49341
0.91153
0.3801
0.78915
0.36113
0.3677
0.40857
0.78727
0.62431
0.78888
0.49132
0.58332
0.34279
0.29493
0.20775
0.50587
0.1702
0.19592
0.56958
0.38348
0.21127
0.20712
0.16785
0.44333
0.22031
0.31178
0.30432
0.43453
0.12927
0.08461
0.28996
0.49101
0.57219
0.17142
0.53332
0.28979
0.20905
0.72537
0.17782
0.54168
0.26188
0.47833
0.28991
0.55294
0
0.21241
0.70296
0
0.17263
0.21205
0.51542
0.264
0.23848
0.75944
0.28704
0.51983
0.2717
0.96816
0.26181
0.6389
0.0554
0.90013
0.30215
0.30318
0.68536
0.10962
0.02866
0.82802
0.08268
0.74198
0.72054
0.78092
0
0.56505
0.69305
0.89934
0.93561
0.25023
0.5961
0.38079
0.34486
0.28782
0.69295
0.34579
0.62385
0.89081
0.20697
0.62866
0.50458
0.33593
0.78737
0.27679
0.71764
0.51419
0.38434
0.78914
0.30246
0.69066
0.40283
0.86157
0.5147
0.89946
0.89999
0
0.26483
0.47863
0.19806
0.78296
0.41003
0.92243
0.41301
0.30206
0.40229
0.89838
0.42959
0.3956
0.58456
0.37915
0.14536
0.51675
0.78245
0.21104
0.22022
0.25133
0.70955
0.22018
0.26053
0.17788
0.09023
0.22106
0.91146
0.38923
0.79281
0.79044
0.83391
0.91251
0.12973
0.91215
0.34226
0.12843
0.40064
0.82564
0.28898
0.40446
0.29286
0.42612
0.19881
0.31329
0.20598
0.82878
0.82919
0.74251
0.8809
0.28043
0.2787
0.14794
0.2782
0.88239
0.7363
0.32181
0.14915
0.40956
0.40642
0.33412
0.41649
0
0.37658
0.37821
0
0.32065
0
0
0
0
0
0
0.06382
0
0
0
0
0
0
0
0
0
0
0
0
0
0
0
0
0
0
0
0
0.02859
0
0
0
0
0
0
0
0
0
0
0
0
0
0
0
0
0
0
0
0
0
0
0
0
0
0
0.10247
0.18563
0
0.1217
0
0
0
0
0
0
0
0
0
0
0
0
0
0
0
0
0.66751
0
0
0
0
0
0
0
0
0
0
0
0.4103
0
0
0
0
0
0
0
0
0
0
0
0
0
0
0
0
0
0
0
0
0
0
0
0
0
0
0
0
0
0.19912
0
0
0
0
0.09714
0.10443
0
0
0
0.0986
0.20951
0.10212
0
0.21076
0.03165
0
0.09822
0.0984
0
0
0
0
0.30837
0.10096
0
0
0.09834
0.09818
0.09582
0
0
0.0978
0.09528
0.09486
0.09502
0.06329
0
0
0.18048
0
0
0.18948
0.09857
0
0.37651
0
0
0
0
0
0
0
0.10128
0.20887
0.22951
0
0.03385
0
0.26126
0.20066
0.13246
0.19992
0.20038
0
0.15457
0
0.03105
0.36891
0
0.37624
0.20147
0.18366
0.18367
0.40055
0.4002
0
0.06844
0.51358
0
0
0
0
0
0
0
0
0.12347
0
0
0
0
0
0.09397
0
0
0
0
0
0
0
0
0
0
0
0
0.34807
0.1881
0.18804
0.21922
0.28457
0.23123
0.16492
0.25172
0
0
0
0.31304
0.31014
0.31061
0
0
0
0
0
0
0
0.19068
0
0.2483
0
0
0
0
0
0
0
0.03382
0
0
0.28236
0
0
0
0
0.35084
0.22274
0
0.20775
0.03107
0.0935
0.37327
0.46389
0.09671
0.2095
0.35822
0
0.42196
0.20808
0.20876
0
0
0
0
0.09387
0
0.08654
0
0
0
0
0
0.09718
0
0.3768
0.37596
0.03268
0.09117
0.12449
0.03023
0
0
0.20839
0.21128
0
0.2438
0.09542
0.1692
0
0
0.21119
0
0
0
0.21097
0
0.28189
0.08652
0.10339
0.10315
0.25131
0
0
0
0.07595
0
0
0.36983
0.11176
0.10147
0
0
0.10125
0
0
0
0
0.39898
0.21004
0
0
0
0
0.30664
0.32403
0.09491
0.32394
0
0.11264
0.1133
0.35508
0.3681
0
0.26196
0
0.32543
0
0
0.3679
0.11131
0
0
0.51399
0.51392
0.08672
0
0
0.19057
0.09894
0.32277
0.44832
0.07104
0.1074
0
0.08552
0.41565
0.08582
0.39787
0
0
0
0
0
0
0
0
0
0
0.02727
0.02728
0.05455
0
0
0
0
0
0.08438
0
0
0.14258
0
0
0
0.28246
0.28157
0.03147
0
0.31037
0.27627
0
0
0
0
0
0.10052
0
0
0.10095
0
0.10514
0
0
0.10029
0
0
0.10475
0
0.13725
0.31045
0.0686
0.13743
0.31591
0.1044
0.31429
0.09987
0
0
0.03923
0
0
0.08042
0
0
0
0
0
0.11133
0
0
0.14885
0.35225
0
0.20869
0.20934
0
0
0
0
0.20622
0
0.31026
0.1366
0.10184
0.20902
0.31128
0.31203
0.20926
0.31423
0.31558
0.2067
0.25387
0.1906
0.09973
0.31294
0.10238
0.16076
0.31504
0.10197
0.19071
0
0
0.21079
0.03986
0.20663
0.21548
0
0.02963
0
0
0
0
0
0
0
0.09252
0.09233
0.09872
0
0.20899
0.30881
0
0.10243
0.31472
0
0
0.31243
0
0.19029
0
0
0
0
0.16827
0.10144
0.31433
0
0
0.06607
0.21727
0.21116
0
0
0.03029
0
0
0
0
0
0
0
0
0
0.31506
0
0.21197
0.09151
0
0.31105
0.31058
0
0
0
0.30929
0
0
0
0.31147
0.20217
0
0.03403
0
0
0
0
0
0.09997
0
0.06598
0
0.18997
0
0.03139
0.09535
0.22053
0
0
0
0
0
0
0.20202
0
0.0944
0
0
0
0
0
0
0
0
0.18984
0.2087
0
0
0
0
0.08019
0
0
0.0989
0.17304
0
0
0
0
0.17261
0
0
0
0
0
0
0
0
0
0
0
0
0
0
0.08416
0
0
0
0
0
0
0.08078
0
0
0.09163
0
0
0.14623
0
0
0
0
0
0
0
0
0
0
0
0
0
0
0
0
0
0
0
0
0
0
0
0
0.05418
0
0
0
0
0.05585
0.09127
0
0
0
0
0
0
0
0
0
0
0
0
0
0
0
0
0.08011
0
0
0
0
0
0
0
0
0
0
0
0
0
0.21719
0.19026
0
0.02601
0
0
0
0
0
0
0.05447
0
0.1623
0.16253
0
0.0808
0.08075
0.1597
0.16043
0.08068
0
0.08082
0
0
0.16147
0.18843
0.08075
0
0
0
0.08571
0.08076
0.13401
0
0
0
0
0
0.16211
0.1084
0.16196
0.16191
0.08069
0.08083
0.08088
0
0.08084
0
0.08079
0
0
0.12223
0
0.08076
0
0
0
0
0.20418
0
0
0
0
0
0
0
0.20608
0.20714
0.27809
0.31129
0.28176
0.18964
0.20608
0.21017
0
0
0.09435
0.14263
0.09859
0.05365
0.20881
0
0
0.17557
0.14405
0.26869
0.22735
0
0
0.16691
0.21266
0.17488
0.22117
0
0.16019
0.20975
0
0.14397
0.0268
0.15694
0
0.15803
0
0
0.21586
0.17299
0
0.31151
0.2123
0.0815
0.17275
0.08157
0.18979
0.08684
0
0.08571
0
0
0
0
0.18361
0.20543
0.13207
0.27963
0
0
0
0
0
0.09596
0.18594
0.2833
0
0
0.34088
0
0.12518
0
0.39904
0.36847
0.09755
0
0.09443
0
0.30691
0.39908
0.3119
0
0.08566
0.08598
0
0.18105
0
0.0854
0.36788
0.2824
0.095
0.30588
0.08436
0.08695
0.10173
0.12348
0
0.03068
0.08543
0.36577
0.30643
0
0
0.30599
0.08709
0.08671
0.31497
0.24743
0
0
0.3489
0.34907
0.34965
0
0.35095
0.08494
0
0.08594
0.22334
0
0.19033
0
0
0.20535
0.08667
0.08749
0.08558
0.08721
0.08656
0.0861
0.08505
0.08568
0.08468
0.27309
0.08476
0.0807
0
0.08585
0
0.08464
0.09155
0.09089
0.48284
0
0
0.08632
0.08643
0.08743
0.24185
0
0.33012
0.11443
0.14773
0.08505
0.0855
0.17221
0
0
0.08472
0
0.17255
0
0
0
0
0
0
0
0
0
0
0
0
0
0.09267
0.08043
0.05333
0
0
0
0
0
0.08119
0
0.17321
0
0
0
0
0.08496
0
0.31234
0
0.08095
0.08438
0
0.08815
0.15089
0
0
0
0.08156
0
0
0
0
0.03169
0
0.09058
0
0
0
0
0
0.02676
0
0.17311
0.14317
0.08593
0
0
0.05623
0.26215
0.17486
0.08147
0.14231
0.17382
0.02819
0
0.09061
0
0
0
0.1755
0
0
0.09512
0.17429
0.08014
0
0
0.14908
0.08544
0.02688
0
0.17217
0
0
0.02691
0.09412
0.0942
0.31036
0.18041
0
0.03117
0.09217
0
0
0.18234
0
0
0.08484
0
0.08525
0
0
0
0.17358
0.17354
0.17361
0.18097
0.11055
0.1103
0
0.1244
0
0
0
0.08488
0.08467
0.0846
0
0.09179
0.17478
0.175
0.08368
0.36913
0
0.21521
0.17285
0
0.17471
0.1742
0
0.17216
0.0603
0.18188
0
0
0
0.1808
0.11378
0.09386
0.17199
0.0851
0
0.17243
0.11824
0
0.08607
0
0
0
0
0.11856
0
0
0.08434
0.06092
0.09319
0.09346
0
0.17238
0.15168
0.09171
0.30206
0
0
0
0
0
0
0
0
0
0
0
0
0
0
0.18177
0
0
0.27786
0.20868
0.15367
0.1812
0.18134
0
0.0572
0
0.08589
0.08508
0.06629
0
0
0
0
0
0
0.03311
0
0
0.03359
0.10115
0.10135
0
0.10401
0.10235
0
0.03336
0
0
0.08947
0.10201
0.10085
0.10468
0
0
0.10179
0.09902
0.10228
0
0
0.06977
0.08509
0
0
0
0
0.10531
0
0.10486
0.10369
0.03291
0.21875
0
0.10256
0
0.03015
0.09057
0.08998
0
0
0.1041
0
0
0
0
0
0
0
0
0
0
0
0
0
0
0
0
0
0
0
0
0.10367
0
0.1039
0
0
0.11615
0.14502
0
0
0.17947
0.17969
0
0
0.18083
0.18107
0
0
0
0
0.18121
0
0
0
0
0
0
0
0
0
0
0
0
0
0
0
0
0
0.03171
0
0
0
0
0
0
0
0
0.06224
0.03107
0
0
0
0
0
0
0
0
0
0
0
0
0
0.41584
0
0
0
0
0
0
0
0
0
0
0.10319
0.06902
0
0
0
0.26916
0
0.1014
0
0
0.09894
0.17494
0.09886
0.09651
0.09885
0
0
0
0.41648
0.47786
0
0.10259
0
0
0
0.10325
0
0
0
0
0
0
0.10529
0.10473
0.10506
0
0.06993
0.20685
0.44173
0
0
0
0
0
0
0
0
0.06803
0
0
0.08921
0
0.08844
0
0.24786
0.40745
0.20771
0
0
0.20596
0.03767
0
0.10323
0.20737
0
0.26897
0.30318
0.18439
0
0
0
0
0.10261
0.14388
0
0
0
0
0
0.10215
0
0.35469
0
0
0.10046
0.28491
0.417
0
0.102
0.34165
0
0.40427
0.05505
0.09259
0.09255
0
0.03742
0
0
0
0
0.20236
0
0.30176
0
0
0
0
0
0.08748
0
0
0
0
0.08736
0.08772
0
0
0
0.27089
0.28146
0.09482
0
0.09295
0
0.18677
0
0
0.27675
0
0
0
0.12664
0.27721
0
0
0.27715
0.12659
0.27756
0
0
0
0.27951
0.15707
0.09671
0.27715
0.27815
0.27918
0.27984
0.27865
0.27733
0.09645
0
0
0
0
0.09636
0.12455
0
0
0
0
0.15505
0
0.09386
0
0.34381
0
0.27905
0.27851
0
0.0951
0
0
0
0.15693
0.15353
0.32047
0.14936
0
0
0
0
0
0
0.27834
0
0
0.17969
0
0
0.30252
0
0.09405
0
0
0
0.1957
0.27734
0
0
0.14352
0.18141
0
0.09039
0
0.20828
0
0
0
0.09071
0.09071
0
0
0
0
0.1008
0
0
0.1044
0.17531
0.10313
0
0.10317
0
0
0.08385
0.09288
0.11258
0
0
0.14427
0.20544
0
0
0
0
0.44517
0.10821
0
0.11327
0.32432
0
0.10749
0
0
0.10939
0
0
0
0
0
0
0
0
0.43877
0
0.08732
0.087
0
0
0.41234
0
0
0.11269
0.20657
0
0
0.20738
0.15419
0.23379
0
0.26986
0
0.30423
0.30228
0
0.3028
0.19683
0
0.03084
0.09018
0
0
0.15382
0.11246
0.48207
0.09261
0
0.34511
0
0.34583
0.10995
0
0.16902
0.10867
0.26175
0.26963
0.26406
0
0.1097
0
0.4412
0
0
0.05756
0
0
0.11565
0
0
0
0
0
0.03626
0
0.30235
0.17497
0
0
0.17589
0.10833
0.17561
0.34166
0.06007
0.0292
0.2506
0.12757
0.27826
0.05876
0.18049
0.27826
0.21285
0
0.12478
0.27716
0.27674
0.27882
0
0.27725
0.27743
0
0.18246
0
0.08746
0.17312
0.08663
0
0
0
0.02898
0
0
0.10855
0.18733
0.08801
0.0877
0
0.27975
0.27265
0.17209
0.15342
0.10004
0.08878
0.17264
0.44732
0
0
0
0
0
0.09614
0.02939
0.0972
0.09777
0
0.09836
0
0.17358
0
0
0.15622
0.10888
0.08871
0
0.0291
0.08669
0
0
0
0
0
0.09739
0.08764
0
0.08246
0.08865
0
0
0
0
0
0
0.17324
0.30228
0.2156
0
0.10247
0
0
0
0.08799
0
0
0
0.17505
0.08299
0
0.2702
0
0
0
0
0
0.17392
0.14329
0.1162
0.17135
0
0.11885
0.09824
0.17565
0.27182
0.18237
0
0
0.18519
0
0
0
0.17531
0.27023
0.09637
0.33461
0
0
0
0.28257
0
0.17562
0.1
0.08937
0.33633
0.09917
0.34214
0.05736
0.09695
0.3427
0.05489
0.10981
0.09872
0.09912
0.33488
0.2717
0.06615
0.0987
0
0
0.09852
0.24646
0
0.21682
0.02912
0.10697
0.10872
0.1083
0.1098
0
0.10821
0
0.08087
0
0
0.08085
0.08084
0.0537
0
0.08087
0
0
0
0.08632
0.08554
0
0.0857
0
0.08085
0.08084
0
0
0
0
0
0
0.08557
0
0.05376
0.08068
0.08064
0
0.24468
0.13745
0
0
0.05392
0
0
0
0
0.08084
0.08529
0.08049
0.08494
0.08546
0.08618
0.08042
0
0
0
0.08043
0
0
0
0
0
0
0
0
0
0.08082
0.10741
0.10848
0.02692
0
0.10885
0.08062
0
0.05375
0
0
0
0
0
0
0
0
0
0
0
0
0
0
0
0
0.05702
0.08559
0
0.08564
0
0
0
0
0.03621
0.10886
0.10836
0
0
0
0
0.08608
0.03207
0
0
0
0
0.08698
0
0.02895
0
0
0
0
0.07217
0.06535
0
0
0
0
0.08688
0
0
0
0.08702
0.08719
0.0872
0
0.0864
0.10804
0
0
0
0.08618
0.08612
0
0.08752
0.08792
0.03018
0
0
0.05989
0.33841
0.24903
0.02864
0.13031
0.14929
0
0.26373
0
0
0
0.40825
0
0.03683
0.43932
0.08634
0.08573
0
0.03095
0
0.05639
0.41435
0.02879
0.08715
0.17746
0.11642
0.18448
0.18345
0.34008
0.03689
0.1109
0.10886
0.27792
0.24648
0
0.2521
0.34019
0
0.28234
0.30794
0.24887
0.24716
0.24607
0
0.24627
0
0
0.46813
0
0
0
0.10742
0.10746
0
0
0
0.26996
0.08638
0
0.2704
0
0.0858
0.10868
0.12766
0.09159
0
0.08422
0
0.13326
0
0
0
0
0
0.26842
0.0581
0.25006
0
0
0.07296
0.0848
0.41627
0
0.05816
0
0.41575
0
0
0.20774
0
0.20777
0.11079
0
0.08697
0
0
0
0.11006
0
0
0
0
0.17462
0.24583
0.08349
0
0.30455
0.27504
0.3483
0.30146
0.14761
0.06
0.09793
0.26974
0.2497
0
0.10854
0
0
0.25379
0.34731
0.34823
0.34434
0.34541
0.15839
0
0.2457
0.02864
0
0.27036
0
0
0.26979
0.1101
0.15305
0.17293
0.08366
0.03567
0.08434
0
0.08073
0.13338
0.18638
0.02748
0
0.03603
0
0.24168
0
0
0.10795
0
0
0.1082
0
0.10823
0.03301
0
0
0.07307
0
0.33979
0
0
0
0
0.09653
0
0.28137
0
0
0
0.08392
0.24563
0
0
0
0
0
0
0.0371
0.25152
0.18575
0.08311
0
0.02798
0.25391
0
0.0844
0
0.08453
0
0
0.27189
0
0
0
0
0
0
0
0.08002
0
0.10927
0.08014
0.1426
0.17383
0.17446
0.11161
0
0
0
0.10895
0.09941
0
0
0
0
0
0.11036
0
0.10853
0
0
0
0
0
0
0.17408
0.17428
0.14748
0.18184
0
0.17249
0.17237
0
0.17254
0.43501
0.43397
0
0
0.17488
0
0
0
0
0
0
0
0.08088
0
0.02434
0
0
0
0.02888
0.05767
0.0834
0.0278
0
0
0.38826
0
0
0.05391
0
0
0.10917
0
0
0
0.10886
0.10806
0.03274
0.03573
0.10824
0
0
0
0
0
0.10688
0
0.1076
0.10675
0
0.10745
0.10743
0
0
0.08493
0
0.09776
0.10761
0
0
0
0.09173
0.09146
0
0
0
0.08828
0
0
0.03106
0.08838
0
0
0.0975
0
0
0
0.23871
0.1418
0.18557
0.09111
0
0.02758
0
0
0.17176
0
0
0
0.02695
0.1086
0
0.08408
0.08601
0.10331
0
0
0
0.09901
0
0
0.09705
0
0.03489
0
0.08499
0
0.08806
0
0
0
0
0
0
0
0
0
0
0.097
0
0.09664
0
0.09743
0.08671
0.09753
0.09812
0.08671
0.08705
0.15571
0
0
0
0.3307
0
0
0
0
0
0.24528
0
0.05722
0
0
0.17486
0
0
0.37197
