0
0
0.13461
0
0
0.8805
0
0.15334
0.08385
0
0.11889
0
0.04571
0.04498
0
0.23412
0
0.18923
0
0.05716
0.8351
0.22203
0.11999
0.11823
0.0542
0.64116
0.04103
0.0578
0.27048
0.06087
0.12634
0.05227
0
0.1562
0.0431
0
0.07053
0.08595
0.51135
0.1341
0
0
0.1088
0.09877
0
0
0.08216
0.04208
0.5423
0
0
0
0
0.04409
0
0.06638
0.01918
0
0
0.11856
0
0
0.18349
0.67077
0
0
0
0
0.15455
0
0
0
0.01693
0.24126
0
0.01903
0.06658
0
0
0
0.04405
0
0
0.05895
0.31248
0.01455
0.04387
0
0.04653
0.05734
0
0.04236
0
0.04238
0.0586
0.04128
0.07083
0
0.06556
0.04398
0.41787
0
0
0
0
0
0.06513
0
0
0
0.06043
0.1185
0
0
0
0.08441
0
0.46179
0
0.01917
0.28013
0.15646
0.31145
0.05082
0.12423
0.18637
0.26943
0
0
0
0
0
0.05933
0.18997
0.04
0.05156
0.04005
0
0.19928
0.44987
0.15734
0
0.26049
0.05422
0
0.48418
0
0
0.06188
0
0.08877
0.08083
0
0
0.1182
0.08829
0.05073
0
0.13484
0
0.0637
0
0.06316
0.0455
0.04488
0.04552
0
0.04014
0.04481
0
0.07145
0
0
0.06932
0.06098
0.04514
0.05879
0.05284
0.05778
0.06508
0.28082
0.0593
0.01819
0.10768
0.05839
0
0.17815
0
0.03869
0.24562
0
0.19539
0.07143
0
0
0.06202
0
0
0
0.22088
0.24863
0.12671
0.12031
0
0.03145
0
0
0
0.17126
0
0
0.07392
0
0.06951
0.06913
0
0
0
0
0.18074
0.15891
0.26848
0.02649
0.0404
0.05379
0.40624
0.05674
0.05296
0.31518
0.64367
0.4659
0.19065
0.06899
0
0.1549
0
0
0.42552
0
0.19832
0
0.04421
0.29193
0.01791
0.07163
0
0.21609
0.12168
0.03736
0.30394
0.05069
0
0.05821
0
0.81556
0
0
0.51132
0.0668
0.06475
0.28909
0.19813
0
0.04375
0.01347
0
0
0.04487
0.10912
0.26884
0.26795
0
0.0588
0.29682
0.04252
0.0597
0.07042
0.06283
0.02284
0
0
0.18773
0.058
0.05324
0
0
0
0.06738
0
0.04045
0.18962
0.12747
0.04555
0.05934
0.20583
0.28395
0
0.15438
0
0.17056
0
0
0.05972
0.02137
0.41708
0
0
0
0
0.17291
0.24851
0.22424
0.2051
0
0
0.07167
0.69515
0
0.09744
0.08354
0
0.06
0
0.15799
0.26848
0.29604
0.1228
0
0.17615
0
0
0.06478
0
0
0.07175
0
0.09676
0.07403
0.04734
0.06037
0.04028
0.0441
0.03756
0.05147
0.08001
0.05921
0.26764
0
0.05545
0.09091
0
0.04391
0
0.12202
0.15007
0
0
0.06797
0
0.04015
0.20022
0
0
0.10225
0.06255
0.65164
0
0
0.74684
0.1292
0
0.24205
0.04455
0
0
0
0.09814
0.04428
0.22348
0.01936
0.18444
0.16822
0.04656
0
0.31052
0.06255
0
0
0.10191
0.05244
0.06134
0.0475
0.15645
0.01549
0.18896
0
0.4245
0
0
0.40203
0.15671
0
0.05944
0.05893
0.08851
0.08478
0.03778
0.0193
0.03777
0.42806
0
0
0.04735
0
0.13662
0
0.28357
0.15421
0.25162
0
0.20203
0.09543
0
0
0.15912
0
0.05888
0
0.05617
0.28509
0
0.06968
0.13815
0.09999
0.07025
0.05708
0.29181
0.05439
0.05367
0
0.04481
0.06585
0.13104
0.20987
0.13054
0.17039
0.18384
0.07064
0.05778
0
0.19465
0.2911
0.64707
0
0
0.1188
0.13827
0
0.46605
0.1188
0
0
0
0
0.07887
0
0.03989
0.08439
0
0.01798
0.05146
0
0.03953
0.04013
0.04572
0.86018
0
0
0.51959
0.25303
0.12821
0.04509
0.05141
0.13967
0.32777
0.0298
0.26706
0
0
0
0.13375
0
0
0.22071
0
0
0.04429
0.03985
0.04032
0.07065
0.20143
0.71926
0.19078
0.19492
0.04412
0
0
0.05212
0.09984
0.27202
0
0.27058
0.19482
0.69097
0.79684
0.07022
0
0.06115
0.08449
0
0.05485
0.05435
0.06951
0
0
0.22828
0.15104
0.05849
0.10071
0
0.04421
0
0
0.06999
0.0699
0.05965
0
0
0.05069
0.21019
0.25756
0
0.07108
0
0
0
0
0.07026
0.05878
0.46596
0
0.05858
0
0.20371
0.20975
0
0.05638
0
0.05894
0.05674
0.10861
0.23616
0.35286
0.07042
0.74932
0.12799
0.07889
0
0.05842
0
0.04611
0.0595
0
0
0.06866
0.19872
0
0
0.3944
0.04499
0.0472
0
0.05817
0.21663
0.05713
0
0
0.18274
0.06874
0
0
0.10599
0.28707
0
0.65603
0.09423
0
0
0.01522
0.12302
0.17934
0.0424
0.11908
0
0
0.16516
0.02239
0.06273
0.06829
0
0.05268
0.03874
0.16455
0.03953
0.11414
0.33716
0.31202
0.07009
0.05547
0
0.20254
0
0.05825
0.16247
0.03502
0.07824
0.01349
0
0.05997
0.06589
0.21836
0.06669
0
0.11865
0.05751
0.13476
0.70419
0.08477
0.16515
0.04499
0
0
0
0.03977
0
0
0.03992
0.05843
0
0.12067
0.22413
0.05696
0.14756
0.01878
0.05135
0.11409
0.14977
0.07039
0.04478
0.0788
0.16536
0.22147
0
0
0.04038
0.01563
0.08439
0.08532
0
0
0.1495
0
0
0
0
0.05045
0.05752
0.08485
0
0
0.05299
0.0176
0.08108
0.15713
0
0.05879
0
0
0
0.66732
0.13111
0.04016
0.08368
0.0309
0.64941
0
0.15517
0
0.06255
0.04518
0
0.0692
0
0.11704
0.05211
0.07147
0.03524
0.04569
0.15184
0.1069
0.19933
0.48174
0.21873
0.22088
0.04477
0.04398
0.04323
0.05972
0.04734
0
0.04634
0
0.07613
0
0.09987
0.26888
0.84668
0
0.2113
0
0.38973
0
0.20453
0.17918
0.51328
0.02995
0
0.25677
0.63295
0
0.07159
0.04036
0.04537
0.19302
0
0.12535
0.06213
0.04518
0
0.05851
0.0723
0.0447
0
0
0.15724
0.05744
0
0
0.04672
0.05777
0.33051
0.05138
0.29084
0.46516
0.26787
0
0
0
0.18721
0.35203
0.05417
0.05477
0.04551
0
0.41043
0.08073
0.04173
0.05777
0
0
0
0.0406
0
0
0.15757
0
0.0697
0.0872
0
0.26775
0.07058
0.05659
0
0
0.12243
0
0.09609
0.16298
0.0704
0.14025
0.0943
0
0
0.07468
0.15805
0.10765
0
0
0
0.0571
0.11124
0.04636
0.02142
0.01805
0
0.23106
0
0.07217
0
0.18951
0.06007
0
0.05088
0
0
0
0.25164
0.02041
0
0.06896
0.41149
0.05871
0
0
0
0.0638
0.08174
0.05959
0
0
0.16959
0
0.22104
0
0.26881
0.04557
0
0
0
0.42525
0.05438
0.11344
0
0
0
0.04559
0
0.02219
0
0.09177
0.13179
0.20596
0.15018
0
0
0.09422
0
0.02276
0.04358
0.11994
0
0.06425
0.05124
0
0.03979
0.03796
0.0723
0.03408
0.05961
0.05885
0
0.22926
0
0.3341
0
0.01834
0.16476
0.0643
0.07017
0.01584
0
0.51496
0.02067
0
0.04608
0
0.07375
0.04551
0.20342
0.02056
0.01858
0.05928
0
0.11877
0.15603
0
0
0.06176
0
0
0.26969
0.06733
0.04659
0
0
0.05883
0
0.19357
0
0
0
0
0.04627
0.04623
0.03772
0.0285
0
0
0.22218
0
0
0
0.26769
0.10128
0.31887
0.05901
0
0
0.22404
0
0.10819
0.29636
0.05964
0.01587
0
0
0
0.04621
0.04661
0
0
0
0
0
0
0.03766
0.05866
0
0.0846
0.21847
0
0.05255
0
0
0.28175
0.22014
0.08742
0
0.04552
0.05172
0.05129
0.01421
0.10021
0.04339
0.19227
0.03824
0
0
0.04681
0.05922
0.04394
0.13099
0
0.10012
0.04591
0
0
0.02938
0
0.15036
0
0.21779
0.14924
0.05177
0.04704
0.06116
0.0836
0
0
0.07043
0.11826
0.0553
0.22122
0.21996
0
0
0.06017
0
0
0
0.05914
0.04475
0
0
0
0.05974
0.05817
0.34442
0.04512
0.06685
0.04263
0.02036
0.05808
0
0.15225
0.21288
0.06616
0
0.02619
0.08865
0.07135
0
0.0577
0.10241
0
0
0.1223
0.57328
0.06106
0
0.05137
0.77716
0
0.05124
0.08413
0.04667
0
0.15266
0
0.15693
0
0
0
0
0
0.28755
0
0.21868
0.45766
0.05861
0.05805
0
0.04257
0.15013
0.05913
0.06013
0.04382
0.08003
0.05676
0
0.0474
0
0.05788
0.0616
0
0.01485
0.04031
0.4192
0.06369
0
0
0
0.26135
0.03852
0.24584
0.04015
0.05842
0.01947
0.438
0
0.56486
0.04094
0.15171
0.06021
0.0636
0.06368
0.01909
0.15798
0.02109
0
0
0.1672
0
0
0
0.06458
0.09479
0.04645
0.03782
0
0
0.0148
0.01393
0.22244
0.29789
0.22482
0.15864
0
0.05749
0
0
0.05958
0
0.22653
0.07173
0
0.18652
0
0
0
0
0
0.09985
0
0.0426
0.05872
0.11902
0
0.14669
0.05958
0.12426
0.0469
0.05167
0.05879
0.07131
0
0.08257
0.05679
0
0.04721
0
0.05364
0.05367
0.0575
0
0
0.05255
0
0
0
0
0
0
0.05722
0
0.20786
0
0
0
0.04769
0.04748
0.04677
0
0
0.04653
0
0.0213
0
0
0.21926
0.44308
0.1712
0
0
0
0.12482
0
0.06134
0
0
0.12243
0.04094
0.05175
0.14678
0.01521
0
0.01943
0.05834
0
0.12195
0
0.05158
0
0
0.0554
0.06182
0.10255
0
0.03854
0.02178
0.081
0.27904
0.27922
0
0.15442
0.05784
0.01574
0.09986
0.04406
0
0
0.86712
0
0.01923
0.06631
0
0
0.05978
0.19048
0.26898
0.05261
0.03086
0
0.04702
0.2674
0
0
0
0
0.05891
0.23448
0
0.04627
0
0.25057
0.01998
0.14533
0.20034
0.05454
0.07425
0.19126
0.11859
0
0.15025
0.12465
0.02125
0.13794
0
0
0.06447
0.24453
0.45142
0.09064
0.04705
0
0.12811
0
0
0.11823
0
0
0.05248
0.05814
0
0
0.33618
0.20039
0.22865
0.25119
0
0.05293
0.11755
0.12669
0.26844
0.13478
0.06749
0.02141
0.06584
0
0
0.26074
0
0.02988
0.27251
0
0.06981
0
0.07318
0
0.29687
0.19821
0.05894
0.05714
0
0.04042
0
0
0.05597
0
0.03814
0
0.18518
0
0.05841
0
0
0.11937
0
0.0213
0.06423
0.20733
0.06401
0
0
0
0.26869
0
0
0.04304
0.28596
0.05277
0.04696
0.05383
0.05211
0
0.04471
0.05274
0
0
0.04727
0.10395
0.24399
0
0.04562
0
0.10892
0
0.04511
0
0
0
0.01763
0.26014
0.04403
0
0.20981
0
0
0.08335
0.22443
0.05484
0
0
0.31815
0.06454
0.01554
0.14108
0
0.23705
0
0
0
0
0.05356
0
0
0.04071
0
0
0.06566
0.05146
0.12149
0.04531
0
0
0
0
0.05201
0
0
0.04655
0
0.16373
0
0
0.0786
0.23029
0
0
0
0.04042
0.07077
0.04535
0.05683
0.17043
0
0
0
0
0.22652
0.05602
0
0
0
0
0.11705
0
0.07089
0.1569
0
0.04415
0
0
0.04509
0.08413
0
0.16397
0.04483
0.06312
0.03776
0
0
0
0
0
0.05323
0.11646
0.15205
0.28355
0
0.04511
0
0
0
0
0.16965
0
0
0
0.11314
0
0.04609
0
0.18673
0.0448
0
0.03153
0.15774
0.05279
0.05308
0.05717
0.04396
0.04649
0.05842
0
0
0.09754
0
0
0.04322
0.04715
0.11118
0
0
0.04248
0
0.11797
0
0.03557
0.07599
0.08407
0.04023
0.47823
0
0
0
0.10758
0.15138
0.02698
0.09675
0.83327
0.05262
0
0
0
0.15157
0.05105
0.56234
0
0.05784
0
0.06632
0.04613
0.02206
0.14669
0.04487
0
0.04468
0.43108
0
0
0.03728
0
0.14491
0
0.10268
0.2011
0.2075
0.11936
0.05281
0
0
0
0
0
0.30241
0.14883
0.03738
0.43477
0.03935
0.03783
0.02995
0.04676
0
0.06024
0
0
0
0.08421
0.18764
0.22051
0.09895
0.21003
0
0.05158
0.05747
0.05415
0.04684
0.02102
0
0
0.05674
0
0.04366
0
0
0.10076
0
0
0
0
0
0.07085
0
0.05399
0.04739
0
0
0
0
0.15465
0
0
0
0.06505
0.06491
0.69393
0
0
0
0.04396
0
0
0.06642
0.04635
0.0353
0.05658
0
0
0.03622
0.06495
0
0
0.30857
0
0.01977
0
0
0
0.05744
0.42232
0.27837
0.08148
0.55714
0.22503
0.04727
0.31934
0.47869
0.13537
0
0
0
0.06957
0.05182
0.02013
0.21822
0
0
0.23499
0.05415
0
0
0.20721
0
0.03764
0
0.06076
0.04031
0.04711
0.14866
0.05323
0.16214
0.2702
0.05838
0
0
0.13812
0.14791
0
0
0.07029
0
0.72684
0.0518
0
0.63625
0
0.05329
0.33847
0.05861
0
0.31058
0.06779
0
0
0.3822
0.05567
0.04414
0
0.05851
0.13483
0.22391
0
0.10712
0.01508
0.06976
0
0
0.7694
0.28124
0.22895
0
0.16484
0.15529
0.06129
0
0.03981
0.61851
0.01894
0.32927
0
0
0.09426
0.08756
0.26861
0.21951
0
0.06795
0.05136
0.74667
0.04019
0.12345
0.05658
0.31174
0
0.08158
0.04665
0
0
0.04178
0.04491
0.06909
0
0
0
0.18746
0.05499
0
0.96248
0.14606
0
0.01983
0
0
0.05537
0.01963
0.03949
0
0.07176
0.07168
0.15076
0
0.06956
0
0.05118
0.75818
0.05951
0
0
0.24649
0.12305
0
0.05977
0.28775
0
0
0.12212
0
0
0
0
0.12402
0
0.0404
0.26779
0.04172
0.04509
0.0589
0
0.07236
0.44815
0
0
0.04634
0
0.14294
0
0.29579
0
0.19006
0
0
0
0.2113
0
0
0
0
0.04654
0.04041
0.05834
0.0838
0
0.15424
0
0.16034
0
0
0.06197
0.39175
0
0
0.23642
0
0.06427
0.03816
0
0.03758
0
0
0.04775
0.0453
0.21668
0
0.06021
0.14014
0.15071
0
0
0
0.03062
0.2806
0
0.06626
0.22567
0
0
0.04033
0
0
0
0.14065
0.04716
0
0
0.06635
0.14003
0
0
0.06633
0.02627
0
0.14959
0.05388
0
0
0.16739
0.86266
0
0.15016
0.70164
0
0.05885
0.09188
0
0.04037
0.061
0
0
0
0.24111
0
0
0.09185
0.05685
0.07173
0
0
0
0.04724
0.05619
0.04078
0
0.0473
0.01796
0
0
0.01507
0.045
0
0
0.01742
0.34845
0
0.05934
0.06419
0
0.43755
0
0.103
0
0
0.06897
0
0.05918
0
0
0
0.15772
0.27325
0.06033
0.04484
0.05901
0.25241
0
0.06273
0
0.6779
0
0.46939
0.02867
0
0.22428
0
0.37444
0
0.19027
0
0.01935
0
0.23659
0
0
0.14435
0.04382
0
0.14132
0.04587
0.03789
0.10429
0
0
0.30092
0
0.07037
0
0
0.04512
0.08323
0.02019
0.05134
0
0.0384
0.20654
0
0.40981
0
0
0
0.18684
0.07191
0
0.14465
0
0
0.0596
0.04753
0
0
0
0.82876
0.26836
0
0.06985
0
0
0
0.04685
0.01563
0.04541
0
0
0.05706
0.05871
0
0.08382
0.015
0.3392
0
0.03237
0.04018
0
0
0.10863
0
0.10361
0.07205
0.152
0.22087
0
0
0
0.03785
0.14921
0.04521
0.21685
0.09992
0
0
0.11781
0.04612
0.19078
0.05405
0.04612
0
0.0417
0.28009
0
0
0.06902
0.1007
0
0
0
0
0.25686
0.04574
0.05922
0
0
0.15878
0.06432
0.19209
0.04194
0.05742
0
0
0.06302
0.09984
0.14019
0.04604
0.03767
0.50398
0
0
0.04319
0.06995
0
0
0.13849
0
0.50392
0.10345
0.059
0
0.04589
0.04597
0
0
0.0835
0.05147
0.05104
0
0
0.04667
0.63622
0.0463
0
0
0
0.04558
0.11822
0
0.26963
0.11972
0.04471
0.05186
0
0.39005
0.01439
0
0
0
0
0
0
0.05762
0.03925
0
0.07153
0
0
0.05142
0
0.05088
0
0.81877
0.05722
0
0.1298
0.05951
0.40816
0.27342
0.04865
0.04014
0
0
0
0
0.06775
0.1692
0
0
0.02246
0.05683
0.0461
0
0.05211
0.07421
0.29999
0
0.04645
0.0474
0
0.0295
0.12187
0
0.28031
0
0.02045
0.16346
0
0
0
0
0.07323
0.20528
0.05209
0.10594
0.15042
0
0.11869
0
0
0.29294
0.05883
0
0
0.01491
0.14205
0
0.08479
0.04665
0.06132
0.11896
0
0.0603
0.03449
0.0377
0
0.09173
0
0
0.04245
0.101
0.28377
0.31863
0.06966
0.05566
0.12017
0.01912
0.12076
0
0
0.08003
0
0
0.09724
0
0
0.20187
0.05719
0.03486
0.05261
0.05363
0.05628
0.05295
0.04659
0.04643
0.07059
0.06046
0.14806
0.04585
0.02938
0.10848
0.04761
0
0.05186
0
0.14021
0.05714
0.19068
0.05119
0.18538
0.0467
0.04766
0.15125
0.42925
0.07968
0.0702
0
0.05204
0
0.65231
0
0.04686
0.0578
0.04041
0
0.04405
0.06526
0
0
0
0
0
0
0
0.10501
0.0587
0
0
0.10024
0.15126
0.1632
0
0
0.0475
0
0.085
0.07994
0
0.05677
0
0.02999
0
0.48403
0
0.11664
0
0
0
0.05831
0.06893
0
0
0.04694
0.15001
0.15218
0.05766
0.02134
0.17497
0.08365
0.03787
0.05125
0.05737
0
0
0.15459
0
0.22087
0.01809
0
0.05891
0.08443
0.18894
0.04625
0.07293
0.06754
0
0
0
0.04589
0.5349
0.06457
0.09776
0
0
0.08744
0.16446
0.20354
0.25666
0.05242
0.05256
0
0
0
0
0.08005
0.04329
0.17969
0
0
0.25096
0
0
0.05107
0.0843
0.04738
0
0.05702
0.03816
0
0.83519
0
0
0.2416
0
0.05742
0.21728
0
0
0
0
0
0
0.04523
0
0
0.16432
0.28223
0
0.62004
0.24197
0
0.14144
0.04616
0.05138
0.17454
0.0436
0.11875
0
0
0.05156
0
0
0
0.27022
0
0.09552
0
0.08052
0.07919
0.22737
0.1192
0.0655
0.5377
0.07059
0.03885
0
0
0.20113
0.03458
0.04532
0.1405
0
0
0
0
0
0.01753
0
0.11407
0
0.16321
0.03483
0
0
0
0.09639
0.06813
0.13501
0
0.04163
0.11949
0.03928
0.10068
0
0
0.09665
0.0841
0
0
0.01902
0.04596
0
0
0
0.03722
0.05113
0.03137
0
0
0.07193
0.18901
0.08858
0.01493
0.03836
0
0.1408
0
0.15549
0.15533
0.04003
0.61301
0
0.22089
0.04616
0.0737
0.16525
0
0.31028
0
0.04545
0
0.04579
0.06814
0.22516
0.04512
0
0.06048
0.08334
0.12019
0
0.1397
0.22595
0.04309
0.1185
0
0
0.04706
0.04593
0.13397
0.15827
0
0.04573
0.3239
0
0
0
0.18918
0
0.12019
0.15705
0
0
0.11257
0
0
0
0
0.05202
0.5623
0.05261
0.06137
0.10368
0.01544
0
0.04098
0.26848
0.18386
0.14027
0
0.04282
0.04185
0.1563
0.16677
0
0.06066
0
0.04691
0
0
0.21914
0
0.05692
0.12468
0
0
0.22406
0.19021
0.1411
0.14147
0.07985
0.06603
0.04366
0.05777
0.03752
0.06985
0.03729
0.04036
0.04002
0.05367
0.06798
0
0
0
0
0.3196
0
0.14973
0.44336
0.18525
0.28095
0
0
0.14636
0.06426
0.43401
0.09033
0.09733
0.11168
0.06988
0.07153
0.16188
0.04518
0.11085
0
0.1911
0.15744
0
0
0.06072
0
0.16353
0
0.04338
0
0
0.06771
0.05759
0
0
0.05111
0.09615
0.04367
0.10056
0.29039
0
0.04319
0.12018
0
0.08418
0.14006
0.14736
0.17418
0.05365
0.0583
0.06024
0
0.05394
0
0.04754
0.05954
0.05725
0
0.26966
0.04712
0
0
0.15482
0.0448
0.09896
0.28213
0.04369
0.04593
0.05123
0
0
0.10123
0
0.22846
0
0.05327
0
0.05209
0.07216
0.0683
0
0
0
0.05346
0.0565
0.04171
0
0
0.63375
0.25508
0.25052
0.03733
0
0
0.3022
0.10056
0.04015
0.12387
0
0.07145
0
0
0.04639
0
0
0
0
0
0
0.22047
0.07523
0.01972
0.15049
0.04629
0.04643
0.05743
0.47176
0.13527
0.21986
0
0.19838
0
0.0435
0.29233
0
0
0
0.04575
0
0
0
0
0.05577
0.14651
0
0.03744
0
0.0554
0.28574
0
0
0
0.05149
0.06271
0.05428
0
0.05162
0
0
0.05508
0.40506
0
0.10854
0.05894
0.05248
0
0.04781
0.05143
0.04581
0
0.04553
0.05347
0.20019
0.21224
0.05304
0
0.05371
0.05348
0.23095
0
0.25148
0.0452
0.0697
0.35095
0.29109
0
0
0.08359
0
0
0.05383
0.13092
0
0.09809
0.07967
0
0.05675
0.04724
0.46544
0.20984
0.08066
0.23948
0
0
0.05756
0.03748
0.03794
0.04647
0.08407
0
0
0.04611
0.13022
0
0.21699
0.06422
0.03934
0.05265
0
0
0
0.04485
0.10879
0.05794
0.05657
0.04416
0
0.065
0.09741
0.06887
0
0.04459
0
0.06756
0.05676
0
0
0.03782
0.1643
0.07769
0
0.0828
0
0
0.13536
0
0
0
0
0.04531
0
0
0
0.06059
0
0.14773
0.0451
0.14485
0.06419
0.10282
0.04509
0
0
0.0635
0.1902
0
0.05863
0.04471
0.04651
0.0846
0
0.12715
0
0.09258
0
0
0.19004
0.18968
0.06703
0.14058
0.0874
0.20006
0
0
0.05406
0.06961
0.0436
0.0376
0.27063
0
0.05109
0.21806
0
0
0
0.21626
0.49539
0
0
0.41946
0
0.09501
0.04534
0.19904
0.05339
0
0.70285
0.74065
0
0.05124
0.02997
0.26282
0.37149
0
0
0.04391
0.04596
0
0.08485
0
0.04692
0.04719
0.1512
0
0.17536
0
0.04539
0.19523
0
0.90847
0
0.04561
0.05101
0.03977
0.04644
0
0.0453
0
0
0
0.04399
0.16483
0
0.09876
0.04018
0
0.09892
0.09872
0.0652
0
0.28211
0
0.04709
0.04514
0.0128
0.04686
0.32972
0
0
0.07073
0.06894
0.12245
0
0.14009
0.79478
0.08469
0
0
0.0471
0
0.0885
0.18097
0.22959
0.09912
0
0.10232
0
0.04615
0.04505
0
0.097
0.15788
0.12031
0.16284
0
0.19032
0
0
0.06831
0
0.12188
0.53691
0
0.0465
0
0.14322
0.11922
0.16329
0
0.14131
0.01453
0
0
0.27494
0.04602
0
0.08783
0
0.08817
0.28189
0
0
0
0
0
0.04441
0.14019
0.07153
0.08479
0.04634
0.27183
0.06594
0
0.05626
0.08309
0
0.11092
0
0
0.07128
0.1477
0.04232
0.08175
0.07001
0
0.13016
0.16457
0.04195
0.0266
0.28749
0
0.37985
0
0.04531
0.05718
0.15799
0.05087
0
0.22454
0.12021
0.17041
0
0
0.31307
0.0464
0.13413
0
0
0
0
0.04194
0
0
0.04421
0.04357
0
0.15739
0
0
0.08919
0.03439
0
0
0
0.31636
0.04086
0
0.06683
0.05371
0.04607
0
0.05828
0.05129
0.04632
0.04584
0
0.09939
0.05432
0.05682
0
0.12868
0.15841
0
0.13185
0.44615
0.07158
0.11953
0
0.06857
0
0
0
0.07119
0
0.11987
0.02716
0
0
0.09724
0.08517
0.06922
0.04764
0.51282
0.10848
0
0
0.0471
0.11927
0.11904
0.02954
0
0
0
0.4039
0.05823
0.11902
0.03743
0.04639
0.18518
0.05744
0.08355
0
0.05918
0.05827
0.05149
0.04082
0
0
0.07003
0.05112
0.15056
0.05984
0
0.0604
0.06951
0
0.20786
0.05943
0.31921
0.07594
0
0
0.11025
0.04492
0.09858
0
0.22616
0.48538
0
0
0.28284
0
0
0
0.06045
0.06222
0
0
0
0.07182
0.18415
0
0.03454
0.05786
0.05926
0
0.21943
0.04007
0
0.27738
0.11809
0
0.05896
0.05419
0.27011
0.16379
0.05763
0
0.05844
0
0.11458
0.04406
0.97814
0.66725
0
0.05209
0
0
0
0
0
0
0
0.1997
0.04528
0.36642
0.05176
0
0.06919
0
0.01294
0.0854
0.06789
0.14907
0
0
0.25201
0.23041
0.15473
0.10297
0.08306
0
0
0.38879
0.06566
0
0.209
0.31784
0.22601
0
0
0.05132
0.32838
0
0.05885
0.03814
0.15437
0
0.15084
0.22884
0
0.01345
0.1022
0.0984
0.08332
0.04189
0
0.05117
0.17247
0.0515
0
0
0.16476
0.05477
0
0.04652
0.04219
0.04498
0.04635
0.16313
0.12013
0.04376
0
0.40413
0.39158
0.04575
0.15234
0.06209
0
0
0.06292
0.1956
0.0527
0.05231
0
0
0
0.08835
0.23743
0.01568
0.23616
0
0
0.04692
0.03413
0.15201
0.12833
0.04684
0.04598
0
0.12002
0.24597
0.0468
0.36125
0
0.08357
0.05943
0
0.04768
0
0
0
0.12476
0
0
0.01865
0.08432
0.37052
0.05189
0.05464
0.11967
0
0.17937
0
0
0.04322
0.0432
0.04177
0
0.04489
0
0.04015
0.19997
0.0521
0
0.05257
0
0.04665
0
0.04446
0.04522
0.04367
0.15701
0.18889
0
0.22039
0.01272
0.18997
0.05906
0.05429
0
0.1235
0
0.09794
0
0.04219
0
0
0.26901
0
0.0939
0
0.11307
0.05419
0.10868
0.0607
0.17109
0.10811
0
0
0
0
0
0
0.26854
0
0
0
0.10905
0.1489
0.06977
0.15338
0.14022
0.53736
0
0.07179
0.14763
0.04563
0.19863
0.0402
0.13196
0
0
0.06172
0.18469
0.0844
0
0.11328
0
0
0
0.35299
0
0.05256
0
0
0
0
0
0.05227
0.10879
0.0542
0
0
0
0.18933
0.0269
0.03966
0.25039
0.0148
0.03851
0
0.17262
0.04719
0.01817
0
0.04215
0
0.08469
0
0.119
0.05485
0.10827
0
0.1187
0
0
0.04743
0.10023
0.14742
0.03757
0
0
0
0.02913
0.06973
0
0.14746
0
0
0.02978
0.20123
0
0
0.29112
0
0
0.06058
0
0.05456
0.10876
0.3404
0
0
0.06492
0
0
0.11678
0.01553
0
0.04576
0.04662
0.06894
0.16269
0.11118
0.30012
0.03934
0.04477
0.05451
0
0.15054
0.1469
0.05859
0.06114
0.0579
0.08065
0.03726
0.14079
0
0
0
0.04725
0
0.10904
0.07125
0.05747
0.06396
0
0.11493
0
0.25285
0
0
0
0.14555
0.06018
0
0.0405
0.07247
0.31973
0.02021
0.22542
0.15004
0.12048
0
0
0
0
0
0.04211
0
0.36657
0.05806
0.17166
0
0.01696
0.06031
0
0.06714
0.07168
0.22671
0
0.1184
0
0
0.04589
0.39294
0.30326
0
0.05516
0.0439
0.06342
0
0
0.14023
0.1875
0
0.08471
0.08492
0
0.03763
0
0.04127
0
0.23586
0.2684
0
0.16635
0.01817
0.05121
0.39184
0
0.06449
0.37739
0.3302
0
0.04757
0.04549
0.05944
0
0
0
0
0.15408
0.22383
0.07092
0
0.08339
0.05507
0
0.36074
0.22761
0.28776
0.07279
0
0
0.05859
0.03802
0.24869
0.05835
0.43452
0.05863
0
0.04012
0
0.04411
0.05913
0.05924
0.0545
0
0.04589
0
0.07509
0
0
0.27485
0.04719
0.03366
0.15521
0
0
0
0.21704
0.2826
0.26114
0.09114
0.27078
0.05177
0.12013
0.0193
0.35297
0
0.03353
0.5217
0
0
0.01546
0
0
0
0
0
0.05797
0
0.04626
0.06673
0
0.16328
0
0
0
0.0543
0
0.26654
0.0406
0
0.05171
0.10215
0.08853
0
0.05168
0.03713
0.28774
0.04026
0
0.04774
0
0.05255
0.04166
0.01812
0.06094
0.14014
0.13062
0
0.03142
0
0
0.08444
0.04538
0
0
0.28206
0.20549
0.05356
0
0.11849
0.04649
0.37935
0.05209
0
0
0
0.04427
0.25478
0.12239
0.02261
0
0.04658
0
0.09459
0.05132
0
0.14629
0.05942
0.06947
0
0
0.05183
0.06885
0
0.04383
0.04516
0.03987
0.10555
0
0.04628
0.14111
0
0.04389
0.03982
0
0.13984
0.04332
0.77031
0.17304
0.21553
0.05752
0.05291
0.07135
0
0.09964
0
0.14769
0
0
0.0697
0.122
0.04693
0
0.05176
0.13625
0.08835
0.04073
0.05166
0
0.14094
0.07132
0
0
0.14647
0
0.06989
0
0
0.04398
0.15489
0
0.26769
0.04582
0.12934
0.73408
0.07142
0.057
0
0.14852
0.05735
0
0.28252
0.04235
0.01448
0.18903
0.08393
0
0.06422
0.02253
0.04407
0.14937
0.04476
0.03745
0
0.08368
0
0
0.46034
0.18898
0.04615
0
0.11401
0.29173
0.22726
0
0
0.03998
0.06975
0.22521
0.04562
0.08299
0.04631
0
0
0.11431
0
0.03633
0.18166
0.04693
0
0
0.04073
0.64228
0.11653
0
0.14679
0
0.04588
0.15086
0.22022
0
0
0.21964
0.04233
0.0977
0.01309
0.25722
0.18647
0.05096
0.35176
0.04384
0
0.0417
0.02074
0
0.04639
0
0.19921
0
0.052
0.38876
0
0.06917
0.14939
0.05944
0.26531
0.14736
0.08244
0.06824
0
0
0
0.09148
0.12921
0.3191
0
0
0
0.24555
0.11965
0
0.38763
0.30878
0
0.09264
0.15203
0.04714
0.0474
0.43191
0.22471
0.19257
0.04361
0
0.02282
0
0.20982
0.20722
0.06938
0.15378
0.17144
0
0.06445
0
0.0436
0.04454
0.0395
0.06525
0
0.09321
0.04503
0.15566
0.67553
0.04209
0.11716
0
0.2002
0
0
0.05055
0.04761
0.04529
0.03783
0.01994
0
0
0.04402
0.05252
0.05349
0.11061
0.04651
0
0
0.10997
0.02099
0
0.18705
0
0
0.42806
0
0.15415
0
0
0.28065
0.63473
0.04682
0.26728
0.13128
0.15808
0.05892
0
0.15033
0.0975
0
0
0.1666
0
0.06559
0
0.06522
0
0
0
0.32614
0
0
0.18157
0.06105
0
0
0.01762
0.01942
0.18054
0.0469
0.27707
0.03367
0
0
0.34457
0.05269
0
0.04493
0.0561
0.05743
0.21979
0
0
0.13186
0.05185
0
0.05903
0.5906
0
0.09871
0
0
0.12294
0
0.8803
0.05294
0.05848
0.05124
0
0
0.11926
0.06553
0
0.11714
0.14132
0.04314
0.41711
0.11143
0
0
0
0.14024
0.28775
0
0
0
0.11919
0.06008
0
0
0.06032
0.25021
0
0.03781
0.15149
0.14163
0
0
0
0.10079
0.15816
0.05086
0.03427
0.11982
0
0.14093
0.42388
0
0.42231
0.13605
0.27098
0.01695
0.13882
0
0.28424
0
0
0.05161
0.13442
0.66802
0.1614
0
0
0
0.09474
0.29644
0
0
0
0.05133
0.15758
0.31546
0.04049
0
0
0.14588
0.26317
0
0.07157
0
0.05206
0.05142
0
0
0.04513
0.31851
0.01986
0
0.19846
0.37446
0.04556
0
0
0.06079
0
0.04521
0
0
0.04363
0.0595
0
0
0
0
0.04618
0.23583
0.1302
0.05125
0
0.19016
0.08388
0.10674
0
0
0
0.25179
0
0.06032
0.53686
0.1408
0.05789
0.09858
0
0.04238
0.09357
0.01993
0
0
0.04626
0
0.37322
0
0
0.80074
0.48869
0
0.22239
0.16369
0
0
0
0.12623
0.12467
0
0.1259
0
0.34398
0.04479
0.04495
0.01494
0.565
0.25872
0
0.06606
0
0.13066
0.21229
0
0.01909
0.18596
0.10884
0.05117
0
0
0
0.13391
0.07412
0
0.06878
0.05068
0
0.25141
0
0
0
0.07128
0.18634
0
0.62555
0
0.21863
0.06884
0
0.05713
0.07206
0
0.16283
0
0
0
0.24428
0.08366
0.05393
0.04041
0.03925
0
0.13049
0.11416
0.51503
0
0.18809
0
0.07153
0
0.06627
0.39119
0
0.05249
0.05275
0.19931
0
0
0.04481
0.07963
0
0.03421
0
0.07096
0.34286
0.0707
0.04668
0.04079
0.09858
0.11844
0
0
0.06839
0.07203
0
0.05824
0.37417
0.12996
0.01717
0
0.22408
0.11903
0.1486
0.06983
0.27035
0.04798
0.21847
0
0
0
0.04321
0
0.05729
0
0
0.09174
0
0
0.06347
0
0.20309
0.03026
0.04459
0.0419
0
0.02998
0
0.2508
0.61271
0
0.71698
0
0.07194
0
0
0.25807
0.06046
0
0
0
0.14741
0.12798
0
0
0
0
0
0.07229
0
0.05189
0.04727
0
0.18979
0.29099
0.07332
0
0.01192
0.13067
0
0
0.16432
0
0.15877
0.14032
0.11426
0.15728
0.39112
0.16671
0.09217
0
0.05777
0.21493
0
0.13069
0.22127
0.03789
0
0
0.16546
0.3013
0
0.26954
0
0.05873
0
0
0
0
0.21907
0
0.23501
0.06556
0
0.05172
0
0.34666
0
0.01543
0.34723
0.02377
0
0
0.14118
0.14099
0
0.04339
0.06575
0
0
0.04467
0
0.06059
0
0.04178
0
0.03971
0.06005
0
0.08008
0.04553
0.44453
0
0
0.12759
0.12918
0.09202
0.06485
0.14501
0.33542
0.01477
0.24872
0.48757
0
0
0
0
0.06594
0
0.26779
0.01409
0.06873
0.03761
0.681
0.15154
0.01569
0
0.0596
0.15326
0.3105
0
0.05254
0.21946
0.0686
0.17708
0
0
0
0.06313
0
0.06613
0.05742
0.03749
0.01952
0
0.16494
0.13403
0.08442
0
0.0455
0.04392
0
0.03744
0.15924
0.14894
0
0.13775
0
0
0
0
0.2504
0
0.12514
0.05193
0
0
0
0
0.20964
0.05441
0
0
0.04523
0.2277
0
0.0463
0.04313
0.0518
0.20105
0
0.14862
0.20986
0.05804
0
0.15573
0.05254
0.05239
0.1466
0
0.11789
0
0.10058
0.044
0
0.05954
0.05987
0.01298
0
0
0
0.19036
0
0.06931
0
0.04184
0
0
0
0.15435
0.12992
0
0.06526
0.05812
0
0
0.05959
0.06503
0
0.02157
0
0
0.01945
0
0
0.04485
0
0
0
0
0
0
0.02738
0.17914
0.0439
0
0.4046
0.32046
0.19969
0
0
0
0
0.38858
0
0
0
0.06033
0
0.10789
0.26234
0.04519
0.0459
0.07038
0.05138
0.26816
0
0
0
0
0.17375
0
0.56656
0
0
0.04683
0.1226
0
0.04396
0
0.05114
0.07372
0.05122
0.04389
0
0.33406
0.04136
0.04679
0.07031
0.0431
0.16964
0.20577
0.0706
0.43231
0.18593
0
0
0
0.42886
0.07271
0.12979
0.11729
0.13826
0.15604
0
0
0
0.12937
0
0.07197
0
0
0
0.31489
0.15837
0.08398
0.02028
0
0.05188
0.13291
0.0479
0
0.18401
0.13106
0
0.05262
0.17118
0.046
0.03806
0.02035
0.04505
0.60466
0
0
0.05286
0
0
0
0.08518
0.17092
0.04551
0
0.06176
0
0.18952
0
0
0
0.52442
0
0
0.06759
0
0.52943
0
0.03814
0.05895
0.09131
0.70613
0
0.05212
0.01717
0
0.19399
0.27235
0
0.10902
0.11109
0
0.38554
0.03798
0
0
0.04472
0
0
0.10091
0
0
0
0.18747
0.10903
0
0.30006
0.08887
0
0
0.10976
0
0
0
0.05916
0
0.04516
0.05806
0.05857
0.11886
0.26216
0.04492
0.06136
0.04741
0.0598
0
0.06929
0.02109
0
0
0
0.14696
0.14843
0
0.81093
0
0
0.0509
0.05105
0
0
0
0
0
0.79918
0.04609
0
0
0
0.20491
0.14997
0.03957
0
0.27293
0
0.05821
0.01474
0.17977
0
0.1295
0.04179
0.04657
0.08853
0
0.67566
0
0.22632
0.04412
0.01759
0
0
0.05603
0
0
0.07842
0
0
0.24406
0.24501
0
0.0451
0.04072
0
0.04633
0.06683
0.05681
0
0
0
0
0
0.05293
0
0.01798
0
0.15077
0
0.03984
0.08416
0.06182
0.08383
0.06021
0.4204
0
0.39365
0.11331
0.34498
0.05218
0.12063
0
0.59732
0.01993
0.03005
0.41807
0.12229
0
0.05951
0.04218
0
0.08611
0.07032
0
0.05186
0
0
0
0.01986
0.12337
0
0.11845
0.15799
0.11987
0.20161
0.03975
0.21154
0
0.31142
0.24859
0.0467
0
0
0.15273
0
0
0
0.06103
0.13498
0.0464
0
0.35423
0
0
0.05282
0.05364
0
0.14628
0.15402
0
0
0
0.05275
0
0
0
0.05201
0.04507
0.25912
0
0.06647
0.11059
0.13727
0.18932
0
0
0
0.05948
0.05056
0
0.04192
0
0.16861
0.20356
0.05106
0
0.0459
0.0442
0.0445
0.04571
0.18936
0.19923
0.05315
0
0
0
0
0.06211
0
0.10402
0.05137
0.04035
0
0.14683
0.04435
0.0671
0
0.10002
0.10884
0
0
0.04671
0.43817
0
0
0
0
0
0
0.09878
0
0.06944
0.05071
0.15813
0.22492
0.14093
0
0
0.05945
0.19223
0.14877
0.17303
0.07317
0.05258
0.0449
0.4645
0.0792
0.16336
0.12194
0.02132
0.27942
0.05362
0
0.73401
0.05152
0
0
0
0.17067
0.05869
0
0
0.04511
0
0.045
0.05253
0.11873
0.03931
0
0.06983
0.22159
0
0.05296
0.09422
0
0.06503
0
0.33496
0.102
0
0.05973
0.04639
0.25145
0
0
0
0.05175
0.07347
0.09883
0.6519
0
0.22346
0.38281
0.0298
0
0.41934
0.10125
0.11832
0
0.02269
0.06683
0.12573
0
0
0.12188
0.39749
0.19676
0.11328
0.12404
0
0.06878
0
0.06804
0
0.13918
0.13348
0.0514
0.08526
0
0.05665
0.05669
0.11801
0.11934
0
0.05768
0
0.04625
0.06957
0
0.09861
0.68909
0.18575
0.24434
0.0685
0
0.05201
0
0.26827
0.48391
0.07172
0.12832
0
0.05753
0
0
0.01959
0.01911
0.05204
0.054
0.0574
0.0283
0
0.14728
0.16035
0
0.06855
0.0373
0.05229
0
0.15491
0.04066
0.08268
0.26659
0
0.01511
0.08481
0
0.07044
0.09841
0
0
0.13712
0
0
0.19061
0
0
0
0
0.05441
0.21614
0.05265
0.03134
0.06353
0.07089
0.23622
0.69083
0.06579
0
0.15832
0.15872
0.05849
0.28808
0
0.04428
0
0.06979
0.69364
0.31144
0
0.42358
0.13083
0.04515
0.0843
0
0
0
0
0
0.13276
0.18995
0
0
0.06789
0
0.04038
0.74824
0
0
0.04632
0
0
0
0.08455
0.0408
0.34375
0.20139
0.04582
0.08162
0.21684
0.16946
0.2439
0.04407
0
0.06605
0.05742
0
0
0.05893
0.01473
0.04373
0
0
0
0.05248
0.1145
0.08761
0
0
0.04594
0
0.355
0
0.04624
0
0
0
0
0.05878
0
0.16301
0.0848
0.21766
0
0.21993
0.17871
0
0
0.18786
0.1297
0
0.69584
0
0
0.08435
0
0.07187
0
0.12657
0.04523
0.04496
0
0.05855
0
0.08606
0
0.03484
0
0.64913
0.08388
0
0.19978
0.04324
0.05723
0
0
0.05797
0
0.04581
0.05091
0
0
0.08414
0.0601
0.02975
0
0.11892
0.15025
0.05101
0.03944
0.15006
0
0.06918
0.08113
0.07442
0.0734
0.04392
0.08374
0.04668
0.22847
0.06404
0.05452
0.05633
0
0
0.05864
0.05259
0.12961
0.21767
0
0
0.02434
0.10352
0.26846
0.08814
0
0.06382
0
0
0.06233
0
0.05648
0
0.04555
0.1561
0.24527
0
0.24105
0.05204
0.08413
0
0.09843
0.15415
0.30812
0.22079
0.04007
0.38871
0.04494
0
0.05743
0
0.05832
0.13616
0
0
0
0
0.03766
0.1032
0.11797
0.27095
0.06542
0
0.06722
0.03731
0.12085
0
0.12223
0.04183
0.05191
0.1793
0.05631
0.16372
0
0
0
0
0
0.18871
0.04735
0.05449
0.04506
0.31209
0.09422
0.05704
0
0.2693
0
0
0.04677
0.06533
0.01682
0.12006
0.09162
0.27166
0.03663
0
0
0.05018
0.05293
0.32819
0.14721
0.26888
0.05685
0.06273
0
0
0.05898
0
0.0303
0.05922
0.04608
0.0839
0
0
0.28136
0
0
0
0.40339
0.26706
0.10605
0.04567
0.06165
0.3007
0.56744
0.06911
0.06457
0.11256
0.22567
0
0
0
0
0.65491
0.01493
0
0
0
0.14743
0.1578
0.61735
0.18756
0.0836
0
0.20255
0
0.34532
0
0
0.07101
0
0.16241
0.08868
0.04027
0.67412
0
0.04478
0
0
0
0.05142
0.07131
0.1757
0.06705
0
0.03002
0.05891
0.05238
0
0.75583
0.06825
0.06841
0.0711
0.01447
0
0.04374
0
0
0
0.1901
0
0.14382
0
0
0.0448
0.1041
0
0
0
0.18896
0
0.04052
0
0.18901
0
0
0.27969
0
0
0.14716
0
0
0.19035
0
0.09855
0.03985
0
0
0
0
0.05921
0.08402
0
0.04331
0.2959
0.13102
0
0
0.76012
0
0
0
0
0.26777
0.25237
0
0
0
0
0.09442
0.26869
0.19805
0.04166
0.44344
0.06935
0
0
0
0.07084
0
0
0.15444
0.23905
0.52165
0
0.07002
0
0.0406
0.50436
0.05915
0.0477
0.19927
0.0407
0
0.59342
0.5559
0.07201
0
0.26057
0.32566
0
0.04819
0.23709
0.05272
0
0
0
0.04641
0.0399
0
0.06454
0
0.07908
0
0.28205
0.27025
0.06999
0.0519
0
0.43654
0
0.07002
0.2681
0
0
0
0.07183
0.04726
0
0.10076
0
0
0.09398
0
0
0
0
0
0
0.09069
0
0
0.07576
0.06883
0.14064
0.15626
0
0
0
0
0.15395
0.07577
0.06263
0.05297
0
0.05982
0
0
0
0.30126
0.15637
0.16412
0.17498
0
0
0.05057
0.10887
0.06849
0
0.06818
0.03772
0.08013
0.04346
0.25343
0.06951
0
0
0
0
0.26841
0
0
0.05606
0.11068
0.05889
0.09104
0
0
0.05951
0.07112
0.05975
0
0
0.15026
0
0
0.50653
0.04525
0.30063
0.15891
0
0.12325
0.06043
0.07023
0.05162
0
0.05684
0
0.02978
0.0976
0.06473
0.14793
0.10959
0
0.15724
0.04657
0
0.06161
0.05309
0.03545
0.06383
0
0
0.06398
0
0.26684
0
0.05686
0.22428
0.05282
0.053
0
0.06678
0
0
0.06422
0.05313
0.0566
0.08977
0
0.0538
0.05736
0.0537
0
0
0.06355
0
0
0.05388
0.10856
0
0.04196
0.07368
0.05661
0.05246
0
0.09464
0.0568
0.59621
0
0
0.12211
0.04034
0.05096
0
0.10699
0.19821
0
0
0
0.05806
0.15087
0
0.06526
0.20107
0.04648
0.22089
0.20335
0
0.04448
0
0
0
0
0
0
0.10205
0.05772
0.34872
0.36991
0.2514
0.16336
0.05932
0.05909
0
0
0.13197
0.15737
0.04681
0.05056
0
0.08377
0.06597
0.267
0.04363
0.04404
0.0425
0
0.13606
0
0
0
0.42977
0.1026
0
0.05438
0.06059
0.25034
0.04044
0.07225
0.04472
0.25285
0
0.05253
0
0.08297
0.60723
0
0
0.05878
0.0451
0.03371
0.04703
0.03996
0
0
0
0
0.05706
0
0.05103
0.39259
0
0
0
0.24416
0.03097
0
0
0
0.15562
0
0
0.15552
0.26974
0
0
0.04041
0.53773
0
0
0
0.05918
0.48975
0
0
0
0.14356
0
0.05989
0.10899
0.04688
0
0.03948
0.05203
0.22121
0.09847
0.05878
0.01728
0
0.54999
0
0.08409
0
0.0338
0
0.05738
0.12281
0.0641
0
0.03609
0
0
0.129
0
0.0854
0.11961
0.05914
0
0
0
0.07168
0
0
0
0.04162
0
0.15207
0
0.26557
0.13503
0.07143
0
0
0.09984
0.05766
0
0.05239
0
0.34452
0
0
0
0
0
0
0
0
0.37727
0.12227
0
0.04041
0
0.0538
0
0.03721
0.06013
0.06799
0
0
0.31885
0.05859
0.31789
0.06521
0.05982
0
0.15336
0.15416
0
0
0.05465
0
0
0.03983
0.06688
0.12881
0
0
0
0.06123
0.05815
0.10076
0.18277
0.20794
0.06651
0.09031
0
0.26722
0.05612
0.04731
0.21095
0.48028
0.15161
0
0.19003
0
0.06657
0
0.31074
0
0
0
0
0
0
0.18303
0
0
0.05764
0
0.18884
0
0.26884
0.02306
0.05719
0
0.68531
0.03758
0
0.037
0
0
0
0.04518
0
0.04008
0
0.06196
0.11916
0
0.04499
0.23619
0.52153
0
0.28811
0.04505
0
0
0.24806
0.08925
0.04641
0.04491
0.04678
0.10848
0.8113
0.04497
0
0
0.0583
0
0
0
0.12323
0
0
0
0.04507
0
0
0.03999
0.04619
0
0.02048
0
0.13925
0.05437
0.40368
0.03977
0
0.23901
0
0.14143
0.14073
0.1005
0.11911
0.03086
0.13511
0
0.1504
0.13314
0.06371
0
0
0.10015
0.26871
0.66826
0.58766
0
0.19865
0
0
0.05923
0.21404
0.06973
0.0406
0.28171
0
0.05843
0.05974
0
0.18708
0.04555
0.03697
0
0.01759
0.0986
0.35097
0.04571
0
0.05135
0
0.18277
0
0.19238
0.15156
0
0.04733
0
0.0721
0
0.13008
0
0
0
0
0
0
0.04532
0
0.11957
0.05999
0.36123
0.15622
0
0
0.03004
0.05816
0.11452
0.10264
0.11958
0.04477
0.04496
0.04508
0
0
0
0
0
0
0.0709
0.04471
0.13716
0.1006
0.26745
0
0
0.25008
0
0.11779
0.03981
0
0.05759
0
0.04515
0.05993
0
0
0.01504
0.02592
0
0
0
0
0.0316
0
0.05817
0.0716
0
0
0.06313
0
0.05919
0
0
0.05778
0.18209
0.0797
0.07357
0.06059
0.06952
0.0581
0.03788
0.05386
0.15414
0.06079
0.0576
0.06162
0.50605
0.06018
0.06447
0.03495
0
0.26927
0.06442
0
0.05781
0
0.1053
0
0.04007
0.26478
0.0419
0.08322
0
0.15758
0
0.06647
0.27947
0
0
0.1634
0
0.22356
0.28304
0.09725
0.04017
0.05689
0
0.05661
0
0.04391
0
0
0
0
0
0.62297
0.26772
0.13064
0
0
0
0.0459
0.0549
0
0
0.04364
0.11691
0.04399
0.21139
0
0.05822
0
0.07246
0.09046
0.18771
0.0524
0.02008
0
0.22571
0
0
0
0.07242
0.04603
0.10733
0.30054
0
0.01945
0.04246
0.15634
0
0
0.15173
0
0
0.11464
0.0453
0
0
0.06053
0
0.29129
0.12189
0.05419
0.0451
0.11659
0
0
0.01468
0
0.06233
0.27003
0.0454
0.12807
0
0
0
0.27272
0.02108
0.21958
0.17188
0
0
0.13248
0.05643
0
0
0.05749
0.07116
0.15499
0.03075
0.14975
0.08322
0.05425
0
0.097
0.05436
0
0.06552
0.18449
0
0
0.15354
0.3444
0
0.5844
0.12145
0.08367
0.05936
0.06993
0.04004
0.10299
0.20351
0
0.04649
0
0
0
0.0979
0
0
0
0
0
0
0
0.01906
0
0.06605
0
0.11885
0.05919
0
0
0
0.19684
0
0.12291
0.17772
0
0.33649
0.03802
0.05804
0.01889
0
0.02245
0
0
0.19758
0.70484
0
0.04534
0.07934
0
0.14959
0.15641
0.07415
0.07199
0.07052
0
0
0.05795
0
0.01301
0
0
0.52001
0.12279
0.48957
0.05999
0.05763
0
0
0.03778
0.04564
0
0
0
0.07433
0.04698
0.10013
0.05903
0
0.04007
0
0.32276
0
0.04658
0.10626
0.05833
0
0
0
0
0.10425
0
0.04322
0
0
0.0434
0
0.14269
0.06907
0.05818
0.05714
0
0
0.25319
0.34459
0.13517
0.09839
0.20188
0
0.07094
0.10069
0.06121
0
0.06426
0.05196
0.5381
0.37705
0
0
0.14712
0
0.22474
0
0
0.03969
0.24646
0
0
0.15177
0
0.04707
0.10512
0
0
0
0.04521
0
0.57292
0
0
0
0
0.06094
0.04739
0.08092
0.0584
0.04179
0.09468
0
0.04738
0
0
0.11449
0
0
0.01951
0
0.06067
0.04489
0
0
0.05152
0
0.04734
0.1096
0
0
0.22179
0
0
0
0
0.02073
0.46234
0.04028
0.29644
0.09037
0.22239
0
0.04747
0.03972
0.2962
0.08494
0
0
0
0
0
0
0.04482
0.22283
0
0.0599
0.12234
0.16747
0.04602
0
0.06153
0.14463
0
0
0
0.07187
0
0.1174
0.05078
0.32867
0.04045
0
0.23678
0.03723
0
0.08262
0
0.1523
0
0.03665
0.43382
0.11819
0.10167
0.05139
0
0
0.07178
0.08446
0.05236
0.16849
0
0.22642
0.0456
0.0829
0
0
0
0.13071
0.05081
0.08791
0.04597
0
0.09783
0.43939
0
0
0
0.56343
0.39048
0.08441
0.08756
0
0
0.10901
0.04052
0
0.04585
0
0
0.04674
0
0
0
0.05453
0.07975
0.07405
0
0.06223
0
0.25065
0.25095
0.0629
0
0
0.18964
0
0.31261
0
0.05056
0
0.0519
0
0.04721
0
0.04688
0.01677
0.08035
0.05639
0
0.11864
0.05815
0.04474
0.22932
0.22566
0
0.12188
0
0.20731
0.04092
0
0.04659
0
0
0.0151
0
0.03807
0
0.22389
0
0
0.19067
0.05183
0
0.11693
0
0
0.03798
0
0.04629
0.36928
0.28424
0.0441
0
0.05153
0.0441
0.02699
0.04
0
0.14703
0.1469
0.1555
0
0.03835
0.06066
0.04289
0
0.27179
0.11803
0.32266
0.11902
0
0
0
0
0
0
0
0.18267
0.04501
0
0
0
0
0.03981
0.05833
0.08379
0
0.04497
0.06401
0.11079
0
0.0703
0.24085
0.06073
0.05113
0.15382
0
0.06041
0.04474
0.09424
0.26899
0.08718
0.05202
0
0.06932
0.05983
0.04604
0.09989
0.04484
0
0.10839
0.12279
0
0
0
0.02988
0.15152
0
0.07003
0.15779
0
0.05985
0.69382
0
0
0.04553
0.38538
0.01496
0
0
0
0.05127
0
0
0.05057
0.81737
0.07075
0
0.05782
0.07359
0.06539
0.22378
0.10305
0.18007
0
0
0.11936
0.07125
0.71966
0.08277
0
0
0.11065
0
0.04542
0.21991
0.09764
0.04387
0.05243
0.17524
0.11373
0
0.11885
0.06089
0.04664
0
0.15478
0.08412
0
0
0.13716
0.06508
0
0.05948
0
0.1425
0
0
0.05756
0.04604
0.15777
0.5508
0.03856
0.0604
0.10064
0.08442
0
0.71587
0.04472
0.06972
0.25225
0.14528
0
0.1179
0
0
0.0586
0
0
0.2501
0.24984
0.04161
0.06603
0
0
0.24434
0.0589
0
0.17816
0.06475
0.22728
0.1798
0
0
0
0.01684
0
0.09685
0.07508
0.06426
0.06791
0
0.26601
0.06522
0.26913
0.18672
0
0.25389
0.5643
0
0.43277
0.07183
0.3677
0.52053
0
0.04086
0.58542
0.10041
0.07632
0.08482
0.06126
0.22476
0.24701
0
0.11882
0
0.05148
0
0.04508
0.05845
0.33562
0
0.0441
0.43606
0
0
0
0.02147
0.58986
0
0.12067
0.03511
0
0.30291
0.25245
0.05995
0.0783
0.05383
0.1866
0
0.07007
0.05855
0.51489
0.22666
0
0
0.08659
0
0.13996
0.10047
0
0.29232
0
0.05223
0
0.14024
0
0.05438
0.23704
0.29954
0
0
0
0
0.05851
0
0.15025
0.05421
0.04694
0
0.22611
0.02041
0
0.05413
0.04442
0.10007
0
0
0.40172
0
0.11942
0
0
0.33044
0.04682
0.11881
0.24446
0
0
0
0.22503
0
0.11424
0.01764
0
0.05729
0
0
0.03382
0.0522
0.14061
0.06508
0.05243
0
0
0.06786
0.08695
0.3222
0.28046
0.01957
0.07094
0.06186
0
0.07118
0.46251
0.05999
0.02285
0.10804
0
0
0.04674
0.14035
0
0.13226
0.52679
0.04616
0
0
0.11972
0.13229
0.18182
0.06487
0.16292
0.08177
0.04301
0.0568
0
0
0
0
0
0
0.25081
0.04656
0
0
0
0.02317
0.11795
0.147
0
0
0.04567
0.05157
0.05102
0
0
0.08481
0.08315
0.59068
0.06957
0.01366
0.14118
0.69358
0
0.05976
0
0.37668
0.01773
0.04192
0.04399
0
0
0.50613
0.22639
0.03416
0.06227
0.05317
0.15844
0
0.05792
0
0.19699
0.0597
0.09889
0.06727
0.045
0.0532
0.27391
0
0.07362
0.45774
0
0
0.06463
0
0.01951
0
0.09459
0
0.10234
0
0
0.14644
0.17897
0.03925
0.16141
0
0
0
0.09993
0.14065
0
0.04703
0.24117
0
0.04578
0.0986
0.1301
0.04055
0.14065
0.0452
0
0.07137
0.03808
0.04593
0
0
0.16689
0.06959
0
0
0.04669
0
0
0
0.06743
0.24939
0.07129
0.15213
0.24073
0.14473
0.43815
0.33519
0.22569
0
0.13341
0.32747
0
0.05391
0.06548
0
0.33792
0.50515
0.11881
0
0.27064
0
0.15843
0.04421
0
0
0
0
0
0.04583
0.31279
0.26939
0
0.04185
0
0
0.02579
0.1003
0.05193
0
0.33564
0.40344
0
0.04478
0
0.36373
0
0.05179
0
0
0.15845
0.23514
0
0.05907
0.13718
0.02255
0
0
0.06793
0.14906
0.06089
0
0.23774
0
0.04608
0
0
0.04018
0
0.10481
0
0.05373
0.10038
0
0
0
0.05934
0
0.09684
0.14132
0
0
0
0
0.06141
0.14144
0
0.05689
0.15686
0.05227
0.03006
0.11033
0.10578
0.14158
0.05972
0.05171
0.11864
0.03942
0.22193
0.22574
0
0
0
0.1527
0.03755
0
0.12432
0
0
0.28843
0.06714
0.05814
0.04394
0.04422
0.01406
0
0.07391
0.16762
0
0.28979
0
0.06789
0
0.1534
0.2501
0.71953
0
0
0
0.32509
0.21934
0
0.11116
0
0.05492
0
0.10076
0.21794
0.04702
0
0
0.09716
0.05217
0
0.04072
0
0.26893
0.223
0.06306
0.16406
0.05162
0.12795
0
0
0.05066
0.1283
0
0
0
0.35385
0
0.07893
0
0
0
0.12546
0.11393
0.06638
0
0
0.24628
0
0.34549
0
0
0
0
0.04727
0.08326
0.14846
0
0.01714
0
0.1992
0.22369
0.04245
0.05676
0.04098
0.04495
0
0
0
0
0.18715
0.04588
0.40493
0
0.18985
0
0.05164
0.05261
0.21888
0
0.05737
0
0.30912
0
0
0
0.06449
0
0.06863
0.02035
0.04535
0.16672
0.05887
0.05846
0.42368
0.04527
0.05969
0.05753
0.04763
0.0513
0
0
0
0.47085
0
0.12288
0.16501
0.32198
0
0
0.03986
0
0.04724
0
0
0.04674
0.32925
0
0.05478
0
0
0.29795
0.04216
0.05886
0
0
0
0
0
0
0.04045
0
0.26295
0.05652
0.06807
0.18176
0.15762
0.04516
0.01507
0.06179
0.0542
0
0.19003
0.20928
0.25593
0.0421
0.16404
0.04384
0
0
0
0.01376
0
0.07053
0.12008
0
0.01784
0.05845
0.15775
0.21827
0.15598
0.04591
0.15086
0
0
0
0.10813
0.31002
0.22003
0.04418
0.04511
0.05083
0
0.1634
0
0
0.05874
0.031
0.05113
0.06476
0
0.27304
0
0.1573
0.05827
0
0
0.06585
0
0
0.0512
0.09207
0
0
0.16411
0.04619
0
0.04393
0
0
0
0.37509
0.40186
0
0.21983
0.05933
0
0
0.1235
0.21566
0
0.05607
0.06085
0.05831
0.23869
0
0.10053
0
0.40192
0.06553
0.04488
0
0.01446
0.15463
0.06954
0
0.05913
0
0
0
0
0
0.0516
0.04495
0
0
0
0.05172
0
0.12204
0
0.04619
0.10075
0.0514
0.04761
0.11674
0.03972
0
0.06004
0
0
0
0.06007
0.06161
0
0.08405
0
0
0
0
0.02458
0.11297
0.10056
0.08046
0
0
0.0377
0.03738
0
0.32313
0.11332
0.55132
0
0
0.10754
0.18148
0
0.10853
0
0.04331
0.36122
0
0.07721
0.14526
0.05405
0.0363
0.04596
0
0.05658
0
0.05925
0.05397
0.35559
0.11284
0.50327
0.09392
0
0.14038
0.29882
0.37467
0
0.06001
0
0.18676
0.02999
0.0441
0
0
0.16624
0
0.05839
0
0.09859
0
0
0
0.12906
0.03704
0
0.10917
0
0.2111
0.05354
0
0
0
0.11388
0
0.0616
0
0
0
0
0
0
0
0.1601
0
0.03904
0
0
0.05079
0
0
0.04712
0
0.04075
0.15034
0.05973
0.31107
0
0
0.05125
0
0.05106
0.05921
0.06651
0.04168
0.22102
0.05523
0.03974
0
0
0
0
0
0
0
0
0.21878
0.42863
0.25946
0.12864
0
0.04477
0.283
0.50625
0
0.04496
0.16461
0.05602
0.0393
0.07137
0.06006
0.04559
0.04261
0.05421
0.21786
0.0375
0
0
0.06171
0
0
0
0
0
0.0584
0
0.03751
0.04687
0.03514
0
0
0.06956
0
0.09867
0.03995
0.06634
0.08326
0.09415
0.1983
0.26713
0.04615
0.08368
0.31051
0.02311
0.0639
0.6896
0.08466
0.06706
0.22416
0
0.31135
0
0
0.40475
0.04728
0.2183
0.04311
0.05642
0.04535
0.12388
0
0.0377
0.03723
0.10027
0
0
0.05853
0.3118
0.05829
0.06658
0
0.01714
0.05218
0
0.05156
0.01542
0.06403
0.05195
0.41265
0.15368
0
0
0
0
0
0.34211
0.71413
0
0.15166
0.06321
0
0
0
0
0.29815
0
0
0.05937
0.25332
0.12243
0.1401
0.18574
0.04794
0.04499
0
0.04241
0
0
0.05235
0.11283
0.05418
0.17611
0
0
0.08315
0
0.47446
0.05823
0.03931
0.43304
0.05139
0
0
0.32237
0
0.22253
0
0
0.04563
0.1182
0.43475
0
0.16378
0.31092
0
0.0721
0
0.02949
0.19837
0.05475
0.1467
0.3463
0.9289
0
0.14757
0.04037
0.05881
0
0.21869
0.14743
0.08853
0
0.19248
0.04494
0
0.10044
0.05403
0.03618
0.0543
0
0.06979
0.06099
0.14112
0.05151
0.19775
0.05833
0.05848
0
0.08376
0.0839
0
0.05718
0.07212
0.06922
0.04012
0.04042
0
0
0
0.07502
0.05125
0
0.41801
0
0.04637
0
0.01731
0.13193
0
0
0
0.05328
0.06092
0.04666
0.36458
0
0.05926
0.08469
0
0.0848
0.04652
0.0457
0.25088
0
0.01959
0.57279
0
0
0
0.04216
0
0.04064
0
0.22617
0.15856
0.03582
0.03749
0
0.12387
0.77997
0.22004
0
0.10062
0.22601
0.11785
0
0
0
0.15264
0
0
0.05449
0.18874
0.03876
0.07211
0
0.12771
0.03844
0
0.05826
0
0
0.31892
0
0
0
0.01269
0.04384
0.14532
0.09841
0
0.18938
0.10459
0.04423
0.06756
0
0.0547
0
0.22378
0.25115
0.06474
0
0
0.06262
0.61202
0.05862
0.04064
0.05924
0.08353
0
0.14054
0.15417
0
0.58366
0.02004
0
0.02217
0
0
0
0
0
0.03751
0
0
0
0
0.10006
0.12816
0.02623
0
0.04306
0.14668
0.04414
0.07698
0.05063
0.15071
0.04399
0
0.64981
0
0
0.26837
0.09858
0.04414
0
0
0.01706
0.05953
0
0.09971
0
0
0
0
0.05555
0.01974
0
0.29116
0.03983
0
0
0.42303
0.03765
0.17125
0.03178
0
0.13425
0.04478
0.05884
0.27987
0
0.03957
0.35601
0.20649
0
0
0.42306
0.18903
0
0.05482
0
0
0.07896
0.22249
0
0.0453
0.15178
0.21165
0
0.04388
0.04619
0.05195
0.09421
0.21769
0
0
0
0.26891
0.04637
0
0.07535
0.04676
0.01805
0.11377
0
0.34944
0.04473
0.06996
0.56906
0
0
0.05965
0.12266
0.08497
0.04383
0.53373
0.05769
0.03955
0.03106
0.04505
0.05404
0
0.05896
0.51297
0.15132
0.116
0.53466
0.13943
0.02981
0.11295
0
0.0389
0.04015
0.70024
0.09577
0.05621
0
0.02001
0
0
0
0.11845
0.08765
0.05435
0.06801
0.34136
0.04653
0
0.05226
0.11108
0.04716
0.0439
0.04066
0.43839
0.04472
0.02893
0.05386
0
0.06881
0.13753
0.49834
0.07368
0.45087
0
0
0.04237
0
0.05141
0.03758
0
0.05998
0.04522
0.10938
0.29096
0.05779
0
0
0.167
0.15784
0.0686
0.14701
0
0
0.2595
0.0518
0.18077
0.0183
0.41938
0.18631
0
0.05049
0.25305
0
0
0.1751
0.05411
0
0.04053
0.15197
0
0.18658
0.08267
0.11012
0.04007
0.05172
0
0
0
0.03911
0.22466
0.04391
0.15671
0.26336
0.45854
0
0.0745
0
0.01504
0.54007
0.05368
0
0.04474
0
0.08328
0
0
0.04427
0.18622
0
0
0.11415
0.21905
0
0
0
0
0
0.05089
0
0
0
0.05422
0.41302
0.04404
0
0.16371
0
0.16774
0.04283
0
0.07078
0
0
0.04667
0.18684
0
0.32761
0.08247
0.52751
0.41998
0.04417
0
0.05905
0.16353
0.119
0.12805
0
0
0
0
0
0
0
0.16234
0.21406
0
0.02008
0.25063
0.05997
0.07998
0
0
0
0
0.03786
0.09628
0.04494
0
0.0622
0
0
0
0.14935
0
0.04051
0.35087
0.05099
0
0
0.04296
0
0
0.05897
0.76774
0.04169
0.28145
0
0.05663
0.04195
0.25012
0
0
0.09267
0.04474
0.04471
0
0.04638
0.1001
0.0484
0.05907
0
0.26841
0.11957
0
0
0.36689
0.04634
0.05818
0
0
0
0
0.29416
0
0.05378
0.15657
0.19466
0.05198
0.05865
0.3372
0
0.07271
0.04574
0.04675
0
0.16154
0
0.03942
0.14363
0.03109
0.85591
0
0.32599
0
0.06815
0.04485
0.09825
0.03499
0
0.03868
0
0
0.06353
0
0
0.34371
0.64946
0.05517
0.07174
0.04615
0.0594
0.23709
0.05961
0.05623
0
0.04686
0.0658
0
0
0
0
0.34462
0.04606
0.08092
0.07189
0
0.08445
0.0654
0.10877
0
0.06008
0.05107
0
0.52579
0.05853
0
0.05183
0
0.084
0.03757
0.06402
0
0.06065
0
0
0.08278
0.12354
0.3807
0.40887
0.14633
0.43132
0.11171
0
0.04317
0.34371
0.05175
0.18657
0.13538
0.0203
0
0.05474
0.03987
0.05898
0.0596
0.1368
0
0.01931
0.23807
0.05839
0
0.045
0
0.05732
0.26823
0.11669
0.03794
0.21057
0
0.1499
0.19829
0.04293
0.04663
0
0
0.0454
0
0.19033
0.05227
0.04451
0
0
0
0.28122
0.11721
0.05807
0.26844
0.76704
0.15068
0.14733
0.05833
0.14679
0.18181
0.88317
0.27833
0.22421
0.17645
0.11066
0.04568
0.20086
0.22705
0
0
0.04208
0
0
0.10886
0.06085
0
0
0.07138
0.05056
0
0.05873
0
0
0.08442
0.0377
0.04416
0.10116
0.21917
0.06501
0
0
0.10269
0
0
0
0.03795
0.3353
0.13978
0.071
0.19648
0.02834
0.13331
0.39573
0
0
0.04324
0.08405
0
0.15723
0.04415
0.06595
0.02073
0
0
0.13549
0.1262
0.04012
0.04018
0.07038
0.05204
0
0.20738
0.05823
0
0.40484
0.09717
0.30264
0.04521
0
0.18449
0
0.04247
0.23727
0.05923
0.1312
0.05954
0.05322
0.04418
0
0
0
0.05719
0.04596
0
0.0977
0.268
0.04789
0.13054
0.05771
0
0.07083
0.04035
0.18406
0.01548
0.04173
0.6118
0.04422
0
0.06609
0
0.11324
0.22602
0.15144
0.3322
0.26998
0.07094
0
0
0
0.01511
0.04159
0.11344
0.7295
0
0
0.1221
0
0
0
0.04394
0
0
0
0.04494
0
0.1078
0.12019
0.06938
0
0.06985
0.26901
0.07842
0
0
0
0
0.11094
0.19544
0
0
0.08448
0.19637
0.14149
0
0.10875
0.12477
0
0
0.18877
0.06001
0
0.05127
0.14988
0.05303
0.73117
0.0465
0.11757
0
0.83935
0
0
0.08161
0.03908
0.31229
0
0.01941
0.05813
0
0
0
0.06026
0.06158
0.04789
0
0.23556
0
0.23628
0.29695
0
0.05326
0.23752
0.03378
0
0
0.50423
0
0
0
0.15528
0.17643
0.05905
0.13999
0
0
0
0.01692
0
0.12823
0
0
0.11768
0
0
0.09809
0
0
0
0
0.07087
0
0
0
0
0.08061
0
0
0
0
0
0
0
0.43496
0.14398
0.04487
0
0.04682
0.09778
0.01478
0.05301
0.11511
0.26903
0.04473
0
0.20891
0.04508
0.08435
0.03692
0
0.03751
0.04476
0
0.05488
0
0
0.04487
0
0.04201
0.41977
0.05143
0.10303
0.04503
0
0.08394
0
0.43279
0.02053
0
0.06172
0
0
0
0.08458
0.05078
0
0.06198
0.06586
0
0
0
0.21678
0.15033
0.0707
0.05255
0.06924
0
0.12359
0.62159
0
0
0.22526
0.11789
0.02265
0.27145
0
0.0417
0.05927
0.02607
0
0.01816
0
0
0
0.20457
0.09204
0.14025
0.05279
0.24587
0
0.24708
0.06984
0.19536
0
0.32106
0.04548
0.06306
0.65264
0.25044
0.43458
0.13722
0.07642
0.05791
0
0.05231
0.04536
0
0.13095
0.04543
0.08497
0.03011
0.03967
0
0
0.09735
0.23184
0.06993
0.05826
0.10196
0.04075
0.0754
0
0
0.15717
0.23784
0.23691
0.06269
0.28434
0
0.04039
0.74469
0.20935
0.07052
0.681
0.04635
0.04432
0.32052
0.21827
0.32673
0.04468
0
0.27061
0.04496
0
0.04408
0
0
0
0
0.68128
0.01463
0.03991
0.33025
0
0
0
0.08284
0.06388
0.0654
0.46905
0.32686
0.0541
0.08687
0.23703
0.1281
0.06321
0
0.05171
0.4885
0
0
0
0
0
0
0.53062
0.05034
0
0
0
0.04493
0.21842
0.30673
0.51479
0.10715
0.01894
0
0.05961
0
0.01844
0
0
0.35192
0
0
0.11749
0
0.05832
0
0.05947
0
0.19897
0
0.0179
0.15745
0
0
0
0.05913
0.0576
0
0
0.28351
0
0.04067
0
0
0.19931
0
0
0.3194
0
0
0
0.09843
0
0.04475
0.05847
0
0
0
0
0
0
0.0175
0.11839
0
0.05956
0.05812
0.06174
0.11706
0.05932
0.49148
0.04419
0
0
0
0
0
0.40253
0.0708
0.06963
0
0.15784
0
0.05968
0.15498
0
0.40379
0
0.17932
0.03565
0.01899
0.05626
0.06408
0
0.22886
0
0.07215
0
0
0
0.12393
0
0
0.07437
0.04253
0.24464
0
0.45929
0
0.16133
0.10188
0
0.26906
0
0.2679
0.50306
0.23629
0
0
0
0
0.01943
0.11979
0
0
0.12627
0
0
0
0.09888
0
0.23466
0
0
0
0.24808
0
0
0
0.05026
0
0
0.02407
0.04177
0
0
0
0.16434
0
0.04715
0.0469
0
0
0
0.18651
0
0
0.04738
0
0.06545
0.69032
0.10208
0
0
0
0.11285
0.20316
0.18457
0
0
0
0
0.10779
0
0
0.05884
0.04709
0.06274
0.23827
0.14621
0
0.69268
0
0
0.01829
0
0
0
0
0
0.16775
0.26588
0.51526
0.04205
0
0.06118
0.5502
0
0.51258
0.05816
0.04396
0
0.04496
0.25643
0
0.062
0.09708
0.07143
0
0.05897
0.06624
0
0.09406
0.1208
0.04425
0.1184
0.09002
0.15447
0.29253
0
0.05426
0.22919
0.06749
0.04497
0.57823
0
0.3179
0.15475
0
0.10252
0
0.20871
0.02951
0
0
0
0.22593
0.22262
0
0.04685
0.29194
0.22644
0
0
0.04517
0.06824
0.53636
0.44578
0.34516
0.10881
0.05331
0.25378
0.05378
0.05396
0.10863
0
0.05385
0
0
0.50944
0
0
0.27209
0.19727
0.10874
0
0
0
0
0.058
0.20978
0.12979
0.19081
0.05324
0
0.04402
0.29913
0.05748
0.21099
0.14625
0.28004
0
0.13549
0
0
0
0.04615
0.04542
0
0
0.04617
0
0.04691
0.04592
0
0.27285
0
0.06458
0
0
0.04592
0.05773
0.34373
0
0.01568
0
0.02882
0.07474
0
0
0
0
0
0
0.08786
0.09995
0.11093
0
0.07987
0
0.16491
0
0.14071
0
0.1498
0
0
0.16367
0
0.12321
0.19382
0.10374
0.25294
0.06451
0.28457
0.15393
0.18228
0.06464
0.25506
0
0.06281
0
0
0.53638
0.04702
0.75821
0
0.09038
0.18564
0
0.21956
0.31615
0.35436
0
0
0.14611
0
0.12183
0
0.22119
0.26895
0.05494
0
0.05723
0.26103
0.14634
0.04568
0.14281
0
0.0455
0
0.06495
0
0.01482
0.04546
0.04718
0
0.04637
0.04608
0.09986
0
0.04555
0
0.04542
0.03795
0.03778
0
0
0.04674
0.22898
0
0.07513
0
0.05205
0
0.04316
0
0.01726
0
0
0.06652
0.05104
0.06661
0.05055
0.10766
0.05157
0
0
0.20306
0
0.04335
0.11144
0
0.06821
0.16534
0.11164
0
0.1651
0.08359
0.08331
0.05224
0
0
0.07077
0.05438
0.14853
0
0
0.48055
0.2524
0.05364
0.49505
0.20679
0
0.10276
0.07173
0.62268
0.86165
0.05423
0.2702
0.05387
0
0.22945
0
0.54103
0
0
0
0.06308
0
0.13734
0.05466
0.05625
0.04011
0.04047
0
0
0
0.05362
0.05218
0
0.12539
0.01488
0.1463
0.14257
0.06587
0
0.03815
0.04647
0.1416
0.03796
0.05158
0.0471
0
0
0.06457
0
0.04033
0
0.04515
0
0.05669
0.04687
0
0.09187
0
0
0.14061
0
0
0
0.14157
0.01685
0.27949
0
0.1747
0
0
0
0.11132
0.05698
0.1631
0.11985
0.04389
0.15057
0.16723
0
0.18346
0.11128
0.11881
0.15099
0.11317
0
0.05181
0
0.06833
0.15153
0.09855
0
0.14613
0.59406
0.16702
0.04484
0
0.11748
0.05404
0
0.11786
0.2905
0
0.06277
0.25408
0.26957
0
0
0.05472
0.02192
0.09051
0.018
0
0.25147
0.05926
0.05889
0
0
0.06979
0.06392
0
0.0716
0
0.08384
0.12209
0.0439
0
0.03008
0.19018
0.0439
0
0.02977
0
0.03797
0.03
0.13987
0.08326
0
0
0
0.04751
0.04689
0
0.04574
0
0.04696
0.22415
0
0.04579
0.10058
0.10053
0.04545
0.1398
0
0.0883
0.04335
0.0465
0.05219
0.04307
0
0.07905
0
0
0.06815
0.11894
0
0.07043
0.15123
0.16426
0.1183
0
0.08956
0.26332
0.10015
0.28436
0.17658
0.20023
0.63462
0
0.08747
0.14581
0.50537
0.1282
0.18745
0.6636
0.26822
0
0.07072
0.21877
0.02261
0.26905
0.18862
0.05614
0.11262
0.13345
0.26911
0.04657
0.25278
0.10877
0
0
0.29152
0
0
0.09449
0
0.26098
0.13117
0
0.07104
0.07088
0.05616
0.05337
0.05127
0
0
0.04666
0.05625
0.31832
0.08538
0.08347
0.10833
0
0.01271
0.05255
0.03788
0.04402
0.19021
0.07277
0
0
0.1003
0
0
0
0
0
0
0.04081
0.08743
0
0.14031
0.06056
0
0
0
0
0
0
0.04595
0.09198
0.125
0.12423
0
0.05231
0
0.05223
0.14135
0.04321
0
0
0.13999
0
0.14165
0
0
0.06829
0
0
0.14683
0.16372
0
0.09829
0.16393
0
0.16495
0.13363
0.11915
0.04379
0.14037
0.04307
0.06496
0.20166
0
0.10709
0
0.14192
0.30659
0.06507
0
0.06229
0
0.04533
0.11502
0.25621
0.21986
0.05371
0
0.0697
0
0.07143
0
0
0.11119
0.15653
0
0
0
0.05413
0
0
0.07096
0
0.09195
0.14006
0
0.04274
0
0
0
0.28669
0.08501
0.18976
0.14683
0.0844
0.0836
0.1474
0.04042
0.12233
0.03754
0
0
0.10882
0.08369
0.04434
0.03788
0
0
0
0
0.03773
0.0464
0
0.05192
0
0.04328
0.14042
0.0226
0
0
0.04685
0.05152
0.14139
0.14147
0
0
0.0921
0.07509
0
0.08127
0
0
0.04723
0
0
0
0.15002
0.09789
0.15039
0.16025
0.05221
0.05173
0.16428
0.1639
0.04353
0
0.2802
0.16295
0.07973
0.12847
0.05241
0.09843
0.1512
0.04322
0.12008
0.14987
0
0.15133
0.1189
0.04689
0.18056
0.15425
0.53606
0.0457
0.1659
0.25699
0
0.05366
0
0.05491
0
0.32409
0.17137
0.05414
0.09893
0
0.11302
0.02697
0.14446
0.05649
0.0536
0.05384
0.16284
0
0
0.07056
0
0.0719
0.23575
0.05848
0
0.08255
0
0
0
0
0.06537
0
0
0.05322
0.05271
0.03771
0
0.04019
0.04233
0.08354
0
0.10971
0.0374
0.08404
0
0
0
0.1954
0.59108
0
0.15199
0
0.10289
0.11697
0
0.22096
0
0
0.23014
0.60545
0
0
0.01366
0.16741
0.03826
0.19817
0
0.15866
0.17863
0.04176
0.22005
0.09148
0.05629
0
0.05363
0.07979
0
0.07233
0.02162
0.05345
0.05319
0
0
0
0.83837
0
0
0.05244
0.29387
0.0377
0
0.04045
0.08474
0.38002
0.04236
0.01789
0.55082
0.0641
0
0
0.06315
0
0
0
0.06404
0.10891
0
0.06919
0.05343
0
0.28294
0.20986
0
0.05388
0.10887
0
0
0.2691
0.06624
0.23976
0
0.0724
0
0
0
0.15719
0
0.04411
0
0.07031
0.04025
0.04025
0.06871
0.18986
0.14705
0
0.1671
0.65537
0.18671
0.0979
0.14656
0.04476
0.039
0.0794
0.49276
0
0.04701
0.06321
0.23904
0.10047
0.11151
0
0.05919
0
0.06964
0.11626
0.26974
0.26909
0
0.29179
0
0.16491
0.32748
0.04697
0.51468
0.64261
0
0.35858
0.15048
0.64375
0.04576
0
0.21118
0
0
0.0575
0.1306
0.11103
0
0.24384
0.03774
0.03991
0.07025
0.31376
0.29032
0.1066
0
0
0.26177
0.53768
0.11508
0
0
0.06013
0.22112
0
0.05392
0.05445
0
0.21721
0.12317
0.18304
0.05415
0.70199
0.02436
0.71254
0
0.02945
0.12391
0.05933
0
0.28866
0
0
0
0
0.26997
0.05776
0.06726
0.38969
0
0.04441
0
0.15777
0.04006
0
0.14478
0.08169
0.10116
0.10283
0.09828
0.05849
0.14738
0.01554
0.0143
0
0
0.05884
0
0
0.11899
0
0
0.25
0.04732
0
0
0.26973
0
0
0.0971
0.06652
0
0.07128
0
0.26866
0.39625
0.12876
0.18762
0.09664
0
0.04142
0.02939
0.05661
0.07232
0
0.07132
0.06612
0.18406
0.05365
0.08291
0
0.79736
0.08404
0
0.03928
0
0.04638
0
0
0
0
0
0
0.19872
0.0567
0.21847
0.06942
0.15439
0.07193
0.72842
0
0.05451
0
0.25108
0.02424
0
0.05065
0
0.26085
0.04391
0.15771
0
0.01687
0.22621
0
0.0404
0.08398
0.04009
0
0.01549
0
0.0565
0.20535
0.0778
0.04512
0
0
0.29576
0.05274
0
0
0
0.14887
0
0.0606
0.09441
0
0.12535
0.18705
0
0.24118
0.25153
0.05766
0
0
0
0
0.07011
0.0622
0.06032
0.07301
0.21826
0
0.05895
0
0.3019
0
0.4244
0
0.02278
0.43417
0.08291
0.03998
0.19011
0.22614
0.32204
0.0453
0.15687
0.05823
0
0.04587
0.78173
0
0.13984
0
0.06028
0
0.13369
0.13112
0
0
0.10833
0
0
0.07145
0.25179
0.03862
0.28553
0
0
0
0
0
0
0.04279
0.11773
0.76747
0
0
0
0
0
0.05773
0
0.30257
0.27417
0.15745
0.04176
0.32291
0.07037
0
0.18882
0.21761
0.22149
0
0
0
0.16108
0
0
0.05373
0
0.43592
0.11682
0.07108
0.18501
0.36088
0.2506
0.05921
0.06146
0
0.07097
0.338
0.05148
0
0
0.01548
0
0.04425
0.02191
0.02314
0.48521
0.66671
0
0.67333
0.07112
0.01493
0.06067
0.08806
0.27207
0.26915
0
0.36771
0
0.08323
0
0.13104
0
0
0
0.04548
0.05262
0.04318
0.1009
0
0.04448
0.0585
0
0
0.06196
0
0
0
0
0.04763
0.05954
0
0
0
0
0
0.06593
0.04402
0.34089
0
0
0.0708
0
0
0.04452
0.14763
0.25009
0.07095
0.22462
0
0.12975
0.47241
0
0
0
0.0458
0.06662
0
0
0
0.07788
0
0.40323
0.36203
0
0.05894
0.04634
0.01311
0.0186
0.12968
0
0
0.12043
0.31016
0.18974
0.08437
0.08456
0.27825
0.03998
0
0.10082
0
0
0
0
0
0
0.03643
0.23201
0.12563
0
0.05101
0.05908
0.03874
0
0
0.19526
0.05965
0
0.12229
0
0
0
0.1579
0
0.56856
0
0
0
0
0.05854
0
0.06955
0
0.03774
0.05634
0
0
0.28249
0.07107
0.08369
0.19023
0
0
0.04586
0.04497
0.1224
0
0.20001
0
0.04449
0.24985
0
0.05983
0.04519
0
0.11727
0.05556
0
0.06094
0
0
0
0
0.03991
0
0
0.20961
0.2377
0
0
0.11888
0
0
0
0.10661
0.26944
0.0721
0.07177
0
0.04177
0.1331
0.0422
0.04224
0
0.20209
0.08463
0.14751
0.39099
0.12584
0.04051
0.10741
0
0.06554
0.08156
0
0
0
0
0.40179
0
0
0
0
0.05992
0.021
0.0387
0
0.05951
0
0
0
0
0
0
0.05866
0.12996
0.13042
0.02949
0.06291
0
0
0.05922
0
0
0.06904
0.01359
0.09611
0.40492
0.27559
0.0418
0.43446
0.04025
0.04406
0.05092
0
0
0
0
0
0.05832
0
0.05961
0.04485
0.05244
0.05927
0
0.02986
0
0.10323
0.21595
0.05258
0
0.11493
0.06956
0.10622
0.13145
0.39033
0.08528
0.13422
0.13515
0.25038
0.42131
0.04507
0.04477
0
0
0.04402
0
0
0
0.06072
0.05975
0
0.08781
0.0512
0
0.05851
0.0197
0
0.04624
0.20931
0.05233
0
0
0
0.12619
0
0.05197
0
0.02114
0
0
0
0
0.11244
0
0
0.22722
0.29443
0.07111
0.39177
0.14829
0.31214
0.07079
0.07175
0.03957
0.0601
0.04512
0
0.33737
0.045
0.04478
0
0.05837
0
0.05109
0
0.03981
0.04477
0
0.05908
0
0.04416
0
0
0
0.08649
0.17922
0.15859
0.04177
0.04185
0.22196
0
0
0
0.05884
0
0.05836
0.06067
0.058
0
0
0
0.04489
0.26803
0.05031
0
0
0.05725
0.05205
0.05904
0
0.05893
0
0
0.05079
0
0
0.0502
0
0
0.06738
0.04475
0.15781
0.09685
0.43226
0.39037
0.1331
0.3123
0.22151
0
0.06128
0
0
0
0.18812
0.05777
0
0.1605
0.05805
0.06539
0
0
0
0.15698
0.05095
0.02166
0.02166
0
0.10942
0.08358
0.0848
0.43748
0
0
0.05234
0
0.05965
0
0.05757
0
0.05034
0
0
0
0
0
0
0
0
0
0
0
0
0.27494
0.11766
0.22617
0.24891
0.3894
0.15814
0.22706
0.13276
0.05883
0.05898
0
0.05889
0
0
0
0.05041
0
0
0.04561
0
0
0
0.05891
0.05285
0
0
0
0.05664
0
0.02022
0
0
0
0.10295
0.30088
0.21504
0.22658
0.39084
0.27152
0.22345
0.38955
0.3231
0
0
0
0
0
0
0
0
0.01937
0
0
0
0.05921
0.05786
0.06076
0.05921
0
0
0
0
0
0
0
0
0.12351
0.04165
0.22598
0.01954
0.01503
0
0
0.05087
0
0
0
0
0.05834
0
0.05894
0
0
0
0
0.05966
0.04421
0.04047
0.0465
0.06277
0
0
0
0.18046
0.17922
0.08331
0
0
0.01904
0
0
0
0
0
0
0
0.05813
0.0595
0
0
0
0.05186
