0.20427
0.09052
0.0686
0.04804
0
0.06659
0
0.13365
0
0.21141
0
0.03155
0.07945
0.0235
0.07084
0.07092
0
0
0
0.11473
0
0.32912
0
0.17277
0.11841
0
0.14609
0
0
0.07142
0.51916
0
0
0.02834
0.1878
0.05293
0
0.13735
0
0.82069
0
0
0
0
0
0
0
0
0
0.03168
0
0
0.05205
0
0.01594
0
0.03411
0
0
0.7935
0
0
0.39182
0
0.10017
0.12365
0.04795
0
0
0
0
0
0
0
0
0
0
0
0
0
0.44897
0
0
0.18645
0
0.14013
0
0.1476
0
0.05439
0.24114
0
0.07311
0
0
0
0
0.64599
0
0.36039
0.29073
0.07897
0.33644
0
0.72424
0
0
0
0
0.58289
0.34148
0
0.07008
0
0
0
0
0
0
0.1877
0.05305
0
0
0.23134
0
0
0
0
0.08122
0
0.05919
0
0.14335
0
0.04772
0.34908
0.23378
0
0
0.0519
0
0
0.22882
0.15046
0.2137
0
0.06714
0.04594
0
0.22075
0.23019
0
0.0872
0.09199
0.16769
0
0
0.63477
0.14565
0.08865
0
0
0.41688
0
0
0
0.03399
0.07245
0
0
0
0
0.46002
0
0.53532
0
0
0
0
0
0
0
0
0.36851
0.42104
0.33578
0.23641
0
0
0
0.07629
0
0
0
0
0
0
0
0
0.48518
0
0.05792
0
0
0
0
0
0
0
0
0.60903
0.16271
0.05105
0
0
0
0
0.3494
0
0.27878
0.22629
0
0.07969
0.79726
0
0
0.0736
0.69604
0.22802
0.08248
0
0.30562
0.30571
0
0
0.38758
0
0
0
0.07576
0.12311
0
0
0.06267
0
0
0
0
0.0835
0
0
0
0.28124
0
0.1433
0
0
0.2864
0
0
0
0
0
0.1279
0
0
0.06628
0.47271
0.74141
0.05312
0.06888
0
0
0.07657
0.39877
0.07997
0
0
0.07125
0.34164
0.46627
0
0.06913
0
0
0.19348
0.16081
0.49063
0
0
0
0
0.07899
0.08139
0.23411
0
0.07081
0
0
0
0.12102
0
0
0
0
0.22281
0
0.04778
0
0
0.07908
0.16817
0.20646
0
0
0.53814
0.05888
0
0.47366
0.06297
0
0
0
0
0.11832
0.0676
0.18758
0
0
0
0
0
0
0
0.47746
0
0
0
0
0
0.20717
0.52547
0
0
0.17157
0.07502
0.37207
0.20191
0.35452
0
0
0.28094
0
0.08533
0.21252
0.05088
0
0
0.20862
0
0
0
0.77631
0
0.06866
0
0.84359
0.06983
0
0.1345
0.18811
0.29382
0.05569
0
0.45848
0
0
0
0
0
0.22178
0.09138
0
0
0
0
0.69589
0.53649
0.2235
0.03848
0.64994
0.42978
0.16957
0
0
0
0.07061
0.12374
0.14143
0
0
0
0
0
0
0
0
0.18729
0.21137
0.07046
0.02246
0.05135
0.50763
0
0
0
0
0
0
0
0.11218
0
0.05371
0.66616
0
0
0
0.2249
0
0
0
0.20973
0.17406
0.74555
0.41735
0.42161
0.22207
0.1217
0
0
0
0.09506
0
0.06589
0
0.20822
0
0.0695
0
0
0
0.08369
0.42648
0
0
0
0
0
0
0.09047
0
0
0
0
0
0.14899
0.28111
0
0.50494
0.22168
0.12058
0.14673
0
0
0
0
0
0
0
0.07666
0
0.28132
0.3026
0
0
0
0.04259
0.07478
0
0
0.59171
0.18438
0
0
0
0.046
0.10491
0
0
0
0.07144
0.07006
0
0
0
0.07768
0.04945
0
0.24438
0
0.02612
0
0.07752
0
0
0
0.10969
0
0
0
0.18538
0
0
0.06771
0.14893
0
0
0.18704
0
0.06567
0
0.20615
0.42937
0.07969
0
0
0
0.27018
0
0
0
0
0.90884
0
0.07512
0
0
0
0
0.16484
0
0
0
0.16528
0.8712
0.06784
0
0.22822
0.44915
0.07824
0
0.07934
0.05843
0
0
0
0.14299
0
0.28451
0
0.08219
0.08265
0.04411
0.24309
0
0
0.16197
0
0
0
0
0.08741
0.24789
0
0
0
0.21068
0.07794
0
0
0
0
0.13285
0.08791
0
0.14743
0
0
0.64226
0.0489
0.14324
0.07045
0.47511
0.38486
0
0.18738
0
0.15685
0.21031
0.078
0
0
0
0
0
0.04785
0
0.28234
0
0.07589
0
0
0
0
0
0
0
0
0
0
0
0
0.14802
0
0
0
0
0
0.08772
0.47754
0
0
0
0.06352
0
0
0.07665
0
0
0.14776
0
0.1933
0.1935
0.48545
0
0
0
0
0
0.08092
0
0.53442
0
0
0
0
0.09056
0
0.08386
0
0
0.16256
0
0
0
0.4596
0
0.14986
0.63793
0
0.15963
0
0
0.09097
0
0.10099
0.06875
0
0.05083
0
0.20193
0
0
0
0
0
0.6404
0
0
0
0
0
0
0
0.20829
0
0
0
0.13986
0
0.15891
0.0532
0
0
0.05283
0
0
0
0
0
0.06319
0.02055
0
0
0
0.14091
0
0
0
0
0.23133
0.19163
0
0.29048
0
0.06837
0
0.07211
0
0
0.09146
0
0.72225
0.07459
0.15042
0.18749
0
0
0
0.07845
0.04395
0
0
0
0
0
0
0
0
0
0.07614
0.08175
0
0
0
0
0.86713
0.20513
0
0
0.15503
0
0.02799
0
0
0.0729
0
0.07605
0
0
0
0
0.06179
0
0
0.21022
0.57879
0.39742
0.14497
0
0.68543
0.5118
0.75723
0
0.04909
0
0
0
0.44151
0
0
0.06985
0.24662
0
0.07705
0
0.4883
0.3691
0.07182
0
0
0.22793
0.06723
0
0.04427
0.02528
0
0
0
0.16965
0
0
0
0
0.07081
0.77813
0.06995
0
0
0.02407
0.24606
0.07092
0
0
0.06899
0
0
0
0.05217
0.05275
0
0.28174
0.06044
0.05997
0
0.29939
0
0
0
0
0.08432
0.60467
0
0.27374
0
0.0799
0.1652
0
0
0
0
0.21546
0.07473
0.19003
0
0
0
0.08032
0.25726
0
0
0
0.0868
0.15661
0.09233
0
0
0.04984
0
0.18157
0
0.04774
0
0.07508
0
0
0.63492
0
0.16126
0.13156
0.0666
0
0
0.1927
0
0.07371
0
0
0.02274
0.04158
0.19579
0.08614
0
0
0
0.06779
0
0
0
0
0
0.07179
0.07548
0.15449
0.06869
0
0.76933
0
0
0.10889
0.15025
0.05308
0
0.07846
0
0
0.09805
0.29317
0
0.54002
0
0.1497
0.51822
0
0
0.06359
0.02371
0.07201
0
0.36953
0.05199
0.79681
0
0
0.18913
0.23059
0
0.17095
0.29778
0.14341
0
0.14734
0
0.21008
0.04788
0.0484
0
0
0
0.18949
0.32807
0
0
0
0
0
0
0.21511
0.07112
0
0
0
0.08093
0.16482
0.53454
0.07448
0.07847
0.0597
0
0
0
0.05336
0.07483
0
0.09479
0.18967
0.38416
0
0.08615
0
0.05323
0.21355
0.07248
0
0
0.21501
0.24924
0
0.06367
0
0
0
0
0.06462
0.2217
0
0.1904
0
0
0
0
0.10167
0.14921
0.10698
0.57054
0
0.16967
0
0
0
0.06087
0
0
0
0
0
0.06042
0
0.13725
0
0.2248
0.6957
0.50231
0.14661
0
0
0.50975
0.05155
0
0.05183
0.09112
0.05814
0
0.07945
0.16495
0.5574
0
0
0
0
0.06636
0
0
0.18666
0
0.04783
0
0.05208
0.04774
0
0
0.06768
0
0
0
0
0
0
0
0
0.5139
0
0
0
0.0894
0
0
0
0
0.23093
0
0.08496
0.05807
0.07569
0
0.52708
0.75237
0
0
0
0
0
0
0.6942
0.0565
0
0
0
0.16813
0
0.17694
0.0712
0.75159
0
0.01719
0
0.21951
0.29646
0
0.47677
0.59375
0
0
0
0
0.23613
0
0
0.62613
0
0
0
0
0
0
0
0.06963
0.06804
0.13787
0
0.43824
0.36621
0
0.07823
0.06204
0.07836
0
0.03466
0.19248
0.05252
0.08086
0
0
0.02185
0
0.08592
0.14137
0
0
0.42365
0
0
0
0.08115
0
0
0
0
0
0
0
0
0
0
0
0.67883
0.0678
0
0.02192
0
0
0.4659
0.0764
0
0.23645
0.18631
0.06894
0
0.08536
0
0.53976
0.10854
0
0.09328
0
0.07135
0
0.14897
0
0.02777
0.11086
0.19138
0.06774
0
0
0.23037
0
0.17415
0
0
0.08607
0.17164
0.02072
0
0
0.24567
0.11383
0.14708
0
0
0.06998
0
0
0.07788
0
0.15055
0.20669
0.24769
0.07303
0.17926
0.14212
0
0
0
0
0
0.16782
0.24782
0.32815
0
0
0
0
0
0
0
0
0
0
0.07624
0.06692
0
0
0
0.02392
0.09115
0
0.39324
0.24957
0.05101
0.5146
0.233
0
0
0.69935
0
0.04803
0
0.06887
0.20729
0.32386
0
0
0.06995
0.17533
0
0
0
0
0.04491
0
0
0.06617
0.2899
0
0.08568
0
0
0.07898
0
0
0.16045
0
0.24449
0.48002
0
0
0
0
0
0
0
0
0
0.07081
0.63755
0
0
0
0
0
0
0
0
0.22552
0.14186
0
0.19263
0
0
0.05129
0
0
0
0
0
0
0
0.24495
0.09163
0.46527
0
0
0
0.14655
0.151
0
0
0.32584
0
0.18772
0.15079
0.53843
0.0254
0
0.0762
0
0
0.07756
0.07773
0.0477
0.08086
0.23237
0.45118
0
0
0.4204
0
0
0
0
0
0
0
0
0
0.24362
0.24428
0
0
0.04769
0
0
0.14777
0.39003
0.16029
0.07737
0.07619
0.06891
0
0
0
0
0.18935
0
0
0.37244
0.28701
0
0.6371
0
0
0
0
0
0.13819
0.1239
0.33793
0
0.50505
0.10156
0.11327
0.08449
0
0
0
0.0953
0.07005
0.48048
0
0
0
0
0.71692
0
0
0
0
0
0.28738
0.08607
0.048
0
0.26266
0
0.3905
0
0.16633
0.14717
0.1766
0.33115
0.18934
0
0.28076
0
0
0
0
0
0.0689
0
0
0
0
0
0
0.18652
0
0
0
0.15397
0.60226
0.07944
0
0
0
0
0
0
0
0
0
0
0
0
0.21385
0
0
0
0.07271
0
0.04722
0.47417
0
0.0778
0.06139
0.06263
0
0
0.03566
0.3626
0.02588
0.69959
0
0.27269
0
0
0.62676
0.05342
0.42006
0.05658
0.2736
0.23608
0.02343
0.69164
0.04486
0
0
0.38943
0
0.18343
0
0.1897
0.16079
0
0
0.0481
0
0
0
0.0207
0
0.08514
0
0
0
0
0
0
0.30239
0
0
0
0
0.08366
0
0
0.07934
0.18857
0
0.02971
0
0
0
0
0
0
0
0
0
0
0
0
0.08483
0
0.41911
0.16434
0
0.10924
0
0
0
0.05125
0.05109
0.23155
0.09112
0
0.64031
0
0.09034
0.07172
0
0
0
0
0
0.07835
0.05306
0.49031
0
0
0
0.14301
0
0.50762
0
0
0
0
0.11302
0
0
0.37294
0.04632
0.24928
0
0
0
0
0
0
0
0.02283
0.07921
0
0
0.07186
0.448
0
0.04812
0
0
0
0
0
0.06697
0.44179
0
0
0
0.15246
0.57461
0
0.29968
0.25457
0.51157
0
0.38461
0
0
0
0
0
0
0
0
0
0.07014
0
0
0
0
0
0
0
0
0
0
0.05172
0.57749
0.08431
0
0.02543
0
0
0.25643
0.0712
0.06818
0
0.04017
0.16617
0.22631
0.25765
0.07931
0
0
0
0
0
0.06611
0
0
0
0
0
0.30653
0.18624
0
0
0
0.11577
0
0.15645
0.15606
0
0.0719
0
0
0.16682
0
0
0
0
0
0
0
0
0.222
0
0
0
0.04809
0
0
0.09178
0
0
0
0.31226
0
0
0.19096
0
0
0.08869
0.04587
0
0
0
0
0
0
0
0
0
0
0.05224
0.53701
0
0
0.19108
0.28653
0
0.65984
0
0.24823
0
0
0
0
0
0
0.18607
0
0
0.22533
0
0
0.23359
0.07691
0
0
0
0
0
0
0.02042
0
0.05173
0.05208
0
0
0
0
0
0
0
0
0
0
0
0
0.0795
0
0
0.42293
0.4174
0
0
0
0
0
0
0
0.44631
0
0.02625
0
0.01726
0
0
0.02633
0
0.29732
0
0.51156
0
0.07819
0
0
0
0
0.20094
0
0.77692
0.09321
0
0.07556
0.08143
0.17489
0.23455
0.63687
0
0
0
0
0
0.08438
0
0
0
0.01596
0
0.02658
0
0
0.40787
0
0
0
0.06934
0
0
0
0.23335
0
0
0
0
0
0.22999
0
0.59162
0.59191
0
0.37356
0
0
0
0.05892
0
0
0.23324
0.0788
0.05088
0.39975
0
0
0
0
0
0.08722
0.32592
0
0
0
0
0.07078
0
0
0
0
0.23382
0.19501
0
0
0
0.06918
0
0.30937
0
0.21302
0
0
0
0
0.22363
0.05968
0
0
0
0.07251
0.17385
0
0
0
0
0
0.07494
0
0
0
0
0
0.40552
0.30606
0.12566
0.50683
0.04749
0
0
0.09086
0
0
0
0
0
0
0
0.05144
0
0
0
0
0.05218
0
0
0
0
0.80867
0
0
0.07895
0
0
0
0.02333
0
0.04817
0
0
0.19282
0.17742
0
0
0
0.07587
0.12099
0
0.05091
0.6181
0
0
0
0
0
0
0
0.07151
0.50671
0
0
0.24812
0
0
0
0
0.09377
0
0.18866
0
0.68873
0.05134
0.08725
0.07135
0.09061
0
0.05228
0.18555
0
0
0
0
0
0.16233
0.08571
0
0.08321
0
0
0
0
0
0
0
0
0
0.21873
0.04855
0.05212
0.04781
0
0.37939
0
0
0
0
0
0
0
0.06645
0.08533
0.53696
0.06697
0
0.0606
0
0.09814
0
0
0
0
0
0
0
0
0.05212
0.05192
0
0
0.05165
0.0348
0
0
0
0
0
0
0.18743
0
0
0
0.05318
0.06766
0
0
0.06021
0
0.30436
0.08162
0.38992
0.60027
0
0
0
0.0733
0
0.94378
0.23265
0
0
0
0.53668
0.16835
0
0.22141
0.04811
0.12734
0.07044
0
0.1385
0
0
0.14728
0.06923
0
0
0.68788
0
0.09138
0
0.06871
0.02366
0
0.04768
0
0.44076
0.14412
0.06726
0.10227
0
0
0
0
0.13228
0
0.07812
0.14424
0.16916
0
0.07642
0
0.14495
0.57844
0
0.2551
0
0
0
0
0
0
0
0
0.05272
0.12688
0
0
0.07886
0
0.18617
0.1463
0.31099
0.07156
0
0
0
0.78201
0
0
0.14824
0
0.47118
0.76719
0
0
0
0
0
0
0.06202
0.16263
0
0.07069
0.05133
0
0
0
0
0.06172
0
0
0
0
0
0
0.06721
0
0
0
0
0
0
0
0
0
0
0
0
0
0
0.30263
0
0.0935
0
0.07804
0
0
0.28856
0.05085
0.07793
0
0
0
0
0
0
0.04775
0.3546
0
0.13165
0.0714
0.02551
0.04484
0
0.43522
0
0
0
0
0
0
0
0
0.0673
0
0
0
0.39003
0
0
0
0
0
0.08268
0.64669
0.09188
0.0918
0
0
0.61589
0.08049
0.04756
0
0
0
0
0
0.08029
0.05251
0.09154
0.04812
0.02239
0
0
0
0
0
0.1269
0.16587
0.41746
0
0
0
0
0
0
0
0
0
0.06653
0
0.10718
0.16674
0
0
0
0.19181
0.18817
0
0
0.34255
0
0
0
0
0.80455
0
0.07998
0
0.07086
0
0.12397
0.28871
0
0
0.02999
0
0.05315
0.07662
0
0
0.13735
0.28846
0
0
0
0
0
0.19106
0
0
0.04731
0
0
0
0.06204
0.11787
0.07899
0
0.1443
0.23498
0.18649
0.20319
0
0.06292
0.39913
0.12635
0
0
0
0
0
0
0
0.0704
0
0.1174
0
0
0.43577
0
0.3061
0.31752
0
0.51688
0
0
0
0.14275
0.32791
0
0.46552
0
0
0
0
0.13805
0.07728
0
0
0
0.04333
0
0
0
0.53463
0
0
0.16808
0
0
0.07814
0.21297
0
0
0.94817
0.24275
0.17005
0
0.28105
0
0.20588
0
0.45096
0
0.16573
0.14234
0
0.07192
0.18697
0.02249
0.10188
0.07986
0.406
0.29048
0
0
0
0
0
0
0
0.51478
0.15066
0.07748
0.15637
0.23383
0
0.20988
0
0
0.22017
0.11437
0
0
0
0
0.06857
0.62693
0
0.06755
0
0
0
0.098
0
0.67056
0.16337
0.25681
0
0
0.09097
0
0
0
0.0601
0
0.16411
0
0.0743
0.07127
0.20175
0
0
0
0
0
0.10219
0.07907
0.34948
0
0
0
0
0.09452
0
0
0
0.67401
0.10921
0.14693
0
0.07355
0.16238
0.05146
0
0.74636
0
0
0
0
0
0
0
0
0
0.06793
0.03183
0
0.04779
0
0.06948
0
0
0
0
0
0
0
0
0.0814
0
0.18776
0
0.06151
0
0
0
0
0
0
0
0
0
0
0
0
0
0
0
0
0.07804
0.04457
0
0.25819
0
0
0
0.23252
0.07863
0
0
0
0
0.09292
0.09226
0
0.9124
0.07841
0.30537
0
0
0
0.11267
0
0
0
0.22574
0
0
0.05965
0
0.12438
0
0
0.14589
0
0
0.49446
0
0
0
0.05297
0.22784
0
0
0
0
0
0
0
0.11268
0.08481
0
0.06837
0
0.42305
0.06122
0.43232
0
0
0
0.08059
0
0
0
0
0
0.0715
0.06776
0.20659
0.06803
0
0.07212
0
0.76697
0
0.14356
0.06922
0
0.53647
0
0
0
0
0
0
0
0
0.05199
0
0.04733
0
0
0.63568
0.04229
0.07466
0
0
0
0
0
0
0
0.09027
0
0
0
0
0
0.07825
0.78185
0
0
0
0.59114
0
0
0.02474
0
0.07294
0.89156
0.49228
0.18381
0
0.5385
0
0.56398
0.16878
0.17887
0.48704
0.16709
0
0.28608
0.08686
0
0.02509
0
0.06007
0
0
0.13296
0
0
0
0
0.12294
0
0.10418
0
0
0.1044
0.05106
0.08052
0
0
0
0.47931
0
0.05121
0.79002
0
0.05825
0.22619
0
0.02999
0.03305
0
0
0
0
0
0
0.23222
0
0
0
0
0.14645
0.30303
0
0
0
0
0.22632
0
0
0
0
0.07306
0.06025
0.14327
0
0
0
0
0.28415
0.02471
0
0
0
0.1461
0
0
0
0
0
0.05857
0
0
0.85006
0.14752
0
0
0
0
0
0.18664
0.07032
0.22015
0
0
0
0.20025
0.15249
0.39275
0
0.31939
0
0
0.25075
0
0.11476
0
0.3502
0
0
0.02737
0
0
0
0.04783
0.04784
0
0
0
0
0
0
0
0.43151
0
0.33928
0
0
0
0
0
0
0.08485
0
0
0
0
0
0.24121
0
0
0
0
0.07591
0
0
0
0
0
0
0
0
0
0.12684
0.10359
0
0.07081
0
0
0
0
0
0.27353
0.0868
0
0.06327
0
0
0
0.23079
0
0
0
0.10705
0.56733
0.44209
0
0
0.07489
0
0
0
0
0
0
0
0.22498
0.1487
0
0
0.29749
0.15664
0
0.38214
0
0.11603
0
0
0.13647
0
0
0
0.22256
0.17211
0
0.12575
0.0714
0
0.08009
0
0
0.11673
0.46251
0.51472
0.35329
0
0.08423
0
0
0
0
0
0.29059
0.18687
0
0
0
0.44079
0
0.10524
0
0
0.04742
0.24611
0.07143
0
0
0
0
0.05585
0.07112
0.38523
0.09541
0.09218
0
0
0
0.188
0.40722
0
0
0.25023
0
0
0
0
0
0.11989
0.08457
0.10269
0
0.07783
0
0
0
0.2574
0.29714
0
0
0
0.16562
0
0
0
0.05225
0
0.03469
0
0
0.11275
0
0.07683
0.14322
0
0.1507
0.34179
0
0.59202
0.49118
0
0
0
0
0
0
0
0
0
0
0.0518
0
0.06562
0
0.13758
0
0.27585
0.06725
0
0
0
0
0
0
0.05563
0.05263
0.21183
0.25739
0
0.07194
0
0.39466
0.0874
0.60852
0.13349
0.23188
0.09157
0
0
0
0.30821
0.20425
0.06744
0.0789
0.23189
0
0
0.36825
0
0.06776
0
0
0
0.29674
0
0
0
0
0
0
0.07164
0.14592
0
0
0.24933
0.04736
0.23124
0.30632
0.0247
0
0
0
0
0.05174
0
0
0
0
0.05288
0
0
0
0
0.38347
0
0
0.23359
0.07955
0
0
0.06363
0.27087
0
0.67686
0
0.68867
0
0
0
0
0
0.04868
0
0
0.10702
0.08627
0
0
0.06797
0
0
0.06875
0.08295
0.09206
0
0
0
0
0.30211
0
0
0.05611
0
0
0
0.20854
0
0
0
0.24875
0.07199
0.07695
0.23101
0
0.13127
0.04731
0.14681
0.08577
0.7306
0.47739
0
0
0.05741
0
0
0
0.0767
0
0
0
0
0.07007
0.06824
0.05094
0
0.09888
0
0
0
0
0
0.25415
0
0
0
0
0
0.02255
0
0.07239
0
0
0
0.02541
0
0.07893
0
0
0
0
0
0
0.2079
0.14391
0
0
0
0
0.06396
0
0
0.09824
0
0
0
0
0
0
0.05117
0
0
0.24618
0
0
0.12488
0.77778
0
0.29921
0.24894
0
0.09852
0
0.07067
0
0
0
0.66003
0.57705
0
0
0
0
0
0
0
0
0.05249
0
0
0
0
0
0.42375
0
0
0
0.07551
0
0
0
0.02041
0
0.18795
0
0
0
0
0
0.08415
0.06802
0.04769
0.07982
0
0
0.08825
0
0
0
0
0.06924
0.31901
0.06318
0
0.54354
0.17218
0
0
0
0
0
0
0
0
0
0
0
0
0
0
0.38989
0
0
0
0.08443
0
0
0.36961
0
0
0
0
0
0.0602
0
0
0
0
0
0
0
0
0
0
0
0
0
0.16192
0
0
0
0
0.0765
0
0
0
0
0.28659
0
0
0
0
0
0.16789
0
0
0
0
0
0
0.1341
0
0.11188
0
0.06042
0
0
0
0
0.07128
0
0.25704
0
0
0.91168
0.58856
0
0
0
0
0.07638
0
0.1509
0.32349
0.01927
0.08065
0
0.1453
0
0
0.05266
0.06846
0
0
0
0.13709
0
0.07931
0
0.09627
0
0.40199
0
0.13323
0.16599
0.07154
0.41525
0
0
0
0.63859
0
0.95283
0
0
0
0
0.42114
0
0
0
0.55842
0.44806
0.24186
0
0.08551
0
0.34151
0.26832
0.70382
0
0
0
0
0.26966
0
0.50803
0
0.14832
0
0
0.07594
0
0.02381
0.01709
0
0
0
0
0
0
0
0.07751
0.08513
0
0
0.68922
0
0.077
0.39166
0
0
0
0.45198
0.54501
0
0.05101
0.51541
0
0.09668
0.14362
0
0
0
0
0
0
0.19603
0
0
0
0
0
0
0
0
0.07723
0
0
0
0
0
0
0.14371
0
0.44504
0
0.39854
0
0
0
0
0.55512
0
0.09984
0
0.07736
0.02551
0
0
0
0.02422
0
0
0
0
0.07225
0
0
0
0
0.05381
0.18854
0.04739
0.20642
0
0
0
0.06833
0
0.01619
0.05108
0
0.07662
0.22525
0
0
0
0.29695
0.18715
0
0.37952
0.40219
0
0.09808
0
0
0
0
0.04784
0.05379
0.14114
0
0
0
0
0.04795
0
0.29023
0.06227
0
0
0.05449
0
0.16516
0.26786
0
0.52825
0
0
0
0.14904
0.19595
0
0
0.12915
0
0.53425
0
0
0
0
0.45638
0.06233
0
0
0.18875
0
0.13886
0.13291
0.32784
0
0
0.03158
0.04734
0
0
0
0.13717
0.01577
0
0
0
0
0.84904
0.06618
0
0
0
0
0.07052
0.04828
0
0
0
0
0
0.19854
0.29879
0
0.04839
0
0
0
0
0.0516
0
0
0
0
0
0.08796
0.21476
0.13901
0
0.31988
0
0
0
0.13532
0
0
0.0528
0
0
0.0781
0
0
0
0
0
0.05187
0
0.06398
0
0
0
0
0.02375
0.70079
0
0
0
0.249
0.08556
0
0
0
0
0.47511
0.42558
0
0
0.19118
0
0
0
0.09082
0
0
0
0
0.12809
0
0
0.06825
0
0
0
0
0
0
0
0.0795
0
0.02897
0.12037
0.27058
0.14869
0.10957
0
0
0.05296
0
0
0
0.07914
0.23307
0
0.22849
0.05369
0.08018
0.06782
0
0
0.06862
0.14686
0
0
0
0
0
0
0.14689
0
0.17237
0
0
0
0
0.05107
0.06699
0.22255
0.05496
0
0
0
0.10618
0.28556
0.02572
0
0
0.80474
0.07537
0.07765
0
0.04492
0.06011
0
0
0.07215
0.25797
0
0
0.87815
0.53303
0
0.07109
0
0.22729
0.15937
0.30266
0.48811
0.24445
0
0
0.27757
0.02999
0
0
0
0.05899
0
0.38264
0.36456
0
0
0
0
0.31255
0
0
0
0
0
0
0
0
0.18703
0
0.07952
0.09101
0.0824
0
0.53298
0.06409
0.06706
0
0.11115
0
0
0.16041
0
0.09806
0
0
0
0
0
0.19673
0
0
0
0
0
0.51136
0
0
0.4305
0
0
0.05248
0.04992
0
0.57999
0
0.14806
0.0626
0.2333
0
0.44144
0.46457
0
0.50759
0
0.05158
0
0
0
0
0
0
0
0
0
0
0
0
0
0
0
0.0836
0
0.23308
0.63857
0
0
0
0
0
0.05098
0.05107
0.78801
0
0
0.02825
0
0
0
0.02541
0.44842
0.11503
0.07871
0.05487
0
0.0758
0
0
0
0
0
0
0
0.02027
0
0
0
0.25016
0
0
0
0
0.44619
0.05184
0.07915
0.05962
0
0.04734
0
0.11345
0
0.26444
0
0
0
0
0
0
0.48224
0.11581
0.10207
0.30653
0.0264
0
0.04768
0.14472
0.07055
0.5552
0
0
0
0
0
0
0
0
0
0.0628
0
0.55114
0
0
0
0.24573
0.05095
0
0
0
0.07134
0
0
0
0
0
0.18641
0
0
0.10147
0
0.09066
0
0
0.0694
0.48599
0.04833
0
0.63621
0
0
0
0
0
0
0
0
0
0
0
0
0.08399
0.04399
0
0.04728
0
0.01717
0
0
0
0
0
0
0
0
0
0.0518
0
0.05186
0
0
0
0
0
0.05092
0.05196
0.03187
0
0
0
0.05131
0
0
0
0
0
0.05171
0.05183
0.0986
0.04735
0
0.21046
0
0
0
0
0
0.18793
0.05097
0
0.04509
0
0
0
0
0
0.42447
0
0
0.05899
0.04793
0
0
0
0.02476
0
0
0
0
0
0
0
0.07637
0.02781
0.12427
0
0.32521
0
0.09356
0
0
0
0.07042
0
0
0.27632
0
0.04699
0
0.08797
0.51264
0.20668
0
0.0981
0
0
0.04225
0
0.07069
0
0.20292
0.02349
0
0
0
0
0
0
0
0.07641
0
0
0.08538
0
0.63735
0
0
0
0
0
0.11803
0
0
0
0
0
0.05235
0
0
0
0
0
0
0
0
0
0
0.30612
0.06728
0.13154
0.1422
0
0.31755
0.05205
0.02749
0
0.29421
0
0
0
0.1381
0
0
0
0.01929
0
0
0.38036
0
0
0.05095
0.16232
0.16209
0.07798
0
0.19697
0.08421
0.17657
0
0
0
0
0
0
0
0
0
0
0
0
0
0.07766
0
0
0.14263
0.06997
0
0
0
0
0
0
0.05934
0
0
0
0
0.02786
0
0
0
0
0
0.07526
0
0
0
0
0.14874
0.15246
0
0.07011
0
0
0.09423
0.09796
0.30652
0
0
0
0
0
0
0
0.11159
0
0
0
0
0
0
0
0
0.22844
0.23421
0
0
0
0.06924
0.01607
0
0.25993
0
0
0
0.04778
0
0
0
0
0.06423
0
0
0
0
0
0
0.07772
0
0.28766
0
0.41857
0.0581
0.34937
0.13256
0
0.26164
0
0
0
0
0.25823
0.07148
0
0
0.07735
0
0
0
0
0
0
0
0
0
0.07441
0
0
0
0
0.0853
0
0.06899
0
0
0
0
0
0
0.21504
0.17229
0.50886
0
0.07504
0
0
0.31643
0
0
0
0
0
0
0.42416
0
0
0
0
0
0
0
0
0
0.19038
0.06704
0.28449
0
0
0.17474
0.06952
0
0
0.05207
0
0.55513
0
0
0.53957
0.30722
0
0
0
0
0.08277
0.04126
0
0
0
0.04788
0
0
0.11581
0.21135
0.13946
0
0
0
0.07654
0
0
0.23408
0
0.47734
0.07721
0.42618
0
0
0
0.22854
0
0
0
0.29686
0
0
0.18774
0
0
0
0
0
0.25583
0.08331
0
0
0.1913
0
0
0
0
0
0
0
0
0
0
0
0.06821
0
0
0.1992
0
0
0
0
0
0.05116
0
0.12439
0.04761
0.04778
0
0
0.14671
0
0.09325
0
0
0.06136
0
0
0
0.20686
0.1472
0
0.07541
0
0
0
0
0
0
0
0.07475
0.05412
0
0.12117
0.6901
0.03203
0
0
0
0
0
0.53848
0
0
0
0.08142
0.43856
0
0
0
0
0
0.07064
0.10303
0
0
0
0
0
0
0
0
0
0
0.07537
0
0
0
0
0.1692
0
0
0.04801
0
0.1641
0
0
0
0.04773
0
0
0
0
0
0
0.05296
0.38499
0
0.39383
0
0
0.2704
0
0
0.19342
0.3501
0.07869
0
0
0
0.16866
0
0
0
0
0
0.04783
0
0.05154
0
0.04778
0
0
0.07898
0.45417
0
0.25132
0.05791
0
0
0
0.06884
0
0.24879
0.39463
0
0
0
0.05144
0.0517
0
0.05164
0.05203
0.05222
0.07125
0
0.07025
0
0
0.01716
0.03481
0
0.02657
0
0
0
0
0
0
0
0
0.38667
0
0.06982
0.04455
0
0
0
0
0
0.18705
0
0.24406
0.1439
0
0
0
0
0.4807
0
0
0
0.18797
0
0.06906
0.1789
0
0.1869
0
0
0
0
0
0.18797
0
0
0.02406
0.04219
0.06911
0.20836
0
0
0
0.0482
0.04858
0
0.23318
0
0
0.02369
0
0
0.04889
0
0
0.07003
0
0
0.06019
0
0.0581
0
0
0
0.2115
0
0
0
0
0
0.08384
0
0.04822
0
0
0.27961
0
0
0.21158
0
0
0.36217
0
0
0
0.16636
0.16404
0.07641
0
0
0.07516
0
0.57444
0
0.04772
0.38381
0
0
0
0
0
0
0.21265
0
0
0
0
0.51088
0
0
0
0
0
0
0
0
0
0.14659
0
0
0.08709
0
0
0
0
0
0
0.06916
0
0
0
0
0
0.25503
0
0
0.06864
0
0.53596
0
0.16436
0.07643
0.0525
0.07836
0.15026
0
0
0
0
0
0.07095
0
0
0
0
0
0
0
0.09128
0
0
0
0
0.1561
0
0
0
0.06845
0.07542
0
0
0
0.07851
0
0.22068
0.07528
0.22339
0.04768
0
0
0.02333
0
0.73718
0.0696
0.49088
0.16103
0.05285
0
0
0
0
0.02775
0.07925
0
0
0
0
0
0.06708
0.06794
0
0
0
0.18817
0
0
0
0.13805
0.02371
0.10859
0.0601
0.25847
0
0
0.07935
0
0
0
0.05227
0.07073
0.13838
0
0.3974
0
0
0
0
0.50773
0
0.06859
0
0
0
0.07241
0.19074
0
0.04818
0
0
0
0
0
0.02251
0
0
0
0
0
0.21611
0
0
0
0.14382
0
0.06903
0
0
0
0
0.21425
0
0
0.0842
0.21273
0.0681
0
0
0
0.14066
0.07704
0.55021
0
0
0.21231
0.15815
0
0.50074
0
0
0.51804
0
0
0
0
0.12385
0
0.06067
0.50557
0
0.69025
0.66575
0
0
0
0.69172
0.20045
0
0
0.21555
0
0
0
0
0.46941
0
0
0
0
0
0
0
0
0
0
0
0
0
0
0
0
0.08545
0.3304
0.23529
0
0.24962
0.07278
0.07177
0.08441
0
0
0
0
0
0
0
0
0
0
0
0
0.23096
0
0
0.31327
0
0
0
0.44738
0
0
0
0
0
0
0.2099
0.14452
0.03243
0
0
0
0
0
0
0
0
0
0.07463
0.63606
0.06293
0
0
0.21367
0
0.09076
0.0932
0
0
0
0
0.1329
0.14453
0.22238
0
0
0
0
0.04496
0
0
0
0
0.16999
0.0176
0
0
0.04773
0
0
0.23107
0
0
0
0
0
0
0.14438
0
0
0.04776
0
0
0.16349
0
0.27809
0.12721
0
0.03472
0.05344
0.05427
0
0.13116
0.04513
0.07041
0.0584
0
0.11914
0.07914
0
0.05381
0
0
0.08121
0.16559
0
0
0
0
0
0
0.05336
0
0
0.07067
0.07913
0
0
0
0
0.70388
0.19493
0
0
0
0.08277
0
0
0
0.30956
0
0
0
0
0
0
0
0
0
0
0
0
0.07886
0.10203
0
0
0
0
0.05721
0
0.55279
0
0
0.35521
0.75706
0
0.07459
0
0.14406
0
0
0.02041
0
0.82044
0
0
0
0.29853
0.1463
0
0.09582
0
0.21079
0
0
0
0
0
0
0
0
0
0.53387
0.36954
0
0.06043
0.02119
0.39374
0.0761
0
0
0.05107
0
0
0.07007
0
0
0.1244
0.31984
0.13357
0
0
0.08651
0
0
0
0.16812
0
0
0
0
0
0.16468
0
0.07662
0
0
0
0.50742
0.07624
0.21134
0.06109
0
0
0.50786
0
0.27587
0.46305
0
0
0
0
0
0
0.53769
0
0
0
0
0.23954
0.05359
0
0
0
0
0
0.16655
0.01771
0
0.41402
0
0.06279
0
0
0
0.09367
0.07936
0.09341
0.13721
0
0
0.05881
0
0.05266
0.26884
0.20546
0.0225
0
0
0.06114
0
0
0.23373
0.38604
0.07817
0
0
0
0
0
0.07044
0
0.0691
0.08186
0
0.24288
0
0
0
0.23331
0
0
0
0
0
0
0
0
0.66838
0.24777
0.05239
0.04713
0
0.64525
0.08194
0
0
0
0
0
0.06987
0.06965
0.086
0.18843
0.1094
0.10143
0
0.29087
0
0
0
0
0.37758
0.06821
0
0.08186
0.05227
0.07593
0.72253
0
0.0637
0.04787
0
0
0
0.47709
0
0
0
0
0
0
0
0
0
0.06315
0
0
0
0
0.0606
0.511
0.06805
0.30874
0
0
0
0.23499
0.1523
0
0
0
0
0.19027
0.03001
0.04683
0.06625
0
0
0.05974
0
0
0.07345
0
0
0
0
0.49006
0.25944
0.54003
0.23213
0
0
0.04224
0
0
0
0
0
0
0
0
0.22558
0
0
0
0.16279
0.07196
0.20758
0.0782
0.10919
0
0
0
0.27155
0.23155
0
0
0.46523
0
0
0
0
0.03438
0
0.07901
0.05098
0
0.07667
0
0
0
0.05339
0
0.06942
0
0
0.06091
0
0.02649
0
0
0
0
0
0
0
0
0.0763
0
0
0
0
0.84372
0
0
0
0.21124
0
0
0
0.27783
0.6584
0
0
0
0
0.14719
0
0
0
0.14385
0.38314
0
0
0
0
0
0
0
0
0.07117
0
0.24804
0.03446
0.07067
0.41962
0
0
0
0
0.139
0.14241
0
0
0
0.02361
0
0.07231
0.08722
0.20675
0.18764
0.12977
0
0
0.45463
0.09969
0
0
0.094
0
0
0.10415
0.22835
0
0
0
0
0
0.53461
0
0
0
0
0.27502
0
0.47645
0
0
0
0
0.07862
0
0.25967
0
0
0
0
0.06869
0
0.0236
0.13687
0
0
0
0.06239
0.1679
0
0.47136
0
0.02624
0
0
0.13112
0
0
0.37691
0
0
0.40553
0.184
0.12578
0
0
0.28699
0
0
0
0.07864
0
0
0.05144
0
0
0
0.04773
0.07806
0
0
0
0.0518
0.05193
0.05194
0
0.05166
0.02349
0.23465
0.36421
0.08
0.24641
0
0
0
0
0
0
0.07992
0.18862
0.17496
0
0
0.10147
0
0.05101
0
0
0
0
0
0
0
0.53421
0.1371
0
0
0
0
0
0.0573
0
0
0.14024
0
0
0
0
0.23015
0
0
0
0.1142
0.23033
0.07821
0.05835
0
0
0
0.15956
0
0
0.08263
0
0.08869
0
0.07914
0
0
0
0
0
0.08056
0
0
0.24438
0
0.10325
0
0.47989
0.06411
0.0842
0.02782
0.02459
0
0.05223
0.36712
0
0
0
0
0.05196
0
0
0
0
0
0.05336
0
0
0
0
0
0
0
0
0
0
0
0.10075
0
0
0
0
0.05968
0
0.42716
0.51003
0
0
0
0
0
0
0
0.11247
0
0.04658
0
0
0.05205
0
0
0.08027
0.13788
0.2008
0.2434
0
0
0
0.05098
0.13796
0.15522
0
0.16075
0
0
0
0
0
0.03449
0.09026
0.04777
0
0.16332
0
0
0
0.04922
0.18817
0.56785
0.13774
0.29826
0
0
0.2894
0
0.22176
0
0
0.23583
0
0.71878
0.07896
0.70072
0
0.23328
0
0.37115
0.36593
0.10051
0.12014
0.23391
0
0
0
0
0
0
0
0
0
0.02399
0.12591
0
0
0
0
0.21195
0
0
0
0.02714
0
0.05301
0
0
0
0
0.35379
0.0514
0
0
0
0
0
0
0.05736
0
0
0.06781
0
0
0
0.06707
0.20877
0.3682
0.52232
0
0.16328
0.06988
0.07449
0
0
0.14189
0
0
0.02632
0
0
0
0
0
0
0
0
0.25765
0
0.07035
0
0
0.23233
0
0
0.16469
0
0
0
0
0.07074
0.28284
0.07723
0
0
0
0.13913
0.76711
0
0.05351
0
0
0.07131
0
0.66251
0.03189
0.04783
0
0
0
0.06306
0.15972
0.24113
0
0
0
0
0
0.06869
0.46464
0.87841
0
0
0
0
0
0
0.04571
0
0
0
0.02209
0
0.055
0
0.51796
0
0
0.1446
0
0
0.51584
0.39113
0.02241
0.5362
0
0
0
0.07124
0
0
0.21386
0.04446
0.13199
0.07122
0
0.16354
0
0
0
0
0.32965
0.18834
0
0
0
0
0
0
0.05994
0
0
0
0
0.06739
0
0
0
0.04735
0
0.05124
0.04734
0
0
0
0
0.04771
0
0
0
0.28604
0
0
0.49699
0.2541
0
0
0
0
0
0
0
0.02518
0.07019
0
0
0
0.20706
0.07997
0.3716
0
0
0.06259
0
0
0.35887
0
0
0
0
0
0
0.07066
0.5142
0
0
0
0
0.76294
0
0.26464
0
0.16785
0
0
0
0
0
0.3482
0.37904
0
0
0.53775
0
0
0
0
0.14753
0.21416
0.07822
0
0
0
0.05159
0
0
0
0
0.2048
0
0.07086
0
0
0.08268
0
0
0
0
0
0
0.0321
0.20817
0
0.29331
0
0.16503
0
0
0
0
0.07169
0
0.26628
0
0
0
0.13819
0.04791
0
0
0
0
0.22371
0
0
0
0
0
0.36437
0
0
0.01579
0
0
0
0
0.30438
0
0
0.16316
0
0.14818
0
0.15757
0
0
0.08527
0.04754
0.06647
0
0.09533
0.27447
0
0
0
0
0
0
0.28708
0
0.45419
0.08328
0.38434
0.05284
0.2237
0
0
0
0
0
0
0.45934
0
0
0
0
0
0
0
0
0.1941
0
0.0798
0
0.23388
0
0.02886
0.28427
0
0
0.02
0
0
0
0
0
0
0.18094
0
0.06272
0
0
0
0
0
0
0.07691
0.21952
0
0
0.14137
0
0
0
0.12736
0
0.3769
0
0
0
0.53764
0.09181
0.07046
0.44627
0
0
0.47689
0.16626
0
0
0
0
0
0
0
0
0
0
0
0.15039
0.18975
0
0
0
0
0.53797
0
0
0
0
0.08124
0
0.14852
0
0
0
0
0.05691
0.06027
0.36605
0
0.72333
0
0
0.17696
0
0.32594
0.31182
0
0
0
0
0.02514
0.07761
0
0
0
0.23659
0
0
0.1475
0.12237
0.04859
0
0
0.36541
0
0.14531
0.19685
0.20721
0.09007
0.04815
0
0
0.06197
0
0
0.23059
0
0
0
0
0.16083
0.08628
0.08181
0.06746
0.4794
0.11853
0
0.0733
0
0.22301
0.06782
0
0.5108
0.29771
0
0.22345
0
0.05959
0
0.05174
0
0
0
0
0
0
0
0
0
0
0
0.20955
0.14684
0
0
0
0.03189
0
0.38477
0
0
0
0.14217
0.05141
0
0
0.04425
0.05916
0
0.08262
0.02584
0
0
0.24712
0
0
0
0
0
0
0.51438
0
0.07077
0.06616
0
0
0.25243
0.30204
0.1649
0
0.31231
0.07569
0
0
0.23303
0
0
0
0
0
0
0
0
0
0.09021
0
0.25531
0.07554
0.18674
0
0
0
0.45556
0.18625
0.14179
0
0.25345
0
0.13451
0
0
0
0
0
0.51029
0
0.19899
0
0
0.08438
0.085
0.07989
0
0.04776
0.01927
0
0.07969
0
0
0
0
0
0
0.03189
0.05253
0
0
0
0
0
0.35251
0.12489
0.5508
0
0
0.29752
0
0.32334
0
0
0
0
0.07434
0.14602
0
0.38296
0
0
0
0.48799
0
0.07018
0
0
0.07242
0.02177
0
0.53819
0
0
0.08429
0.58869
0.50926
0
0.18794
0
0
0.88482
0.18305
0.18279
0
0.49625
0.07463
0.05359
0
0
0
0
0.04238
0
0
0.3737
0
0.04115
0
0
0.13739
0.07314
0.09136
0
0
0.28537
0
0
0
0.18008
0
0.02498
0.73869
0.07741
0.16803
0
0
0.06858
0.22504
0.07931
0
0
0
0
0
0
0
0
0.02384
0
0.04791
0
0
0
0
0.56095
0.06907
0
0.40296
0
0
0.06934
0.81127
0
0
0
0
0
0
0
0
0.04819
0
0
0
0
0
0
0.09171
0.13086
0
0
0
0
0
0
0
0.14166
0
0.30494
0
0.53336
0.20789
0.08742
0
0.04385
0.45639
0
0.14387
0.05186
0
0
0
0
0.18862
0.0754
0.02826
0
0
0
0.13817
0.2447
0
0
0
0
0
0.05208
0
0.37466
0
0
0
0.08465
0
0
0
0
0
0
0
0
0
0.06181
0.0713
0
0
0
0
0
0.14741
0
0
0.13713
0
0
0
0
0.05847
0
0
0.12705
0
0.24378
0
0
0
0.07981
0
0
0.14981
0
0
0
0
0
0
0
0.06606
0.33148
0.139
0.05998
0.38904
0
0
0
0
0
0
0
0
0
0
0
0.16619
0
0
0.15533
0
0.43445
0
0.2754
0
0
0
0
0.06
0
0
0
0
0
0
0
0.77051
0
0.05189
0.06659
0.64212
0.64952
0
0
0
0.06335
0
0.06807
0
0.09061
0.06744
0
0.04145
0
0
0.09265
0.34473
0.29758
0
0
0
0
0
0.18025
0
0
0
0.48783
0
0.05968
0.24655
0.04915
0
0.06094
0.23412
0
0.09333
0.05239
0
0
0.07057
0.06676
0
0
0.30585
0
0
0
0
0
0
0
0
0
0.08072
0
0.05893
0
0.07612
0
0
0
0.16384
0
0.2832
0.42353
0
0.23382
0.0233
0
0
0.1249
0.35059
0
0.24309
0
0
0
0.12443
0
0
0
0
0.28533
0
0.50416
0
0.05438
0
0
0
0
0
0
0
0.03449
0
0.04771
0.21604
0
0.21107
0.05895
0
0
0
0
0
0
0
0.0769
0.09036
0
0
0
0.13976
0.13978
0.54451
0
0
0
0
0.05165
0.14953
0
0
0
0
0
0
0.0794
0
0
0
0.07044
0
0
0
0
0.16364
0.07678
0
0.05027
0
0
0
0
0.26672
0
0
0.07291
0
0.23205
0.08436
0
0
0
0
0.06742
0
0
0
0.15063
0.21795
0
0
0
0
0.08548
0.18894
0
0
0.13605
0
0.04902
0.0687
0.60395
0
0.05129
0
0.30048
0.79187
0
0.03442
0
0
0
0
0
0.08032
0.06696
0
0
0
0.06901
0
0
0
0.14716
0.20696
0
0
0.071
0
0.18548
0
0
0
0.052
0
0
0
0
0.04777
0
0
0.23038
0.31285
0
0
0.47899
0.14288
0.14551
0.07949
0
0
0.09945
0
0.24954
0
0
0.18733
0
0
0
0.02645
0.30746
0
0
0.23242
0.23147
0.1521
0
0
0
0
0
0
0.14975
0
0
0
0
0
0
0
0.06598
0.02596
0
0
0.22826
0
0
0
0
0.0598
0
0
0.04725
0
0
0.07945
0
0.55316
0
0
0.04668
0.16397
0
0.14581
0.0582
0.22501
0
0
0
0
0
0
0
0.04484
0.09562
0
0
0.33183
0.08251
0.08341
0.22645
0.1379
0
0
0
0
0
0
0
0.18998
0
0.02835
0
0.24428
0
0
0
0.02123
0
0
0.704
0
0.02279
0
0.05331
0
0
0
0.23238
0.07914
0
0
0
0
0.16591
0.04602
0.05139
0
0.17865
0
0
0.47107
0.48855
0
0.47525
0
0.4796
0.50868
0
0
0.05195
0.052
0.19143
0
0
0.23202
0.22043
0
0.02484
0
0.19252
0.21408
0.15068
0.07198
0
0
0.14025
0
0.04724
0.04787
0.04779
0
0
0.04779
0
0
0.05311
0.18903
0.06807
0
0
0
0.08551
0.23276
0
0
0
0
0
0
0.73043
0.19413
0
0.0698
0
0.24483
0.0911
0.22249
0
0
0.07955
0.0528
0.24878
0.10995
0.73025
0.90804
0
0.20719
0.65435
0
0.02759
0
0
0.07961
0
0
0
0.18862
0
0
0
0
0
0
0
0.57583
0
0
0
0.04851
0
0
0
0
0
0
0
0.07081
0
0
0.07487
0
0.21045
0
0
0.04916
0
0.73215
0
0
0
0
0
0
0.11565
0
0.08453
0.05827
0
0.44194
0.06901
0
0.09819
0.07863
0
0.8476
0.18664
0
0
0.11954
0.14885
0.05062
0
0
0
0
0
0
0
0
0.1789
0
0.01593
0.13954
0.17925
0
0
0.29981
0.14835
0
0
0.32372
0.15015
0
0.44613
0
0
0
0
0
0
0.13335
0.15012
0
0.14239
0
0
0
0
0
0
0.22276
0.03436
0
0
0
0
0
0.24304
0.08132
0.14267
0.46462
0.08812
0.14457
0
0
0.04565
0
0.38495
0.0517
0.04726
0
0
0
0
0
0
0
0
0.05209
0
0
0
0
0.06323
0
0
0
0
0.03179
0
0.13228
0.22551
0
0
0
0
0.22471
0
0.28722
0
0.06917
0.12983
0.21567
0.39117
0
0
0.34895
0.34136
0
0
0.12404
0
0.06244
0.0473
0.14584
0
0.04773
0.07499
0.05279
0
0
0
0.05118
0
0
0
0.07821
0.09016
0
0.85468
0
0.09743
0
0
0.32828
0.0479
0.149
0
0
0
0
0.67578
0.91431
0.10509
0
0.07089
0.07823
0.07107
0
0
0.20893
0
0.26168
0
0
0.26811
0
0
0.02514
0
0
0
0
0
0
0.09307
0.05178
0.12748
0
0
0
0
0.05302
0.08227
0.28617
0
0
0
0.30104
0
0.05812
0
0
0
0.07851
0.05425
0
0
0
0
0
0
0
0.62746
0.23071
0.2346
0.47929
0
0.23201
0
0
0
0
0
0
0.1409
0.16024
0
0
0
0.18616
0
0
0.05307
0
0
0.22337
0.04783
0
0.0477
0
0.08419
0
0
0
0
0.06721
0.38211
0.06067
0
0
0
0
0
0
0.06978
0
0.2251
0.29095
0
0
0
0.29751
0
0
0
0.08109
0.07044
0
0
0.0703
0
0
0
0.14468
0
0
0.3488
0
0
0
0.17555
0
0
0
0
0
0
0
0.08259
0.20694
0
0
0.02112
0
0.07841
0
0
0.31421
0
0.07832
0
0
0
0
0
0
0.06118
0
0
0
0
0
0
0.39477
0.08675
0
0
0.0527
0.16373
0
0
0
0
0
0
0
0.288
0
0.04801
0
0
0
0.23147
0
0
0
0
0
0.05317
0.16357
0
0
0
0.08629
0
0
0
0
0
0.04733
0.04837
0
0.04734
0
0
0
0
0
0
0.58852
0
0
0.21412
0.07445
0.20565
0
0.09283
0
0.05227
0
0
0.07881
0.0509
0.02369
0
0
0
0
0
0.0522
0
0
0.05221
0
0.04781
0
0
0.01729
0.01697
0.05208
0
0.05209
0
0
0.06723
0.07665
0
0
0
0
0.04905
0
0.51007
0.26088
0.06925
0.1381
0.40487
0
0
0.14389
0.4863
0.0601
0
0.07076
0.08706
0.53964
0
0.09078
0.08322
0
0.05352
0
0
0
0.14702
0.16495
0.20797
0.03005
0.04729
0
0
0
0
0.45807
0.08435
0
0
0
0.16067
0.23157
0
0
0.18699
0
0
0.04822
0
0
0
0
0
0.28585
0
0.17882
0.05096
0.05997
0
0
0
0
0
0.14542
0
0
0
0.06398
0
0.63225
0
0.07944
0
0
0
0.64259
0
0.06932
0
0.05168
0
0
0.05132
0
0
0
0.06567
0
0
0
0
0
0
0.18844
0
0.44006
0
0
0.21905
0.64486
0
0.04388
0.21104
0
0.03442
0
0
0
0
0
0.07032
0.07979
0
0.09008
0
0
0
0
0
0.17953
0
0
0.23115
0
0.07667
0
0
0.08173
0.304
0
0.29064
0
0
0.23616
0.04775
0.2262
0.63927
0
0
0.05939
0
0.04726
0.05139
0
0
0.04739
0.05192
0
0
0.04722
0
0
0.05192
0.38466
0.3729
0.23398
0.02737
0
0
0
0
0.19006
0
0
0
0
0
0
0.01725
0
0
0.02124
0.24766
0.0204
0
0
0
0
0
0.21277
0.05247
0
0
0
0
0
0
0.08148
0
0.13911
0
0
0.20471
0
0
0.38492
0
0.06877
0.04774
0
0
0.07099
0
0.49775
0
0
0
0.05144
0
0
0
0
0
0
0
0
0
0
0
0
0.49622
0.06023
0.04813
0
0
0
0
0
0.06675
0
0
0
0
0
0
0
0.77041
0
0
0.21095
0
0.11233
0.52767
0
0
0.06791
0
0
0
0
0.23433
0
0
0
0
0
0
0
0.04836
0
0
0
0.06401
0
0
0.07199
0
0
0
0
0
0.13087
0
0.06797
0
0.08152
0
0
0
0
0
0
0.16697
0
0
0
0
0
0.2071
0
0.23765
0
0
0.02117
0
0.34016
0.30588
0
0.4676
0
0
0
0.11455
0
0.17159
0
0
0
0
0.05677
0
0
0
0
0.06643
0
0
0
0
0
0.06768
0
0.21326
0
0
0
0
0
0
0
0.20625
0.28694
0
0.28689
0.05946
0
0.02238
0
0.13931
0
0
0.02458
0
0
0.10346
0
0
0.10197
0
0
0.09016
0
0.69379
0
0
0.07196
0
0.23288
0.07059
0
0
0
0.24854
0
0.07563
0
0
0.12379
0.14738
0
0.26892
0
0
0
0.02376
0.04767
0
0
0.09455
0
0.0746
0.05187
0
0.07191
0
0
0.14793
0
0
0
0
0
0
0
0
0
0
0
0
0.0529
0
0
0
0.05087
0
0.02572
0
0
0
0
0
0
0
0
0
0.1882
0.07927
0.07463
0
0
0.07879
0.08812
0.11405
0.19539
0
0
0
0
0
0
0.07138
0
0.13616
0
0
0
0
0.14471
0
0.02357
0
0.20879
0
0
0
0
0
0.13726
0
0.14667
0.1774
0.04695
0.10519
0.07277
0
0.19119
0
0.23234
0
0
0.12665
0.05147
0
0
0.07836
0
0.07875
0
0
0.08
0
0
0
0
0
0.23178
0
0.25413
0
0.08395
0
0
0
0
0.01609
0.38255
0.22454
0
0.37267
0
0
0
0
0
0
0.18853
0
0
0
0
0
0
0
0
0.09071
0.2504
0.20897
0.09049
0.53817
0
0
0
0
0
0.08337
0.14858
0.06911
0
0
0
0.16409
0
0
0
0
0
0
0
0.11906
0
0
0.51081
0
0
0
0.06192
0
0
0
0
0.21892
0
0
0
0.07686
0.1931
0
0
0
0.04822
0
0
0
0
0
0
0
0.05225
0
0
0
0
0.14098
0
0
0
0.39964
0.19444
0.11559
0
0
0.01926
0.07869
0
0
0.06799
0
0.48736
0
0.14597
0
0
0
0
0.07857
0
0.15802
0
0
0.06425
0
0
0
0
0
0
0.0519
0
0.03852
0
0.06731
0
0
0.14679
0
0
0
0
0.32004
0
0
0
0
0.09497
0.45134
0
0
0
0
0
0
0.08047
0
0
0.05686
0
0
0
0
0
0
0.21968
0
0.61208
0
0.07152
0
0
0
0.02364
0.18721
0
0.14658
0
0
0
0.08086
0.09107
0.04773
0.36585
0.02523
0
0.04276
0
0
0
0
0
0
0
0.03942
0
0.16483
0
0
0.07149
0.04781
0
0
0
0
0
0
0
0
0.06194
0.17328
0
0
0
0
0
0
0
0
0
0.06042
0
0.54779
0
0
0.13809
0.226
0
0
0
0
0.20795
0.09674
0
0
0
0
0.2576
0
0.05095
0
0.03852
0.18682
0
0
0
0.05219
0.07918
0.17
0
0
0.2882
0
0
0.07763
0
0
0
0.4352
0
0
0
0.04542
0
0.05269
0
0
0
0.07992
0
0.16974
0
0.02112
0
0
0
0.05329
0
0
0
0
0
0.04674
0
0
0
0
0
0.54004
0.09183
0.29177
0.22531
0
0
0.06822
0
0
0
0
0.05272
0.19826
0.16779
0
0
0
0
0
0
0.05173
0.05136
0
0.05188
0
0.05179
0
0
0
0
0
0.07968
0
0.17588
0
0
0
0
0
0
0
0
0
0
0
0
0.071
0
0
0.06151
0
0
0.47308
0
0.06818
0.07855
0.29874
0
0
0.09041
0
0
0
0.14579
0
0.04774
0
0
0.59802
0
0.12613
0
0
0
0.44243
0
0.48251
0
0.25256
0
0
0.34913
0
0
0
0
0
0
0
0
0
0
0
0.07064
0
0
0.84279
0
0
0.04769
0
0.1636
0
0
0.0798
0
0.26323
0
0
0
0
0
0
0
0
0.07282
0
0
0.01592
0.24451
0
0.06231
0.18621
0
0
0.1446
0.38712
0
0.05518
0
0
0
0
0
0
0
0
0
0
0
0
0
0
0
0
0.07677
0
0.0733
0
0
0
0
0
0
0
0
0.12767
0
0.09146
0
0.07074
0
0
0
0
0
0
0
0
0
0
0
0
0
0.05097
0.04758
0
0
0.37252
0
0.05183
0
0
0.07641
0
0
0.48534
0.0707
0
0
0
0
0
0.28341
0
0
0
0
0.06854
0.0757
0
0
0
0.06584
0
0.05223
0.0521
0.44224
0
0.83147
0
0
0
0
0
0.22721
0
0
0
0
0
0
0
0
0
0
0.1133
0
0.20972
0
0
0
0
0
0
0
0
0
0
0
0
0
0.42526
0
0
0
0
0
0
0
0
0
0
0
0
0.0766
0
0.05925
0.17076
0
0
0.05145
0
0
0
0
0
0
0
0
0
0.13706
0
0.09039
0
0
0.55742
0.12593
0
0
0
0
0
0
0
0
0.23015
0
0
0
0
0.31089
0
0.04822
0
0
0
0
0
0
0.04771
0
0
0
0
0
0
0
0
0
0
0
0
0.45598
0
0
0
0
0
0
0.07768
0.45962
0
0
0
0
0
0
0.15983
0
0
0
0
0
0
0
0
0
0.05932
0
0
0
0
0.2494
0
0
0
0
0
0
0
0
0
0
0
0.07945
0.06609
0
0
0
0
0
0
0
0
0
0
0
0
0.05218
0.0522
0
0
0
0
0
0.24525
0
0
0
0.08606
0.39026
0
0
0
0
0
0
0
0
0
0
0
0
0
0.71828
0
0
0
0
0
0.29913
0.34058
0
0
0
0
0.04795
0
0.05877
0
0
0
0
0
0.08416
0
0
0
0
0
0
0
0
0
0
0
0.02298
0
0
0
0
0.05941
0
0.07031
0
0.14685
0.09887
0.1497
0
0.09514
0
0
0
0
0
0
0
0
0
0
0.372
0
0
0
0
0
0
0
0
0
0.07693
0
0
0
0
0
0
0
0
0
0
0.03225
0.05844
0
0
0
0
0
0
0
0
0.18791
0
0.21087
0
0
0
0.01623
0
0.23791
0.02364
0
0
0.05332
0
0
0
0
0
0
0
0
0
0
0.10264
0
0.04733
0.1734
0
0
0
0
0
0.28792
0.07286
0
0
0
0
0.1631
0
0
0
0
0
0
0
0
0
0
0
0
0
0
0
0
0
0.07133
0
0
0
0
0
0.03247
0
0
0
0.05203
0
0
0
0
0
0
0
0
0
0
0
0
0
0
0
0
0
0
0
0.24324
0
0
0.47717
0
0
0.04768
0
0
0
0
0
0
0
0
0
0.05189
0
0
0
0
0
0.05206
0
0.05132
0
0
0
0
0
0
0
0
0
0
0
0
0
0
0
0
0.0637
0
0
0
0
0.05168
0.01725
0
0
0
0
0.01718
0.04779
0
0
0
0
0.0174
0
0
0.01742
0
0.03485
0
0.04789
0
0
0.05144
0
0
0
0.05111
0
0
0
0
0
0.04816
0.39675
0.54264
0.14972
0.08413
0.40522
0.24178
0.353
0.47759
0
0.02624
0
0.02293
0.81002
0
0.06828
0.24337
0.07058
0
0.2769
0.07247
0.22208
0
0.14354
0
0.30435
0
0
0.16636
0
0.13361
0
0
0
0.31291
0.28831
0
0
0
0.24201
0
0.04557
0
0
0
0.04726
0
0
0
0
0
0.04719
0
0.05087
0
0.04745
0
0
0
0
0
0
0
0
0.31066
0.07883
0
0.70953
0.08355
0.08421
0.07692
0.07711
0.05238
0.06925
0.41057
0.71016
0.59536
0.60215
0.23597
0.16695
0
0.4402
0.44826
0.08602
0
0.08493
0
0.07868
0.07749
0
0.07758
0
0.21102
0.10417
0
0.08521
0.0834
0.07741
0.0778
0
0.23322
0.02255
0.14788
0.17958
0.07707
0
0
0.28926
0
0
0.48777
0.10254
0.20878
0
0
0
0.38423
0.45187
0
0.6803
0.44185
0
0
0
0.4418
0.07937
0
0
0.07752
0.07905
0
0.1068
0.04749
0.25565
0.0722
0.07659
0
0.07786
0.08439
0
0.04675
0.46876
0.30999
0.02387
0
0.30896
0.08047
0.05326
0
0.18796
0.05339
0.28031
0.39369
0.35581
0.30341
0
0.12201
0.05337
0.09756
0.05272
0.53804
0
0.21435
0.05169
0.37908
0
0.17745
0.61785
0.076
0.45444
0
0
0
0.24532
0.24481
0.60554
0
0
0.6612
0.08372
0.19125
0.02311
0.16492
0
0.07835
0.08118
0.05191
0.07655
0.14682
0.49514
0
0.56187
0.08041
0.16581
0.04865
0.07594
0.4965
0.51352
0.17924
0
0
0.13126
0.16448
0.08623
0.08826
0.05296
0.08476
0.0268
0.26762
0.1009
0.07507
0.1505
0.07661
0.17659
0.14536
0.05024
0.40267
0.71633
0.5836
0
0.68525
0.51111
0.05098
0.2341
0
0.08716
0.08821
0.29051
0
0.07396
0.08206
0
0
0.02292
0.07849
0.0861
0.10941
0.32939
0.17353
0
0.23054
0
0.13186
0
0.13829
0
0.81029
0.09014
0.4723
0.86756
0.07848
0.04661
0.60545
0.06684
0.38593
0.06838
0.3999
0.90868
0.39206
0.50357
0.83306
0.27851
0.09419
0.80659
0.07126
0.04641
0.28877
0.07031
0.19835
0
0
0
0.15186
0.05392
0.07879
0.07764
0.08112
0.08136
0
0
0.28813
0.33303
0.50644
0
0.0871
0
0
0.17712
0.21161
0.0865
0
0
0.07086
0
0.4418
0
0.07978
0.14303
0.06924
0.12002
0.1443
0
0.38472
0.51056
0.38431
0.41177
0.1574
0.41823
0
0.0696
0.24892
0.17062
0
0
0.05369
0.07702
0
0.07997
0
0.18672
0.18789
0.12519
0
0.53818
0.07142
0.1404
0.33559
0.33839
0.27502
0.53371
0.56551
0.19981
0
0.17065
0
0
0.07329
0.27194
0.16732
0
0.02379
0.2519
0
0.05568
0
0.47642
0
0
0
0.07255
0
0
0
0
0
0
0
0
0
0
0
0
0
0
0
0
0
0
0
0
0
0
0
0
0
0
0
0
0
0.09099
0.09069
0
0.28723
0
0.06614
0
0.33375
0.19179
0
0
0.06559
0
0.1761
0
0.07944
0
0.06889
0
0.06848
0.06911
0
0.06939
0
0.06798
0.0705
0
0
0
0
0.07136
0
0.24943
0
0.04766
0
0.22215
0
0
0
0
0
0.16752
0
0.27582
0
0
0.14583
0.21542
0.18723
0
0.24793
0.18303
0.0841
0
0
0
0.04809
0
0
0
0
0
0.24795
0.18679
0
0
0
0
0
0.20952
0.0601
0.09151
0
0
0.06456
0
0
0.06027
0
0
0
0
0
0
0
0
0
0
0
0
0
0
0
0
0
0
0
0
0
0
0
0
0
0.07022
0
0
0
0
0
0
0
0
0
0
0
0
0
0
0
0
0
0
0
0
0
0
0
0
0
0
0
0
0
0
0
0
0
0
0
0.0341
0.0515
0
0.04768
0.09842
0
0
0
0
0
0
0
0
0
0
0
0
0
0
0.06115
0
0
0
0
0
0.04771
0
0
0
0
0
0
0.04768
0.61354
0.637
0.07824
0.79727
0.6504
0.50611
0.71861
0.04993
0.79992
0.07853
0.08322
0.6393
0.72711
0.6661
0.1258
0.18935
0.33725
0
0.47875
0
0
0.08401
0.31225
0.28918
0.18051
0.16728
0
0.18509
0.17597
0.23392
0.14792
0.48055
0.08079
0.57756
0.66697
0.0508
0.24499
0.08657
0.07651
0.07714
0
0.07546
0.57355
0.08339
0.08429
0.83212
0.47585
0.27869
0.22634
0.80317
0.74112
0.05261
0
0.15048
0.08562
0.08329
0.16052
0.02533
0.0538
0.16009
0.07903
0.19345
0.16021
0.47549
0
0.10448
0
0
0.30952
0.3102
0.2254
0.14704
0.07841
0.02405
0
0.02405
0
0.06779
0.14937
0.16117
0
0.23241
0.30937
0.23311
0.22946
0
0
0
0
0
0
0.20603
0.57554
0.64951
0.60302
0
0.58091
0.53944
0
0.37828
0.08562
0
0.07908
0.16471
0
0
0.08011
0.31388
0.48544
0
0.14913
0
0
0
0
0
0
0
0
0
0
0.33024
0
0.10556
0
0.07612
0.16258
0.05247
0.22487
0.07993
0.10387
0
0.33392
0.15245
0.15317
0
0.26199
0.07641
0.13414
0.31983
0.10643
0.13622
0.16088
0.33797
0.22663
0.06739
0
0.51442
0.19886
0.40868
0.30953
0.14314
0.07632
0.22472
0.22286
0
0.46539
0.44856
0.07094
0.07614
0.1392
0.05761
0.44143
0
0.35095
0
0.09775
0
0
0
0
0
0
0
0
0.17728
0
0.02367
0
0.07243
0
0
0
0.2143
0.06882
0.10343
0
0
0.26572
0
0
0
0
0.22196
0.0756
0.34123
0.23488
0.22897
0.05374
0
0.49424
0.63754
0.6029
0.0798
0.16133
0.07944
0.07466
0.63655
0.56047
0.46908
0.64012
0.39438
0.07913
0.41684
0.10474
0.37871
0.23191
0.0769
0.20453
0.12797
0
0
0.08106
0.14384
0.05562
0
0.07554
0.24466
0.05676
0.16496
0.05429
0.07726
0.12139
0.18191
0.07787
0
0
0
0
0.12417
0.02369
0.0982
0.12149
0.32816
0
0.06905
0
0.1864
0.14041
0
0.07531
0.30912
0.07687
0.0687
0.22491
0
0
0
0.07495
0
0
0.08685
0.0255
0.04971
0.16108
0
0.02665
0
0.07532
0.45464
0.07146
0
0.44961
0.02712
0.66701
0.48781
0.51084
0.53364
0.16125
0.71413
0
0.04596
0
0.02263
0.08794
0.07287
0.28147
0
0.09323
0.53512
0
0.22303
0.07158
0.07101
0.16747
0.07274
0.07087
0.17065
0.07851
0
0.13942
0.06648
0.14091
0
0.65422
0
0.67429
0.66978
0.06788
0.64081
0.13594
0.068
0
0.3907
0.94334
0.18614
0.36973
0.23321
0.52813
0.90951
0
0.16427
0.46543
0
0.0706
0
0.06962
0
0
0.07304
0.3908
0.10935
0
0
0.55136
0.13761
0.75231
0.18329
0.24468
0
0
0.19315
0.11593
0.07087
0.02397
0
0.07009
0.06565
0
0
0
0.06961
0
0.08907
0.11426
0
0
0
0.3093
0
0.16432
0
0.13348
0.08568
0.41207
0.01778
0.18784
0.02843
0.11775
0.17087
0.1701
0
0.07769
0
0.17191
0
0.23397
0.08012
0.38605
0
0.49611
0.22346
0.02612
0
0
0
0
0.09404
0.22353
0.07136
0.21
0.18788
0.0864
0.11335
0.06946
0.07157
0.04584
0
0.02305
0.15755
0.06877
0.21263
0.49031
0.14638
0.21869
0
0.14506
0
0.13384
0
0.21869
0.02658
0
0.08533
0.13268
0
0
0
0.14554
0.17249
0.30748
0
0.29559
0.45544
0
0.14303
0.11844
0.16738
0
0.3109
0.36657
0.16884
0.13923
0.16971
0.43415
0
0
0
0.06948
0.06912
0.26592
0
0.31938
0.12239
0.09148
0.20045
0.21066
0.29397
0
0
0.06007
0.05428
0
0.07133
0
0
0
0
0
0
0
0
0
0
0
0
0
0
0
0
0
0
0
0
0
0
0
0
0
0
0
0.22128
0
0
0.04087
0
0
0
0
0
0
0
0
0
0
0
0.13721
0
0.21335
0
0
0
0
0
0
0
0
0
0
0
0
0.09004
0
0
0
0
0
0
0
0
0
0.02346
0
0.09312
0.06618
0
0.28787
0
0.19078
0
0
0
0.19525
0.33999
0
0.06957
0.07232
0.06716
0
0
0.08946
0
0
0.2437
0.04705
0.07027
0
0.0665
0.24953
0
0
0
0
0
0
0
0
0.08329
0.07038
0
0.02243
0.04403
0.23282
0
0.07048
0.20699
0.04493
0
0.18729
0
0
0
0
0
0
0
0.06798
0
0
0.21168
0.21269
0.18605
0
0.18103
0.24344
0
0
0.20621
0.12616
0.28282
0.24386
0.053
0.09871
0
0
0
0
0
0.13904
0
0
0.03005
0
0
0
0
0
0.06844
0.11637
0
0
0
0
0
0
0
0.2316
0
0.29752
0
0
0
0
0.21157
0.09207
0
0.09122
0.13949
0
0.03
0
0
0
0
0
0
0
0
0.19381
0.14694
0.06387
0.18886
0
0
0.19026
0
0
0
0
0
0
0
0
0
0
0
0
0
0
0
0
0
0
0
0.23048
0
0
0
0
0
0
0
0
0
0.06225
0.03947
0
0
0
0
0
0
0
0
0
0
0.11429
0
0
0
0
0
0.0917
0
0
0
0
0
0
0
0
0
0
0
0
0
0
0
0
0
0
0
0
0
0
0
0
0
0
0
0
0
0
0
0
0
0
0
0
0
0
0.06334
0
0
0.04802
0
0
0
0
0
0
0
0
0
0
0
0
0
0
0
0
0
0
0
0.05886
0.05857
0
0
0
0
0
0
0
0
0
0
0
0
0
0
0
0
0
0
0
0
0
0
0
0
0
0
0
0
0
0
0
0
0
0
0.05791
0.06655
0.04867
0
0.07516
0.07473
0.51382
0.25205
0.28505
0.56724
0
0.14964
0.10862
0.23434
0.05242
0.0686
0
0.07913
0
0.43056
0.10208
0.04646
0.21216
0
0
0.0761
0.0775
0.05312
0.05242
0.18841
0.38217
0.44704
0
0
0.02692
0.30289
0
0.51065
0
0
0.07147
0
0.02521
0.64859
0
0.0959
0.04783
0.68634
0.0734
0.16531
0
0.32646
0.3037
0
0.45367
0
0
0
0.63955
0.42669
0.27872
0.0872
0.07186
0.74699
0.04611
0.29662
0.14913
0.46546
0.07231
0
0.02344
0.60583
0.59111
0.13246
0.02601
0.07927
0
0.23607
0.05287
0.08228
0.14456
0.16432
0
0
0
0
0
0
0
0
0
0
0
0.10516
0
0
0
0
0
0
0
0
0
0.19346
0.24925
0.21315
0
0
0
0
0.14276
0
0.12373
0
0
0
0
0
0
0
0.06931
0
0
0
0
0
0.06195
0.051
0.04754
0.05142
0
0
0
0
0.04779
