0.29451
0.08701
0
0.0858
0.07963
0.50375
0.10691
0.30039
0
0.08866
0
0.33035
0.39858
0.07532
0.16433
0.1099
0.4136
0
0
0
0.14634
0.11399
0.07887
0.30068
0
0.16728
0.34015
0.14258
0
0.07231
0.08176
0
0
0.10879
0
0
0
0
0
0
0.3832
0.07212
0.0269
0.22694
0.17157
0.08012
0.11311
0
0
0.11539
0.48395
0.13872
0.11657
0
0.43036
0
0.1505
0.20254
0.08153
0.24142
0.25381
0.13516
0.08289
0.3196
0.14395
0.15008
0.41423
0.45292
0.24092
0.25416
0.38771
0.67895
0.90329
0.64792
0
0.06676
0
0.22611
0.78564
0.84641
0
0.30453
0
0.48076
0.02712
0
0
0.22496
0.61886
0
0.22543
0
0.1287
0
0.65293
0
0.42469
0
0
0.42596
0.05448
0.04595
0.02898
0.08145
0.476
0
0
0
0.30371
0.19471
0.27247
0
0.4727
0.22209
0
0.05344
0.32923
0.43983
0.06457
0.08809
0.47668
0
0
0
0.11028
0.47416
0.41457
0
0.12853
0.0669
0
0.08961
0.04508
0.19342
0.30697
0.34722
0.0654
0.20349
0
0.24265
0.08674
0.06528
0.44024
0
0.39684
0.05369
0
0
0.52527
0.17218
0.25385
0.30398
0.08147
0.08881
0.37802
0.56296
0.2578
0.04077
0.06682
0.56449
0.08178
0
0.30983
0.57903
0.57901
0.08596
0
0
0
0.07907
0.07993
0.11613
0.06633
0.08929
0
0
0.1426
0.15696
0.06095
0.02646
0
0.84696
0.05845
0
0.06682
0.09885
0.30542
0.30041
0.22179
0.16196
0.0928
0.18418
0.16644
0.29773
0
0.08121
0
0.56382
0.18229
0.13468
0.11065
0.07967
0.17153
0
0
0
0
0.25469
0.38987
0.4266
0.56311
0.21908
0.15083
0.16243
0.08
0.29956
0.08133
0.22522
0.11333
0.25504
0
0.52441
0.07284
0.09764
0.06511
0.13853
0.57171
0
0.32926
0.11178
0.16759
0.22152
0.47678
0.67411
0
0
0.06761
0
0.56434
0
0.08624
0.07588
0.08877
0
0
0.84707
0
0.02233
0
0.08948
0.16754
0.16596
0
0
0.51715
0.40594
0.1092
0.12357
0.54497
0.1309
0.30436
0.04166
0.25789
0
0.47707
0.22093
0.1236
0.11589
0
0.20282
0.06703
0.1767
0
0.21612
0.09546
0
0
0.54258
0.24189
0.20393
0
0.149
0.16137
0.16583
0.2457
0.07582
0.02663
0.32689
0.32861
0.12888
0.13473
0
0.40003
0.05783
0.22076
0.29963
0.04354
0
0.35581
0.22293
0.33662
0.067
0.06714
0.1646
0.12903
0.5032
0.48755
0.16647
0.21431
0.31691
0
0.07286
0.12799
0
0.10848
0.06692
0.06737
0.30448
0.47849
0.82328
0
0.77813
0.85258
0.7245
0
0
0.72915
0
0.48027
0.06945
0.06938
0.06877
0
0
0
0
0.74978
0
0.76004
0.65417
0.76834
0.73084
0
0.70211
0
0.70309
0
0.72524
0
0.72801
0
0.72532
0.21186
0.06699
0
0
0
0
0.59102
0
0
0
0
0.06696
0.54767
0.47141
0.0684
0.91431
0.29179
0.18624
0.48307
0
0.27851
0.84481
0.26868
0.31493
0
0.06844
0.8094
0.04584
0.85318
0.33663
0
0.7261
0.54558
0
0
0.65459
0
0.72447
0
0.80895
0.06848
0.70729
0
0
0
0.06893
0
0.58709
0
0
0.13245
0.11233
0
0.06686
0
0.60006
0.04702
0
0.82412
0.58014
0
0.17004
0.72843
0.65624
0.03732
0.78353
0
0.11227
0
0.65651
0
0
0
0
0
0
0.83307
0
0.65791
0.22355
0.06907
0.0691
0
0.72619
0
0
0
0.06911
0
0.0734
0.06925
0.07051
0.10823
0.06941
0.65686
0.82838
0.65632
0.06556
0
0.65676
0.0695
0
0
0
0
0.90687
0
0.81102
0.06605
0.87905
0.06589
0.5728
0.07037
0.65743
0
0.06898
0
0
0.06931
0
0.74229
0.18256
0.74208
0.97058
0.16778
0
0
0.44654
0
0.07009
0.06879
0.26956
0
0.20508
0.11258
0.06901
0
0.73721
0.06936
0
0
0.11127
0.66377
0.04587
0
0.06971
0
0
0.76977
0.1107
0.87724
0.11124
0
0.06975
0.06648
0.11488
0.15575
0
0.3817
0.18053
0.06966
0.66642
0.72753
0.58899
0.91778
0
0.07033
0
0.24692
0.06982
0.06997
0
0.06863
0.02221
0
0.4573
0.8726
0
0.13937
0
0
0.64369
0.39893
0.32233
0
0
0
0
0
0.06611
0.06656
0.72864
0
0
0.55979
0.06895
0.72801
0.61651
0.79209
0.61194
0.5681
0.78488
0
0.75558
0.8124
0
0
0
0
0.89141
0.17273
0.45855
0
0.07046
0.6659
0.11533
0.27713
0
0
0
0.06882
0
0
0
0.06641
0
0.17263
0.56645
0
0.39408
0
0
0
0
0
0.6541
0.13944
0.72647
0.10649
0
0.06992
0
0.36693
0.62798
0
0
0
0.63537
0.78306
0
0
0.79978
0
0.47166
0.02311
0.34265
0.70859
0.40679
0.16997
0
0.10755
0.10975
0.58562
0
0.72677
0
0
0.25849
0.06803
0
0
0
0
0.65625
0.0688
0.74264
0.13169
0.1943
0
0
0
0
0
0
0
0.07012
0
0.3524
0
0.78309
0
0.1816
0
0.1163
0.02345
0.26569
0
0
0
0
0
0
0.14658
0
0.221
0.11061
0.28521
0
0.32959
0.28165
0.24651
0
0
0.11625
0.3197
0.07048
0.13931
0
0
0
0.39262
0.04657
0.06988
0
0.28546
0
0.29883
0
0.40271
0.06951
0.04719
0
0
0
0
0.71304
0
0
0.07014
0.39242
0
0
0.07075
0
0
0.77883
0.06627
0.18828
0
0.29513
0
0
0
0
0
0
0
0.2496
0.41435
0.32898
0.29352
0.29347
0.03659
0
0.11145
0
0.06631
0.13911
0.36895
0
0
0.0654
0
0.20485
0.11027
0.1102
0
0.11659
0.33767
0.29314
0
0
0
0.31354
0.11257
0.11487
0.06962
0
0.27546
0
0.10457
0.32291
0.14835
0
0
0.1114
0
0
0
0.10997
0
0.14156
0.27133
0.20412
0
0
0.06925
0
0
0
0
0
0
0.11124
0
0.51398
0
0.06932
0.56289
0
0
0
0.25848
0.7962
0
0.37664
0.37158
0
0
0
0
0
0.138
0.31965
0.65548
0.35015
0
0.84083
0.47321
0.08904
0
0.87619
0.06892
0.28394
0.33824
0.06512
0.08634
0
0.07734
0
0
0.10866
0.33802
0.10149
0.26644
0.06921
0.45157
0.24877
0
0.29446
0
0.2393
0
0
0
0.06673
0.31533
0
0.48276
0.20461
0
0
0.30335
0
0
0.13461
0.07737
0
0
0.88153
0
0
0.45306
0.69775
0
0.3151
0
0
0.41185
0.06686
0.41411
0
0.84837
0.26926
0
0
0.15942
0.03655
0.22654
0
0.83311
0
0
0.25406
0.65327
0
0.41228
0.0461
0.28212
0.06582
0.92945
0
0
0.20548
0
0
0.41142
0
0.10584
0
0
0.4393
0
0.35287
0
0.11557
0
0.92905
0
0
0
0
0.06539
0.44734
0.26071
0.18352
0
0
0.06633
0.20571
0
0.18734
0.58709
0.25454
0
0
0.45423
0.41447
0
0
0.11431
0.78859
0
0.11055
0.06947
0
0
0
0.24272
0
0.46329
0
0
0.3131
0
0
0.31597
0.02233
0.70805
0
0
0
0
0.3367
0.71985
0
0.06951
0.43848
0.33493
0
0
0.23835
0
0.23685
0.14167
0.29339
0.15504
0.11583
0
0
0.12337
0
0.29929
0.31513
0.23068
0
0.11064
0.33267
0
0
0.10973
0.43163
0
0.1417
0.53818
0
0.23693
0.06941
0.11374
0
0
0.0689
0.29371
0
0.31654
0
0.11162
0
0
0
0.11389
0.90327
0
0
0.33396
0
0
0.07025
0.41137
0.38194
0
0
0
0
0.24685
0.66195
0
0
0.13846
0.30891
0.03688
0
0
0
0.33901
0.1263
0.13214
0
0.08927
0.28425
0
0.27909
0.16956
0.11227
0.65322
0.32118
0
0.31025
0
0
0
0
0.06961
0
0.30212
0.57909
0
0.26495
0.78403
0.30125
0
0
0.72726
0
0
0.0702
0
0.83818
0.85121
0
0
0.20316
0.41816
0
0
0
0.11235
0.36185
0.37403
0
0.099
0
0
0.68698
0.13911
0.42068
0.75517
0
0.41244
0.78568
0
0.08848
0.44934
0.6624
0.31258
0.84672
0
0.06639
0
0.10931
0
0.35009
0
0.43537
0
0
0.47228
0.61599
0.71444
0.34514
0.027
0.37344
0
0.11211
0
0
0
0.22916
0.07002
0.84994
0
0.33117
0.66394
0.20753
0.37879
0.78751
0.06605
0
0
0
0
0.34559
0
0
0.76884
0
0.78756
0
0.11032
0.33829
0
0
0
0.10951
0
0.30641
0.32076
0.40923
0.35469
0.3295
0
0
0.70374
0.59086
0.02795
0.33835
0.11148
0.14445
0
0
0.06959
0.20519
0
0.09477
0.11222
0.23629
0
0.28866
0.11703
0
0
0
0.39168
0.06969
0.29629
0
0
0
0.58939
0.68055
0.35191
0.28241
0.11257
0
0
0.14848
0
0.11079
0
0
0
0
0.37276
0.35831
0
0.20671
0.27106
0.77647
0
0
0.14452
0
0
0.32241
0
0.28653
0.06976
0
0
0.14466
0.76552
0.32279
0
0.14135
0.70418
0.68699
0.09531
0.25656
0
0.12259
0.28663
0
0.78678
0.20654
0.24648
0
0.30652
0
0.89628
0.16276
0
0
0.28727
0.35925
0
0.37411
0.10918
0
0
0
0.04857
0
0
0.26113
0
0.28831
0.08036
0.19319
0
0
0.78224
0
0.85486
0.08782
0
0
0.0696
0.84811
0.30562
0
0.35392
0
0
0
0.39755
0.23613
0
0
0
0
0.14047
0.71407
0.18454
0
0
0
0.37185
0
0.3893
0.35599
0.66179
0
0.32256
0.20102
0
0.97197
0
0.29728
0.06498
0.07699
0.35702
0.33001
0
0.30216
0
0.07286
0.36267
0.0699
0
0
0
0.85669
0.20646
0
0.08785
0.22765
0.30565
0.0584
0
0.11125
0
0
0.3024
0
0.06863
0.41886
0.88859
0
0
0
0
0.14524
0.78639
0
0
0.07022
0
0.05379
0.07325
0.06891
0.18441
0.10833
0.12526
0
0.65833
0
0.71408
0.31909
0
0
0.49088
0.20715
0
0.11374
0.11834
0.08968
0
0.14125
0.14062
0.77686
0.16247
0
0
0.65532
0
0.56137
0
0
0
0
0
0
0
0.11093
0.77177
0.20404
0
0.06905
0
0.32737
0.07005
0
0.29303
0.17795
0
0
0.08761
0.0592
0
0.47038
0
0.17592
0.11041
0.16936
0
0
0.14483
0
0.70188
0
0.20525
0
0.37614
0.14086
0
0
0
0
0
0
0
0.2946
0.16203
0
0
0
0
0.13991
0
0
0.06986
0
0.06501
0.33378
0
0
0.13971
0
0.06912
0
0.43729
0.0244
0
0.06977
0.1411
0
0.30381
0.0218
0.28775
0.10823
0.75126
0
0
0
0
0.15019
0.85115
0.1085
0
0
0.44889
0.11431
0
0.27024
0
0
0.3957
0
0
0.16093
0
0.11127
0.70341
0.20138
0.18639
0.50782
0
0.13796
0.07037
0.13498
0
0
0.08754
0
0.47669
0.02348
0.96092
0
0.07346
0
0.24705
0.85119
0.18008
0
0
0.11077
0.25082
0.14065
0
0
0.87813
0.10766
0.06907
0
0
0.44106
0.14641
0.1105
0.05289
0.72602
0.80053
0
0.28523
0.14083
0
0.141
0.03573
0.27593
0
0
0.05266
0.43687
0
0
0.14696
0
0.80336
0
0.49797
0
0.14118
0.6576
0
0
0
0
0.54143
0
0
0.80012
0
0.02449
0
0
0.14157
0.7678
0
0.06514
0
0
0.10737
0.78004
0
0
0
0.32476
0.14178
0
0.08636
0.65553
0.87779
0.30323
0.10954
0.03573
0.06993
0
0.11167
0
0
0.41539
0
0
0.69039
0.44954
0.07874
0
0
0.141
0
0.85641
0
0.4831
0.96791
0.07902
0
0
0
0
0.10904
0.07473
0
0
0
0
0.86903
0.82464
0
0.6999
0
0.20035
0
0.14097
0
0
0.14572
0.63479
0.0712
0.09188
0
0
0
0
0
0
0.63215
0
0.14139
0
0
0.14667
0
0.1389
0
0
0.82212
0.02546
0.80368
0.78799
0
0
0.53992
0
0
0
0
0.07831
0
0.70162
0
0.10928
0
0.48792
0
0.65684
0
0.07011
0.78587
0.55745
0
0.11118
0.06977
0
0
0.12277
0
0
0
0
0
0
0
0.09311
0.82232
0
0.1928
0.07066
0
0
0.49822
0.10829
0
0.33433
0
0
0.59866
0
0.24635
0.09349
0.78092
0.06673
0
0.10569
0
0
0
0.85243
0
0
0
0
0
0
0
0
0
0.65136
0.11017
0
0
0.08193
0
0.1571
0
0.10766
0
0
0.10735
0.14546
0
0.02787
0.10695
0
0
0
0.08203
0.04705
0.85019
0.1403
0
0
0
0.27439
0.0352
0.04367
0
0
0
0.27197
0.10993
0
0.03792
0.29323
0.20297
0.13135
0
0.85145
0.8529
0
0
0
0
0.10905
0
0.10817
0.46955
0.04629
0.10683
0.34457
0
0.13988
0.13894
0
0.10704
0.06666
0.85549
0.10674
0.08494
0.10577
0
0
0
0
0.10127
0
0
0.2833
0
0.11394
0
0
0
0.08651
0
0
0.53516
0.14045
0
0.03783
0
0
0.18364
0
0
0
0.14703
0.5802
0
0.11091
0.10739
0.1344
0
0.15056
0
0
0
0.10825
0.13427
0.70765
0.47409
0
0
0.15998
0.08976
0
0
0.08354
0.06702
0.14106
0.0302
0.55955
0
0.18248
0
0.13103
0
0.13945
0.10584
0.06716
0.1584
0
0
0.16178
0.06606
0
0
0
0
0.18309
0
0
0
0.08637
0
0
0
0.10637
0
0
0.11269
0
0.23512
0
0.70342
0
0.06615
0
0.0663
0.08695
0.16173
0.11196
0.24262
0.06728
0
0
0
0
0
0
0.08838
0.58011
0
0
0.09554
0.06592
0.18242
0.06635
0.08639
0.07053
0
0.10613
0.11152
0
0
0
0.08383
0
0
0
0
0.24683
0
0
0.203
0.06673
0
0.1404
0.04862
0
0
0.10603
0
0
0
0.05712
0.10716
0
0.45426
0.11661
0
0.70291
0.28437
0.06538
0
0.06725
0.07294
0.11541
0.13452
0
0
0
0.06711
0.11212
0
0.26759
0.30153
0
0
0
0.06968
0.1272
0
0.06664
0.06657
0.12308
0.06565
0.14148
0.07028
0
0
0
0.10181
0.11209
0.14006
0
0.14145
0.37559
0
0.84868
0
0
0
0.06594
0.12852
0
0
0.06642
0.30787
0.56498
0.06565
0
0.08688
0.11467
0.06539
0.08584
0.79982
0
0.02159
0.06654
0.44893
0
0.20311
0
0.10667
0.06949
0
0.06668
0
0
0.01857
0.17228
0.23694
0
0
0.09782
0
0
0
0.59134
0
0.41155
0
0
0
0.05962
0.30208
0.84977
0.0245
0
0.1083
0.09193
0.10936
0.60036
0.10682
0.21189
0.11446
0
0.07872
0.06555
0
0
0.06517
0
0.02456
0.07176
0.30261
0
0
0.06546
0
0
0.01857
0
0.10658
0.14145
0
0
0
0.06521
0.06737
0
0
0
0.06492
0.10736
0
0
0
0
0
0.22518
0.06582
0.06568
0
0.1265
0.19376
0.14128
0
0
0
0
0
0
0.07882
0
0
0
0.06545
0
0.63847
0
0
0.24883
0.0898
0.4493
0
0
0
0.06514
0
0
0
0
0
0
0
0
0.60126
0
0
0
0
0
0
0
0
0.079
0.43232
0
0.05149
0
0
0
0
0
0.16429
0
0
0
0
0
0
0
0
0
0
0
0.08042
0
0
0
0.06552
0
0
0
0.06631
0
0
0
0
0
0
0
0
0
0
0
0
0
0
0
0
0
0
0
0
0
0
0.44878
0
0
0
0
0
0
0
0
0.02185
0
0.15167
0
0
0
0
0
0.06522
0
0.06595
0
0
0.6255
0
0
0.22557
0
0.03869
0
0
0
0
0
0
0
0
0
0
0
0
0
0
0
0
0
0
0
0
0
0
0
0
0
0
0.84957
0
0
0
0
0
0
0
0
0
0
0.0661
0
0
0
0
0
0
0
0
0
0
0
0
0
0
0
0
0
0
0
0.36971
0
0
0
0
0
0
0
0
0
0
0
0
0
0
0
0
0.06634
0
0
0
0
0
0
0.50399
0
0
0
0
0
0
0
0
0
0
0
0
0
0.68009
0
0
0
0
0
0.84935
0
0
0
0
0
0
0
0
0
0
0
0.06692
0
0
0
0
0
0
0
0
0
0
0
0
0
0
0
0
0
0
0
0
0
0.70272
0
0
0.08815
0
0
0
0.11426
0.07874
0
0.47368
0
0.17915
0.07883
0.4875
0
0
0
0.08076
0
0.6691
0
0
0
0
0
0
0.08801
0
0
0
0
0
0
0
0.0649
0
0
0
0
0
0
0
0
0
0
0
0
0
0
0
0
0
0
0
0
0
0
0
0.28963
0
0
0
0.71872
0
0
0.02085
0
0
0
0.14051
0
0
0
0
0
0
0
0.08008
0
0
0
0
0.78915
0
0
0
0
0.25292
0
0
0
0
0
0
0
0
0
0
0
0
0.02085
0
0
0
0.06727
0.52108
0
0.15802
0
0
0
0
0
0.07703
0
0
0.67712
0
0
0
0
0
0
0
0
0
0
0
0
0
0
0
0.08973
0
0
0
0
0.73895
0
0.65427
0
0
0
0
0
0
0
0
0
0.20791
0
0
0
0
0
0
0
0
0.40955
0
0.6552
0.02173
0
0
0
0.09045
0
0
0
0
0
0
0
0
0
0.13832
0
0
0
0.20793
0
0
0
0
0
0
0
0
0
0
0
0.11405
0
0
0
0
0.06711
0.62132
0
0
0
0
0
0.12835
0
0
0
0
0
0
0.11427
0
0
0
0
0
0
0
0
0
0
0
0
0
0
0
0
0
0
0
0.07988
0
0
0
0
0
0
0
0
0
0
0
0
0
0.07993
0
0
0
0
0
0
0
0
0
0
0
0
0
0
0
0.06808
0
0
0
0
0
0.07707
0
0
0
0
0
0
0
0
0.0685
0
0
0
0
0
0
0
0.47526
0
0
0
0
0
0
0
0
0
0
0.11028
0
0
0
0
0
0
0.47294
0
0.41199
0
0
0
0
0
0
0
0
0.0823
0
0
0
0
0
0
0.35447
0.15956
0
0.47358
0
0.4536
0
0
0
0
0
0
0
0.11458
0.14113
0
0.41222
0
0
0
0
0
0
0
0
0
0
0
0
0
0
0
0
0
0
0
0
0
0
0
0
0
0
0
0
0
0
0
0
0
0
0
0
0
0.07982
0
0
0
0
0
0
0
0.42701
0
0
0
0
0
0
0
0
0
0
0
0
0
0
0
0
0
0
0
0
0
0
0.11664
0
0
0
0
0
0.07928
0
0
0
0
0
0
0
0
0.08063
0
0
0
0
0
0
0
0
0
0
0
0
0
0
0.07669
0
0
0
0
0
0
0
0
0
0
0.07887
0
0
0
0
0
0
0
0
0
0
0
0
0
0.07735
0
0
0
0
0
0
0
0
0
0
0
0
0
0
0
0
0
0
0
0
0
0
0
0
0
0.07654
0.08092
0
0
0
0
0
0
0
0
0
0
0.06987
0
0
0
0
0
0
0
0
0
0.0297
0
0
0
0
0.04994
0
0
0
0
0
0
0
0
0
0
0
0.0767
0
0
0
0
0
0
0
0
0
0
0
0
0
0
0
0
0
0.09055
0
0
0
0.02258
0
0
0
0
0
0
0
0.07854
0
0
0
0
0
0
0.07651
0
0
0
0
0
0
0
0
0
0
0
0
0
0
0
0
0
0.02615
0
0
0.02711
0
0
0
0.1142
0
0
0
0
0.09041
0
0
0
0
0
0
0
0.07664
0
0
0
0.14108
0
0
0
0
0
0
0
0
0
0
0
0
0
0
0
0
0
0
0
0
0
0
0
0
0
0
0
0
0
0
0
0.06608
0
0
0
0
0
0.07562
0
0
0
0
0
0
0
0
0
0
0
0
0
0
0
0
0
0
0
0
0
0
0
0
0
0
0
0
0
0.02704
0
0
0
0
0
0
0
0
0
0
0
0.20504
0.05109
0
0
0
0
0
0
0
0
0.0541
0
0
0
0
0
0
0
0
0
0
0
0
0
0
0
0
0
0
0
0.02554
0
0
0
0
0
0
0
0
0
0
0
0
0
0
0
0
0
0
0.0378
0
0
0
0
0
0
0
0
0
0.07577
0.07728
0
0
0
0
0.08031
0
0
0.15831
0
0
0
0
0
0
0
0.13651
0
0
0
0
0
0
0
0
0
0.07914
0
0
0
0
0
0
0
0
0.08888
0
0
0
0
0
0
0.1341
0.07917
0
0
0
0
0
0
0
0
0
0
0.08037
0.11581
0
0
0
0
0
0
0
0
0
0
0
0
0
0
0.08888
0
0
0
0
0
0
0
0
0
0.11669
0
0
0
0
0
0
0
0
0
0
0
0
0
0
0
0
0
0
0.0892
0
0
0
0.06646
0
0
0
0
0
0
0
0.08182
0
0
0
0
0
0
0
0
0
0
0
0
0
0
0
0.07976
0
0.07885
0
0
0
0
0
0
0
0
0
0
0
0
0
0
0
0
0
0
0
0
0
0
0
0
0
0
0
0
0
0
0
0
0
0.06676
0
0
0
0
0
0
0
0
0
0
0
0
0
0
0
0
0
0
0
0
0
0
0
0
0
0
0
0
0
0
0
0
0.07959
0
0
0
0
0
0
0
0
0
0
0
0.07929
0.11841
0
0
0
0
0
0
0
0
0.08036
0
0
0
0
0
0
0
0
0
0
0
0.08286
0
0
0
0
0
0
0
0
0
0
0
0
0
0
0.02339
0
0
0
0
0
0
0
0
0.08028
0
0
0
0
0
0
0
0.07664
0
0
0
0
0
0
0
0
0
0
0
0
0
0
0
0
0
0
0
0
0
0
0
0
0.08074
0
0
0
0
0.0795
0
0
0
0
0
0
0
0
0
0
0
0
0
0
0
0
0
0
0
0
0
0
0
0
0
0
0
0
0
0
0
0
0
0
0
0.08093
0
0
0
0
0
0
0
0
0
0.07729
0
0
0
0
0
0
0
0
0
0
0
0
0
0
0
0
0
0
0
0
0
0
0.11721
0
0
0
0
0
0
0
0
0
0
0
0
0
0
0
0
0
0
0
0
0
0
0
0
0
0
0
0
0
0
0
0
0
0
0
0
0
0
0
0
0
0
0
0
0.07726
0
0
0
0
0
0.02715
0.0818
0
0
0
0
0
0
0
0
0
0
0
0
0
0
0
0
0
0
0
0
0
0
0
0
0
0
0.07757
0
0
0.07611
0
0
0
0.06636
0
0
0.11624
0.08737
0
0
0
0
0
0
0
0
0
0
0
0.06571
0
0
0
0
0
0
0
0
0
0
0
0
0.07744
0
0
0
0
0
0
0
0
0
0
0
0
0
0
0
0
0
0
0
0
0
0
0
0
0
0
0
0
0
0
0
0
0
0.02633
0
0
0.11597
0
0
0.07798
0
0
0
0.07671
0
0
0
0.11396
0
0
0
0
0
0
0
0
0
0
0
0
0
0
0
0
0
0
0
0
0
0
0
0
0
0
0
0
0
0
0
0
0.13971
0
0
0
0
0
0
0
0.04679
0
0
0
0
0
0
0
0
0
0
0
0
0
0
0
0
0
0
0
0.11707
0
0
0
0.07799
0
0
0
0
0
0
0
0
0
0
0
0
0
0
0
0
0
0.07775
0
0
0
0
0.08181
0
0
0
0
0
0
0
0
0
0
0
0
0
0
0
0
0
0
0
0
0
0
0
0
0
0
0
0
0
0
0
0
0
0
0
0
0.07851
0
0.08818
0
0
0
0
0
0
0
0
0
0
0
0
0
0.14002
0
0
0
0
0
0
0
0.07854
0
0
0
0
0
0
0
0
0
0
0
0
0
0
0
0
0
0
0
0
0
0
0
0
0
0
0.02563
0
0
0
0
0
0.07832
0
0
0
0
0
0
0
0
0
0
0
0
0.03785
0
0
0.08819
0
0
0
0
0
0
0
0
0
0
0
0.06883
0
0.08337
0
0
0
0
0
0
0
0
0
0
0
0.07007
0
0
0
0
0
0
0
0.02689
0
0
0
0
0
0
0
0
0
0
0
0
0.06537
0
0
0
0.07846
0
0
0
0
0
0.13383
0
0
0
0
0.0749
0
0
0
0
0.14978
0.04691
0
0
0
0
0
0
0.11137
0
0.0788
0
0
0
0
0
0.06537
0
0
0
0
0
0
0.02683
0
0
0
0
0
0.06911
0
0
0
0
0
0
0
0
0
0.08806
0
0
0
0
0.05553
0
0
0
0
0
0.06924
0.06568
0
0
0
0
0
0.06885
0
0
0
0
0.08324
0
0
0
0
0
0
0
0.06877
0
0
0
0
0
0.11355
0
0.05698
0
0
0
0
0
0
0
0
0
0
0
0
0
0
0
0
0
0
0
0
0
0
0
0
0
0
0
0
0
0
0
0
0
0
0.07905
0.02655
0
0
0.10197
0
0
0.07574
0.0623
0
0
0
0
0.14384
0
0
0
0
0.07596
0
0
0.07915
0.06906
0
0
0
0
0
0
0
0
0
0
0
0
0
0
0
0
0.08823
0.02537
0
0
0
0
0.07979
0
0
0
0
0
0.06117
0
0
0
0
0
0
0
0
0
0
0
0
0
0
0
0
0
0
0
0
0
0
0
0
0
0
0
0
0
0
0
0
0
0
0
0
0
0.08325
0
0
0.07826
0
0
0.0744
0
0
0
0
0
0
0
0
0
0
0.08209
0.02604
0
0
0
0
0
0.07942
0
0
0
0
0
0
0.07
0
0
0.07329
0.07896
0
0
0
0.0777
0
0
0.07985
0
0
0
0
0
0
0
0
0
0
0
0
0
0
0
0
0
0
0
0.05349
0
0
0
0.07497
0
0
0
0
0
0.08036
0
0
0
0
0
0
0.07679
0
0
0
0
0
0.0831
0.13404
0
0
0.07581
0
0
0.08091
0
0
0
0
0
0
0
0
0
0
0.07748
0.12306
0
0
0
0
0
0
0
0
0
0
0
0.08006
0
0
0.05333
0
0
0
0
0
0
0
0
0
0
0
0
0
0
0
0
0.07541
0
0
0
0
0
0
0
0
0
0
0
0
0
0.0795
0
0
0
0
0
0
0.08308
0.08803
0
0
0
0
0
0
0
0
0
0
0
0
0
0
0
0.07943
0
0
0
0
0
0
0
0
0
0
0
0
0
0
0
0
0
0
0
0
0
0
0
0.08702
0
0
0
0
0
0
0
0
0.06661
0
0.2058
0
0.07727
0
0.07576
0
0
0
0
0.08088
0
0
0
0
0
0
0
0.02588
0
0
0
0
0
0
0
0.11405
0
0
0
0
0
0
0.08011
0
0
0
0.06656
0
0
0
0
0
0
0
0
0
0
0
0
0
0.08687
0
0
0
0
0
0
0.08033
0.08406
0.0804
0
0
0
0
0
0
0.09665
0
0
0
0
0
0.04676
0
0
0
0
0.08391
0
0
0
0
0
0
0.07693
0
0
0
0
0.07749
0
0
0
0
0
0.08691
0
0
0
0
0
0.08078
0
0
0
0
0
0
0
0
0
0
0
0.0878
0
0.06657
0.0815
0
0.0266
0
0
0
0
0
0
0
0
0.21466
0
0
0
0
0
0
0
0
0
0.07771
0
0
0
0
0
0
0
0
0
0
0.08908
0
0
0
0
0.07031
0
0
0
0
0
0
0
0
0.05186
0.07525
0.09194
0.08324
0.05349
0
0
0
0
0
0
0
0.10148
0.1183
0
0.08336
0
0
0.08349
0
0
0
0
0
0
0
0.08075
0.08121
0
0
0.08929
0
0
0
0
0
0
0
0
0
0
0
0
0
0
0
0
0
0
0
0
0.02537
0
0
0
0
0
0
0
0
0
0.08096
0.08064
0
0
0
0
0
0
0
0
0
0
0
0
0
0
0
0.08806
0
0.10509
0
0
0
0
0
0
0
0
0.06547
0
0
0
0
0
0
0
0
0.20603
0
0.07032
0
0
0
0
0
0
0
0
0
0
0.08388
0
0
0
0.14972
0
0
0
0
0
0
0.08319
0.08084
0
0
0
0
0
0
0.08111
0.05384
0
0.02684
0
0
0
0
0
0
0
0
0
0
0
0.18137
0
0
0
0
0.08399
0
0
0.08233
0
0.02797
0
0
0
0
0
0
0
0
0.02537
0
0
0
0
0
0.05614
0
0
0
0
0
0
0
0
0
0
0
0
0
0
0
0.08173
0
0
0
0.07702
0
0
0
0.13261
0
0
0
0
0
0.0814
0
0
0.08099
0
0
0
0
0
0.08731
0
0
0
0
0
0
0
0
0.08151
0
0.07678
0
0.08738
0
0
0
0.07695
0
0
0
0
0
0
0
0
0
0
0
0.08721
0
0
0.06385
0.06934
0
0
0
0
0.05586
0
0
0
0
0
0.1125
0
0
0
0
0
0
0
0
0
0
0
0.11532
0.08635
0
0
0.05417
0
0
0
0
0
0
0
0
0.08886
0
0
0
0
0
0
0
0
0
0.08168
0
0
0
0
0
0
0
0
0
0
0.04381
0
0.11291
0
0
0.06966
0.13603
0
0.02861
0.06924
0
0
0
0
0
0
0
0
0
0
0
0
0
0
0
0
0
0
0
0
0
0
0
0
0.06641
0
0
0
0
0
0
0
0
0
0
0
0
0
0
0
0
0
0
0
0
0
0
0.08186
0
0
0
0
0
0
0
0.0624
0
0
0
0
0
0
0
0
0
0
0
0
0
0.11738
0
0.09641
0
0
0
0
0.08186
0
0
0
0
0.07742
0
0
0
0
0
0
0
0
0
0
0
0
0
0
0
0
0
0
0
0
0
0
0.08171
0
0
0.02652
0
0
0
0
0
0
0
0.0779
0
0
0
0
0
0.08191
0
0
0
0
0
0
0.02534
0
0
0
0
0
0
0
0.07981
0
0
0
0
0
0
0
0
0
0
0.06908
0
0
0
0.18704
0.08157
0
0
0
0
0
0
0
0
0
0.0735
0
0.089
0
0
0
0
0
0
0
0
0
0
0
0
0
0
0.20781
0
0
0
0.08115
0
0
0
0
0
0
0
0
0
0
0
0.0856
0.0828
0
0.07815
0.20916
0
0
0
0
0
0.05441
0
0.08135
0
0
0
0
0
0
0
0
0.08188
0
0.02275
0
0
0
0
0
0
0
0
0
0.08085
0
0
0
0
0
0
0
0
0
0
0
0.0257
0
0.08132
0.07507
0
0
0
0
0.14969
0
0
0
0.07845
0.08189
0.02947
0
0
0
0
0
0
0
0
0
0
0
0
0
0
0
0
0
0
0
0
0
0
0
0
0
0
0
0
0
0
0.08114
0
0
0
0
0
0
0
0
0.08785
0
0.05503
0
0
0
0
0
0
0.07841
0
0
0
0.02706
0
0
0
0
0
0
0
0.0698
0
0
0
0
0
0
0
0
0.08068
0.08154
0
0
0
0
0
0
0
0.07797
0
0
0
0
0
0
0
0.09124
0.05012
0
0
0
0
0.05008
0
0.08785
0
0
0.08213
0.07892
0.08809
0
0
0
0
0
0.0672
0
0.47456
0
0
0
0
0
0
0
0
0
0
0
0
0
0
0
0
0
0
0
0
0.07132
0
0
0.04655
0
0
0
0
0
0.05454
0
0
0
0.11467
0
0
0
0
0
0
0
0
0
0.11561
0
0
0
0.07617
0
0
0
0
0.08735
0
0
0
0
0.06555
0
0
0
0.43254
0
0
0
0
0
0.08105
0
0
0.06987
0
0
0
0
0
0
0
0
0.15279
0
0.02541
0
0
0
0.08274
0
0
0.07325
0.08267
0
0.02506
0
0.06554
0
0
0
0
0
0
0
0
0
0
0
0
0
0
0.11835
0
0
0
0
0
0.11737
0
0
0.07838
0
0
0
0
0
0.08362
0
0
0
0
0
0.06845
0
0
0
0
0
0
0
0
0.08066
0
0
0.06174
0
0
0
0
0
0
0.07276
0.22855
0
0
0
0
0
0
0
0
0
0.0728
0.03783
0
0
0
0
0
0
0
0.05484
0
0
0.47534
0
0
0
0.26972
0
0
0.08644
0
0
0
0
0.08658
0
0
0
0.08693
0
0
0.07619
0
0
0.13686
0
0
0
0
0
0.0802
0
0.08108
0
0
0
0.0836
0.08331
0
0
0
0
0
0
0
0
0
0
0.47352
0
0
0
0
0
0
0
0.07612
0
0.07413
0
0.06228
0
0
0
0
0.11678
0
0
0
0
0
0
0
0.08331
0
0
0.0378
0
0
0.06937
0
0.47404
0
0.08156
0.08001
0
0
0
0.08653
0
0
0.20755
0
0
0
0
0
0.08338
0
0.07353
0
0
0
0
0
0.08276
0
0
0
0
0
0.02208
0
0
0
0
0
0
0
0.04646
0
0
0.07642
0.20528
0
0
0
0
0
0
0.06964
0
0
0
0
0
0
0
0
0
0
0
0
0
0
0
0
0
0
0.08147
0.08068
0
0
0.04635
0
0.02642
0
0
0
0
0
0
0.2266
0
0.06786
0
0
0
0
0.08313
0
0
0
0
0
0.56452
0.57768
0
0
0
0
0
0
0
0
0
0.08616
0.08107
0
0
0
0
0
0
0
0
0
0
0
0
0
0.04507
0
0
0
0
0
0
0
0
0
0.06619
0
0
0
0
0
0
0
0
0
0
0
0
0.02849
0
0
0
0.12267
0
0
0
0.14566
0
0
0
0.11436
0
0
0
0
0
0
0
0
0.0664
0
0
0
0
0
0
0
0.02852
0.07637
0
0
0
0
0
0
0
0
0
0.07548
0.04466
0
0.08732
0.06647
0.07821
0.14521
0
0
0
0
0
0
0
0
0
0
0.11465
0
0
0
0
0.06608
0
0
0
0
0.08097
0
0
0
0
0
0
0.02852
0
0.20494
0.12241
0
0.08336
0
0.13167
0
0
0
0
0
0
0
0
0
0
0
0
0
0
0
0
0.21221
0.05017
0
0
0
0
0
0
0
0.02537
0
0
0.11459
0
0
0
0.08052
0
0
0
0
0
0
0
0.08345
0
0
0
0
0
0
0.08583
0.0255
0.08664
0
0
0
0
0
0.20394
0.08097
0
0.09941
0.26802
0
0
0.11524
0
0
0.07857
0
0
0.07876
0
0
0
0.08233
0
0
0
0
0.0751
0.06936
0
0.02217
0
0.1283
0
0
0
0
0.13689
0
0
0.08215
0
0
0
0
0
0
0
0.09028
0
0
0.0683
0.15322
0
0.07012
0
0
0.08454
0
0
0.11387
0
0
0
0
0
0.13677
0
0.08227
0
0
0
0
0
0.05375
0.08205
0.47644
0
0.08261
0
0.07852
0
0
0
0
0.0845
0
0
0
0
0
0
0.0802
0
0
0
0
0
0.44813
0.08685
0.06947
0
0
0
0
0.15838
0
0
0
0.11592
0
0
0
0.07564
0.57912
0
0
0
0.15206
0.08532
0
0
0
0.16307
0
0
0
0
0.08673
0
0
0
0
0
0.2059
0
0.08094
0
0
0
0.0671
0
0
0
0
0
0.06578
0
0
0
0
0
0
0
0
0
0
0.53024
0
0
0.082
0
0
0
0.07616
0.0879
0
0
0
0.18848
0
0
0
0.07298
0.02536
0.06489
0.13218
0
0
0
0.07751
0
0.12714
0
0.23916
0
0.08372
0
0
0
0
0
0.08231
0.51198
0.56492
0.08612
0
0
0
0
0.06566
0
0
0
0
0
0.20529
0
0
0
0.08865
0
0
0
0
0
0
0.08096
0.07474
0
0
0
0
0.15319
0.14956
0
0
0.07811
0
0.10629
0.13712
0
0
0
0
0
0.07565
0
0
0.43072
0.11487
0
0
0
0
0.37318
0
0
0
0.08115
0
0
0
0
0.02928
0
0
0
0
0
0
0.07181
0
0
0
0
0.07814
0.08808
0.23821
0
0
0.08237
0.12833
0.02648
0
0
0
0
0
0
0.02255
0
0
0
0.08374
0
0
0
0.07707
0
0.13688
0.08703
0
0
0.10542
0
0
0.1565
0.08239
0
0
0
0.0659
0
0.07809
0
0
0
0
0
0
0.14978
0.20425
0.08613
0
0.07581
0.08311
0
0.23731
0.15169
0
0
0
0
0.23758
0
0
0.2385
0
0.28697
0.23899
0.05826
0.08783
0
0
0
0
0
0.14321
0
0
0.0719
0
0
0
0.43984
0.10182
0.0872
0
0
0
0
0.06986
0
0
0
0
0
0.07503
0
0.12657
0
0.06956
0
0.31281
0
0
0
0.23544
0
0.23905
0
0
0
0.18432
0.23983
0.08563
0.06726
0
0.08447
0.11871
0.08226
0
0.0676
0
0
0
0
0.12234
0
0.07275
0.0858
0.06078
0.08293
0
0
0
0
0
0
0
0
0
0
0.08259
0
0
0
0
0
0
0
0.16317
0
0
0
0
0.223
0
0
0
0
0.07539
0
0.08545
0
0
0.47251
0
0.08109
0.07306
0
0.0777
0
0.45599
0
0
0
0.44232
0.08579
0
0
0.02344
0
0
0
0.12943
0.0853
0
0
0
0
0
0
0.0787
0
0
0.078
0
0
0
0
0
0
0.07616
0.21096
0.07954
0
0
0.13172
0.08602
0
0.0531
0
0
0.23948
0
0
0.15642
0
0
0
0
0.0763
0.21541
0
0.02881
0
0
0.08497
0
0
0
0
0.12731
0
0.13582
0
0.07172
0.16279
0.22451
0
0.07443
0
0
0
0
0
0.06982
0
0.18518
0
0.23675
0.0768
0
0
0.23647
0.07959
0
0
0
0
0
0
0
0
0.06715
0
0
0.08784
0.07752
0
0
0.08366
0
0
0.07814
0.08543
0
0.08551
0
0
0
0
0
0
0.02563
0.10866
0
0
0
0
0.10432
0
0.07784
0.31329
0
0
0
0
0
0.06661
0
0
0
0.11295
0
0.21383
0
0
0
0
0
0.35221
0
0
0
0.0789
0
0
0.07645
0
0
0
0.02887
0.54208
0
0
0
0.36805
0
0
0.07008
0.04693
0.07155
0
0.15642
0
0.08483
0.0673
0
0
0
0
0.07337
0.08128
0
0
0
0
0.08074
0
0.07965
0.20667
0.23738
0.15336
0
0
0
0
0.08082
0
0.08747
0
0
0.08296
0
0.12098
0
0
0
0
0
0.09495
0
0
0.23603
0.08062
0.07665
0.06992
0
0
0
0
0
0
0
0.1536
0
0
0
0
0
0
0.05275
0.07693
0.07978
0
0
0
0.34449
0.22513
0
0.05227
0
0
0
0
0
0.05117
0
0.14972
0
0.02056
0.07625
0
0
0
0
0
0.08253
0
0
0.07543
0.23587
0
0
0.06619
0.0572
0
0.08331
0
0
0
0
0
0.36038
0
0.06587
0
0.23712
0
0
0
0
0
0
0
0.06585
0.02856
0
0
0.08476
0
0
0.31304
0
0.08129
0
0
0
0
0.23717
0
0.02635
0
0
0
0
0
0.07719
0.08598
0
0
0
0
0
0
0
0.0768
0
0.03733
0.08548
0
0
0.08126
0.07536
0
0
0
0
0.08484
0
0.23625
0
0.02195
0
0
0
0
0
0.05363
0
0.08599
0.0771
0.08497
0.08948
0
0
0
0.47989
0
0
0.08865
0
0
0
0
0
0
0
0
0
0.08209
0
0.03014
0
0
0.02803
0.02846
0
0
0
0.07645
0.06014
0.08108
0.23813
0
0.08527
0.42631
0
0
0
0
0.02247
0
0.09038
0.28162
0
0.06645
0
0.09639
0
0
0
0.23856
0
0
0.02909
0
0.07549
0
0
0
0
0
0.08977
0.06631
0
0
0
0
0
0
0
0
0.05351
0
0.06601
0
0.02186
0
0.06634
0
0
0.08121
0
0
0
0.07773
0.08305
0
0.07971
0
0.38725
0
0
0
0
0.07019
0
0
0
0
0
0
0.23635
0.23797
0
0.08769
0
0.06723
0
0
0.12708
0
0.06603
0
0.31289
0
0.06609
0
0.08327
0
0
0
0
0
0
0
0.07653
0
0.07173
0
0
0
0
0
0
0.07721
0.06592
0
0.08952
0.06869
0.0847
0.08365
0.0836
0
0.08172
0.23503
0.08047
0
0
0
0
0
0
0
0
0.10794
0.07985
0.15627
0.03736
0
0
0
0
0
0
0.05542
0
0
0
0.0222
0
0
0
0.07994
0.02181
0
0
0.06627
0
0
0
0.13646
0.12709
0
0
0.06679
0
0.06648
0
0
0.17776
0.08114
0
0
0
0.02651
0
0
0
0
0.03737
0
0
0
0
0
0
0
0.08084
0.03002
0
0
0
0
0.04505
0.08328
0
0.07907
0.02873
0
0.09018
0
0.0527
0
0
0
0
0
0
0
0
0.08706
0.08035
0.08183
0
0
0
0
0.02176
0
0
0
0
0.08106
0
0
0.06658
0
0.08332
0.08135
0
0
0
0
0
0
0
0.07547
0
0
0.08323
0
0.22482
0.08073
0
0
0.2363
0.05202
0
0
0
0.16476
0
0.02642
0
0
0
0.0663
0
0
0
0.42386
0
0
0
0
0
0
0.06272
0
0.11211
0
0.07801
0
0
0
0
0
0.24414
0.08811
0.08199
0
0.15612
0.31284
0
0
0
0
0
0
0
0
0
0
0.06967
0
0
0
0.18555
0
0.17187
0
0.08237
0.08622
0.11709
0.22713
0
0.25042
0.08022
0
0.47258
0.07328
0
0
0
0
0
0
0
0.08262
0.07199
0
0.07247
0
0
0
0
0
0
0
0.08163
0
0
0
0.03177
0.05487
0.05619
0
0.02741
0
0.15212
0.15197
0.23741
0
0.07816
0
0.0215
0
0
0.02153
0
0.02876
0
0.08319
0
0.07979
0
0
0.08064
0.06862
0
0
0
0
0
0
0
0.05224
0
0.26631
0
0.13312
0
0
0
0.08193
0
0
0
0
0.05202
0.0687
0
0.08539
0
0
0.08139
0
0
0.10557
0
0
0
0
0.08193
0.43011
0
0.13449
0.08137
0
0.13899
0
0.22866
0
0
0
0
0
0
0
0
0
0.32126
0.13427
0.13542
0
0.32416
0
0
0
0.18902
0
0
0
0
0
0.0768
0.07506
0.07425
0.30387
0.55016
0.07636
0.47705
0
0.08985
0
0.08134
0.08664
0
0.0825
0
0.08125
0.14586
0
0
0.06512
0.23885
0
0.13281
0
0.07278
0.04295
0
0.05011
0.22597
0
0
0
0.12698
0
0.14114
0.06982
0
0
0.08734
0.09571
0.23547
0
0.15172
0
0
0
0
0
0
0
0
0.2388
0.08627
0
0
0
0
0
0.38818
0.14524
0
0
0.0721
0
0.10054
0
0.07594
0
0
0.13563
0
0
0.07462
0.18177
0.23506
0
0.15281
0.23588
0
0.07866
0
0
0.08024
0.28075
0.04348
0.08965
0.12404
0
0
0
0.07694
0
0
0.02244
0
0
0
0.02223
0.06693
0
0
0
0.08042
0
0
0
0
0
0.1592
0
0
0
0.4753
0
0
0
0
0
0
0.13456
0.07787
0
0.08212
0.02757
0.08979
0.08305
0
0
0.12868
0
0
0
0
0
0.07638
0.47475
0.04831
0
0.07202
0
0.07534
0
0
0
0.31228
0.08124
0.2376
0.07962
0.14136
0
0.08067
0.08295
0.16234
0.18403
0.07647
0
0.06706
0.30464
0.0669
0.08679
0.28949
0
0
0
0.08177
0.07632
0.07305
0
0.13544
0
0
0
0.08141
0
0
0.07673
0.12696
0
0
0
0.0418
0
0
0
0
0.02235
0
0.08162
0
0.08094
0.08964
0.35329
0.15315
0
0
0.15249
0
0.07934
0
0
0.57788
0.12948
0.10658
0
0
0
0
0
0
0
0
0
0
0
0
0.08192
0
0
0
0
0
0
0
0
0.15272
0
0.05108
0.23574
0.07644
0.07109
0.08036
0.50859
0.22446
0.47704
0.12819
0.07652
0
0.13549
0.06261
0
0.06627
0
0.12665
0
0
0
0
0
0
0
0
0
0
0.06822
0
0.10157
0.07305
0.02975
0
0
0.07577
0.18179
0
0
0
0.15279
0.06685
0
0.07752
0
0.15027
0.04074
0
0
0.23411
0
0
0
0.12811
0.08259
0.07802
0.1354
0
0.07974
0.02619
0
0
0.1042
0.06935
0.14993
0.0784
0
0
0.03562
0.12863
0.47342
0
0
0.05455
0
0.07644
0
0.08336
0
0.07637
0.07792
0
0
0
0
0.07213
0.07227
0
0
0
0
0.12552
0.13603
0.2637
0.12568
0
0.0843
0.14147
0
0
0.02645
0
0
0.20829
0
0.39688
0
0.47539
0
0
0.38744
0
0
0
0
0.08649
0.38898
0.22567
0
0.15799
0.08043
0.06999
0.21487
0.10416
0
0.08132
0.08986
0
0
0
0.07641
0
0.0559
0
0
0.07873
0
0
0.07597
0.07625
0.08153
0
0
0.08083
0
0.07715
0
0.0678
0
0
0
0.50977
0
0
0
0.12759
0.07934
0.15179
0.0726
0
0
0
0
0.05234
0.08113
0.08056
0
0.08719
0
0.02996
0
0
0.07178
0.05291
0.07238
0.0808
0.10553
0
0
0
0.05732
0.23605
0
0
0.13213
0.21036
0.14136
0
0.13517
0
0
0.09018
0.07796
0
0
0.12976
0
0.15636
0
0
0.06518
0.1725
0.20358
0
0.07582
0
0
0.08221
0
0
0.08509
0
0.07203
0.07356
0
0
0.07186
0.07229
0.08866
0
0
0.08592
0
0.10564
0
0.28872
0
0.08032
0
0
0
0.15544
0
0
0
0
0.07668
0
0
0
0
0
0.13771
0.2758
0
0
0.07976
0.08886
0
0.22154
0.1517
0
0
0.15715
0
0.15759
0.06993
0.04496
0.07638
0
0
0
0
0.43696
0
0
0
0
0
0
0.07588
0
0
0
0
0
0.14987
0.07335
0.08636
0
0
0
0
0
0
0.12664
0
0.08243
0.07618
0.14087
0
0
0.06733
0
0.05239
0
0
0.07287
0
0.18297
0.25364
0.12903
0.2156
0.3075
0
0.07098
0.06987
0.05658
0
0
0.16655
0.22472
0
0
0
0.12644
0.12953
0.0791
0
0.05196
0
0.08149
0.06904
0.20524
0.51731
0
0
0
0
0.13136
0
0
0
0.02831
0
0.10876
0.02602
0
0
0
0
0.06902
0.07626
0
0
0
0
0
0
0.07863
0.06931
0
0
0.02605
0
0
0.08014
0.07545
0.07549
0
0.1519
0
0
0.07702
0.07641
0.06839
0
0.18383
0
0
0.14206
0.06505
0
0
0.08161
0
0.12157
0.07613
0
0
0.06545
0.08638
0.2789
0
0.05265
0
0
0
0
0
0
0
0
0.07627
0
0
0.05087
0.08486
0
0
0.23768
0
0
0
0
0
0
0
0
0
0
0
0
0.07769
0
0
0
0
0.08414
0
0
0
0
0
0
0.08816
0
0.06781
0
0
0
0.38931
0
0
0
0.12321
0
0
0
0
0
0.23886
0
0.06813
0.08057
0
0.23604
0
0.06598
0.1713
0
0
0
0.08229
0.0827
0
0.08197
0
0.06815
0.0767
0
0.04689
0
0.07649
0
0
0
0
0
0
0
0
0
0
0
0
0.02316
0
0.14071
0.07918
0
0
0.08007
0
0
0
0.08539
0
0
0.11515
0.08064
0
0
0
0.0805
0.26229
0.02203
0
0.4296
0.08868
0
0
0
0.07916
0
0
0.05375
0
0
0.08054
0
0
0
0.16542
0
0
0
0
0
0.0802
0
0.06659
0.08723
0
0
0
0.08445
0.06952
0
0
0.02468
0
0
0.12746
0
0
0.25706
0
0
0
0
0.07611
0
0
0
0.15622
0
0
0
0.0794
0
0.15002
0.07982
0.49665
0.12717
0
0
0.07628
0.10889
0.09983
0
0
0
0
0.22633
0.1288
0
0
0.18972
0
0.26305
0
0.11271
0.08896
0.12568
0
0.07874
0.23636
0
0.063
0
0.04928
0
0.08125
0
0.10518
0
0
0
0
0
0
0
0
0
0
0.09029
0.0965
0
0
0
0
0.07663
0
0
0
0.07663
0.08395
0
0
0
0
0
0
0
0
0
0
0
0
0.06899
0.0695
0.08818
0
0.23619
0.07705
0.08117
0.02324
0.232
0
0
0.14225
0.16483
0.08397
0
0
0.05002
0
0.09777
0.07688
0.02234
0
0.08821
0
0
0.07002
0
0
0
0
0
0.08005
0.08027
0
0
0.06686
0.16411
0.34715
0.05388
0
0
0.06965
0.06595
0
0.45884
0.23825
0
0
0.46896
0
0.07968
0
0
0
0
0.08813
0
0.02825
0
0.08284
0
0
0
0
0.06746
0.06931
0.21666
0
0.08004
0
0.07969
0.06675
0.07637
0
0.07991
0
0.17476
0.424
0
0
0
0.23665
0
0
0.06588
0
0.02334
0.31315
0.06579
0
0.07862
0
0.026
0.07537
0
0.08012
0
0
0.23604
0.07915
0.1417
0.0807
0
0
0.06953
0
0.23633
0.07815
0
0.0681
0
0
0
0.15328
0
0
0.08151
0.07866
0
0.1146
0
0.07517
0
0
0.09698
0
0.08894
0.27664
0
0.06933
0
0
0.0832
0
0.09189
0
0.08027
0.09877
0
0.02604
0
0.0701
0.07442
0
0.35586
0.07996
0
0
0.07699
0
0.07516
0
0.10873
0
0
0
0.07483
0.09696
0
0
0
0.08779
0
0.10046
0.08007
0.14218
0
0.19401
0
0
0
0
0
0.09829
0.12465
0
0.13149
0.31232
0.19121
0
0.32563
0
0
0
0.06989
0
0
0.15589
0
0
0
0.08271
0
0
0
0.21497
0
0.15554
0
0.07796
0
0.069
0.08347
0
0
0.3342
0.15249
0
0
0.08285
0.07862
0
0.11226
0
0
0
0.08506
0
0.07478
0
0
0.08643
0
0.0966
0
0
0.22534
0
0.23662
0
0
0.29884
0.23567
0
0
0.08609
0.11216
0
0
0
0.42694
0
0.08585
0.08632
0
0
0.07653
0.1415
0
0
0.07944
0
0.08561
0.08031
0
0
0
0
0
0.02853
0
0
0.07483
0
0
0
0.08406
0.0837
0
0.09662
0
0.23482
0
0
0.04631
0.07722
0.02853
0.07972
0.27675
0.11879
0.02839
0.05731
0.07673
0
0.23522
0
0
0
0
0.03018
0
0
0
0.0253
0.14561
0
0
0
0
0.07808
0
0.07016
0.05461
0.14108
0
0
0
0.17791
0
0
0
0.14164
0
0
0
0
0
0
0.1497
0
0
0
0
0
0
0.05035
0
0
0.07772
0
0
0.23579
0
0
0.02661
0
0.06805
0.08869
0.0819
0.04627
0
0
0
0.09759
0
0.15489
0
0
0.07821
0
0.23669
0
0
0
0.23831
0.05007
0
0.12533
0
0.02526
0.13517
0
0
0
0.08904
0.23527
0.07838
0.07618
0
0.02659
0.07983
0
0
0
0
0.06588
0.0301
0.08925
0
0
0
0
0
0
0.08202
0
0
0.08868
0.08776
0
0.15623
0
0.08735
0
0
0.07439
0
0
0.08806
0
0
0
0
0
0
0.06929
0
0
0.1565
0.08546
0
0
0.16488
0
0
0.08152
0
0
0
0
0.08126
0
0
0
0
0
0.19849
0
0.02589
0.18771
0
0
0
0.07623
0
0.04998
0
0
0
0
0
0.05059
0
0
0
0
0
0.05229
0
0.08211
0
0
0
0
0
0
0.27697
0
0
0
0.02532
0.08179
0
0
0
0
0.06077
0
0.0887
0
0
0
0.05181
0.07019
0.0203
0
0
0.07725
0
0
0.0791
0
0
0
0
0
0
0
0
0
0
0.17398
0.07507
0.23789
0.23695
0
0
0
0
0
0
0.06618
0
0
0
0
0
0.05202
0
0
0
0
0
0
0.21429
0
0.16481
0
0.07576
0
0.19241
0
0
0
0
0
0
0
0
0
0
0.07887
0
0
0
0
0
0
0
0
0
0
0
0
0
0
0
0
0
0.1212
0
0
0
0.07928
0.08711
0
0.06928
0
0.0781
0.16254
0
0.12574
0
0.06202
0
0.12577
0.06344
0.08116
0.07847
0.08137
0.21456
0.05789
0.12423
0
0.07653
0
0.12457
0
0
0
0
0.07936
0
0
0
0
0.14208
0.07717
0
0.1416
0
0.07896
0
0.02236
0.12688
0.28522
0.15109
0.12456
0
0.07467
0.08378
0
0
0.16157
0.06678
0.22444
0
0.08147
0
0.09655
0.15301
0.0807
0
0
0
0.07747
0.04654
0.07857
0.07477
0.303
0.11647
0
0.12545
0.08015
0.07443
0.1262
0.06287
0.22447
0.22471
0.14608
0.07867
0.12396
0.2269
0
0.49846
0.07812
0
0
0.07386
0.06194
0
0.12531
0.07581
0.08145
0.07722
0.14887
0
0.07528
0.12071
0.14979
0.30077
0.14563
0.07845
0.07126
0
0
0.2666
0.05049
0.07546
0.18068
0.07861
0.16517
0.0744
0.02628
0
0
0.2244
0.28386
0
0
0.17316
0
0
0
0
0.07187
0.06883
0.14704
0.07868
0.07865
0.15228
0.07133
0.086
0.07524
0.07751
0.05358
0.07452
0
0.07537
0.46975
0.26631
0
0
0.0828
0.10221
0.07713
0.07687
0.17355
0.07332
0
0
0.39701
0.42214
0
0.04064
0
0.10124
0
0.07865
0
0.225
0.11628
0.1529
0.26701
0
0
0
0
0.02611
0.31384
0
0.06905
0.47472
0
0.07736
0.02446
0.33235
0.14289
0.07411
0.08059
0.077
0.12532
0.28187
0
0
0.07247
0
0.08736
0.2261
0.07358
0
0
0
0
0.07347
0
0.07693
0.22443
0
0.09983
0.05041
0.22446
0.42699
0
0.29811
0
0
0.43179
0
0.07927
0.08743
0.18433
0.14334
0
0.14163
0.06687
0.02712
0.34549
0
0
0.12932
0
0.08419
0
0
0
0.07695
0.09499
0.30298
0
0.07938
0
0.07548
0.07375
0.06918
0.09657
0
0
0.0768
0.06085
0.32078
0.17608
0.22488
0.2766
0.22729
0
0.0525
0.07724
0.07729
0.34729
0.02412
0.14594
0.14323
0
0.06101
0.28768
0.59375
0.07922
0.22469
0.04481
0.11501
0.07439
0.22735
0.08699
0.25986
0
0
0.11312
0
0
0.08273
0
0
0.11999
0
0.07989
0.14188
0.07675
0
0.22547
0.39828
0.08065
0
0.05
0.07285
0.07923
0
0.08102
0.30244
0.09654
0
0.08158
0.30231
0.35545
0.14195
0.26507
0.09657
0.14531
0
0
0.07537
0.42038
0.07682
0
0
0.07498
0.09951
0
0
0.09917
0.04813
0.1731
0.06752
0.08734
0.07926
0
0
0
0.40992
0
0.27657
0.07275
0.08083
0
0
0.10171
0.06966
0.09545
0
0.07155
0.15051
0
0.22593
0.07696
0.07121
0
0.07284
0.09484
0.07594
0.52057
0.22733
0.25199
0
0.22832
0.07404
0.30427
0.07966
0.21777
0
0.22765
0.0796
0.09591
0.09783
0.0791
0.07155
0.28085
0.09468
0.22521
0.0575
0.13851
0.2095
0.25283
0
0
0.09521
0
0.17311
0.09566
0
0
0.02764
0.2288
0.07301
0.22768
0.08105
0
0
0.07693
0.09575
0.09364
0.03221
0
0.23379
0.08176
0.12663
0
0
0
0.0947
0.07705
0
0.19182
0.0725
0
0.024
0.19167
0.07251
0.09587
0.22232
0.09592
0.12315
0.10887
0.12228
0.16741
0.4861
0.07007
0.34127
0.20049
0
0.22832
0.10173
0.0625
0.03216
0.29551
0.27951
0.09756
0.3503
0
0.20403
0.12779
0
0
0.07557
0.08264
0.1714
0.07892
0.165
0
0.07249
0.07258
0.46431
0.1275
0.22469
0.17848
0.22522
0.0687
0.09456
0.16674
0.06097
0.07952
0.21447
0.12318
0.05021
0
0
0
0
0.17465
0.07273
0.07278
0.08467
0
0.07521
0.17534
0.2145
0
0
0.04132
0.22568
0
0.25229
0.06978
0.02861
0.07367
0.02698
0
0.06967
0
0
0.07035
0.14599
0.07737
0
0.07199
0.12839
0.07279
0.0775
0.08463
0.15243
0.22544
0.09693
0.08685
0.18401
0.07485
0
0
0.07583
0.08592
0.1281
0.46038
0.20502
0
0.09696
0.07933
0
0.07411
0
0
0.07664
0
0.14159
0.16521
0.20993
0.08931
0
0.07972
0.07665
0.1542
0.15768
0.07654
0
0.59431
0.09602
0.07761
0.09707
0.1005
0.17063
0.10563
0
0.0763
0.50883
0.15354
0.40917
0.08082
0.0761
0.14989
0.07623
0.48202
0
0
0
0
0.08082
0
0.43447
0.20368
0
0
0
0.08387
0
0.22462
0.07529
0
0.0761
0.48446
0.15696
0.22607
0
0.16808
0.07891
0
0.09784
0
0
0.2989
0.05286
0.13922
0
0
0
0.02394
0.12004
0.38784
0.53665
0.157
0
0.22632
0
0.14992
0
0.33017
0.06198
0.15035
0.02818
0
0.09602
0.09742
0
0.07441
0.09821
0
0
0.09646
0.22265
0
0
0
0.07987
0
0.22577
0.09628
0.31175
0
0.07893
0.1502
0
0
0.21934
0
0.05305
0.07759
0.10095
0
0
0
0.15138
0.0784
0.30982
0.03242
0.07498
0.0963
0.07929
0
0.07315
0
0
0
0.21562
0.13141
0.02434
0
0.09956
0
0.04026
0.12631
0.21901
0
0.07099
0.08036
0.07235
0
0.08032
0
0.07491
0
0.15079
0.07728
0
0.08027
0.29629
0.15609
0.11047
0.06569
0
0
0
0.07722
0.15918
0.02668
0.15108
0.09906
0.22509
0.09887
0
0
0.1622
0
0.0794
0.16763
0.02434
0
0.1269
0.07354
0.05928
0.07221
0.17684
0
0.17708
0.07244
0
0
0.07417
0.22468
0.0798
0.27657
0
0.15664
0.22448
0
0.43109
0
0.13929
0
0
0
0
0.11183
0.16627
0.15527
0.0718
0.09855
0.14142
0
0.07853
0.07664
0.15412
0.15307
0
0
0.48392
0.13671
0.14346
0.07219
0
0.0245
0.07602
0.07635
0
0.11357
0
0.09799
0.23373
0
0
0
0.07284
0.17753
0.09678
0.0965
0
0.22276
0.20283
0.05205
0
0
0.15353
0
0
0.15194
0.07876
0
0.15273
0.152
0
0
0.15565
0.22237
0.48289
0.06429
0
0.02492
0.07254
0.22217
0.07365
0.14246
0.19515
0.02233
0.04469
0.08049
0.152
0.29156
0.16201
0
0.07795
0.39731
0.03209
0.15367
0.0477
0.20933
0
0
0.48254
0
0.07821
0.41247
0
0.20159
0.14257
0.15001
0.07155
0
0.07244
0.07823
0.17132
0.07269
0
0.12292
0.48212
0.15319
0.48122
0.17662
0.07913
0.17432
0.05365
0.29138
0.22872
0.07095
0.05155
0.4859
0
0
0
0.30252
0.20917
0.07838
0.07271
0.19699
0.06839
0.09695
0
0.07283
0.07354
0.17529
0
0
0.15619
0.16561
0.48261
0.02555
0.07154
0.46453
0
0.11927
0.04893
0.07223
0.12437
0
0
0.1244
0.10166
0.091
0.30485
0.07249
0
0.10024
0.09729
0.48441
0.18709
0.27448
0
0.48238
0.15093
0.12438
0.12418
0.22165
0
0.07945
0.07364
0
0.30301
0.07643
0.21774
0.37421
0
0
0.09749
0.07761
0.13857
0.11113
0.11837
0.12498
0.07702
0.07229
0.17526
0.17271
0.07712
0.318
0
0.30099
0
0.3977
0.40067
0.07363
0
0
0.07655
0.07761
0.28638
0.07929
0.15801
0.41116
0.14004
0.02705
0.161
0.37988
0
0.14625
0
0.07458
0
0.07907
0
0.07799
0.29973
0.02458
0.48398
0.39049
0.12473
0.07719
0.07563
0.07706
0.08045
0.12471
0.06507
0.18417
0
0.07116
0.1757
0.17779
0.40119
0.18311
0.17289
0
0.02539
0.07487
0.37949
0.12382
0
0.21596
0.48168
0.05743
0.30495
0.02524
0.08059
0.25344
0.15707
0.48492
0.10144
0.14517
0.47357
0.17802
0.1496
0
0.35765
0.09818
0.07288
0.29887
0.17614
0.15016
0.14521
0.14994
0
0
0
0.21622
0
0.07315
0.12076
0.08059
0
0.05098
0.07731
0.09401
0.12329
0.37185
0.0728
0
0.0782
0.07642
0.07703
0.12079
0
0.10315
0
0.1745
0.12263
0.09987
0.23522
0.07652
0
0.35769
0.25345
0.48202
0
0
0.07166
0.07563
0.07469
0.2193
0.11178
0.07557
0.16719
0
0
0.16209
0.07535
0
0.47931
0.51143
0.14866
0.29349
0
0
0.14149
0.22631
0.07642
0.12716
0.14893
0
0.15296
0.48041
0.10125
0.09612
0.14842
0.2265
0
0.14533
0.14933
0.07487
0.1564
0.32593
0
0.48156
0.09819
0.07632
0.20749
0.07489
0.07464
0.07495
0.40395
0
0.04897
0
0.48396
0.32844
0.30291
0
0
0
0.12039
0.08068
0.07494
0.12017
0.48199
0.0981
0.07328
0.02635
0
0.14939
0.14932
0.15691
0.1718
0.42613
0.32792
0
0
0.39431
0.1602
0.1006
0
0.14341
0.07572
0.22428
0.43519
0.29501
0.14888
0.46468
0.02436
0.1201
0.14915
0.16016
0.09897
0.22397
0.12316
0.11035
0.09696
0.12303
0.32819
0.09535
0.07558
0.04901
0.05397
0.2649
0.15004
0.07294
0.07601
0.48389
0.02571
0.22243
0
0.32917
0.11841
0.17941
0.07268
0
0.07582
0.36403
0.22342
0.28054
0.07312
0.10288
0.17588
0.2023
0.15753
0.09371
0.14796
0.31917
0.33768
0.48451
0
0
0.11997
0.20358
0.25261
0.06779
0.24532
0.32997
0.06107
0
0.17161
0.25292
0.26632
0.22066
0.25203
0.5454
0.11961
0.17179
0.07556
0.41376
0.16741
0.07786
0
0.22575
0.25195
0.10966
0.14365
0.07482
0.25242
0.07435
0
0.25247
0
0.09548
0.36279
0
0.26434
0.09698
0.06798
0.38105
0.07228
0
0.38333
0.45663
0.02637
0.25245
0
0.07159
0.07641
0.27099
0.07088
0.1076
0.48645
0.26802
0.2772
0.26767
0.22715
0.12246
0.07575
0.24596
0.07659
0.44966
0.48128
0.16744
0.23127
0.33978
0.28783
0.32683
0.21426
0
0.14308
0.26639
0
0.2739
0.45306
0.12877
0.39126
0.38824
0.16737
0
0.07886
0.15221
0.05009
0.49284
0.29554
0.07897
0
0.26487
0.34077
0.26618
0.18581
0.09822
0.12347
0.14584
0.48808
0
0.47979
0.09855
0.3292
0.07456
0.14123
0.29505
0
0.17386
0.15025
0
0.07589
0.33694
0.02717
0.1418
0.15019
0.15028
0.32488
0.07532
0.10828
0.05054
0.27357
0.39952
0.39421
0.07542
0.07122
0.07452
0.22832
0.07275
0.14943
0.38349
0.34918
0.07269
0.16733
0.25306
0.36382
0.22209
0.17303
0.06813
0.28908
0.42871
0.19305
0.24569
0.15009
0.17423
0.25455
0.06067
0.39951
0.10815
0.38356
0.30967
0.38641
0
0
0.4355
0.44727
0.09905
0.22895
0.02734
0.06069
0.39697
0.38786
0.17614
0.17552
0.07992
0.2953
0.41807
0.3418
0.0679
0.38908
0.48529
0.25476
0.20906
0.17346
0.37367
0.33822
0.44655
0.41476
0.33914
0
0.45756
0.42623
0.22939
0.33997
0.14938
0.25247
0.22122
0.38401
0.06785
0.07863
0.33808
0.1548
0.30917
0.34869
0.478
0.17283
0.29475
0.22148
0.12012
0.22098
0.17865
0.30114
0.38781
0
0.42739
0.19612
0.37027
0.28026
0.25277
0
0.04956
0.17595
0.24233
0.12308
0.27147
0
0
0.42663
0.1492
0.15235
0.33994
0.09294
0.24028
0.21028
0.16736
0.22454
0.07702
0.09876
0.18572
0.07253
0.41413
0
0.17416
0.43436
0.26508
0.17413
0.39084
0.17534
0.10969
0.1743
0
0.46519
0.45461
0.1579
0.12461
0.62047
0.25205
0.07201
0.27387
0.07696
0.30143
0.13907
0.39096
0.36978
0.1712
0.09844
0.19782
0.36491
0.40378
0.07691
0.51108
0.27946
0.42599
0.32454
0
0
0.48589
0.40103
0.48317
0.2213
0
0.06022
0.42881
0.07528
0.32493
0.52714
0.32285
0.07291
0.171
0.32538
0.29783
0.27342
0.14906
0.25357
0.21769
0.07323
0.4838
0.02571
0.29996
0.38864
0.0254
0.17417
0.21823
0.17324
0.12874
0.39015
0.42609
0.16609
0
0.2477
0.29457
0.48812
0.176
0.34408
0.27676
0.42602
0.40042
0.19274
0.32579
0.48592
0.45416
0.04017
0
0.17608
0
0
0.1646
0.19218
0.07545
0
0.17082
0.07282
0.38766
0.05381
0.38923
0.072
0.20478
0.19442
0.48724
0.48248
0
0.23001
0.26986
0.22909
0.4655
0.05394
0.23999
0.25193
0.36709
0.14899
0.38817
0.38704
0.48293
0.4215
0.40008
0.1712
0.28815
0.38852
0.48768
0.30222
0.23007
0.52066
0.39324
0.56567
0.48774
0.16654
0.52995
0.56673
0.41064
0.40329
0.26712
0.48577
0
0.36635
0.42494
0.09409
0.10102
0.23716
0.20615
0.48671
0
0.38934
0.24245
0.20607
0.48667
0.42046
0.3156
0.40339
0
0.07256
0.36651
0.11493
0.30222
0.33648
0.23043
0.33828
0.4217
0.4111
0.11239
0
0.29948
0.07665
0.53666
0.14796
0.14876
0.50259
0.40274
0.48699
0
0.39045
0.36495
0.48644
0.48549
0.17454
0.23173
0.2335
0.17327
0.07842
0.66519
0.07536
0.31585
0
0.48628
0.47901
0.06465
0.47906
0
0.28237
0.09097
0.40331
0.15721
0.31642
0.12888
0.39164
0.38135
0.48667
0
0.45442
0.31609
0.27246
0.22363
0.10973
0.38431
0.13203
0.14826
0.24256
0.45343
0.24708
0.35548
0.30135
0.51291
0.07304
0
0
0.17492
0.08039
0.4542
0.52975
0
0.33515
0.30064
0.32788
0.47568
0.28343
0.09557
0.33338
0.16442
0.48594
0.1758
0.07299
0.32748
0.09326
0.45354
0.24155
0.3945
0.28042
0.36467
0.56592
0.59144
0.412
0.48507
0.22337
0.28018
0.02626
0.09404
0.07955
0.22261
0
0.42492
0.05376
0.02423
0.14309
0.28314
0.11428
0.30781
0.07316
0.07856
0.48789
0.48492
0.35325
0.07274
0.20652
0.18569
0.07272
0.06258
0.04884
0.30337
0.25153
0.30171
0.04878
0.48193
0.56593
0.66637
0.23963
0.28773
0.09386
0.50543
0.17469
0.07529
0.14604
0.07973
0.29779
0.17678
0.31869
0.30273
0.17268
0.07208
0.31035
0.24364
0.22749
0.07251
0.18772
0.40435
0.16446
0
0.51383
0.16719
0.46341
0.4144
0.07212
0.36652
0.30139
0.47607
0.31893
0.30293
0.51181
0.30061
0.30181
0.22098
0.22251
0.11061
0.16693
0.29412
0.50865
0.30061
0.07143
0.3027
0.54478
0.31684
0.42521
0.5084
0.30114
0.0722
0.22276
0.29265
0
0.27061
0.06272
0.27008
0.05407
0.0933
0.17733
0.18313
0.16704
0.3297
0.34006
0
0.29637
0.24518
0.17598
0
0.1333
0.09309
0.09154
0.16654
0.12891
0.16711
0.28016
0.71664
0.07498
0.65138
0.33174
0.14727
0.3004
0.24079
0.10945
0.16535
0.11129
0.36738
0.32913
0.07241
0.33089
0.14681
0.37102
0.34704
0.24609
0.14541
0.35882
0.30359
0.33003
0.48252
0.06558
0.06525
0.18903
0.33204
0.35816
0.12932
0.15769
0.30129
0.16069
0
0.23897
0
0.32996
0.16628
0.24489
0.16679
0.30002
0.09486
0.3782
0
0.13751
0.06406
0.05592
0.072
0.16632
0.16515
0.05431
0.18288
0.14628
0.0718
0.17312
0.06509
0.2866
0.17569
0.0794
0.14771
0.39719
0
0.19481
0.16597
0
0.33363
0.17303
0.3269
0
0.32997
0.24065
0.21166
0
0.27874
0.11036
0.13808
0.06592
0.35815
0.32949
0.26767
0.16102
0.17094
0.16316
0.10636
0.07605
0.1256
0.07622
0.12828
0.29903
0.1279
0.06545
0.33106
0.14788
0.06487
0.12857
0.19316
0.32828
0.36072
0.14934
0.17272
0.18569
0.164
0.17736
0.33094
0.3863
0.12532
0.07379
0.26716
0.45448
0.17698
0.22602
0.24394
0.38671
0.07272
0.05405
0.14728
0.16331
0.24107
0.12869
0.29807
0.16647
0.15978
0.09129
0.09646
0.14895
0.30116
0.54364
0.05589
0.16485
0.06574
0.33
0.1427
0.38676
0.24121
0.30402
0.5436
0.11015
0.07604
0.07277
0.33502
0.34614
0.242
0.16309
0.4845
0.22604
0.07833
0.17913
0.14901
0.25668
0.07243
0.0759
0.37173
0.25113
0.14688
0.13972
0.05366
0.05416
0.1174
0.25235
0
0.29792
0.38862
0.22188
0.05513
0.24136
0.21337
0.20331
0.06517
0.29836
0.4128
0.27085
0.16066
0.38112
0.39399
0
0.31746
0.17438
0.07254
0.32703
0
0.07584
0.61522
0.05594
0.17607
0.29738
0.42915
0.05379
0.39499
0.29767
0.05409
0.49995
0.2413
0.14743
0.1468
0.14717
0.15266
0.41365
0.10202
