0.11206
0
0
0.21982
0.16384
0
0
0.43219
0
0.04984
0
0
0.1827
0.18176
0
0
0.04896
0.06054
0.1001
0
0.02218
0.38328
0
0
0
0
0.17945
0.04373
0.03301
0
0
0
0.19472
0
0.0846
0.04672
0
0
0.08661
0.03126
0
0
0
0.10407
0.03853
0
0
0.03865
0.04607
0.03666
0
0.19664
0.29313
0.29502
0
0.09335
0.05269
0
0.04629
0
0.40085
0
0.03308
0
0
0.04649
0
0
0.04551
0
0.07264
0
0.05315
0.11197
0.13558
0.20777
0
0.04959
0
0.01736
0
0
0
0
0.05395
0.8066
0.03223
0
0.08475
0
0
0.07364
0.05569
0
0.02507
0.01154
0
0
0.08224
0.11078
0.22782
0
0.12608
0
0
0.16703
0
0
0.12455
0
0
0
0
0
0.05512
0.05242
0
0.03882
0.04413
0.11133
0.12381
0
0
0
0
0.50327
0.05358
0
0.13657
0.11526
0
0
0
0.10573
0.05305
0
0
0.03133
0.39721
0.04765
0
0.03651
0
0
0
0
0
0.07408
0
0.05666
0.05562
0.12607
0.18239
0.19932
0
0
0.06967
0.03646
0.03623
0
0.03092
0.04782
0
0.04542
0
0
0
0.05573
0.0443
0
0.17079
0.05467
0
0.36997
0
0
0
0.04583
0.38176
0
0.12719
0
0
0
0.16052
0.03618
0
0.46514
0
0
0
0.08926
0.11504
0.16291
0.08678
0
0.16028
0.37522
0.0387
0.08195
0.04633
0
0
0
0.05366
0.05402
0.38297
0.38101
0.18337
0.05832
0
0
0.15654
0
0
0.01078
0.19739
0
0
0.18404
0
0
0
0.01547
0.58105
0.05922
0
0.12772
0.0408
0
0
0
0
0
0.03549
0
0
0.04951
0
0.11156
0.21471
0.12753
0
0
0.14832
0.18375
0
0.11368
0.05308
0
0.10031
0.05872
0
0
0.0308
0
0.06015
0
0.11013
0
0.0368
0
0.09199
0
0
0.4532
0.15933
0
0.03533
0
0.04989
0.16733
0.05405
0.14018
0
0
0.05985
0
0.09633
0
0.21586
0.05607
0.07324
0
0.03049
0
0.11362
0.16354
0.05334
0.13608
0
0.38201
0
0.17559
0
0
0.11773
0
0.24284
0
0
0
0
0
0
0
0.15431
0
0.1886
0
0.08276
0
0
0.04856
0.39997
0.29535
0
0.35322
0.01182
0
0.25523
0
0.06039
0.3815
0
0.05911
0.18398
0
0.16499
0.03869
0
0.03461
0.1231
0
0
0.19905
0
0
0
0
0.06168
0
0.29089
0
0
0
0
0.18335
0
0.07345
0.38254
0
0
0.03827
0.04535
0.16113
0
0.04687
0.16669
0.05912
0.27284
0
0.05504
0.06984
0.05306
0.16578
0
0.20141
0
0.03187
0
0
0
0
0.03195
0
0.05863
0.05427
0
0.20953
0
0
0.10584
0.04927
0.07904
0.27045
0.04894
0.0536
0
0
0
0
0.01459
0
0
0.04796
0
0.03637
0
0
0
0.05522
0.25748
0
0.68055
0
0.12734
0
0
0
0.03221
0
0.12932
0
0
0.0307
0
0
0.0463
0.04976
0.04582
0
0.39888
0.05245
0.08449
0.21006
0
0.01135
0.04577
0
0.05969
0.05528
0
0
0
0
0.22777
0
0
0.08523
0
0
0
0.0388
0
0
0
0.16644
0.12373
0.04545
0.08901
0.05432
0.03687
0.09904
0.1559
0
0
0.42796
0
0
0.09764
0.22108
0
0
0.2482
0.11585
0
0.04881
0.04806
0.01161
0.29159
0.43495
0.1261
0.11148
0
0.21915
0
0.08489
0
0
0.24258
0.0379
0
0.04776
0.38119
0
0.20752
0.12364
0
0
0.14393
0.18266
0.09612
0
0
0.03875
0
0.06029
0.45069
0.03232
0.81322
0.76843
0.17536
0.04836
0
0
0
0
0
0
0.13533
0.18174
0
0.10447
0.08526
0
0
0.03421
0.0483
0.11092
0
0
0
0
0.38046
0
0
0.05529
0.22112
0.23987
0
0
0.03384
0.02577
0.04804
0.12778
0
0.03419
0.04423
0
0.01571
0.55354
0.24899
0.21861
0
0.08487
0.03671
0.10937
0
0
0
0.05528
0
0
0.03111
0
0
0
0.38311
0.15585
0.08261
0.26189
0
0.39463
0.46508
0.19209
0.19222
0
0.1613
0
0.08574
0.01756
0.5975
0
0.01567
0.17522
0
0
0.38038
0.40044
0.05872
0
0
0
0
0
0
0.09758
0.03626
0.03851
0
0
0.04803
0
0.02419
0.031
0.05157
0
0
0.03431
0
0
0.03688
0
0
0.04828
0.05156
0.45456
0.24464
0
0
0
0.07795
0.11618
0.01882
0.0334
0
0.02994
0
0.03241
0.09795
0
0.65742
0
0
0
0.26507
0.07677
0
0
0.20966
0
0.06764
0
0.18279
0.11037
0.05485
0
0
0.50939
0.42347
0.04618
0
0
0
0
0
0.62747
0.21979
0
0.03684
0.05564
0.04832
0.06548
0.78698
0.04879
0.37948
0.18246
0.0539
0
0.03866
0
0
0
0
0
0
0.02166
0.39953
0.08332
0
0.39918
0.11572
0
0
0.04841
0
0
0.39401
0
0
0.05384
0.05543
0.38565
0
0.14108
0.32406
0
0.09967
0.19848
0.03551
0.05303
0
0.03135
0
0.14017
0.24101
0
0.03368
0.04603
0.0254
0
0.15585
0.16168
0
0.05479
0.037
0
0.14094
0.03402
0
0
0
0.38243
0.05185
0
0.1827
0.18311
0
0.11444
0.19788
0.09986
0.15672
0.09109
0
0.05827
0.03859
0
0
0
0.35108
0
0.04979
0.16002
0.03673
0.06436
0
0.11466
0.31704
0
0
0.10441
0.29092
0.29058
0
0.0369
0
0.01483
0.3513
0
0
0
0.03699
0.03472
0.04523
0
0.13696
0
0.04439
0
0.04754
0.20817
0
0
0
0.12786
0.06048
0.01936
0.03856
0.08497
0.02359
0.16103
0
0.08705
0
0
0
0.09218
0.0362
0.04954
0
0
0
0.02279
0
0.08557
0.04697
0
0
0.05598
0.03396
0.15542
0.31332
0.08038
0
0
0
0
0.05424
0.16997
0
0.39846
0.04776
0.2094
0.09212
0.05595
0.44038
0.45155
0
0
0
0
0.13679
0.17044
0.64197
0.05269
0
0
0.03623
0.05884
0.05995
0.03875
0.18426
0
0
0
0
0
0.18198
0
0.44964
0
0.10204
0
0.04654
0.28782
0
0
0.05924
0.03606
0.01508
0
0.03615
0.11171
0.04452
0.05155
0.40111
0.03842
0
0.01215
0.08546
0
0
0
0
0
0
0
0
0
0.40162
0
0.03632
0
0.20349
0.0422
0.20972
0
0.07032
0
0
0.05259
0.08521
0.0588
0.23434
0
0
0
0.22705
0
0
0.03701
0
0.1021
0
0
0
0
0
0.16073
0.29017
0.25673
0.21432
0.24019
0.08402
0.19921
0.04603
0
0.03852
0
0.18254
0
0
0.08431
0.08917
0.03638
0.05368
0.8731
0
0.05696
0.03703
0
0.11051
0
0
0.0493
0.07886
0
0.04515
0
0
0
0.05294
0
0.19746
0.03202
0.06921
0
0
0
0
0.04962
0
0
0
0
0.62822
0.05219
0.03639
0.38134
0
0
0
0.29817
0.03526
0.01831
0.01937
0
0.11099
0
0
0
0
0
0.04614
0.12713
0.41996
0.39316
0.55182
0
0
0.05494
0.76542
0
0.04634
0
0
0.04078
0.11627
0.02392
0.42732
0
0.02905
0.05464
0
0.45217
0.04651
0.12661
0.11796
0
0.0542
0
0
0
0
0
0.45297
0
0.11982
0
0.5577
0
0
0
0
0
0.14428
0
0
0.24382
0.07732
0
0
0.0368
0.19467
0.08617
0.16658
0.3734
0.53318
0.02868
0
0.01354
0
0.24158
0.05062
0
0
0
0
0.5439
0
0
0.13471
0.1633
0.05254
0
0
0.1549
0
0.05404
0.0501
0
0
0.04361
0
0.05428
0.21659
0
0
0
0
0
0.06436
0
0
0.03802
0.11828
0.10444
0
0.52457
0.4099
0
0
0.20801
0.03178
0
0.04637
0.055
0.74418
0
0.02388
0
0
0.03876
0.38072
0.08223
0.13401
0
0
0.0584
0
0.07387
0.23459
0
0
0
0
0
0.0382
0
0
0
0.05232
0
0.03195
0
0.05261
0
0
0
0.05983
0
0.0129
0.51031
0.10621
0.05434
0
0
0
0
0
0
0
0.45264
0
0
0.03859
0
0
0
0.03094
0
0
0
0
0
0.38328
0
0.20355
0.09259
0
0.08523
0.11388
0.12725
0.38186
0
0
0.03281
0.04992
0
0
0
0
0.04882
0
0
0.11756
0
0
0
0.02847
0.50112
0
0.2511
0
0.04622
0.45901
0
0
0.03778
0.01885
0
0
0
0
0.65023
0.02244
0
0.03739
0.03233
0
0
0
0.03181
0.04876
0.01191
0
0.05903
0
0.10565
0
0
0
0.11162
0
0
0.32183
0.04901
0.04809
0.71992
0.05213
0
0.20791
0.16188
0.03668
0
0
0.06281
0.18692
0
0
0.06756
0
0.575
0.14699
0
0.14947
0
0
0.1076
0.0589
0
0.24053
0.70482
0.04746
0
0.38247
0
0
0
0.16137
0.40161
0.19148
0.19844
0.14716
0.03342
0
0.04527
0.12843
0.05357
0.66149
0.04803
0
0.16722
0
0.338
0.05599
0
0.03685
0.03845
0.04816
0
0
0.09602
0.03185
0
0
0
0.40319
0.03621
0
0
0.14883
0
0.11569
0.03408
0.02556
0.18325
0.22811
0.2074
0.03678
0.21399
0.03347
0
0.03435
0
0
0.1603
0
0.16075
0.1631
0
0.0384
0.09418
0
0.08654
0
0.18229
0
0
0
0.0447
0
0.12747
0.0463
0.54417
0.42329
0.11593
0
0
0.03616
0
0.13418
0
0
0
0.08462
0
0.15918
0.11727
0
0.05287
0.03458
0
0
0.08521
0
0.03212
0.03823
0.26425
0.06906
0.23517
0.06149
0
0.09955
0
0.05312
0.14024
0.04246
0
0
0.2084
0
0.15539
0.18687
0
0
0.03522
0.05513
0
0.03853
0.38346
0.0653
0
0.05344
0.21062
0.12675
0.12684
0
0
0
0.05248
0
0.1157
0
0
0
0
0.08718
0
0
0
0
0.66576
0
0
0.06932
0
0.36411
0.05585
0.24528
0
0.03435
0.03513
0.41301
0
0
0.04983
0
0
0
0
0.85987
0.11493
0.13067
0.30719
0.30403
0
0.34077
0
0
0.08266
0.10421
0.14468
0.09804
0
0
0.37666
0.03207
0.03124
0.10013
0
0
0
0
0
0.07121
0
0
0
0
0.82111
0
0.12941
0.11084
0
0
0.35755
0.39775
0.19309
0.38373
0.04678
0
0.02578
0
0.03823
0
0
0
0
0
0
0
0.03332
0
0.15973
0.05441
0.16278
0
0.01553
0.28025
0.05287
0
0.64451
0.2223
0
0.03383
0.07589
0.16042
0
0.12218
0.15817
0.1872
0
0
0.09401
0
0
0.02146
0
0.01905
0.09522
0
0.05986
0.05968
0.03657
0
0.15598
0.16159
0.50215
0.05355
0.1835
0
0
0
0.40026
0
0.19876
0
0.04438
0
0
0.26136
0.12137
0.40118
0
0.39284
0
0
0.05432
0.04422
0.04501
0
0.13818
0.04744
0
0
0
0
0.05844
0.18079
0.39911
0
0.02047
0.05272
0
0
0.04665
0.03908
0.01711
0
0.04628
0.18253
0
0
0.02894
0
0
0.11096
0.04642
0.15347
0
0.04867
0.04874
0
0.04765
0.08394
0.0844
0.03076
0.0855
0.16246
0.14351
0
0
0.03709
0.35264
0
0
0.20167
0
0
0
0.19495
0.85966
0
0.11534
0
0
0
0.59557
0.03646
0.33155
0.05843
0.03175
0
0.1773
0.16783
0
0.20355
0
0.07904
0.21167
0.03561
0.02429
0.03673
0
0.05223
0
0.05409
0
0.1819
0.13452
0.18488
0.04716
0.04709
0.03875
0
0
0.03241
0.19734
0.08636
0.24543
0.03438
0.52131
0.05882
0
0
0.01687
0
0.05897
0
0
0.39557
0
0.14117
0
0
0
0
0.05327
0.04976
0
0.29245
0.37961
0
0.05464
0
0
0.03394
0
0
0
0.45307
0
0.39908
0.18328
0
0.03604
0.09526
0.14023
0.11391
0
0.0862
0
0
0.14313
0
0.04097
0.03575
0.04598
0
0.03683
0.39693
0.0964
0.04482
0.20006
0.07498
0.18421
0.05515
0.02269
0.07386
0.09751
0.03274
0.03839
0.05771
0.04607
0.11383
0.19724
0.06037
0.10325
0.03181
0.38301
0
0.73581
0.53758
0.0322
0.06381
0
0.16417
0.16193
0.21698
0.05851
0.09563
0.19473
0
0.08849
0.05549
0.14086
0.18194
0
0.11819
0.30696
0
0
0.0344
0
0.27954
0.25398
0
0.05032
0.02711
0.03834
0.06044
0
0
0
0.11169
0
0.10455
0.25022
0
0.03406
0
0
0
0
0
0
0.05191
0.08462
0
0.05174
0
0
0
0
0
0
0.18363
0.11029
0.11046
0
0
0
0.03773
0
0.04646
0
0
0.05361
0.64892
0.03721
0
0
0
0
0.03098
0.05914
0
0.05407
0
0
0
0.08681
0.16268
0
0.03725
0
0
0
0
0
0
0
0
0.63029
0.8105
0
0.03391
0.01606
0
0
0
0.28687
0
0.25512
0.11433
0
0
0.1932
0.4367
0
0.35268
0.08326
0.03413
0.09736
0
0.16219
0.29355
0.29094
0
0
0
0.14107
0.09118
0
0
0.04594
0.05445
0
0.73723
0.04806
0
0.05893
0
0.0535
0
0
0.03716
0
0.03664
0.14727
0.06427
0.12047
0
0
0
0
0.08726
0
0
0
0
0
0.07451
0.04925
0.03698
0.11655
0.02505
0
0.04444
0.54727
0.03086
0.01564
0
0.04756
0.33575
0.42652
0
0.05304
0
0.12678
0.16752
0
0
0.03163
0
0
0
0.03681
0.04791
0.15645
0.03468
0.04652
0.16039
0.06007
0.03599
0.09943
0.04851
0.08889
0
0
0
0.07317
0
0.08593
0.03216
0
0.04582
0
0
0
0.04591
0
0.01095
0
0.16596
0.0521
0.04727
0.29079
0
0.03068
0.02889
0.35916
0
0.03562
0
0
0.11666
0.03638
0.03876
0
0
0
0
0
0
0.05503
0
0.13733
0
0.45449
0
0
0.05455
0.0249
0.05944
0.22023
0.11403
0
0.16553
0.38017
0.01607
0
0.05651
0
0.05895
0
0.09205
0.10232
0.03377
0.24611
0.03663
0.33716
0
0.20797
0.08596
0.05352
0.03807
0
0.048
0
0.05852
0
0.05313
0.12778
0.15543
0.10555
0
0
0.39769
0
0
0
0
0
0
0.20614
0.19404
0
0
0.134
0.05297
0.10267
0
0
0
0
0.41324
0.09952
0
0
0
0.03397
0
0
0.03465
0
0.04898
0
0
0.4786
0.03914
0.28821
0
0.04732
0.02988
0
0.05325
0
0.19919
0.03859
0
0
0.38324
0.07253
0
0.07279
0.0539
0.16202
0.05403
0.01601
0
0.03541
0.03382
0
0.48528
0
0.14685
0
0
0
0.07499
0.03666
0
0.01047
0.03153
0
0.03714
0
0.08706
0.03429
0
0
0
0.01935
0.18549
0.16112
0
0
0.04666
0
0.05375
0
0
0.05401
0.04944
0.04578
0
0
0
0
0.1343
0.08302
0
0.10163
0
0
0
0
0.03551
0
0
0
0.055
0.05553
0.03402
0.03402
0.0496
0
0
0.19804
0
0
0
0.15145
0.43677
0
0.10965
0.08246
0.05544
0
0.47442
0.0322
0.19606
0.02597
0
0
0.12663
0
0.04652
0
0.04514
0.04779
0.09216
0.09201
0.05459
0.11379
0.18542
0.0344
0
0.03069
0.90675
0.32508
0.05911
0.0583
0.32432
0.11579
0.03584
0.04353
0.05899
0.17019
0
0.03025
0
0
0
0
0
0.03743
0
0.03344
0.22531
0.45107
0
0
0.0735
0.14513
0.1057
0.03729
0
0
0
0.08277
0.03448
0
0
0
0.04471
0.12408
0
0.29106
0.08118
0.04632
0
0
0.03389
0.08222
0.0544
0.13905
0
0
0.07315
0.16134
0
0.03376
0
0
0
0.26436
0
0.57317
0.163
0.04718
0
0
0.64405
0
0
0
0.01625
0
0
0.27268
0
0.40323
0.03443
0
0.19115
0.0816
0
0
0
0
0.06318
0
0.02188
0.03883
0.4174
0.03103
0.0191
0
0
0.33939
0.20004
0.04781
0
0
0
0
0
0.46511
0.05561
0
0
0.07347
0.03394
0.01365
0
0.32706
0
0
0.03628
0
0.38324
0.76733
0.16062
0.16055
0.03452
0.04934
0.15665
0.01433
0
0.10352
0.21627
0
0.04007
0
0.2324
0.40068
0.34802
0
0
0.18219
0.07799
0.0466
0.03671
0.11477
0.38095
0.04885
0.47375
0.03335
0
0
0.16325
0
0.04625
0.04918
0
0.10991
0
0
0
0.11684
0.04477
0.54425
0.27861
0.03206
0.0536
0.25909
0.04359
0.0135
0
0.28109
0
0.08793
0.09964
0.04674
0
0
0
0
0
0
0.1453
0.10252
0
0.05632
0.03071
0.03187
0.05296
0.05416
0.89924
0
0
0.20781
0
0.02438
0.16077
0
0.269
0
0
0.0478
0.37886
0.6032
0
0
0
0.02424
0.04563
0.6808
0.04368
0.11406
0
0
0
0
0.08609
0.05912
0.01257
0.18767
0
0.05141
0
0
0.02227
0
0.0541
0.05015
0
0
0.12696
0
0.03623
0
0.05981
0.1504
0.38137
0.44894
0
0
0.11712
0.03226
0.04815
0.31949
0.16815
0.2934
0.0358
0.1239
0.11649
0.56572
0
0.05543
0
0
0
0.03708
0
0
0
0.11223
0.20923
0.16707
0.04389
0.08668
0.28933
0.11209
0.45112
0
0
0
0
0.16724
0
0
0.05345
0
0
0.27475
0.06634
0
0
0
0
0
0.19216
0
0.05315
0.12388
0.0115
0
0
0.0258
0
0
0
0
0
0
0
0.06246
0.03427
0.02356
0.13594
0.38125
0.16887
0
0.10005
0.14538
0
0
0
0
0.14924
0.12712
0
0.38255
0.04453
0.47263
0
0.03251
0
0.92385
0.03779
0
0.08979
0.08662
0
0.07351
0
0.04594
0.04644
0
0
0.45243
0.03614
0
0.01273
0
0.11521
0
0
0.03802
0.18339
0
0.09226
0
0
0
0.04913
0.04584
0.20215
0
0
0
0
0
0
0.18376
0.10325
0.15658
0.25002
0.01308
0
0.03628
0
0.03864
0.11014
0.0365
0
0.05378
0
0
0
0
0
0
0.01922
0.16655
0.08216
0
0.16254
0
0
0
0.05491
0.67953
0.11797
0
0
0.04819
0.12708
0
0
0
0
0.03778
0.16642
0.21627
0.21605
0
0
0
0.03075
0.12736
0
0.38038
0.38104
0.38268
0.62605
0
0.04829
0.03629
0.11548
0.14075
0.34994
0
0.12914
0.26957
0.0493
0.18375
0
0
0.03804
0.03445
0
0.14224
0
0.07273
0.1013
0.31153
0.05922
0.03542
0
0
0.15994
0
0
0
0
0.08658
0
0.39922
0.05015
0
0.41061
0.20722
0.1609
0.15962
0.35589
0.05568
0.04586
0
0.03317
0
0.45563
0
0
0
0
0.04608
0.13953
0.03166
0.04515
0.03877
0
0.18187
0.21405
0
0.72652
0.04022
0
0.08231
0.05896
0.05282
0.04347
0.12666
0
0
0.1246
0
0.05851
0
0
0
0.1436
0
0.08465
0
0.06033
0.80612
0.13489
0
0.01079
0.03785
0
0.04538
0
0.16349
0.03477
0.15224
0
0
0
0
0
0
0.03413
0
0.19767
0.65275
0.24764
0.04688
0
0
0.03373
0
0.03675
0.03738
0.10026
0.29128
0.08631
0
0.04891
0.02277
0
0.04636
0
0
0.05859
0
0.19724
0.15556
0.04744
0
0.15173
0
0
0
0.11017
0
0.20007
0
0
0.01936
0
0.14081
0.03411
0
0
0.03394
0
0
0.0582
0.03597
0.08628
0.14782
0.39694
0.15523
0
0.67392
0
0
0.03544
0
0.24509
0
0.03666
0
0.03469
0.18282
0.14247
0.1024
0
0
0
0.06378
0.12693
0
0.05407
0.06148
0
0.19835
0.18684
0
0
0
0.0429
0
0.31168
0
0
0
0
0.04558
0.05545
0.28715
0.04662
0.45207
0.2915
0
0
0
0
0.0339
0.04379
0.04351
0.16173
0.04472
0.06552
0
0
0.11006
0.04602
0.06305
0
0
0.04641
0
0
0.03429
0
0
0.04636
0
0.11099
0.05453
0.03363
0
0
0.04915
0.03864
0.06746
0
0
0.03499
0.03521
0
0
0.26031
0.25026
0.05446
0.0456
0
0.35241
0.03833
0.01875
0
0.04825
0
0
0
0.28891
0
0
0
0
0.05529
0.03426
0
0
0.0502
0.63995
0.01391
0.05195
0.06197
0.36858
0.04578
0
0
0.39569
0.16062
0
0.184
0
0.13902
0.14065
0.04311
0
0.4129
0
0.03476
0
0
0.114
0.51812
0
0.0533
0.11537
0.12398
0
0.37963
0.07953
0
0.01938
0
0.04654
0
0
0.05825
0.03703
0.03189
0.13088
0.03462
0
0
0
0.01787
0.12752
0
0
0
0
0.39546
0.03673
0
0.01282
0
0.0353
0.03532
0.0353
0.09772
0.04777
0
0
0.0338
0
0
0.05365
0
0.13807
0.15413
0
0
0
0
0.12752
0.03351
0.05867
0
0
0.08214
0
0.05918
0.3563
0
0.19952
0.13217
0
0.04654
0.0455
0
0
0
0
0
0
0
0
0
0.02512
0
0
0
0.1416
0
0.08635
0
0.16604
0.4974
0
0.06253
0
0
0.02155
0.03172
0
0.04689
0.03181
0.1148
0.05634
0.47385
0.16098
0.46009
0
0.05377
0
0.0824
0.39983
0
0
0
0.18176
0.03719
0.58581
0.05354
0.45204
0.01586
0.04768
0
0
0
0.04615
0
0
0.05276
0
0
0.04216
0.42429
0.2484
0
0.01231
0.0321
0
0
0
0
0
0
0.21418
0.13992
0
0
0
0
0.04954
0
0
0.03863
0.08606
0
0
0.4514
0.03687
0.25999
0.39571
0.10588
0
0.54626
0
0.03858
0.07207
0.03447
0.0605
0
0.04775
0
0
0
0
0.13847
0.02788
0
0
0.01574
0.11467
0
0
0
0
0.04957
0.03112
0.03791
0.03756
0
0.03073
0
0
0.0466
0
0.04652
0
0
0
0
0.03868
0
0
0.38031
0
0.08641
0.05149
0.03655
0
0
0
0.08717
0.20312
0.18417
0.11052
0.19316
0
0.38152
0
0
0.16984
0.16184
0
0
0
0.0991
0
0.03668
0.0369
0.03679
0
0
0
0
0.04631
0
0.18424
0.07162
0
0.0355
0
0
0.73668
0.03456
0
0
0.03225
0.05439
0.63375
0.03688
0
0
0.06809
0.05349
0.03595
0.07657
0.03791
0.01357
0.16252
0.04565
0.05768
0
0.24519
0.02099
0
0.04762
0.01199
0.18388
0
0.03659
0.03377
0
0
0
0
0
0.06082
0.18233
0
0
0
0
0
0.12627
0
0.03721
0
0
0
0.21535
0
0
0.45231
0.19626
0
0.0467
0
0.05028
0
0.03102
0.16747
0.05389
0
0
0.18413
0.08361
0.05658
0
0
0
0.44825
0
0.16065
0.07288
0.07275
0
0
0
0.69719
0
0
0
0.03495
0
0
0
0
0
0
0
0.05976
0
0
0
0.01935
0
0
0.05676
0.03525
0.04574
0
0
0.46839
0.03343
0.03072
0.16782
0.03639
0.15988
0.22147
0.62695
0.20366
0
0.05749
0
0
0
0.05359
0.03369
0
0
0.29271
0.03837
0.31181
0
0.39781
0
0
0.12282
0.61333
0.08559
0
0.16636
0
0
0
0.18221
0.14508
0
0.03347
0
0.05274
0
0
0
0.03703
0.13413
0.06115
0.17842
0
0
0
0
0.0861
0
0
0
0.0471
0
0.05891
0.11268
0.12723
0
0.12323
0.3078
0.05441
0.1062
0
0
0
0.04545
0.03628
0.24954
0.04685
0.09946
0.01536
0.07621
0
0.12776
0
0.07035
0
0
0
0.16007
0.11441
0
0
0.11229
0
0.23183
0
0
0
0.10401
0.19162
0.03648
0
0.04662
0.11537
0
0
0
0.04077
0.11597
0
0.37982
0.06163
0.24205
0.05384
0.04822
0.04567
0.38039
0
0.0564
0
0.03445
0
0.03698
0
0.05396
0
0
0
0
0
0.12755
0
0
0
0.14015
0.29068
0.04642
0
0.16251
0.08357
0.0218
0
0.09425
0
0.05308
0.0105
0
0.03671
0.03686
0.03202
0.03471
0
0.31425
0
0.11051
0.04689
0.03704
0
0.09227
0.03838
0
0
0.07567
0
0.05295
0.38282
0
0
0.07679
0
0.05825
0.04936
0.04452
0
0
0.15989
0.09967
0.11676
0.45213
0
0.03084
0
0
0.05263
0.1376
0.03815
0.01279
0.06001
0.99927
0.04516
0.29602
0
0.07247
0.03551
0
0
0.04997
0.37938
0
0.55605
0.16617
0.03874
0.14124
0.03112
0.36784
0.87614
0
0.01534
0.18215
0
0
0
0.05836
0.05565
0.27356
0.08859
0.75264
0
0
0.05626
0.04965
0.05484
0.04643
0
0.0361
0.03764
0.07223
0
0.01844
0.03351
0
0
0
0.08566
0.35503
0.03706
0.04701
0
0
0
0.28812
0.04935
0
0.04606
0.03587
0.05256
0.02931
0
0
0
0
0.0725
0
0.18585
0.03173
0.0314
0.35268
0
0.40142
0.08419
0.04273
0.83905
0.01204
0.02708
0.03712
0.08553
0.08594
0.03185
0
0
0
0
0
0.29633
0
0.04729
0
0.20714
0
0
0.05904
0
0.03091
0.50748
0
0
0
0.03487
0
0
0
0.19168
0.37642
0
0
0.05333
0
0
0.05361
0.38057
0
0
0.0469
0.08051
0
0.04685
0.04609
0.042
0.11441
0
0.05551
0
0.05296
0
0
0.04676
0.04656
0.40888
0
0
0
0.46501
0.18264
0.05918
0
0
0
0.19942
0.03655
0.0365
0
0
0.45456
0
0
0
0
0
0
0
0.04724
0.04805
0.30673
0
0.14703
0.1577
0
0.07352
0
0
0.18301
0.18397
0
0.97287
0.04649
0
0.1653
0.31835
0
0
0
0.03533
0.11865
0.12871
0.16148
0.11028
0
0
0
0.23274
0
0.03381
0
0.03365
0
0.11173
0.03462
0
0
0.03439
0
0.05321
0.35258
0.183
0
0
0.05984
0
0.20618
0.32447
0.38317
0
0
0.30614
0.16131
0.02441
0
0.16828
0
0
0.03081
0
0
0.0328
0.11762
0
0.03082
0.04636
0.08245
0.3528
0.20339
0.05355
0
0
0.03106
0
0
0.11001
0
0.42332
0.0566
0.03216
0.08332
0
0.18275
0
0
0
0
0
0.15731
0
0
0
0.03755
0.04348
0.12733
0
0
0
0.30878
0
0
0.03856
0
0.59291
0.64192
0.35224
0.18277
0
0.01477
0
0
0.03611
0.34416
0.16184
0.1599
0
0.03667
0
0
0.15273
0
0.11196
0
0.48031
0
0
0
0
0
0
0
0
0.45424
0
0
0.08639
0
0
0.03112
0
0
0.42332
0.06263
0.01288
0
0.08267
0.18156
0.19932
0
0
0
0.15928
0
0.05615
0.84054
0.01392
0
0.90736
0.05538
0.05473
0.09163
0.05279
0.01288
0
0.96827
0
0.04679
0
0
0.0492
0
0.01182
0.15387
0.0636
0.40152
0.30786
0
0.04496
0.04531
0
0
0.74868
0.0362
0
0.08228
0
0.12176
0.14109
0.61111
0
0.07183
0
0
0.45085
0
0
0
0.04512
0.03259
0.0354
0
0
0.05731
0
0.03841
0.11453
0
0
0
0
0.05732
0.37992
0
0.03129
0
0
0.08715
0
0.03725
0.03476
0.19371
0.39677
0.19623
0.21753
0.09204
0.11379
0.04913
0
0.03729
0.10784
0.04646
0
0.01878
0
0.11536
0
0.04367
0.05313
0
0
0.16515
0
0.07329
0.24852
0
0.05323
0.14222
0
0.092
0.03845
0
0
0
0
0.04632
0.07199
0.05873
0.1573
0
0
0
0.04935
0.07302
0
0
0
0
0
0.0175
0
0
0
0
0
0
0.04589
0
0
0
0
0
0
0.05881
0
0
0.20496
0.05258
0.03424
0.05862
0.03077
0.0533
0
0.18186
0.14017
0.39883
0.04939
0.16084
0.16493
0
0
0
0
0.15559
0.03329
0.034
0.25215
0
0
0
0
0
0
0.38528
0.09782
0
0.67652
0.62224
0.01722
0.16622
0
0.24764
0.04866
0.01154
0.04099
0.90636
0
0
0
0
0.05006
0
0
0
0
0.08661
0.16233
0
0.37893
0
0
0.04672
0.03489
0
0
0
0.17636
0
0
0
0
0.23997
0.28836
0.08501
0
0.05668
0.88275
0.01844
0.06631
0.0477
0.16631
0
0
0.45262
0
0
0
0
0.03801
0.04824
0
0
0.07702
0
0.0321
0.12044
0.05532
0.09285
0.31895
0.03662
0
0
0.14751
0.18353
0
0
0
0
0.04817
0.12751
0.59804
0
0.02396
0
0
0
0.04406
0
0
0
0.22211
0.04725
0
0.12657
0
0.06229
0.15899
0.11327
0.14134
0
0.03539
0.18161
0.0464
0.22936
0.03167
0.05348
0
0
0
0
0.24438
0
0
0.78147
0.03582
0
0
0.15592
0.10382
0.05908
0.03404
0
0
0.05502
0
0
0.03544
0.0437
0
0.31581
0
0
0
0
0.17305
0.04499
0.04611
0
0
0.34327
0.05
0
0
0.09761
0.05338
0
0
0.04441
0.10755
0.03663
0
0
0
0.12079
0
0
0.08467
0
0.16018
0.35833
0.04498
0.01565
0
0.05832
0
0
0
0.04671
0.82916
0.05427
0
0
0.14027
0
0
0.16793
0
0.05431
0.04762
0.03639
0.1823
0.03796
0
0
0
0.04857
0.0889
0
0
0.05033
0.14009
0
0.03616
0.20018
0.05193
0
0
0
0.17229
0.07265
0.1884
0
0
0
0
0.31225
0.55119
0
0
0
0.03655
0.15666
0
0.12641
0
0.3254
0.03653
0
0
0
0
0
0.0326
0.05337
0.04971
0.1452
0.04666
0
0
0
0.823
0.39463
0.08619
0.03081
0.05822
0.09986
0.08374
0
0
0
0
0.14729
0.12759
0
0.0343
0
0
0.0851
0.02943
0
0
0
0
0.04655
0.03696
0
0.05847
0.03875
0
0
0.09977
0
0.19479
0.11375
0
0
0
0
0
0.01594
0
0
0.12736
0
0
0.39386
0.10626
0.09969
0
0
0
0
0
0.16138
0.0569
0.08603
0.05833
0.04637
0.04453
0.16218
0.40064
0
0.03637
0.16046
0.05527
0.08935
0
0.08454
0.02619
0.16666
0
0
0
0
0
0.01589
0.09803
0
0
0.29244
0
0.0871
0
0
0
0.03465
0.05326
0.05834
0.46492
0.12648
0
0.1653
0
0.30849
0.40193
0
0.04681
0.38215
0.19869
0
0
0.03358
0
0.42332
0
0
0.11548
0
0.04854
0.03922
0
0
0.05848
0.04664
0
0.35531
0
0
0
0.38096
0.05853
0.04644
0
0
0
0.18415
0
0.15922
0
0
0.05294
0.0307
0.05292
0.0383
0.19013
0
0
0.03879
0
0.04812
0.04801
0
0
0.18319
0.03539
0
0
0
0.03563
0.05533
0
0.37991
0.05516
0
0.20857
0
0
0
0
0.07053
0
0.08527
0.29337
0
0
0.05837
0.03365
0.21559
0
0.0584
0
0
0.43706
0.49068
0
0.20757
0.11017
0.06261
0.18245
0
0
0.12962
0.38127
0
0
0.04597
0
0
0
0
0
0.05553
0
0
0
0.02374
0
0
0.05392
0.03701
0.16637
0.05313
0.05858
0
0.0866
0.03178
0.07235
0.30844
0
0.04685
0
0.05412
0.12667
0.03867
0.38276
0
0.30538
0.03802
0.42193
0.04197
0
0.04221
0.19854
0
0.33336
0.03823
0
0.04835
0
0.03092
0
0.04552
0.75702
0
0.0869
0.45143
0
0
0.19775
0.03265
0
0
0.29189
0.15762
0.07436
0.03094
0
0.01808
0.01736
0.11494
0
0
0.14433
0.13599
0
0.16758
0.05013
0
0
0.04886
0.38095
0.13664
0
0.03071
0.15997
0
0.04793
0.42342
0.02445
0
0.03525
0.11422
0
0.1612
0
0.07389
0.06766
0
0.23818
0
0
0
0
0
0
0
0.55096
0
0
0.04785
0
0
0.05609
0
0.0323
0
0.15744
0.0186
0
0.05383
0.03485
0.01522
0
0.08238
0.04626
0
0
0
0
0.05209
0
0
0.03888
0.03357
0
0
0.13914
0
0
0
0
0
0.13403
0.03798
0
0
0.02919
0
0
0.33893
0.24452
0
0
0.06101
0.26905
0.04982
0.01093
0.12725
0.04675
0
0.04743
0
0
0
0.06093
0.20745
0
0.04558
0
0.04852
0
0.12634
0.20959
0.03686
0.4557
0
0.1169
0
0
0.29029
0
0
0.04603
0.05645
0.01269
0
0.18415
0
0
0.04794
0
0
0
0
0.54765
0
0
0
0
0
0.09968
0
0.0593
0.04748
0
0.07432
0
0
0.13577
0
0.04739
0.11086
0.24482
0.04624
0
0
0.38247
0.0448
0
0.24494
0
0.03442
0
0.64875
0
0
0.06575
0.19333
0
0.11177
0.0636
0.02113
0.03763
0
0
0.24065
0.20624
0.04718
0
0.03831
0.2001
0.04807
0.06262
0.08508
0.19945
0.76883
0
0.29291
0.03779
0.06941
0
0
0.32205
0
0.16216
0
0.24532
0
0
0
0.10982
0
0
0.06597
0
0.03552
0.20791
0.06811
0
0.0306
0.04525
0.02572
0
0
0.85889
0
0.29337
0.05886
0.55629
0
0.03016
0.05559
0
0
0
0.10989
0.05362
0
0.03648
0.88737
0
0
0.1004
0.45498
0
0.04338
0.05383
0.18395
0.05373
0
0
0.03435
0.03399
0.21713
0
0.03666
0
0
0.04665
0
0
0.52117
0
0
0
0.02606
0
0.03185
0.58986
0
0
0.1558
0.01216
0
0
0.05009
0
0
0.03355
0
0.08602
0.2074
0.05323
0.22108
0
0.16075
0.11035
0
0.20025
0
0.05891
0.03387
0.0347
0
0
0.16586
0.04298
0
0.18249
0.03377
0.1238
0.12652
0
0
0
0.1569
0.15837
0.12747
0.29327
0.07365
0
0.03271
0
0.05239
0
0.05282
0.41082
0.1836
0.03245
0.04355
0.05596
0.45322
0.04327
0.35609
0.33855
0
0.04732
0.25048
0
0
0.03461
0.11792
0
0
0
0.0117
0
0.03334
0.4524
0.70504
0
0
0.04833
0
0.04691
0
0.47277
0
0
0.10106
0.03871
0.07266
0
0
0
0
0.2275
0
0
0.03195
0
0
0.045
0
0
0
0
0
0.04314
0
0
0.03814
0
0
0.9765
0.70196
0
0
0
0
0.1296
0
0
0
0
0
0
0
0
0
0.18224
0
0
0
0
0
0.33199
0
0.11517
0.05347
0.05212
0
0.08689
0.03787
0.08914
0
0
0.06446
0.03494
0
0.05286
0.08377
0
0.05831
0.23268
0
0.16955
0.12653
0
0
0.04815
0.05269
0
0.32843
0.18998
0.20775
0
0
0.07361
0.28893
0.03447
0.38186
0
0.05035
0
0
0.0442
0.0471
0
0
0.13695
0.40012
0
0
0
0
0.3801
0.03881
0.03668
0.03654
0.03721
0
0
0
0
0.38334
0
0.61686
0.38795
0.03624
0
0.0864
0.05362
0
0.03392
0.137
0.10595
0
0.05636
0
0.21438
0.1627
0.0361
0
0
0
0
0
0
0
0
0.08635
0
0.03807
0
0
0
0.04688
0
0
0
0
0.08392
0
0
0
0.39891
0.1418
0
0
0
0.01648
0.16556
0
0
0
0
0
0
0.29591
0
0
0.39519
0.28912
0.18393
0
0
0.08217
0.04564
0.29458
0.07318
0
0.61512
0
0.03633
0.02586
0
0
0.03114
0.12297
0
0
0
0
0
0
0.065
0
0.31959
0.05018
0
0.05538
0.03429
0.05003
0
0.02261
0.18406
0.1838
0.09175
0
0.28603
0.02228
0.02286
0
0.05872
0
0
0
0
0
0
0.05152
0.14391
0
0.39104
0
0.2278
0
0
0
0
0
0
0
0.03067
0
0
0.1642
0
0.05453
0
0.03215
0.05827
0.03604
0.23099
0.47219
0
0
0
0
0
0.04387
0
0.65361
0.38299
0
0
0.20778
0.04867
0.03873
0
0.16054
0.03635
0.05415
0
0
0.10986
0.07396
0.04641
0.07294
0.03811
0.03609
0
0.29015
0
0.03408
0
0
0
0.18774
0
0.08583
0
0.03873
0.05412
0.27891
0.08595
0.71754
0.03541
0.108
0
0.21947
0.06332
0.04766
0
0.04612
0
0
0.04786
0.28003
0
0.11636
0
0.04082
0
0.03189
0.06361
0
0.05249
0.71683
0.03564
0.03547
0.23538
0.07907
0
0
0
0
0
0.45317
0
0.05428
0.05552
0.04792
0.03189
0.04444
0
0
0.09068
0.05479
0
0.38031
0.11023
0.55487
0.19508
0
0
0
0
0.05487
0.11838
0
0.05238
0
0.01569
0
0.16763
0.04551
0
0.20379
0.2912
0.05833
0.04479
0
0.04624
0
0.30411
0.76422
0
0
0.11155
0
0
0.05615
0.06068
0.05259
0.04402
0.24899
0.03115
0
0
0
0
0
0
0
0
0
0.15929
0.04911
0
0.08431
0.16686
0
0.0466
0.03673
0
0
0
0
0.29447
0.16156
0.03618
0
0
0
0
0
0.05907
0.07269
0.40024
0.47012
0
0
0
0
0.03078
0.37905
0
0.2886
0
0
0.14788
0
0.16648
0.08501
0
0
0
0.03337
0
0.04931
0.07336
0.03157
0
0
0
0
0
0
0.03614
0
0.05954
0.04565
0
0
0
0
0
0
0
0
0.47246
0
0
0.10451
0.05186
0
0.16113
0
0
0.04593
0
0
0
0.05269
0
0.04552
0.19304
0.03077
0
0
0
0
0.29221
0.05687
0
0.1742
0.0255
0
0.21881
0.11103
0.03073
0.31223
0
0.03084
0.07989
0.09849
0.18405
0.0785
0.04755
0.38092
0.05281
0.42244
0
0.16751
0.03072
0.3961
0
0
0.16056
0
0
0
0
0.03514
0
0.20722
0.20726
0
0
0.29004
0.29285
0.0539
0.20301
0.05521
0.0553
0
0
0.0594
0.19394
0
0.06126
0
0.0532
0.03689
0
0.08672
0
0.04665
0.03134
0.166
0.08585
0
0
0.07247
0
0
0
0.04628
0.08701
0.10027
0.05431
0.0542
0
0
0
0.0258
0
0.18427
0
0.37552
0
0.57866
0
0
0.0563
0.03674
0.16559
0.44114
0
0
0.08657
0.05754
0
0.03665
0.16396
0.03404
0.01289
0
0
0
0.28647
0.33505
0.0178
0
0
0
0.08534
0.06421
0.99945
0.54631
0.5523
0
0
0.01888
0.03427
0
0.03587
0.03203
0
0
0
0.04533
0.18369
0.34403
0
0.05293
0.14864
0.22471
0.05945
0
0.39992
0.19914
0.0583
0
0.23907
0.04511
0.04665
0.03512
0.07705
0.42762
0
0
0.05378
0.29506
0
0.65471
0.66275
0
0
0
0
0.01684
0.06305
0.03512
0
0.73289
0
0.09127
0
0
0
0.12688
0.03069
0.04581
0.05218
0
0
0.05926
0
0.03379
0.01086
0
0
0.01441
0.06027
0.05001
0
0
0.03458
0.03589
0.09468
0
0
0.07399
0
0.03196
0.03067
0.07398
0.05408
0
0.3419
0
0
0
0.16595
0.2227
0
0
0
0
0
0.06773
0.15968
0.19369
0.12355
0.08234
0.21834
0.05962
0
0.03494
0.03533
0.12872
0
0
0
0.05986
0.0382
0.04674
0.16791
0.15705
0.12608
0.04613
0
0.16012
0.0383
0.03813
0.41818
0
0.03196
0
0
0
0.11132
0
0.03864
0
0
0
0.04852
0.0447
0
0
0
0
0
0.04384
0.01332
0
0
0.0487
0.30791
0
0.16582
0
0
0
0.03348
0.05429
0.05928
0.3659
0.04655
0.03489
0
0.03418
0
0
0.01935
0.4503
0.11386
0.01486
0.12658
0
0.29562
0.16083
0.03101
0
0
0.0384
0.08464
0.40126
0.013
0.25837
0
0
0.0482
0
0
0
0.16195
0.16359
0.10571
0
0
0.04886
0.12349
0.08699
0
0
0
0.0713
0.11664
0
0
0
0
0.03443
0.08642
0.04941
0.12399
0.0561
0.16891
0
0.37013
0.16568
0.0452
0.03867
0.18161
0.27706
0
0
0.14035
0
0.05485
0
0.08309
0.05966
0
0.05984
0
0.13174
0
0.02372
0
0
0
0.14839
0.05459
0.2498
0
0.03429
0.0537
0
0
0.03691
0.04472
0.23027
0
0
0.05924
0.03674
0.04296
0
0.03449
0.05424
0
0
0.10727
0
0
0
0.04951
0
0.07932
0
0.08697
0.03771
0.11076
0
0.21236
0.29399
0.28907
0.05899
0
0
0.14604
0
0.04457
0.04205
0
0.12299
0.11475
0.03803
0.0463
0.03671
0.08418
0
0
0.03674
0
0
0.0351
0.08078
0.1114
0
0.38784
0
0
0.03522
0.04966
0.1838
0
0
0.16725
0
0
0.09836
0.05306
0.04623
0.08925
0
0.0501
0
0.2729
0
0
0.0328
0.05224
0.04363
0.11045
0
0.04762
0.15519
0.19956
0.18756
0
0
0.18293
0.01204
0.20882
0.03597
0
0
0.07459
0
0.04569
0
0
0.08594
0.19283
0.47091
0
0
0
0.08639
0
0.36479
0.03619
0
0.03593
0
0.0294
0
0.12688
0
0
0
0
0
0.05558
0.43459
0.05499
0.38347
0.09578
0.03497
0
0.04323
0.05588
0.28786
0.05299
0.05337
0
0.05324
0.08373
0
0.18229
0
0.03584
0
0
0
0
0.05816
0
0.27409
0
0.20673
0.03419
0
0
0.20877
0.09348
0
0.39698
0
0.28329
0
0.15717
0
0
0
0.10152
0.55068
0.13712
0
0.45329
0
0
0.03104
0.11551
0
0.1762
0
0
0.01367
0
0.04982
0
0.08424
0.14859
0.14402
0
0.03397
0
0.04516
0
0.12598
0.04838
0
0.0541
0
0
0
0.03176
0
0.52129
0
0
0
0.11646
0.03371
0.03532
0
0.18293
0.03666
0
0.10031
0.05357
0.01774
0
0.15713
0
0.2382
0.17712
0.04894
0
0.04306
0.09534
0.11028
0.06569
0.15395
0.1141
0
0
0.24108
0
0
0
0.68698
0
0.17419
0
0
0.16256
0
0.05561
0.02393
0.08398
0
0.05599
0
0
0.0435
0.61867
0.23135
0.08603
0
0.12558
0
0.4005
0.05835
0
0
0.08669
0
0.07765
0
0.02575
0.16598
0
0
0
0.05565
0.03916
0.11386
0.11013
0.05057
0
0.04668
0
0
0
0
0.0588
0
0
0
0.09496
0.05847
0
0
0
0.04976
0.03378
0.11379
0
0.04128
0.03898
0
0.0566
0.03516
0
0
0.3997
0
0.02278
0.06377
0.04622
0.20865
0.20714
0.04376
0.08234
0.2496
0.2928
0.50686
0
0.11419
0.38597
0
0.03367
0.01128
0.03119
0
0
0.0113
0.0384
0.0539
0.05258
0.05279
0.0657
0
0.03766
0.29594
0
0.10037
0.98777
0.43645
0.03706
0.07131
0
0.08715
0
0.04673
0.29458
0.0226
0.04346
0
0.09988
0
0
0
0
0.0732
0.08373
0.04508
0
0.08597
0
0.15928
0
0.13542
0
0.046
0
0.38014
0.04819
0
0
0
0
0.13779
0.05042
0.03556
0.05474
0.37939
0
0.16328
0.08009
0
0.05234
0
0
0.07391
0.15726
0.08778
0
0.03514
0
0.16728
0
0
0
0.16105
0.03523
0
0
0
0
0
0.0344
0.667
0
0
0.0596
0.10144
0
0.17841
0
0.05232
0.04924
0.39741
0
0.18223
0
0.07937
0.03068
0.15939
0.04175
0.0175
0
0
0
0.15597
0
0.05313
0
0.03185
0
0
0.11389
0.25717
0
0.14957
0
0
0
0.38065
0
0.28876
0.01875
0
0.11818
0.04683
0.55231
0
0.11224
0.12701
0
0.04659
0.08661
0.28349
0.26103
0
0
0.02374
0.03244
0
0
0
0.05618
0
0
0.10365
0.03068
0.38074
0.11032
0
0.0307
0
0.1272
0
0.06528
0
0.05596
0.01331
0.03371
0
0
0.38467
0
0
0.05434
0
0
0.03874
0.05834
0.06402
0.05845
0.38026
0.48532
0.04759
0.04849
0
0.05171
0.05612
0.21191
0.50064
0
0.10983
0.18386
0.05041
0
0.06945
0
0.05339
0
0.423
0
0.04478
0
0
0
0.04483
0.0465
0
0.81475
0.03674
0.04019
0.15949
0
0.25004
0
0
0.35302
0
0.03114
0.18074
0.7548
0
0
0
0.70023
0.68311
0.04565
0.05539
0
0.03695
0.16688
0
0
0.05851
0.34058
0.04778
0
0.0439
0.04844
0
0
0.28969
0.71267
0.13976
0
0.33771
0
0.03168
0.03809
0.05899
0
0
0.18116
0.4509
0.05356
0
0
0.03532
0.03532
0.15967
0.07462
0.47803
0
0.03088
0.4382
0.01289
0.04668
0.04898
0.04785
0.05322
0
0
0.05503
0
0.04606
0.38212
0
0
0
0
0
0
0
0.33632
0
0
0.04747
0
0
0
0
0
0
0.0388
0.03109
0.04804
0.08482
0
0.03204
0
0.045
0.18366
0.06862
0.03674
0.04603
0.15602
0
0.03631
0.72818
0.04915
0
0
0
0
0
0
0.01263
0.15677
0
0.11095
0.29539
0.14909
0
0.0606
0
0
0
0.04656
0.04882
0.04855
0.02083
0.03739
0.16386
0
0
0
0.49744
0.08739
0
0
0.08293
0.04685
0.32156
0.21756
0.19498
0.29473
0.05564
0
0.02709
0
0.04748
0.01233
0
0.84667
0
0
0.16195
0
0.03232
0.06926
0.30879
0
0.08703
0.09975
0.33916
0
0.40098
0
0.16653
0.04656
0
0.15367
0.15943
0
0.17237
0.05378
0.03184
0.05148
0.03879
0
0.14117
0
0.1825
0
0
0
0
0
0.04811
0.04792
0.03256
0.03644
0.06455
0
0.19848
0
0
0.77943
0.04376
0.0857
0.17836
0
0
0
0.11377
0.13406
0.05381
0
0.03442
0
0.03345
0
0
0.39902
0
0
0
0
0
0
0
0.19301
0.0826
0.04227
0
0
0.0468
0.11394
0
0.02579
0
0
0.05444
0.07306
0
0
0
0
0.04665
0
0
0
0.12025
0.06949
0.08672
0
0
0
0.16619
0.29299
0
0
0
0.03465
0.03477
0
0
0.05864
0
0.0307
0
0
0.05686
0.03416
0.08709
0.03459
0.0587
0
0
0
0
0
0.23902
0.1672
0
0
0
0
0
0
0.37988
0
0.16113
0.23765
0
0.03447
0.04993
0.35416
0
0.03072
0
0
0
0
0
0
0.27454
0.03482
0.03853
0.06021
0.56175
0.35206
0
0
0
0
0.22131
0.17665
0.05247
0.04755
0
0.11035
0.03877
0
0
0.27315
0
0
0
0.14033
0
0
0.25188
0
0
0.12751
0.0848
0.38226
0
0.03415
0.04584
0.09603
0
0
0
0
0
0
0
0
0.0532
0.05332
0.39908
0
0.11013
0.08436
0
0.46491
0.0469
0.1265
0
0.0471
0.04469
0.15969
0.39942
0.05209
0.04923
0.07283
0
0
0.65419
0.06544
0
0
0
0.18167
0.25084
0.05418
0
0
0.15552
0.13092
0.03799
0
0.13392
0
0.21473
0
0.0505
0
0
0
0
0
0
0.03821
0.04648
0.36053
0
0.24946
0.0348
0
0.11292
0
0.1573
0.2072
0
0
0
0
0.03901
0
0
0
0
0.0813
0.04721
0
0.03474
0
0.09465
0
0
0.04404
0.22975
0
0.10773
0
0.12713
0.05951
0.28958
0
0.03069
0.21568
0.05488
0
0.03609
0.05629
0.04709
0
0
0
0
0.0769
0.03539
0.01285
0.37978
0
0.05398
0.11501
0.17437
0.05335
0
0.03531
0
0.05199
0.09741
0.16202
0
0
0
0.40183
0.02352
0.12741
0.10122
0
0.07912
0.05555
0
0
0
0.29219
0.10588
0
0.05641
0
0.29077
0.03466
0
0.03068
0.10108
0
0
0.21656
0
0.03226
0
0.03375
0.08569
0
0.67009
0.23703
0.25876
0.29031
0.01103
0
0.34192
0
0
0.05571
0.18173
0
0
0.03583
0
0
0
0
0
0.04933
0.04977
0
0.11402
0
0
0.03539
0.03232
0
0
0
0.15741
0.05588
0
0.06008
0.03092
0.13712
0.08575
0
0
0
0
0.13405
0
0
0
0
0.04641
0.15914
0
0.19479
0
0.16493
0.0344
0
0.07674
0.03544
0
0.03413
0
0
0
0
0.03439
0.04475
0
0.04643
0.05549
0
0
0
0.05237
0
0.0336
0.17079
0.03115
0
0.15173
0
0.03456
0
0
0.04858
0.03525
0.01248
0
0
0.38406
0
0
0.10039
0.55385
0.55601
0
0.09801
0.52296
0.04354
0
0
0
0
0.01564
0.06937
0.03868
0
0
0
0.04317
0
0.07237
0
0.02563
0.19944
0.10295
0.07441
0.05297
0
0
0.05322
0.05937
0
0
0
0
0
0.02322
0
0
0
0.29554
0
0.01637
0
0.01804
0.3783
0.04842
0.26883
0
0.06579
0.04508
0.1413
0
0.0463
0.11702
0.08587
0
0
0
0.38318
0
0
0.19847
0
0.0547
0.04576
0.34095
0.0845
0.4798
0
0.03768
0.6282
0
0.05308
0.05349
0.05556
0
0
0.19951
0.05321
0
0.03483
0
0
0.03255
0
0.0477
0.0519
0.18406
0.01935
0.05068
0
0.03363
0.03351
0.39676
0
0
0.03526
0.04865
0.0471
0.05316
0
0
0.03433
0.0839
0.0485
0.16739
0.0589
0.04534
0
0
0.11599
0.13929
0.053
0
0.03601
0.03123
0
0.05918
0.12772
0
0
0.05351
0.10052
0
0.03541
0.03514
0.20308
0.04555
0.03393
0.11685
0.0847
0.03704
0.56677
0
0.05644
0
0.18216
0
0.45459
0
0
0
0
0.19989
0.1888
0.03893
0.15911
0
0
0
0.01744
0
0.05413
0.16115
0.13905
0
0
0.05926
0.04641
0.17665
0.16537
0.05329
0.11652
0
0
0
0
0
0
0
0.03234
0
0.13997
0.11079
0.13526
0.08346
0.03645
0.04611
0
0.08244
0.03068
0
0
0.04645
0
0.05275
0
0
0.24069
0
0
0
0
0.0852
0.03219
0
0
0
0.03215
0.04366
0.04999
0.06776
0.05226
0.47841
0
0
0
0
0
0.84742
0.01539
0.11532
0
0
0.09916
0.0187
0
0.03827
0
0
0.03855
0
0
0
0.13433
0
0
0
0.04777
0.06756
0.19978
0.40068
0.27323
0.10399
0.37961
0.03249
0
0
0.17601
0.13489
0
0.01575
0.16097
0.0437
0.03758
0
0
0.67965
0
0
0
0.12843
0
0
0.06756
0.11447
0
0.03505
0
0.05539
0
0.04623
0.08394
0
0
0.04496
0.29449
0.11856
0
0.03786
0.15349
0
0.04963
0
0
0.05291
0.05883
0.12692
0
0.04597
0
0
0
0
0
0
0
0.03809
0.04714
0.19376
0
0
0.08628
0.16721
0.16769
0
0.13619
0.16094
0.15491
0.4654
0
0.16217
0
0
0.1274
0.16095
0
0
0
0.03511
0
0
0.05308
0
0
0.0462
0.07331
0.24475
0.09713
0
0.03069
0
0.18607
0.2074
0
0
0.09516
0.14089
0
0.03876
0.04491
0.14667
0
0.05832
0
0
0.13795
0.01938
0
0.0479
0
0
0.27296
0
0
0
0
0
0
0
0.53589
0
0.03076
0.07531
0.04604
0
0
0.15694
0.08495
0.03397
0
0
0.04662
0
0
0.29358
0.39687
0
0
0
0.05152
0.03088
0
0.11014
0.13691
0
0
0
0
0
0
0.04487
0
0.05504
0.0347
0
0
0.03077
0.04678
0
0.01441
0.13968
0
0.03405
0.03831
0
0
0
0.04381
0
0.03417
0.14091
0.12398
0.38238
0.14736
0.03569
0
0
0.05818
0.04315
0.19748
0.53725
0
0.47341
0
0.0719
0.20999
0.19188
0
0.11535
0
0
0
0
0.29551
0
0
0.10311
0.01937
0
0.03869
0
0.20729
0.0534
0.24335
0.04063
0
0.03425
0
0
0.04642
0.06658
0
0.1987
0
0
0
0
0
0
0.12876
0.05645
0.12801
0.04476
0
0
0
0
0
0
0.04488
0.06325
0
0.16119
0
0.05271
0.03436
0.1306
0.03677
0
0.50191
0
0
0
0.10959
0.03809
0
0
0.16685
0.03498
0
0.09945
0
0
0.05248
0.03862
0
0.1834
0
0.13402
0.17583
0
0.11598
0
0.64598
0
0.16562
0.16564
0.24661
0
0
0
0.62295
0.03427
0
0.21407
0.04671
0
0
0.13698
0.38094
0.37958
0.08456
0.16652
0.37976
0.06436
0
0.1826
0
0.08922
0
0.40956
0.38217
0
0.0322
0
0
0
0.05832
0.18211
0.04473
0
0
0.30647
0.049
0
0
0
0.07345
0.29195
0
0
0.05853
0.03855
0
0
0
0
0.13642
0
0
0
0.13642
0.04917
0.14894
0.25684
0.03794
0
0.26014
0
0
0.22615
0
0.16187
0
0
0.09718
0.05943
0
0.04675
0
0
0
0
0.03542
0
0
0
0
0.59912
0
0.19402
0
0
0.65065
0.03832
0
0.05197
0
0
0.1396
0.05847
0.04296
0.15945
0.03366
0.05546
0.03843
0
0.05313
0.2264
0.03461
0.06056
0.04004
0
0
0
0.04504
0
0.02575
0.08642
0.13064
0
0.06248
0
0
0
0
0.15658
0.0381
0
0.30671
0.01545
0
0.62565
0
0
0.11662
0
0.09593
0.0585
0.01236
0
0.038
0
0.04896
0
0
0.38346
0
0
0.14825
0.05322
0.0932
0
0.59494
0.03509
0
0.04761
0.04768
0.16784
0
0.03428
0
0.28887
0
0
0.21229
0.07599
0.33787
0.20298
0.03437
0
0
0.12747
0.06023
0
0
0.02321
0.04963
0.0939
0
0.05034
0
0
0
0
0
0.08631
0
0.04705
0
0
0
0.74628
0.46498
0.03104
0.03884
0
0.01159
0.08568
0.11237
0.12329
0
0.04662
0.03656
0
0
0.03722
0.05571
0
0
0
0.3662
0.38041
0
0
0
0
0
0.04069
0.03345
0
0.15809
0
0
0.04583
0
0.07348
0
0.45171
0
0
0.15656
0
0.03617
0
0
0
0.04474
0.16443
0.03672
0
0
0
0.0489
0.16229
0.04497
0
0.05902
0.19509
0.01357
0
0.1498
0.0456
0
0.03518
0.03518
0
0.19551
0
0.03566
0
0.05881
0
0.05421
0
0.19121
0
0
0.15651
0
0
0.11582
0
0.04933
0
0.19201
0.20716
0.19949
0
0.10936
0.09939
0
0
0
0.04677
0.12763
0
0.03659
0.05247
0.0324
0
0.25982
0.05446
0.23196
0.1817
0.03429
0
0.036
0
0
0
0
0
0.04359
0.03087
0.22892
0.2951
0.03403
0.12641
0.05959
0.04668
0.28019
0.04839
0.05358
0
0
0.16154
0
0
0
0
0.03847
0
0.0327
0.05457
0
0
0
0.04684
0.03071
0
0
0.28973
0.08732
0
0
0.21516
0.06382
0
0
0.09318
0.10595
0.10974
0.38303
0
0
0.15709
0.06948
0
0.05043
0
0
0
0.24469
0.30836
0.05982
0
0.74076
0
0
0.07634
0.06301
0.04624
0.38126
0
0
0.05357
0
0
0.19076
0.05229
0
0.09888
0.29439
0.14336
0.65604
0.06043
0.842
0
0
0
0.07508
0.04705
0
0
0.03579
0
0
0
0
0
0
0.05909
0.01202
0
0.18356
0
0
0.03414
0
0.06545
0
0
0.08891
0
0.08458
0.05336
0.533
0
0.24674
0.24028
0.04993
0.12718
0
0.04871
0.05356
0.07475
0.03847
0
0
0.04718
0.45177
0
0
0.0154
0.10021
0.16144
0.01288
0.10839
0.03348
0.0232
0
0
0.05365
0.40261
0
0
0.39865
0
0
0
0.04944
0
0.03847
0
0.2065
0.03235
0
0.05395
0.40314
0.16645
0.04483
0.18175
0.05828
0
0.39589
0
0
0
0.09194
0
0.24883
0.25474
0
0.04704
0
0.03691
0
0
0
0
0
0.0361
0.04953
0
0.04631
0.13751
0.05924
0.0506
0.03812
0.03861
0.4534
0
0.03467
0.05603
0.20462
0.23361
0.03855
0
0.05926
0
0.33751
0.16048
0.12649
0.18275
0
0
0.01653
0.08345
0
0
0
0.14055
0
0.18224
0.03467
0
0.0454
0.03805
0
0.03389
0
0
0
0.03609
0.0172
0
0
0.04282
0.05972
0.05308
0
0.05274
0
0
0
0
0
0.19938
0
0
0
0.21126
0
0
0
0.25653
0
0.16389
0
0.13379
0.40662
0.26417
0.03699
0
0
0
0.16038
0.235
0
0
0.16811
0.18201
0.05829
0
0.03703
0.05
0
0.24489
0
0
0.08471
0
0
0
0.01467
0
0
0.03144
0.0734
0
0
0.02256
0
0.36889
0.24869
0
0.07318
0.01161
0
0.12709
0.25566
0.45409
0.04686
0.12684
0.19291
0.20711
0.11624
0.12697
0
0.01284
0.20221
0.08538
0
0
0
0.03724
0.0595
0.11772
0
0.05179
0.04833
0.29347
0.03222
0
0.05618
0.39327
0.10142
0
0
0
0
0
0.09793
0
0
0
0
0
0
0.34794
0.08393
0.17134
0
0.05678
0
0
0
0.09965
0.18392
0
0
0
0
0.0528
0
0.0444
0.05417
0.05339
0
0.04461
0.04793
0
0.29086
0.06587
0.45406
0
0
0.07048
0.03701
0.19184
0
0.04521
0.14035
0.50931
0
0.12754
0
0
0
0
0
0
0
0
0.13991
0
0.50204
0.05914
0.08359
0.05349
0.2951
0
0.08672
0
0
0.0444
0
0.08983
0
0.18163
0
0
0.05335
0
0.24038
0.20749
0
0
0
0
0.2071
0
0
0
0
0.03813
0.16377
0
0
0.01862
0.04673
0.03516
0.06952
0
0.04711
0.06537
0
0.08645
0
0
0.05111
0.03416
0.38103
0
0
0.03814
0.03224
0.03867
0
0
0.01671
0
0
0
0
0.08028
0
0.04797
0
0.05318
0.27954
0
0
0
0
0
0
0
0.19176
0.03479
0.04852
0.04658
0.45269
0.1374
0
0
0.01294
0.52372
0.15012
0.45163
0
0.03676
0.19785
0.04842
0.23355
0.03881
0.03853
0
0
0
0
0
0
0.04884
0.07216
0
0
0.07405
0
0
0
0.06565
0.04853
0
0
0
0
0
0
0.14706
0
0
0.18215
0
0
0
0.05941
0
0.09973
0.33547
0
0.0407
0
0
0.12729
0.08886
0.35206
0.01145
0.04385
0
0.03429
0
0.39827
0.03258
0.04936
0
0.04833
0.05864
0
0
0
0
0
0
0
0.29075
0.04599
0.04805
0.04682
0
0.05659
0
0.14993
0
0
0
0.03157
0.37858
0.0381
0
0
0
0.11744
0.09939
0.33686
0
0
0
0
0
0.12758
0.03435
0.09207
0.07269
0
0.04896
0
0
0
0
0.03811
0.24553
0.45092
0
0
0.86379
0
0
0
0
0
0.1944
0
0
0.04697
0.15079
0.37915
0.04509
0.0722
0.0483
0.11517
0.01359
0.07441
0.0459
0
0.03629
0.05551
0.01433
0.05231
0.0529
0
0.05393
0
0
0.01466
0.05244
0
0
0.03076
0.05302
0
0
0
0
0.04606
0.03436
0.0439
0.08444
0
0.05872
0
0.05187
0.1453
0.0346
0.15525
0.27159
0
0.03533
0
0.03443
0
0.02542
0.22643
0.45275
0.24315
0.243
0
0
0.01432
0.05975
0
0.14352
0.03083
0.14124
0.13754
0.08628
0.45361
0
0
0.03541
0
0
0
0.0532
0
0.16657
0
0
0
0.08361
0.2892
0
0
0
0
0.39426
0
0.0437
0.0319
0
0.11022
0.04309
0
0.65865
0
0
0.04804
0
0
0.07147
0
0
0.03836
0.08564
0
0
0
0
0.04496
0
0.32947
0
0
0
0
0.03124
0.09086
0
0.03132
0
0.04473
0
0.09211
0.14118
0
0.04487
0
0.55073
0.04851
0
0.05972
0
0
0
0
0.05316
0
0
0.04606
0.05352
0.05415
0.04348
0.07226
0
0.04675
0
0.03655
0
0.08416
0
0
0
0
0
0
0.05352
0
0
0.11334
0.03462
0.21243
0.04395
0.03245
0.0463
0
0
0.04888
0.0582
0
0
0
0.03814
0.16688
0.05563
0
0
0
0
0.04709
0
0.15567
0.39765
0
0
0
0
0
0.05995
0
0
0.14227
0.12988
0.1816
0
0.12458
0
0.19792
0
0.1836
0.03664
0
0
0.093
0
0
0.05575
0.05824
0
0.45291
0.03817
0
0.03166
0.18897
0
0.10821
0
0
0
0
0
0
0
0.01296
0.14563
0.05932
0
0
0.39961
0
0
0
0
0
0.101
0.05622
0.05348
0
0
0
0.19828
0.04837
0.32078
0
0.27301
0
0
0.15182
0.46486
0.33938
0
0
0.03619
0
0
0
0.06026
0.03647
0
0
0
0
0.01431
0
0
0
0.43217
0
0
0
0
0.0454
0
0
0.0353
0
0
0
0
0.03173
0
0.1271
0.01759
0.04533
0
0.08682
0
0
0.18182
0.038
0
0
0
0.04635
0.05902
0.03509
0
0
0.20916
0.20693
0.04671
0
0
0.05364
0.04612
0.24251
0.10033
0
0.05979
0
0
0
0.03528
0
0
0
0
0
0.54333
0.01841
0
0
0
0
0
0
0.29278
0
0.61989
0
0
0
0
0
0.08564
0
0
0
0.04768
0
0
0.24868
0.16066
0.17633
0.12377
0.23801
0.5714
0.20203
0.35733
0.2462
0.11506
0.08402
0.20311
0.08289
0
0.11742
0
0.58278
0.39042
0.38212
0
0
0.38134
0.39249
0.6263
0.3911
0.77832
0.12344
0.37045
0
0.1284
0.67619
0.10837
0.05344
0
0.01368
0.30086
0.04277
0.30384
0
0.08237
0.35474
0.29758
0.11461
0.09289
0.26096
0.18531
0
0.24463
0.8247
0
0.37646
0.30746
0.43667
0.3298
0.78296
0
0.27477
0.1096
0.03233
0.90132
0.62412
0.08245
0.58252
0.04444
0
0.36061
0.89929
0.08899
0.11401
0.5136
0.04719
0.18605
0.34132
0.08724
0.32441
0.72448
0.08821
0.17244
0.03161
0.11632
0
0.02224
0.03178
0.07313
0.04343
0
0
0.1766
0.82192
0.11442
0.01128
0.03225
0
0.03195
0.06009
0.03168
0.45823
0.64566
0
0.08691
0.23222
0.11576
0.30739
0.08631
0
0.11574
0.01367
0
0.08737
0.05682
0.03419
0.11601
0.08277
0.05971
0.03222
0.07294
0.11717
0
0
0.46932
0.02147
0
0.03154
0.0317
0.11364
0
0
0.6328
0.57266
0.34184
0.032
0.03157
0.03168
0.14865
0
0.27972
0.14795
0
0
0.11542
0
0.98195
0.08865
0
0.68448
0.69713
0.03416
0
0.03183
0.38245
0
0.42107
0.03198
0.03201
0.03416
0.63119
0.06415
0.08326
0.03206
0.03212
0.87012
0.03233
0.08829
0.03207
0.0344
0.33964
0.03216
0.14925
0
0
0.50274
0.34036
0
0.0868
0.6477
0
0.13689
0.12346
0.88506
0.56489
0.11368
0.9071
0
0.04716
0.42755
0.03192
0.01103
0.45179
0.11659
0.14908
0.03188
0.03444
0.03782
0.11743
0.03391
0.03441
0.11603
0.1226
0.04997
0.06206
0.40936
0.12374
0.47349
0.06363
0.03199
0.03233
0.07221
0.26842
0.16245
0.22004
0.06999
0.90817
0.1508
0.23081
0.07181
0.03306
0.06453
0.03785
0.03754
0.11621
0.55688
0
0
0.50711
0.0734
0.02528
0.07928
0.07246
0.03862
0.39356
0.03857
0.75998
0.03325
0
0
0
0
0.11571
0.03889
0
0.03244
0
0.03246
0
0.07292
0
0.04816
0.37011
0
0
0
0
0.0344
0.04859
0
0.03874
0.0537
0.03841
0.03396
0.05457
0.56819
0.07448
0
0.03418
0.05481
0.03266
0
0.49287
0
0
0.05553
0
0.12404
0.03865
0
0
0.05014
0.03368
0.03515
0
0
0.11129
0.09388
0.551
0
0
0.12603
0
0
0.03771
0
0
0.0544
0.03892
0.03471
0.07345
0.03375
0
0
0.0387
0.05054
0.07244
0
0
0.07384
0
0.03323
0.05329
0.08364
0
0
0.03496
0.01657
0.0338
0
0
0.49091
0.66586
0.44534
0.03427
0.02251
0
0.03521
0
0
0
0.18719
0
0
0.03529
0.46392
0.28987
0
0.42032
0
0.0353
0
0
0.05544
0
0.01354
0
0.20326
0
0.03418
0
0
0
0.23952
0.0827
0
0.03413
0
0
0.10134
0
0
0.0723
0
0
0
0
0
0.01354
0.0335
0
0.0345
0
0.0339
0
0.03378
0.05568
0
0.03862
0.03451
0.05438
0.41455
0.19903
0
0.24446
0
0
0.04989
0
0.05037
0
0.05586
0.01671
0
0.05519
0
0.05285
0
0.63149
0.03467
0.03887
0.03449
0.03697
0
0
0.03644
0.0336
0.01117
0
0.05242
0.03364
0.05509
0.04869
0
0.04934
0
0.36203
0.0336
0.04553
0.02309
0.542
0.0507
0.04978
0.03593
0.07286
0.46496
0.03428
0
0.05446
0.12678
0.28726
0
0.03525
0
0.20041
0
0
0.13302
0.01298
0.03456
0.04992
0.40988
0
0
0
0
0
0.04634
0.33781
0.03388
0.19836
0
0.06948
0
0.05447
0.04876
0.02292
0.69405
0.48517
0
0.03442
0.05287
0
0.04954
0.05463
0.0241
0.12732
0.05624
0.12716
0
0.05581
0.1265
0.03869
0.0342
0
0.12691
0.03641
0.01159
0.03453
0.04673
0.27446
0
0.04969
0
0.03463
0
0.01599
0.36265
0.05368
0.03686
0.05082
0.60161
0.05383
0
0.12625
0
0
0.03353
0
0
0.12698
0.05328
0
0.04796
0.12639
0
0.04801
0
0.12666
0.62995
0
0.12653
0
0.12616
0
0
0.03218
0
0.0483
0
0.03377
0
0.05453
0.23472
0.02438
0
0.01622
0.33989
0
0
0
0.05307
0.36003
0
0
0
0
0
0
0.049
0.27992
0
0.08647
0
0.04086
0.04764
0.03462
0
0.64521
0.46637
0.05275
0
0
0
0
0
0.05515
0.03469
0
0.04069
0.05338
0.04482
0.05272
0.04602
0.05557
0.04852
0
0
0.06591
0
0.0531
0.05508
0.05267
0
0
0.04848
0.13089
0
0.06782
0
0.12688
0.0492
0.04818
0
0.10828
0.0851
0.03414
0
0.0313
0.05528
0.04918
0
0.04577
0
0.61929
0
0
0.02321
0.04546
0.31446
0.0813
0.1275
0.04503
0
0.25197
0.12649
0.04715
0.12063
0
0.04897
0.03415
0
0.04717
0.12747
0.127
0
0.18177
0.05335
0.04466
0
0
0.23581
0.04603
0
0
0.04478
0.1324
0.06451
0
0
0
0
0
0.127
0
0
0.13956
0
0.03642
0.01658
0.12757
0
0.04808
0.12739
0
0
0
0.04528
0
0.03611
0.30482
0
0.03621
0.04633
0.03591
0
0
0.05535
0.03452
0.01767
0
0.4233
0
0.02943
0.01195
0
0
0.03603
0.05577
0.35207
0.03651
0
0
0.01749
0.45563
0
0
0
0.03598
0.01248
0
0
0
0
0
0.03749
0.03537
0.03626
0.05651
0.12626
0.03647
0.03542
0
0
0.05379
0
0.0526
0.05371
0.04703
0
0
0
0.04452
0.04588
0.03595
0
0.03087
0.04655
0
0
0.05315
0
0
0
0
0
0.04824
0
0.03719
0
0
0
0.04828
0
0.04442
0
0
0
0
0.03706
0
0.45471
0
0.03645
0.04612
0.03672
0.03627
0.04749
0.04571
0
0
0
0.04837
0.03853
0.45418
0
0.48427
0.04852
0
0
0.0174
0
0.12617
0
0.01228
0
0.04651
0
0
0.03733
0
0.12677
0
0.64046
0.03092
0.04641
0.03728
0
0.12657
0.05596
0.04445
0.12714
0.03827
0.0384
0.45441
0
0.03689
0
0
0.0443
0
0.04588
0.10139
0
0.04572
0.1271
0
0.11403
0.10145
0
0
0.12728
0
0.05601
0
0
0
0
0.33658
0
0.13662
0
0
0
0
0.04733
0.03675
0
0
0.12736
0.0368
0.12727
0.05348
0.04624
0.04589
0.03719
0
0
0
0.05954
0.12679
0.19072
0
0.05011
0
0.04668
0
0.15191
0
0
0
0
0
0
0
0.05327
0.03667
0.10999
0
0.04438
0
0.29368
0
0
0
0
0.12757
0.04839
0
0
0
0.04531
0
0.04476
0
0.02499
0
0
0
0.38324
0
0
0
0
0.08937
0
0.21152
0.03711
0.07632
0
0.35468
0.20297
0
0.12727
0
0.19254
0
0.03706
0.0447
0
0
0.04581
0
0
0
0
0
0
0.04451
0
0.19199
0.04558
0
0
0.04577
0
0
0
0
0
0
0
0
0.04692
0
0.0171
0
0
0
0
0.01763
0.04664
0.04471
0
0
0.11928
0
0
0.04536
0.16568
0
0.0529
0
0
0
0.12724
0.04785
0.04509
0.01524
0.45375
0
0.38035
0.03061
0.03644
0
0.3087
0.03671
0
0.41726
0
0.30768
0.01525
0.19339
0
0.37899
0.38102
0.10573
0.04516
0.05296
0
0.04625
0
0.04675
0
0
0
0.0892
0.0629
0.04744
0.39944
0.3757
0
0
0
0.04694
0
0.19401
0.1065
0.37987
0.38171
0
0.01779
0.05898
0
0
0
0
0
0
0.05334
0.29088
0.04505
0.38131
0
0.39718
0.29163
0
0.13889
0.07336
0
0.1431
0.25894
0
0
0.39668
0
0
0
0
0.38099
0.45429
0
0.45393
0
0
0
0.17433
0.19029
0.03688
0
0.37876
0
0
0.09467
0.40162
0.13908
0.30596
0.38184
0.26309
0.01346
0.38182
0
0.39451
0
0
0.32461
0
0
0
0.40259
0.39915
0.0594
0.38083
0.26876
0.38016
0.38619
0
0
0.0586
0.29394
0
0.44848
0.30629
0.10839
0.09334
0
0.35258
0.38257
0
0
0
0
0
0.22371
0
0.30714
0.05691
0
0.03341
0
0
0.0572
0.15818
0.12726
0
0.37896
0
0
0.39868
0
0
0
0.08533
0.09324
0.07739
0
0.28945
0
0.13688
0.17166
0
0
0.08528
0.03683
0
0
0.05952
0.04522
0.14502
0
0.09572
0
0.29123
0
0
0.38338
0
0.38241
0.22337
0
0.12738
0.37957
0.38078
0.10025
0.04546
0
0
0
0.30896
0.20731
0.37976
0
0.01936
0
0
0
0.38203
0.24084
0.02712
0
0.24042
0.3799
0
0.39823
0
0.09973
0
0.05837
0.40176
0.37969
0
0
0.39542
0.27361
0.3075
0.38061
0.09987
0.38031
0
0.40209
0
0.08678
0.40267
0.0479
0
0
0
0
0
0.2044
0.29193
0.37913
0.29059
0.10001
0.39652
0.03205
0.09513
0.24172
0.04637
0
0.38347
0
0.38056
0.05945
0.40137
0.35173
0.37929
0.03045
0
0.40001
0.40278
0.38272
0
0.3088
0.38323
0.39468
0
0
0
0.17448
0.38088
0
0.40168
0
0.39536
0
0.40085
0.18867
0
0.27642
0.38286
0.04329
0.36878
0
0
0.05874
0
0.38047
0.1003
0.38263
0.0464
0.04987
0.1674
0.40403
0
0
0.45533
0
0.39487
0
0
0.47163
0
0.40031
0.39832
0
0
0.36778
0.38089
0
0.40128
0.05864
0.12736
0
0
0.35575
0
0.0588
0
0.05848
0
0.06644
0.05921
0
0.397
0.35451
0.38082
0.40163
0
0.40015
0.29101
0.38293
0
0.05846
0.40113
0
0.39964
0.39848
0
0.09956
0.04673
0
0
0
0
0.45289
0.39866
0.05822
0
0.05971
0.39995
0
0
0.39488
0.40319
0
0
0
0.32276
0
0
0
0.13225
0.09996
0.22794
0
0.05314
0
0
0
0
0
0.24144
0
0
0
0
0.1226
0
0
0
0
0.05197
0
0
0
0
0
0
0
0.47072
0
0
0
0.12239
0
0.08521
0
0
0
0.05892
0
0
0
0
0
0
0
0
0
0
0
0.39651
0
0.01254
0
0
0
0
0
0
0.43155
0.38249
0
0
0
0
0.39849
0
0
0
0.0518
0
0
0
0
0
0
0
0.04551
0
0
0
0.03821
0.29023
0
0
0
0
0
0.03787
0
0
0.39964
0
0
0
0
0
0
0
0
0
0
0.13813
0
0
0
0
0
0
0
0
0.13681
0
0
0.18251
0
0
0.15209
0
0
0
0
0
0
0
0
0
0
0
0
0
0
0
0
0
0.08366
0
0
0
0.03078
0
0
0
0
0.08467
0
0
0
0
0.03814
0
0.08451
0
0
0.02822
0.1842
0.03122
0
0
0
0.14056
0
0
0.03796
0
0
0
0
0
0.08508
0.08473
0.18186
0.1057
0
0.03822
0
0.08551
0.18196
0
0
0
0
0
0
0
0
0.06162
0
0
0.16905
0.03813
0.13721
0.18397
0.08518
0
0
0.18411
0.18345
0.08375
0
0
0.08511
0.05228
0
0.05192
0
0
0
0
0
0
0
0
0
0.08481
0
0.04663
0
0
0
0.10461
0
0.08451
0.04644
0
0
0
0.07139
0.05895
0
0.04672
0.0705
0.04632
0.16866
0
0
0
0
0
0.09018
0.04331
0.04747
0.03851
0.10652
0.04385
0.20315
0
0.05393
0.01548
0.05265
0
0
0.04386
0
0.04739
0
0
0.08498
0.18334
0
0
0.18247
0
0.14011
0
0
0.03831
0
0.06578
0.05467
0
0
0.15663
0
0.04669
0
0.04634
0.0864
0.05218
0
0
0
0
0.12888
0.04369
0
0
0
0
0
0
0
0
0
0.1663
0
0
0.1662
0.08657
0
0
0
0
0
0
0
0
0
0
0
0
0
0
0
0
0.04271
0
0
0.18317
0.03105
0
0
0
0.04296
0.0344
0.01466
0
0
0
0
0.04336
0.10787
0.08513
0.04349
0
0
0
0
0
0
0
0
0.14132
0
0.05708
0
0.09788
0
0
0
0.13502
0
0
0
0
0.08491
0.04701
0.08391
0.04675
0
0.08552
0.07229
0.05309
0
0.16584
0
0
0.04211
0.04687
0
0
0.05373
0.05177
0.04718
0
0.04384
0.13411
0.01725
0.16966
0.10768
0
0
0.05816
0.05347
0.0884
0.11147
0.13389
0.05322
0.02977
0
0
0.01467
0.05219
0
0
0.07178
0.20666
0.13392
0.04342
0.16698
0
0.04333
0
0.08653
0.15548
0.16732
0.16341
0
0
0
0
0
0
0.05337
0.04234
0
0
0
0
0
0.12562
0.11985
0.04305
0.05387
0.03517
0
0.08662
0
0
0
0.20769
0.1217
0
0
0.05696
0.03071
0.10931
0.11076
0.12746
0
0.03579
0.1707
0.03223
0.1396
0
0.111
0.13073
0.11921
0
0.15656
0
0.11041
0.08543
0.0854
0.18774
0
0.05814
0.03594
0.07805
0.11385
0.09762
0.1104
0.07544
0.15979
0.06172
0.03125
0
0.13947
0.10978
0.08594
0.10985
0.03213
0.0862
0
0.05868
0.03596
0.16154
0.24507
0.11402
0.08655
0
0.05347
0.05932
0.03099
0.17578
0.16626
0.16011
0.13012
0.02783
0.13306
0
0.03191
0.19786
0.10926
0.11017
0.04195
0.19934
0.11083
0.21466
0.15284
0.24905
0.15813
0.11325
0.16403
0.08589
0.1107
0.04197
0.16297
0.12399
0.03099
0.10977
0.08655
0
0.18766
0.16071
0.03103
0.08577
0.1604
0.05817
0.03091
0.14907
0.24797
0.07715
0.20651
0.03071
0.15622
0.22702
0.18794
0.03543
0.24196
0.15619
0.12203
0.15621
0.10993
0.14058
0.12364
0.1684
0.17682
0.24243
0.24897
0.24953
0.11079
0.03094
0.04171
0.1597
0.15631
0.16312
0.03088
0.04324
0.10047
0.04212
0.16003
0.1974
0.24559
0.02351
0.03097
0.16066
0.04176
0.1401
0.20379
0.12378
0.08664
0.15668
0.05659
0.20748
0.18158
0.152
0.08644
0.1123
0.12209
0.24461
0.18167
0.04851
0.16395
0.11123
0.19872
0.12933
0.01058
0.16112
0.16989
0
0.03069
0.03563
0.06659
0.19785
0.16264
0.23531
0.03515
0.20774
0.16096
0.09187
0
0.20878
0.17645
0.21932
0.18289
0.02565
0.1561
0.09461
0.14782
0.15805
0
0.11507
0.24502
0.21944
0.12387
0.22487
0.08011
0.16218
0.24703
0.20454
0.11151
0.09097
0.1666
0.1407
0.03813
0.1108
0.21898
0.05633
0.24945
0.16699
0.16053
0.11381
0.16724
0.14077
0.03525
0.21767
0.20533
0.20712
0.15976
0.16051
0.16009
0.03113
0.14152
0.12889
0.21456
0.17976
0.24305
0.12956
0.24459
0.03089
0.15966
0.2686
0.11021
0.03088
0.16012
0.13228
0.16031
0.2456
0.10552
0.03809
0.12313
0.16418
0.16264
0.03076
0.15618
0.03122
0.04596
0.25058
0.16072
0.07195
0.03083
0.09749
0.14105
0.12886
0.132
0.07701
0.06307
0.17331
0.16023
0.09841
0.0353
0.20692
0.15655
0.14275
0.03096
0.15477
0.16771
0.0307
0.16798
0.03519
