0
0
0.09127
0
0.12451
0
0
0
0
0
0
0
0
0.06991
0
0
0
0
0.06931
0
0
0
0
0
0
0.03948
0
0
0.05481
0
0.05847
0
0.02054
0.14767
0
0.06956
0
0
0
0
0
0
0
0
0
0
0.07189
0
0
0.06353
0
0
0
0
0
0.05457
0
0
0
0
0
0
0
0
0.5799
0
0
0.03584
0
0
0
0
0
0.04974
0.14292
0.06175
0
0.23923
0
0
0
0
0.13003
0
0
0
0
0
0
0.02403
0
0
0.32856
0
0
0
0
0
0
0
0
0
0
0
0
0
0.19546
0
0.0638
0
0
0
0
0
0
0.01763
0
0
0
0
0
0
0
0
0
0.0391
0
0.05883
0
0
0
0
0.07606
0
0
0
0
0
0
0
0
0
0
0
0
0
0
0
0
0.07342
0
0
0
0
0.07667
0
0
0
0
0
0
0.32478
0
0
0.1142
0.06505
0
0
0.06603
0.06083
0
0
0
0
0
0
0
0
0
0
0
0
0
0
0
0
0
0
0
0
0
0
0
0.05897
0.05452
0
0
0
0
0
0.06032
0.06733
0.11672
0
0
0.05039
0
0
0
0
0
0
0.06441
0
0
0
0
0.17441
0
0.05411
0.09809
0
0
0.1665
0
0
0
0
0.18408
0
0
0
0
0
0
0.65274
0
0
0
0
0
0
0
0
0
0
0.20647
0
0
0
0
0
0
0
0
0
0
0
0
0
0.04818
0
0
0
0.0978
0
0
0
0
0
0
0
0
0
0
0.06029
0
0.02361
0
0
0.05044
0
0
0
0
0
0
0
0
0.05688
0.02187
0
0
0
0
0
0
0
0
0.21786
0
0.02061
0
0
0
0
0
0.01872
0
0
0
0
0
0
0.51382
0
0
0
0
0
0.58857
0.07292
0
0
0
0
0
0
0.19342
0.23944
0
0.11076
0
0
0
0
0
0.18478
0
0
0
0
0
0
0
0
0
0
0.02029
0
0.19254
0
0
0
0
0
0
0
0
0
0
0
0.62632
0
0
0
0
0
0.08659
0
0
0
0
0
0
0
0
0
0
0
0
0
0
0.02413
0
0
0
0
0
0
0
0
0
0
0
0
0
0
0
0
0
0.39017
0
0
0
0.11555
0
0
0
0
0
0
0
0
0.22311
0
0
0
0.37316
0
0
0
0
0.07058
0
0
0.06236
0
0
0
0
0
0
0
0.02037
0.06847
0
0
0
0
0
0
0.40865
0
0
0
0
0
0
0
0
0
0
0
0
0
0.11824
0
0
0
0
0.07438
0.1249
0.11364
0
0
0
0
0.11623
0
0
0
0.04517
0
0
0
0
0
0
0
0.20815
0
0
0
0
0
0
0
0
0
0
0.04488
0
0.05062
0
0.03755
0
0.1599
0
0
0
0
0
0
0
0.03838
0
0.06651
0
0
0.1873
0.0734
0
0
0
0
0
0
0
0
0
0
0.12456
0.0654
0.02433
0.21481
0
0
0
0.20138
0.16159
0
0
0
0
0
0
0
0
0.02314
0
0.05833
0.02089
0
0.53141
0.06849
0
0
0
0
0
0
0
0
0.06891
0
0
0
0
0
0.05411
0
0
0
0
0
0
0
0.14603
0
0
0
0
0
0
0.05606
0
0
0
0
0
0
0
0
0
0.07582
0.31601
0.07582
0
0
0
0
0
0
0
0.03997
0.02384
0
0
0.07596
0
0
0.07311
0
0
0
0.01813
0
0.14492
0
0
0
0
0
0
0
0
0
0.02251
0
0.06958
0
0.0577
0
0
0.05854
0
0
0
0
0
0
0
0
0
0
0
0
0
0
0.20713
0.20506
0
0
0
0
0.03964
0
0
0
0
0.08915
0
0.06585
0
0
0
0
0
0
0
0
0.46599
0
0
0
0
0
0.05575
0
0
0
0
0
0
0
0.07362
0.11551
0
0
0
0
0
0.12405
0
0
0
0
0
0
0
0
0
0
0
0
0.49686
0.07062
0
0
0
0.31616
0
0
0
0
0
0
0
0
0
0
0
0
0
0
0
0
0
0
0
0
0
0.0642
0
0
0
0.17851
0
0
0
0
0.20132
0
0
0
0
0
0
0
0
0.10972
0.0936
0.02374
0
0.4242
0
0.03831
0
0
0
0.23373
0
0
0
0
0
0
0
0
0.01884
0
0
0.06
0
0.0836
0
0
0
0.08517
0
0
0.07336
0.05753
0
0
0
0
0
0
0
0.13092
0
0
0
0
0
0
0
0.02285
0
0
0
0
0
0
0
0
0
0
0
0
0
0.13485
0
0.05867
0
0
0
0.13526
0.15307
0
0
0.01881
0
0
0
0
0
0
0
0
0
0.03999
0
0
0
0.31197
0
0.112
0
0
0.11038
0
0
0.16583
0
0
0
0.06725
0
0.26099
0
0.04917
0
0
0.54862
0
0
0
0
0
0
0
0
0
0
0
0.04685
0
0
0
0
0
0
0
0.24426
0
0
0
0
0
0
0
0
0
0
0
0
0
0.02204
0
0.20186
0
0
0
0.04019
0
0.08617
0
0.15056
0
0
0.0948
0
0
0.06018
0
0
0
0.24268
0.06044
0
0
0
0
0
0
0
0
0
0
0.07222
0
0
0
0
0
0.20506
0
0
0
0
0.0651
0
0.12952
0
0
0.30434
0.01857
0
0
0
0
0.13458
0
0
0
0.07603
0
0
0
0
0
0.10257
0
0
0
0.12508
0
0
0
0
0.06902
0
0
0
0
0.09635
0.09562
0.18549
0
0
0
0
0
0
0
0
0
0
0
0
0
0.05749
0.05817
0
0
0
0.03297
0
0.01995
0
0
0
0
0.06517
0
0
0
0
0
0
0
0
0
0
0.09008
0
0
0
0
0
0
0
0.06884
0
0
0
0
0
0
0
0
0
0
0.07813
0
0
0
0.11129
0
0
0
0
0
0.05968
0
0
0
0
0
0
0
0
0
0
0
0.05598
0
0
0.05946
0
0
0
0
0.06281
0
0
0
0
0.1117
0
0
0
0.30203
0
0
0
0
0
0
0
0
0
0
0
0
0
0
0.07118
0
0.12346
0
0
0.05081
0
0.03719
0
0
0
0
0
0.05765
0
0.04895
0
0
0
0.01939
0
0
0.0653
0.01824
0.05814
0
0
0
0
0
0
0
0.06101
0
0
0
0
0
0.05944
0
0
0
0.45744
0
0
0
0
0
0
0.06758
0
0
0
0
0.0185
0
0
0
0
0
0
0.2482
0
0
0
0.02299
0
0
0.03719
0
0.18739
0.11584
0
0
0
0
0
0
0
0
0
0
0
0
0
0.0749
0
0
0
0.06016
0
0
0
0
0
0
0
0
0
0
0
0
0
0
0
0.05491
0
0.12693
0
0.06599
0
0
0
0
0
0
0
0
0
0
0.16431
0
0
0.22283
0
0
0
0.16742
0.07546
0
0
0
0
0
0.02528
0
0
0
0
0
0
0
0
0
0
0
0
0
0.13249
0.02215
0
0
0
0
0.12368
0.17975
0
0
0
0
0
0
0
0
0
0
0
0
0
0
0
0
0
0
0
0.13094
0
0
0
0.05861
0
0
0
0
0.06245
0.05126
0
0.06421
0.11356
0.06447
0.05693
0
0.30278
0
0
0
0
0
0
0
0
0
0
0
0
0
0
0
0
0
0
0
0
0
0
0
0
0
0
0
0
0
0
0.06022
0
0
0.13381
0
0
0
0
0.43807
0
0
0
0.06562
0.14644
0
0
0
0
0
0.21389
0
0
0
0
0
0.07445
0
0
0.05617
0
0
0.58587
0
0.06754
0
0.2044
0
0
0
0.06882
0
0
0
0
0.0584
0
0
0
0.05542
0.05529
0
0
0.01887
0
0
0.07361
0
0
0
0.20651
0
0
0
0
0.02174
0.05815
0.07863
0
0
0
0
0
0
0
0
0.03332
0
0
0
0
0.18312
0
0
0
0
0
0
0
0
0.11105
0.04368
0
0
0
0.06561
0
0
0
0.05495
0.42985
0
0
0.71353
0
0
0
0
0
0.07803
0
0.02444
0
0
0
0
0
0
0
0
0
0
0
0
0
0
0.06028
0
0
0
0.35118
0
0
0
0
0
0
0
0
0
0
0
0
0.02267
0
0
0
0.16309
0
0
0
0.10426
0
0
0.12597
0
0
0.10915
0
0
0
0
0.13218
0
0
0
0
0.07511
0
0
0.03915
0
0
0
0.01827
0.1868
0
0.05824
0.06529
0
0.06577
0
0
0.07081
0
0.24305
0
0.14407
0
0
0.05897
0
0
0.08824
0
0
0
0
0
0.27234
0
0
0
0
0
0
0.06971
0
0.05406
0
0
0
0
0
0
0
0.07587
0
0
0
0
0
0.04438
0
0.06643
0
0
0
0
0
0
0
0
0.07343
0
0
0
0.06466
0.06009
0
0
0
0
0
0
0
0
0.41193
0
0
0.0614
0
0
0
0.07335
0
0
0.10956
0
0
0
0.14863
0
0
0
0
0
0
0
0
0
0
0
0
0
0.16286
0
0
0
0
0
0
0.05231
0
0
0
0
0
0
0
0
0
0
0
0
0.0667
0.10778
0.07106
0
0
0.44698
0.08062
0.06874
0
0
0
0
0
0
0
0
0
0
0
0
0.05483
0
0
0
0
0
0
0
0
0
0
0
0
0.07222
0.09244
0
0
0
0
0
0
0
0
0
0
0
0.069
0
0
0
0
0
0.08754
0
0
0
0
0
0.12243
0
0
0
0.4469
0
0
0
0
0
0
0
0
0.12595
0
0
0
0
0
0
0
0
0.08739
0
0.28949
0
0
0
0.16438
0.05477
0
0
0
0
0
0
0
0
0
0.05572
0.13522
0
0
0.06
0
0
0.34764
0.04319
0
0.02433
0
0
0
0
0
0
0
0.09284
0
0.05936
0
0
0
0
0
0
0.07248
0
0
0
0
0
0
0
0.06131
0
0
0
0
0
0
0
0
0
0
0
0
0.52753
0
0
0
0
0
0
0.13611
0
0
0
0.06367
0.0734
0
0.42898
0
0
0
0
0
0
0
0
0
0
0
0
0
0
0
0
0
0
0
0
0
0
0
0
0
0.13521
0
0.11949
0
0
0
0
0
0
0
0
0
0
0
0.01982
0
0
0
0
0
0
0
0
0
0
0
0
0
0
0.28205
0
0
0.06529
0
0.11169
0.83783
0
0
0
0
0.14647
0
0
0.03808
0
0
0
0
0
0
0
0.45455
0
0
0.52025
0.15707
0.07398
0
0
0
0
0
0
0
0
0.09103
0.06788
0
0
0
0
0
0
0
0
0.06488
0
0.12954
0
0
0
0
0
0
0
0
0
0
0
0
0
0
0
0
0
0.24765
0
0
0.07619
0
0.06586
0.0648
0.06865
0
0
0
0
0
0
0
0
0
0.06607
0
0
0
0
0
0
0
0.11429
0
0
0
0
0
0
0
0
0
0
0
0
0
0
0
0
0.09165
0.05967
0
0
0
0
0
0.09635
0.01881
0
0
0.15861
0
0
0
0
0
0
0
0
0
0
0
0
0
0
0
0
0
0.06489
0
0
0
0
0.06015
0
0
0
0
0
0
0
0
0
0.05816
0
0
0
0
0.05089
0.05487
0
0
0
0
0
0
0
0
0
0
0.11491
0
0
0.06951
0
0
0
0
0
0
0
0
0
0
0
0.0702
0
0.19242
0
0
0
0
0.05814
0.07692
0
0
0.06881
0
0
0.06732
0
0.02183
0
0
0
0.02634
0.11539
0
0
0
0
0.05478
0.07007
0.05533
0
0
0
0
0
0
0
0
0
0
0
0
0
0
0
0.0233
0
0
0.06268
0
0
0
0
0
0
0.05487
0
0
0
0.28142
0
0.06723
0
0.55605
0.02175
0
0
0
0
0
0
0
0.20211
0
0
0
0
0
0
0
0
0
0
0
0
0
0.01987
0
0
0
0
0.31447
0
0
0
0
0
0.06516
0
0
0.09669
0
0
0.11552
0
0
0
0
0
0
0
0
0
0
0
0.12653
0
0
0
0.27549
0
0
0
0.04537
0.01813
0
0
0.06988
0
0.01825
0.02561
0
0
0
0.06755
0
0
0.14342
0.06111
0
0
0
0
0
0.1435
0
0
0
0
0
0
0
0.03659
0
0
0
0
0.02528
0
0
0
0
0
0
0
0
0
0
0
0
0
0
0
0
0
0
0
0.12565
0
0
0
0
0
0
0
0
0
0
0
0
0
0.15808
0
0
0
0.09752
0.08646
0
0
0.17385
0
0
0
0
0
0
0.03653
0
0
0
0.04236
0
0
0
0
0.09061
0.18296
0.0587
0.12756
0.03825
0
0
0
0
0
0
0
0
0
0.24592
0
0
0
0
0
0
0
0
0
0.16063
0.08193
0.12987
0.13507
0.02054
0.09342
0
0
0
0.0749
0.06546
0
0.16998
0
0
0
0
0.16323
0
0
0
0.02182
0
0.07597
0
0.01916
0
0
0.07012
0
0
0
0.16795
0
0
0
0
0
0
0
0
0.36489
0
0
0.02198
0
0
0
0
0
0.1926
0.05444
0
0
0
0
0
0.51422
0
0.1443
0
0
0.02039
0
0
0
0
0
0
0
0
0.07724
0
0
0
0
0
0
0
0.43673
0
0
0.24691
0
0
0.13631
0
0
0
0
0
0
0
0
0.43844
0
0
0
0
0
0
0
0
0
0
0
0
0
0.10233
0
0
0
0
0
0
0.06944
0.07379
0
0.05722
0
0
0
0
0
0
0
0.07293
0
0
0
0
0
0
0
0
0
0.11213
0
0.06323
0
0
0
0
0
0
0
0
0
0
0
0
0.24862
0.13362
0.03091
0
0
0
0
0
0.04941
0
0
0
0
0
0
0
0
0
0
0
0
0.13158
0
0
0
0
0
0
0.07654
0
0
0
0.09433
0
0.09615
0
0
0.25554
0
0
0.0386
0
0
0
0
0
0.25443
0.11068
0
0.07122
0.07077
0
0
0
0
0
0.11286
0
0
0
0
0
0.09113
0
0
0
0
0
0
0
0
0
0
0
0
0
0
0
0
0
0
0.02666
0
0
0
0
0
0
0
0
0
0
0
0
0
0
0
0
0
0.04935
0
0
0
0
0.8496
0
0
0
0.24717
0.05467
0.01929
0
0
0
0.2039
0
0
0
0
0.07024
0
0.06142
0
0
0
0
0
0
0
0
0
0
0
0.01806
0
0
0
0.12359
0
0.07721
0
0
0
0
0
0
0
0
0.20604
0
0
0
0
0
0
0
0
0
0
0
0
0
0
0
0
0
0
0
0
0
0
0
0
0
0
0
0
0
0
0
0
0
0
0
0
0
0
0
0
0
0
0
0
0
0.06019
0
0
0
0
0
0
0
0
0
0
0
0
0
0
0
0
0
0.20361
0.13211
0
0
0
0
0.07413
0
0
0
0
0
0
0
0
0
0
0.17553
0.04786
0.076
0
0
0
0.09017
0
0
0
0
0
0
0
0
0
0
0
0
0
0
0
0
0
0
0.18765
0
0
0.08652
0
0
0
0
0
0.04717
0
0
0
0.28408
0.32752
0
0
0
0
0
0
0
0
0
0
0
0
0.07433
0
0.05403
0.11204
0
0
0
0
0
0
0
0
0.06646
0.09147
0.19005
0
0
0
0
0
0
0
0
0
0
0.0488
0
0
0
0
0
0
0
0.0739
0
0
0
0
0
0.0725
0
0.15867
0
0
0
0
0
0
0
0
0
0
0
0
0
0
0.05581
0
0
0
0
0
0
0
0
0.06119
0
0
0
0
0
0
0.23357
0
0
0
0
0.06601
0
0
0
0
0
0
0
0
0
0
0
0
0
0
0.03837
0
0
0
0
0
0
0
0.04789
0
0
0
0
0.15537
0
0
0
0
0
0
0
0
0.03712
0.03856
0
0.01858
0
0
0
0
0
0
0
0
0.0607
0
0
0
0
0
0.14215
0.05454
0
0.07391
0
0.04568
0
0
0
0
0.06719
0
0
0
0
0
0
0
0.57391
0
0
0
0
0.04741
0
0
0
0
0.06627
0
0
0
0
0.01996
0
0.1472
0
0
0
0
0.0608
0.15154
0
0
0
0
0.01904
0
0
0
0
0
0.0884
0
0
0
0
0
0
0
0
0
0.03664
0
0
0.10124
0
0
0
0
0.1071
0
0
0.0464
0
0.06911
0
0
0
0.04504
0
0.05544
0
0
0.04361
0
0.17467
0
0
0.16158
0
0
0
0
0.04851
0
0
0
0
0
0
0
0
0
0
0.01826
0.03621
0
0
0
0
0
0.16579
0
0
0.13312
0
0
0
0
0.19791
0
0
0
0
0
0
0
0
0
0.34283
0
0
0
0
0
0
0
0
0
0
0
0
0
0
0
0
0
0
0
0.04538
0
0.1795
0
0
0
0
0
0
0.07708
0
0
0
0
0
0.01831
0
0
0
0
0
0
0
0
0.06442
0
0
0
0
0
0
0
0
0.05474
0.12896
0
0
0
0
0
0.34381
0
0
0
0
0
0
0.13124
0
0
0
0
0
0
0
0
0.02365
0
0.05456
0.14395
0.20312
0
0
0
0
0
0
0
0
0
0
0
0
0
0.07884
0.05995
0
0
0
0.16496
0
0
0.05751
0
0
0
0.13288
0
0
0
0
0
0.16634
0
0
0.10827
0
0
0.11606
0
0
0
0
0
0
0
0
0.06268
0
0
0
0
0
0.09551
0
0
0
0
0
0
0
0
0
0
0
0.05709
0.04663
0
0
0
0
0
0
0
0.06072
0.11663
0.44525
0
0
0.07583
0
0
0
0
0
0.06989
0
0
0
0
0
0
0
0
0.63691
0
0
0
0
0.08755
0
0
0
0
0
0
0
0
0
0.07597
0.03665
0
0
0
0
0
0
0
0.06553
0
0
0
0
0.05549
0
0
0
0
0.03519
0.05846
0.09383
0.13575
0
0
0.03747
0.06511
0
0
0
0
0
0
0
0.10909
0.05568
0
0
0
0
0
0
0
0
0
0
0
0
0
0
0
0
0
0
0
0
0
0
0
0
0.10798
0
0
0
0
0
0
0
0
0
0
0.05713
0
0
0.14836
0
0
0.02735
0.28762
0
0
0.04353
0
0
0
0
0
0
0
0
0
0.07379
0
0
0
0
0.02365
0
0
0.16537
0.01929
0
0
0
0
0
0.10838
0.14032
0
0
0.05989
0
0
0
0
0.02287
0
0
0
0.06164
0
0.0202
0
0
0
0
0
0
0
0
0
0.05491
0.09725
0
0
0
0
0
0
0
0
0
0
0
0
0
0
0.12301
0
0
0.06822
0
0
0
0
0.555
0
0.05648
0
0
0
0
0.14675
0
0
0
0
0
0
0
0
0
0
0
0.23376
0.35795
0
0
0
0.61498
0
0.13215
0
0
0
0.18527
0
0.14392
0
0
0
0
0
0
0
0
0
0.06737
0.06312
0
0
0
0
0
0
0
0
0
0
0
0
0
0.58466
0
0
0.01831
0.06028
0
0
0
0.20466
0
0
0
0
0
0
0
0
0
0
0
0
0
0
0
0.11188
0
0
0
0
0
0.55593
0
0
0
0
0
0
0
0.04365
0
0
0
0.10765
0.41912
0
0
0.04743
0
0
0
0.20852
0
0
0.07637
0
0
0
0
0
0
0
0
0
0
0
0
0
0
0
0.04889
0
0
0.59243
0
0
0
0
0
0
0.06658
0
0
0
0
0.20654
0
0
0.23058
0
0
0
0
0.04401
0
0
0
0
0.05573
0.18386
0.13492
0
0.35975
0
0
0.1113
0
0
0.01983
0.0372
0
0
0
0
0
0
0
0
0.05817
0
0.61965
0.48347
0
0
0
0
0
0
0
0.18606
0
0
0
0.01818
0
0
0
0
0
0
0
0
0
0
0.45244
0
0
0
0
0
0.17465
0.05487
0.02101
0
0
0
0
0
0.02289
0
0
0
0
0.02119
0
0.11122
0
0
0
0
0.05975
0
0.29706
0.01961
0
0
0.07171
0
0.0317
0
0.0645
0
0.18601
0
0
0
0
0
0
0
0
0.20562
0
0
0.03244
0
0
0
0
0
0
0
0
0
0.09314
0
0
0
0
0
0
0
0
0.11592
0
0
0.391
0
0.07385
0
0
0
0.01965
0
0
0.06946
0
0
0.03192
0
0
0
0
0.15353
0
0
0
0
0
0
0
0
0.29389
0.10756
0.06627
0
0
0
0
0.03702
0
0
0
0.06743
0
0
0
0
0
0
0
0
0
0
0
0
0
0
0
0
0
0.02337
0
0.07264
0
0
0
0
0.24675
0
0
0
0
0
0.04895
0.20521
0
0
0
0
0
0.09483
0
0.11334
0.13115
0.16872
0
0
0
0
0
0.06586
0.05473
0
0.16142
0
0
0.02556
0.07626
0
0.0361
0
0
0
0.4815
0
0
0
0
0
0
0.05347
0
0
0
0
0
0
0
0
0
0
0
0
0
0.11337
0
0
0
0
0
0.02365
0.12543
0
0
0
0.12929
0
0.05721
0
0
0
0
0
0
0
0
0
0
0.05527
0
0
0
0
0
0
0
0.07
0
0.13476
0
0
0
0
0.07721
0
0
0
0
0
0
0
0
0
0
0
0
0
0
0
0
0
0.01833
0
0
0.11089
0
0
0.14675
0
0
0
0
0
0
0
0
0
0
0.17904
0
0
0
0
0
0.51313
0
0
0
0
0.07067
0
0.02151
0
0
0
0.94463
0
0
0
0
0
0.05718
0
0
0
0
0
0
0
0
0
0
0
0.17745
0
0
0.03748
0
0
0
0
0
0
0.20302
0
0.02393
0
0.01963
0
0
0
0
0
0
0
0
0
0
0
0
0
0
0
0
0
0
0
0
0.06843
0
0
0.01902
0
0.18259
0
0
0.01876
0
0.23282
0
0
0
0
0
0
0
0
0
0
0.10916
0
0
0
0
0
0
0
0
0
0
0
0.18115
0
0
0
0
0
0
0
0
0
0
0.02371
0
0
0
0
0
0
0
0
0
0.03875
0
0
0
0
0
0
0
0
0.07366
0
0.14213
0
0
0
0.45529
0
0
0.06707
0
0
0.07117
0
0
0
0
0
0
0.01841
0
0
0
0.01876
0.20241
0
0
0
0
0
0
0
0
0.05826
0
0
0
0
0
0
0
0.15343
0
0
0
0.08692
0
0.04935
0
0
0
0
0
0
0.34761
0
0.07865
0.21713
0
0
0.01843
0
0
0
0
0
0
0.18958
0
0
0
0
0
0
0.13374
0.12483
0
0
0.25289
0
0
0
0
0
0
0
0.06949
0
0
0
0
0
0.16022
0
0.08802
0
0
0
0
0
0
0
0
0
0
0.04344
0
0
0
0.37654
0
0
0
0
0
0
0
0
0
0
0
0
0
0
0
0
0
0
0
0
0.15392
0
0
0
0
0
0.03947
0
0.05571
0
0
0
0
0.05501
0
0
0
0
0
0
0
0
0
0.06287
0
0
0
0
0
0.07564
0.19717
0
0
0
0
0
0
0
0
0.02429
0
0
0
0
0.0741
0
0
0
0.06711
0
0
0
0
0
0
0
0
0
0
0
0
0.02319
0
0
0
0.04119
0
0
0
0
0
0
0
0
0
0
0
0
0
0
0
0
0
0.05668
0.02341
0
0
0
0
0
0
0.06575
0
0
0
0
0
0
0.07182
0
0
0
0
0
0.16625
0
0.10665
0
0
0
0
0
0
0
0
0
0
0
0
0
0
0.09287
0.03637
0
0
0
0
0.02361
0.07851
0.03286
0
0.85118
0
0
0
0.05894
0.45274
0
0
0
0
0
0
0
0
0
0
0
0
0
0
0
0
0
0
0
0
0
0
0
0
0
0.06425
0
0
0.50996
0.05483
0
0
0
0
0
0
0
0
0
0.03139
0
0
0
0
0
0
0
0
0
0
0
0
0.13107
0
0
0.07771
0
0
0
0
0
0
0
0.05549
0
0
0
0
0.04848
0
0
0
0
0
0
0
0
0
0.30731
0
0
0
0
0
0
0
0
0
0
0
0
0
0
0
0
0
0.01826
0
0.34896
0
0
0.05632
0
0.047
0
0
0
0
0
0
0.0784
0
0
0
0
0.06823
0
0
0.06585
0
0
0.05507
0
0
0
0
0
0
0
0
0
0
0
0
0
0
0
0
0
0
0
0.0692
0
0
0.20218
0
0
0
0
0
0
0
0
0
0
0
0
0
0
0
0
0.09129
0
0.33032
0
0.05478
0
0
0
0
0
0
0
0
0
0
0
0
0.04627
0
0.04689
0
0
0
0.18305
0
0.03654
0
0
0.08967
0
0
0
0
0.27261
0
0
0
0
0
0
0
0
0
0
0
0
0
0
0.05967
0
0
0
0
0
0
0
0
0
0.30244
0
0
0
0
0
0
0
0
0
0
0
0
0
0
0
0
0
0.28911
0
0
0
0.09467
0
0
0
0.03979
0
0
0
0
0
0
0
0
0
0
0.0438
0
0
0
0
0
0
0
0
0
0
0
0
0
0
0
0
0
0.11185
0
0
0
0
0
0
0
0
0
0
0
0
0
0
0
0
0
0.05452
0
0
0.20446
0.10223
0
0
0
0.08691
0
0
0
0.07693
0
0
0
0
0.05476
0.13154
0
0
0
0
0
0
0
0
0
0
0.11558
0
0
0
0
0
0
0
0
0
0
0
0
0
0
0
0
0
0
0
0.05715
0
0
0
0
0
0
0
0
0
0
0
0
0
0
0.065
0
0
0.02335
0.03139
0
0
0
0
0
0
0
0
0
0.11181
0
0
0
0
0.07786
0
0
0
0
0
0.0184
0
0
0
0
0
0
0
0.01994
0
0
0
0
0
0
0
0
0
0
0.01917
0
0
0
0
0
0
0.03928
0.03689
0
0
0.0858
0
0
0
0
0.06821
0.08677
0.05524
0
0
0
0
0
0
0
0
0
0
0.1492
0
0.09522
0
0
0
0
0
0
0
0
0
0
0
0
0
0
0
0
0
0
0.05188
0
0.02553
0
0
0
0
0
0
0
0
0
0
0
0
0
0
0
0
0.04472
0
0
0
0
0
0
0
0
0
0
0
0
0
0.32544
0
0
0
0
0
0
0
0.09562
0
0
0
0
0
0
0
0.11151
0
0
0.07457
0
0.1154
0
0.09659
0
0
0
0.05511
0.24805
0
0
0
0
0
0
0.06459
0
0
0
0.07115
0
0
0
0
0
0
0.04133
0
0
0
0
0
0
0.01877
0
0
0
0
0.07003
0
0.05938
0
0
0
0
0.23381
0
0.05883
0
0
0
0
0
0
0
0
0.057
0
0
0
0.0754
0.05542
0
0.07258
0.02014
0
0
0
0
0
0
0
0.0491
0
0.49098
0
0
0
0
0
0.16526
0.09213
0.36611
0
0.05408
0
0
0
0
0
0
0
0
0
0
0
0
0.05827
0
0
0
0.06935
0
0
0
0
0.83759
0
0
0
0
0
0
0
0
0
0
0
0
0
0
0
0
0.03691
0
0.57907
0
0.05946
0
0
0
0
0
0.44591
0.01919
0
0
0
0.11171
0
0
0
0
0
0
0
0.12637
0
0
0
0
0
0
0
0
0
0
0
0
0
0
0
0
0
0.11392
0
0.01795
0
0
0
0
0
0
0
0
0
0
0.1443
0.11065
0
0
0
0
0
0
0
0
0
0
0
0.0236
0
0
0.05707
0.14386
0
0
0
0
0
0
0
0
0
0
0
0
0
0
0
0
0
0
0.02432
0
0
0.07807
0.11515
0
0
0
0
0
0
0
0.05469
0
0.04585
0
0
0
0
0
0
0
0.21035
0.25701
0
0
0
0
0
0
0.04334
0.0741
0
0
0
0
0
0
0
0
0
0
0
0
0
0
0
0
0.22309
0
0
0
0
0
0
0
0.29334
0
0
0
0.08739
0.04501
0
0
0
0
0
0
0.06981
0
0
0
0
0
0
0.06939
0
0
0
0
0
0.14664
0
0
0
0
0.0473
0
0
0
0
0
0.18719
0
0
0
0
0
0
0
0
0
0
0
0
0
0.05482
0.29284
0
0.05462
0
0
0
0
0
0
0
0
0.0614
0.82124
0
0.05878
0
0
0
0
0.05823
0
0
0
0
0
0
0
0
0
0
0
0
0
0
0
0
0
0
0
0
0
0
0
0.95502
0.52225
0
0
0
0
0.09325
0
0.0682
0
0
0.04811
0
0
0
0
0
0
0
0.07183
0
0
0
0
0
0
0.06362
0
0
0.12186
0
0
0
0
0
0.01822
0
0
0
0
0
0
0
0
0.28778
0
0
0
0
0
0
0
0
0
0
0.05572
0
0
0
0
0
0.22017
0
0
0
0
0.27334
0.02
0
0
0
0
0
0
0
0
0
0.06816
0
0
0
0.2336
0
0.05512
0
0
0
0
0
0
0
0
0
0
0.07394
0
0
0
0.18294
0
0
0
0
0
0
0
0
0
0.06444
0
0
0
0.07288
0
0.02442
0
0
0
0
0
0
0
0
0
0
0.06158
0
0
0
0
0
0
0
0
0
0
0
0
0
0
0
0
0
0
0.0387
0
0
0
0
0
0.11123
0
0
0
0
0
0
0
0
0
0
0
0
0
0
0
0
0
0
0.05461
0
0
0
0
0
0
0
0
0
0.08629
0
0.11493
0
0
0
0
0
0
0
0
0
0
0
0
0
0
0
0
0
0
0.07441
0.08406
0
0
0
0
0
0
0
0
0
0
0
0
0.12984
0
0
0.05525
0
0
0
0
0
0.0629
0
0
0
0
0.0701
0.05449
0
0
0
0
0
0
0
0.11637
0
0
0.06272
0.3859
0
0
0.11524
0
0
0
0
0
0
0
0
0
0.04461
0
0
0
0
0
0
0
0
0
0
0
0
0
0
0
0
0.03737
0
0.0855
0
0
0
0
0
0
0
0
0.06424
0
0
0
0
0
0
0
0
0
0
0
0
0
0
0
0
0
0
0
0
0
0
0
0
0
0
0
0
0
0
0
0
0
0
0
0
0
0
0
0.16721
0
0
0
0
0
0
0
0
0
0
0
0
0
0
0.05901
0
0
0
0
0
0
0
0.04242
0
0
0
0.05796
0
0.06605
0
0
0.35957
0
0
0.02589
0
0
0
0
0
0
0
0
0.07556
0
0
0
0
0.07854
0
0
0
0
0
0
0
0
0
0.05478
0.09578
0
0.05989
0
0
0.02243
0
0
0
0
0
0.02505
0
0
0
0
0
0
0.04655
0.0704
0
0
0
0
0
0
0
0
0.95519
0
0
0
0
0
0
0
0
0.05739
0
0
0
0
0
0
0
0
0.05947
0.07071
0
0
0
0.07393
0.12309
0
0
0
0
0
0
0
0
0
0
0
0
0
0
0
0
0
0
0
0
0
0.20638
0.18765
0
0
0.0371
0
0
0
0
0
0
0
0.11193
0
0
0
0
0
0.06636
0
0
0.03692
0
0
0
0
0
0
0
0
0
0
0
0
0
0
0
0
0
0
0
0
0
0.01886
0
0
0
0
0
0
0
0
0
0
0
0
0
0
0
0
0
0
0
0
0
0.05446
0
0
0
0
0
0
0
0
0.09031
0.05857
0
0
0
0
0
0
0
0
0
0
0
0
0
0
0
0
0
0
0
0
0
0
0
0.03779
0
0
0.07419
0
0.12351
0
0.05791
0
0
0.16715
0
0
0
0
0
0
0
0
0.1151
0
0.06089
0
0.0719
0
0
0
0.39029
0
0
0
0
0
0
0
0
0.01924
0
0
0
0
0
0
0
0
0
0
0
0
0.02215
0
0
0.13377
0
0
0
0
0
0
0
0
0
0
0
0
0.07679
0
0
0
0
0.09035
0
0.07894
0.02098
0
0
0
0
0
0
0
0
0
0
0
0
0
0
0
0
0.01797
0
0
0
0
0
0
0.18546
0
0.06584
0
0
0
0
0
0
0
0
0
0
0.11451
0
0
0
0
0
0
0
0
0
0
0.26538
0
0
0
0.03628
0.06571
0
0
0
0
0.06942
0
0.2229
0
0
0
0
0
0
0
0
0
0
0
0
0
0
0
0
0
0
0
0
0
0
0
0
0
0
0
0
0
0
0
0
0
0
0
0
0
0
0
0.05393
0
0
0
0.06294
0
0
0
0
0
0
0
0
0
0.09847
0
0
0
0
0
0
0
0
0
0
0
0
0
0
0
0
0
0
0
0
0
0
0
0
0
0
0
0
0
0
0
0
0.0196
0
0
0
0
0
0
0
0
0
0
0
0
0
0
0
0
0
0
0
0
0
0
0.04351
0
0
0
0
0
0
0
0.09526
0
0
0
0
0.07354
0.11514
0
0
0.03169
0
0
0
0
0
0.06652
0
0
0.07226
0.03987
0
0
0
0
0
0
0
0
0
0.11046
0
0
0
0
0.07909
0
0
0
0
0
0
0
0
0.13093
0
0
0.06498
0
0
0.09714
0
0
0
0
0
0
0
0
0
0
0.02354
0
0.01858
0
0
0
0
0
0
0.07195
0
0
0
0
0
0
0
0
0
0
0
0
0
0
0
0
0
0
0.0374
0
0
0.23537
0
0
0
0
0
0
0
0
0
0
0.8031
0
0
0
0
0
0
0
0
0.20734
0
0
0.23197
0
0
0
0.35397
0
0
0.04665
0
0
0
0
0
0.05826
0
0
0
0
0
0
0
0
0
0
0
0
0
0
0
0
0.01863
0.05427
0
0
0
0
0
0
0
0
0
0.08201
0
0.03936
0
0
0
0
0.07373
0
0
0
0
0
0
0
0
0
0
0
0
0
0
0
0
0
0
0
0
0
0
0
0
0
0
0
0
0
0.06814
0
0
0
0
0
0
0.06976
0
0
0
0
0
0
0
0
0
0.07046
0
0
0
0
0
0
0
0
0
0
0
0
0
0.04851
0
0
0
0
0
0
0
0
0.0615
0
0
0
0
0
0
0
0
0
0
0
0
0
0
0
0
0
0
0
0
0
0
0
0.20659
0
0
0
0
0
0.05459
0.17512
0
0.50782
0
0
0
0
0
0
0
0
0
0
0
0
0
0
0
0.07067
0
0
0
0
0.07139
0
0
0
0
0
0
0
0
0.16162
0
0
0
0
0
0
0
0
0
0
0
0
0
0
0.20465
0
0
0
0
0
0.0654
0.10977
0
0
0
0
0
0
0
0
0
0
0
0
0
0
0
0
0
0
0
0
0
0.01943
0
0
0
0
0
0
0
0
0
0
0
0
0
0
0
0
0.18178
0.13063
0.16731
0.22217
0
0
0.16317
0.21755
0.1438
0.05956
0
0
0.02855
0
0
0
0.06114
0.16029
0.24092
0.13687
0.16736
0.20488
0.03058
0.06108
0
0.06169
0
0
0
0.08811
0
0.15995
0
0
0.16961
0
0
0
0
0
0
0
0
0
0
0
0
0
0
0
0
0
0.06899
0
0
0
0
0
0
0
0
0
0
0
0
0
0
0
0
0
0
0
0
0
0
0
0
0
0
0
0
0
0
0
0
0
0
0
0
0
0
0
0
0
0
0
0
0.06647
0.03281
0
0
0
0
0
0
0
0.06659
0
0
0
0.01826
0
0
0
0.06689
0.06938
0.04497
0
0
0
0
0.20978
0.24669
0
0
0
0
0.05486
0.06906
0.05512
0
0
0.20743
0.2481
0.24724
0.05568
0.15285
0.15375
0
0
0
0.05567
0.24719
0
0
0
0
0.24431
0.24684
0.17574
0.17772
0.28344
0
0.14522
0
0
0
0
0
0.01921
0
0
0.26551
0
0
0.03924
0
0
0
0
0
0
0
0
0
0
0
0
0
0
0
0
0
0
0
0
0
0
0
0
0
0
0
0
0
0
0
0
0
0
0
0
0
0
0
0
0
0
0
0
0
0
0
0
0
0
0.04343
0
0
0
0
0
0
0
0.06211
0
0
0
0
0
0
0
0
0
0
0
0
0
0
0
0
0
0
0
0
0
0
0
0
0.13207
0
0.02162
0
0
0
0
0
0
0
0
0
0
0
0
0
0
0
0
0
0
0
0
0
0
0
0
0
0
0
0
0
0
0
0
0
0
0
0
0
0
0
0
0
0
0
0
0
0
0
0
0
0
0
0
0
0
0
0
0
0
0
0
0
0
0
0
0
0
0
0
0
0
0
0
0.05911
0
0
0.05906
0
0
0
0
0
0
0
0
0
0
0
0.05997
0
0.05891
0.01955
0.03873
0.05798
0.05814
0
0
0
0
0
0
0
0
0
0
0
0.01972
0
0
0
0
0
0
0
0
0
0
0
0
0
0
0
0
0
0
0
0
0.07432
0
0
0
0.05573
0
0.01877
0
0
0
0
0
0
0
0
0.01884
0
0
0.05622
0.05545
0
0
0.01877
0
0
0
0
0
0
0.09526
0.0606
0.1701
0
0
0
0
0
0
0
0.12892
0.14923
0
0
0
0
0
0
0
0
0
0
0
0
0
0
0.20337
0
0.11173
0
0
0
0
0
0.13565
0
0
0
0.13493
0
0
0
0
0
0
0
0
0
0
0
0
0
0
0
0
0
0
0
0
0
0
0
0
0
0
0
0
0
0
0
0
0
0
0
0
0
0
0
0
0
0
0
0
0
0
0
0
0
0
0
0
0
0
0.07558
0
0
0
0
0
0.02008
0
0
0
0
0
0
0
0
0
0
0
0
0
0
0
0
0.02551
0
0
0
0
0
0
0
0
0
0
0
0
0.07434
0.07411
0
0
0
0
0.02526
0.05379
0.12198
0.37985
0.44939
0
0
0.05622
0
0.05513
0.05644
0
0
0
0.14163
0
0
0
0
0
0.58635
0.67759
0.84251
0.13615
0
0
0.06822
0
0
0
0.0786
0.0779
0.35666
0
0.38881
0.48579
0
0
0.87975
0.01845
0.31804
0
0
0.41524
0
0.32902
0.82864
0.67952
0.44502
0.20725
0.20757
0.19135
0.35114
0.53748
0.48048
0.47356
0.18099
0.2075
0.50273
0.52316
0.39716
0.33078
0.12698
0.50732
0.57248
0.56759
0.10225
0
0
0
0.20645
0
0
0
0
0
0
0
0
0.02444
0
0
0
0
0
0
0
0
0.02556
0
0
0
0
0
0
0
0.07088
0.02424
0
0.01787
0.06459
0.07769
0.0799
0
0.05091
0.07643
0
0.16579
0.07671
0.05396
0.42488
0
0.0767
0
0.09121
0.6417
0.51554
0.34121
0
0
0.03024
0.22024
0.39497
0.47373
0.15121
0
0.06069
0.64104
0.20791
0
0.50886
0
0.34795
0
0.45715
0.52494
0.44049
0.4434
0.25152
0.22722
0.06868
0.12597
0.19271
0.36157
0
0
0.20806
0.19076
0.59204
0.22292
0.46592
0.48333
0
0.061
0.14995
0.03612
0
0
0
0.05536
0
0.07321
0.05611
0
0
0
0
0.01882
0.05596
0
0.03756
0
0.05533
0
0.03648
0
0
0
0.05488
0.05532
0.05546
0.05579
0
0
0
0
0.05508
0
0
0
0
0
0
0.74804
0.38028
0.71267
0.89198
0.69531
0.70924
0.32377
0
0
0
0
0
0
0.37455
0
0
0
0
0
0
0
0
0
0
0
0
0.09562
0
0.09569
0.09665
0
0
0
0
0
0
0
0
0
0
0
0
0
0
0
0
0
0
0
0
0
0
0
0
0
0
0
0
0
0
0
0
0
0
0
0
0
0
0
0
0
0
0
0
0
0
0
0
0
0
0
0
0
0
0
0
0
0
0
0
0
0
0
0
0
0
0
0
0
0
0
0
0
0
0
0
0
0
0
0
0
0
0
0
0
0
0.06105
0.14309
0
0
0
0
0
0
0
0
0
0.02985
0
0
0
0
0
0
0
0
0
0
0
0
0
0
0
0
0
0
0
0
0
0.09354
0.10895
0.40519
0.35478
0.14707
0.05497
0.05803
0.01813
0.24475
0.1485
0.16366
0.29297
0.36991
0.44664
0.50666
0.25387
0.25664
0.1096
0.40459
0.36493
0
0
0
0
0
0
0
0
0
0
0
0.02385
0
0
0
0
0
0
0
0
0
0
0
0
0
0
0
0.02385
0
0
0
0
0
0
0
0
0
0
0
0
0
0
0
0
0
0
0
0
0
0
0.07245
0.04273
0
0
0
0
0
0.06449
0.06475
0
0
0
0
0
0
0
0
0
0
0
0
0
0
0.07788
0
0.04792
0
0.02481
0
0.02361
0.07121
0
0
0.07446
0
0.06916
0
0
0
0
0
0
0.0683
0.13084
0
0
0
0
0.06751
0
0
0
0
0.11128
0
0.07637
0.07561
0
0.04987
0
0
0
0
0
0.07516
0
0
0.0646
0.06305
0
0
0
0
0.07295
0.07215
0
0
0.13262
0
0
0
0
0
0
0
0
0
0
0.0655
0
0
0.16076
0.06661
0
0
0
0
0
0
0
0
0
0
0
0
0
0.13359
0.0736
0.06702
0.07384
0.07418
0.02446
0
0
0
0
0.06465
0.07454
0
0
0.07429
0
0
0
0
0.02178
0
0
0.06476
0
0.02474
0
0
0
0
0
0
0
0.06511
0
0
0.02251
0.16601
0
0
0
0
0.07364
0.0668
0
0
0
0
0
0.04763
0
0
0.07205
0
0
0
0
0
0
0
0
0
0
0
0
0
0.06811
0
0
0
0
0
0.07555
0
0
0
0
0
0
0
0
0
0
0
0
0
0
0
0
0
0
0.07724
0
0
0.02563
0
0.07519
0.07526
0
0
0
0
0
0
0
0
0
0
0.07494
0
0
0
0.07551
0
0
0
0
0
0
0
0
0
0
0
0
0
0
0
0
0.13144
0.07415
0
0
0
0
0
0
0.07721
0.0767
0.07711
0.07773
0
0.02172
0
0
0
0
0.04911
0
0.13813
0.074
0
0
0
0
0
0
0
0
0.05145
0
0
0.06508
0.07651
0
0
0
0
0
0.05262
0
0
0
0
0
0
0
0.06482
0
0
0
0
0
0
0.13364
0.13334
0.06467
0
0
0
0.06474
0.02604
0
0
0
0
0
0
0
0
0
0
0
0
0
0
0
0
0
0
0
0
0
0
0
0
0
0
0
0
0.56971
0
0.15898
0
0
0
0
0
0.28966
0
0
0
0
0
0
0
0
0.07439
0
0
0
0
0
0
0
0
0
0
0
0
0
0
0
0.02172
0
0
0
0
0
0
0
0
0
0
0
0
0
0.46296
0.10946
0
0
0
0
0
0.46575
0.33261
0.02549
0.6968
0
0.5695
0.69573
0.6769
0.96351
0
0
0
0
0.65068
0.44696
0.75879
0.44506
0
0
0
0
0
0
0
0
0
0
0
0
0
0
0
0
0
0.07723
0
0
0
0
0
0
0
0
0
0
0
0
0
0
0
0
0
0.42922
0.24598
0
0
0
0
0
0
0
0
0
0
0
0
0
0
0
0
0
0
0
0
0
0.02166
0
0.0879
0.06409
0.0636
0.13326
0.06346
0
0.06805
0
0.10883
0.36785
0.20677
0
0.09011
0.5232
0
0
0
0
0
0
0
0
0
0
0
0
0
0
0
0
0
0
0
0
0
0
0
0
0
0
0.06511
0
0
0
0
0
0
0
0
0
0
0
0
0
0
0.18094
0.08866
0.0858
0
0
0
0
0
0
0
0
0
0.18123
0
0
0
0.02395
0
0
0
0
0
0
0
0
0
0
0
0
0
0
0
0
0
0
0
0
0
0
0
0
0
0
0
0
0
0
0
0
0
0
0
0
0
0
0
0
0
0
0
0
0
0
0
0
0.07094
0
0
0
0.02086
0.04174
0.06294
0
0
0
0
0
0
0
0
0
0
0
0
0
0
0
0.06362
0
0
0
0
0
0
0
0
0.1074
0
0.06846
0
0.89268
0.77178
0.22999
0
0.69563
0
0
0
0
0
0.02486
0
0.07187
0
0.07387
0.07299
0
0
0
0
0
0
0
0
0
0
0
0
0.07156
0.07108
0
0
0
0
0
0
0
0
0.81487
0.20629
0.12724
0
0.17147
0
0
0
0
0
0
0.46543
0.65134
0.07233
0.02347
0
0
0.07319
0
0
0
0
0.07256
0
0
0
0
0
0
0
0.07095
0.07151
0
0.07266
0
0
0
0
0
0
0
0
0
0
0
0
0
0
0
0
0
0
0
0
0
0
0.14432
0.20364
0.06089
0.04806
0.14411
0.08293
0
0
0
0
0
0.12281
0.06129
0
0.14423
0.17854
0
0
0
0
0
0
0
0
0
0
0
0
0.04967
0.02473
0
0
0
0
0
0
0
0
0
0
0
0
0.04155
0
0
0.06187
0
0.06187
0
0
0
0
0.20438
0
0
0
0
0
0.06212
0
0.21169
0.72231
0.32131
0
0.02433
0
0
0
0.07145
0
0
0
0.04849
0.07419
0
0
0
0
0
0
0
0
0
0
0
0
0
0
0.04206
0.07101
0.04833
0
0
0
0.03605
0.60706
0
0.66492
0.65206
0.88865
0
0
0
0
0
0
0
0.01804
0.50339
0.53019
0.60641
0
0.04717
0
0
0
0
0
0
0
0
0
0
0
0
0
0
0
0
0
0
0
0
0
0
0
0
0
0
0
0.14451
0
0
0
0
0
0.135
0
0
0
0
0
0
0
0
0
0
0
0
0
0
0
0
0
0
0
0
0
0
0
0
0
0
0
0
0
0
0
0
0
0
0
0
0
0
0
0
0
0
0
0
0
0
0
0.08103
0
0
0
0
0
0
0
0
0
0
0
0
0
0
0
0
0
0
0
0
0
0
0
0
0
0
0
0
0
0
0
0
0
0
0
0
0
0
0.12957
0
0
0
0.12658
0
0
0.02177
0
0
0
0
0
0
0
0
0
0
0
0
0
0
0
0
0
0
0
0
0
0
0
0.04411
0.06624
0
0
0
0
0
0
0
0
0
0
0.34306
0
0
0
0
0.03644
0
0
0
0.13389
0.16954
0.10239
0
0.05811
0.05812
0.05842
0.05816
0.03915
0.05841
0
0.07735
0.01958
0.05848
0.01827
0.05861
0.05339
0
0.19173
0.1988
0.12511
0
0
0
0
0.12638
0
0
0.12528
0.25168
0.28943
0.14029
0.26412
0.35256
0.15445
0.13638
0.45571
0.1467
0.45413
0
0.05809
0.10765
0.12745
0.05481
0.16536
0.26681
0.21093
0.22275
0.10901
0.17971
0.16933
0.22179
0.11029
0.11116
0.2005
0.40502
0.19481
0.1211
0.11204
0.11162
0
0.14301
0.11208
0.10748
0.12312
0.24894
0.4538
0.09591
0.1891
0.07249
0
0.2081
0.11193
0.12731
0
0
0.05487
0.143
0
0
0
0.03657
0
0
0.05886
0.0576
0.05808
0
0.05797
0.01908
0.05853
0
0.05734
0
0.05816
0.05725
0
0
0
0.05764
0.05819
0.05755
0.05761
0.05844
0.05813
0.05778
0.09592
0.05686
0.05773
0
0.14724
0.11114
0.1093
0
0
0.14323
0.06183
0
0
0.01981
0
0.1438
0
0.12246
0
0.14396
0.20326
0.10348
0.14341
0
0
0
0
0
0
0.04108
0.12989
0
0
0.11348
0.07107
0.23916
0.13438
0
0.18093
0
0.04793
0.07125
0
0
0
0.11354
0
0.07162
0
0.11369
0
0
0
0
0
0
0
0
0.09256
0.02372
0.04771
0
0.1085
0.20185
0
0
0.05397
0.09546
0.06056
0.07345
0
0.06204
0
0
0
0
0
0
0
0
0
0
0
0.17034
0.27763
0.06394
0
0
0.5581
0.22332
0.53803
0.46683
0.41441
0
0
0
0
0
0.11195
0.16958
0.06467
0.11404
0
0.14336
0.16589
0.07566
0.24124
0.39152
0.04089
0.07727
0.26223
0
0.4831
0.53706
0.1425
0.5063
0.16542
0.14171
0.50501
0.03592
0.041
0.61247
0.17266
0
0
0
0
0
0
0
0
0
0
0
0
0
0
0
0
0
0
0
0
0
0
0
0
0
0
0
0
0
0
0
0
0
0.0615
0.05946
0
0
0.05963
0.05581
0
0
0
0
0
0
0
0
0
0
0
0
0
0
0
0
0
0.15223
0.03736
0.06125
0
0
0
0
0
0.10247
0.17957
0
0.10669
0.02738
0
0
0.12013
0
0
0
0
0
0
0
0
0.11215
0.07424
0.11203
0.11188
0
0
0
0
0
0.05796
0.05923
0
0
0
0
0
0
0
0
0
0.65445
0
0.13992
0
0
0
0
0
0
0
0
0
0
0
0
0
0
0
0
0
0
0
0
0.07205
0
0.16351
0.05808
0.07199
0.10035
0
0
0
0
0
0
0
0.05895
0
0
0.06659
0.06604
0.06589
0.20218
0.17995
0.05939
0
0.05887
0.05895
0.16128
0.20818
0.1125
0.20511
0.20631
0.06643
0.20631
0.15779
0.2272
0.09169
0.06481
0.06572
0.0652
0.02339
0
0
0
0
0
0
0.01832
0.20122
0
0
0
0
0.02118
0.06436
0.06629
0
0.05788
0.05844
0
0
0
0
0
0
0
0
0
0
0
0
0
0
0
0
0
0
0
0
0
0
0
0
0
0
0.0556
0.05592
0
0
0.05547
0.06432
0.03323
0
0
0
0
0
0.22265
0
0
0
0
0
0
0
0
0
0.02929
0.02865
0.02866
0.09047
0.08803
0.02058
0.08854
0.08911
0
0.03054
0.31348
0
0.12547
0.05624
0
0
0
0
0.08656
0
0
0.04672
0.07175
0
0
0
0
0
0
0
0
0
0
0.20572
0
0
0
0
0
0
0
0
0
0
0
0
0.10021
0.06677
0.18276
0
0.06743
0.02395
0.11565
0
0.06821
0
0
0
0
0
0
0
0
0.02277
0.16401
0.10763
0.15686
0
0.61871
0
0.05867
0.01943
0
0.05856
0.05945
0.3495
0.34948
0.53914
0.05382
0.05427
0
0
0
0
0
0
0
0
0
0
0
0.0587
0.07627
0.12582
0.04218
0.228
0.14593
0.13539
0.20798
0.05907
0
0
0
0
0
0
0.06838
0.20429
0.08157
0.08541
0.1246
0
0.06691
0.13347
0.06712
0
0
0
0
0
0.13259
0.12467
0.12523
0.12578
0.12526
0.06817
0
0
0.06674
0
0.06643
0
0.06698
0.06689
0
0
0
0
0
0
0
0.12567
0
0
0.06641
0
0
0.06563
0.11124
0
0.06703
0.0659
0.12471
0.1703
0.06008
0.12546
0.02018
0.12459
0.13223
0
0.12857
0.12522
0.12757
0.12458
0.04496
0
0.08254
0.05998
0
0
0
0
0
0
0.45868
0.4094
0
0
0
0
0
0
0
0.47749
0.05415
0.61836
0
0
0
0.55593
0.206
0.55479
0.0662
0.12283
0
0
0
0
0
0.55857
0.14575
0.51618
0
0
0.61435
0.39349
0.50794
0
0.6179
0.4262
0.6149
0.52249
0.57008
0
0
0
0
0
0
0.2051
0
0
0.06544
0.04349
0
0
0
0
0
0
0
0
0
0
0.02111
0.04305
0
0
0
0
0.23547
0.15333
0.14636
0
0.12616
0.20481
0.474
0.46022
0.58667
0.5318
0.53193
0
0
0
0.19671
0.11893
0
0.10146
0.05503
0.21362
0.02225
0
0
0
0
0
0
0
0
0
0
0
0
0
0
0
0
0
0
0
0
0
0
0
0
0
0
0
0.106
0
0
0.13372
0
0
0.05892
0.0195
0.05868
0.5165
0
0
0
0
0.09674
0
0
0
0
0
0
0
0
0
0
0
0.01987
0
0.06592
0
0
0
0
0
0
0.01947
0
0
0
0.14616
0.16529
0.23909
0
0.03896
0.10323
0.13552
0.15316
0.28673
0.24897
0.08993
0
0
0
0
0
0
0
0
0
0
0
0
0
0
0
0
0
0
0
0
0
0
0
0
0.10987
0.28608
0
0
0
0
0
0
0.1387
0.19066
0.26584
0.01954
0.16541
0.13421
0.22264
0.16151
0.16526
0.14661
0.13812
0.13001
0.20445
0.11097
0.11169
0.16236
0.34966
0.20233
0
0
0.13428
0
0
0.03517
0
0
0
0.05441
0.0584
0
0
0.13295
0.11448
0.22237
0.31311
0.11137
0
0
0.14676
0.19764
0.1297
0.14794
0.44062
0
0.20196
0.11016
0
0
0
0
0
0
0
0
0
0
0
0
0.28676
0.34906
0.13638
0.18301
0.1642
0.14085
0
0.08729
0
0.12476
0
0
0
0.09638
0
0
0
0
0
0
0
0
0
0
0
0.12937
0
0.0192
0
0
0
0.11237
0
0
0
0.09367
0
0
0
0.03723
0
0
0
0
0
0
0.05507
0
0
0
0
0
0
0
0
0.20902
0.09693
0
0.14006
0
0.13189
0
0
0
0
0
0
0
0
0
0
0
0
0
0
0
0
0
0
0
0
0
0
0.23083
0
0
0.08779
0
0
0
0
0
0
0
0
0
0
0
0
0
0
0.31171
0
0
0.10967
0
0
0
0
0.14125
0
0
0.1737
0
0
0.0315
0.09618
0.05889
0
0
0.08765
0
0
0
0
0.06069
0
0
0.07869
0
0
0
0
0
0
0
0
0
0
0
0.08922
0
0
0
0
0
0
0
0
0.06063
0
0.06059
0
0
0.06059
0.07489
0
0.06051
0
0.06002
0
0
0.10998
0.05988
0.06008
0.07432
0.03966
0
0
0
0
0.05984
0.13643
0.11042
0.05976
0.0651
0
0
0
0
0
0
0
0.05991
0
0
0
0
0.07539
0.07498
0
0.07777
0.07674
0
0
0
0
0
0
0
0
0.21965
0
0.21857
0.13068
0
0.05023
0
0
0
0
0.06117
0
0
0
0
0
0.02567
0.1124
0.21659
0.21985
0
0
0
0
0
0
0
0
0
0
0
0
0
0
0
0
0
0
0
0
0
0
0
0
0.06118
0
0
0
0
0
0
0
0
0
0.05931
0.05727
0.05708
0
0
0
0
0
0
0
0
0
0
0
0
0
0
0
0
0
0
0
0
0
0
0
0
0
0
0
0.05974
0
0
0
0
0
0
0
0
0
0
0
0
0
0
0
0.04007
0
0
0
0
0
0
0
0
0
0
0.06002
0
0
0.0217
0
0
0
0
0
0.04062
0
0
0
0
0
0
0.14963
0
0
0
0
0
0
0
0
0
0.06092
0.08518
0
0
0
0
0
0
0
0
0
0
0
0
0
0
0
0
0
0
0
0
0
0
0
0
0
0
0
0
0
0
0
0
0
0
0
0
0
0
0.0198
0
0
0
0
0
0
0
0
0
0
0.05465
0
0
0
0
0
0
0
0
0
0
0
0
0
0
0
0
0
0
0
0
0
0
0
0
0
0
0
0
0
0.0704
0
0
0
0
0
0
0
0
0
0
0.05484
0
0
0.04634
0
0
0
0
0
0
0
0
0
0
0
0
0
0.0747
0
0
0
0.08493
0
0
0
0
0
0
0
0
0
0
0
0
0
0
0
0
0
0
0
0
0
0
0
0
0
0
0
0
0
0
0
0
0
0
0
0
0
0
0
0
0
0
0
0
0
0
0
0
0
0
0
0.07549
0
0
0.07493
0
0
0
0
0
0
0
0
0.07006
0
0
0
0
0
0
0
0
0
0
0
0
0
0
0
0
0
0
0
0
0
0
0
0
0
0
0
0.03887
0.05982
0
0
0
0
0
0
0
0
0
0
0
0
0
0
0
0
0
0
0
0
0
0
0
0
0
0
0
0
0
0
0
0
0
0
0
0
0.04649
0
0
0
0
0
0
0
0
0
0
0
0
0
0
0
0
0
0
0
0
0
0
0
0
0
0
0
0
0
0
0
0
0
0
0
0
0
0
0
0
0
0
0
0
0
0
0
0
0
0
0
0
0
0
0
0
0
0.07073
0
0
0
0
0
0
0
0
0
0.06989
0.04566
0.04627
0.06985
0
0
0.04088
0.06919
0
0
0
0
0
0
0
0
0
0
0
0
0
0
0
0
0
0
0
0
0
0
0
0
0.0682
0
0
0
0
0
0
0
0.06933
0
0
0
0.02292
0
0
0
0
0
0
0
0
0
0
0
0.04719
0
0.07104
0
0
0
0
0
0
0
0
0
0
0
0
0
0
0
0
0
0
0
0
0
0
0
0
0
0
0
0
0
0
0
0
0
0
0
0
0
0.11287
0.11175
0
0.06506
0
0
0
0
0
0
0
0
0
0
0.11192
0.11316
0.0654
0
0.13587
0
0.13526
0
0
0
0
0
0.06259
0
0
0
0
0
0
0
0
0
0
0
0.02301
0
0
0
0
0
0
0
0
0
0
0
0
0
0
0
0
0
0
0
0
0
0
0
0
0
0
0
0
0
0
0
0
0
0
0
0
0
0
0
0
0
0
0
0
0
0
0
0
0
0
0
0
0
0
0
0.0545
0.05493
0.0576
0
0
0
0
0.01947
0
0
0.05709
0.07645
0
0.03643
0
0.01833
0.05487
0.08621
0
0.01833
0
0
0.19881
0
0.06982
0
0
0
0.03838
0
0
0
0
0
0
0
0.0703
0.05441
0.05477
0
0
0
0
0.2439
0.24713
0
0.06933
0
0.07068
0.10414
0
0.0705
0
0.02324
0
0
0
0
0
0
0
0
0
0
0
0.0469
0
0
0
0
0
0
0.07026
0
0.07853
0.0546
0
0
0
0
0
0
0.01837
0
0
0
0
0
0
0
0
0
0
0
0
0
0
0
0
0
0.14187
0.04477
0
0
0
0
0
0
0.15876
0
0.0559
0.01875
0.05583
0
0.24609
0
0
0.20697
0.06585
0.24536
0.30267
0.05548
0.06657
0.05773
0.11525
0.01943
0.14215
0.05669
0.26512
0.0552
0.19875
0.05679
0.0551
0.05699
0.05596
0.12967
0
0.05552
0
0
0
0
0
0
0
0.13096
0.58659
0.0211
0
0
0
0
0.05555
0
0.03828
0
0
0
0
0
0.07036
0
0.02239
0
0
0
0.12881
0
0.36576
0
0
0
0
0.06017
0
0
0
0
