0
0
0
0.06875
0.11655
0.08197
0
0.05504
0.04935
0.08916
0.09011
0.0896
0.04945
0.07538
0
0.08934
0.09042
0.0905
0
0.04891
0.08891
0.11704
0
0.09042
0
0.04846
0.08988
0
0.09073
0.13056
0.09027
0
0.09024
0.09056
0.0686
0.082
0.11581
0
0.04104
0.04116
0
0.08985
0.09007
0
0
0
0.09062
0.04132
0
0
0.0276
0.04095
0.13086
0.12969
0.04855
0
0
0.04136
0
0
0
0.08124
0
0.04199
0.11424
0
0.1297
0
0
0.04107
0.03223
0.04136
0
0.0413
0
0.09048
0
0
0.02799
0.04077
0
0
0.04995
0.01367
0
0.05003
0
0.08231
0.05022
0
0.04077
0
0.04197
0.04958
0.0894
0.0413
0.04159
0.04124
0
0.04134
0
0.02762
0.0414
0.06096
0
0
0
0
0
0
0
0.05058
0
0.02709
0
0.0497
0.09017
0
0
0.13015
0.04106
0.03365
0.04963
0
0
0.1161
0
0.01673
0.06407
0
0
0.04161
0
0.01399
0.08969
0.13033
0
0
0
0.04166
0.09112
0.091
0.0499
0
0.0502
0.0138
0.08967
0.04109
0
0.09114
0.08918
0.03959
0.04181
0
0
0
0
0.09097
0.03929
0
0
0.03943
0.05038
0.05039
0.07762
0
0
0
0
0.09101
0.13048
0.09118
0
0
0.05498
0
0
0.09097
0.05041
0.09093
0
0
0
0
0.04114
0.04133
0
0
0
0
0
0.05043
0
0.09111
0
0.04136
0
0
0.04185
0.05017
0
0
0
0
0.0505
0
0
0
0
0
0
0.09063
0
0.07764
0.04136
0.06406
0.04119
0.05063
0
0
0
0.10258
0
0
0
0.05067
0
0.0504
0
0.04126
0
0.0413
0
0.02769
0
0.09027
0.05041
0
0
0
0
0
0.34878
0
0
0.01659
0
0.09053
0
0.08213
0
0.01694
0
0
0
0
0
0.04144
0
0
0.04912
0
0
0
0
0
0.08898
0
0
0
0
0.0409
0
0
0
0.09026
0
0
0.04853
0
0.0895
0
0
0
0
0.09021
0
0
0
0
0
0
0.09054
0.02762
0
0
0
0
0
0
0
0
0
0.07565
0.0323
0
0
0.09079
0
0
0
0
0
0.0414
0
0.09127
0
0.04149
0
0
0.0138
0
0.05048
0.03072
0
0
0
0.09105
0
0.08233
0
0
0
0
0
0
0.08917
0.08159
0.03356
0.09039
0
0
0
0
0
0.0279
0
0
0
0.23327
0
0
0.09094
0
0.09124
0
0
0
0
0.08955
0.05
0
0.08971
0
0
0.01683
0.08962
0
0.09129
0.04139
0
0.09072
0.0138
0
0.04105
0.46962
0.08932
0.04921
0
0
0
0
0
0
0
0.01694
0
0
0.04173
0
0.04914
0
0
0
0
0
0
0
0.03383
0
0
0
0
0
0.13026
0
0.09015
0
0
0
0
0
0
0
0
0
0.02785
0.04159
0
0.01532
0
0.02738
0.19237
0.04117
0
0
0
0
0
0.03299
0
0.08259
0.45258
0
0
0
0
0.09042
0
0
0
0.04121
0
0.4346
0
0
0
0
0
0
0.10938
0
0
0
0
0
0.04208
0
0
0
0
0
0.31745
0
0
0
0
0
0
0.45331
0
0
0
0
0
0
0.11971
0
0.12982
0.02771
0
0
0
0
0
0
0
0.0413
0
0
0.04129
0
0.0138
0
0.04183
0
0
0
0
0
0
0
0
0.04122
0
0
0.04185
0
0
0.06176
0.02761
0
0
0
0
0
0
0
0
0
0
0
0
0
0.07366
0
0
0
0
0
0
0
0.04201
0.03267
0
0
0
0
0
0
0
0
0.07859
0.04161
0
0.0422
0
0
0
0
0.11462
0
0
0.04341
0.08909
0.02921
0
0
0.04163
0
0
0.04362
0.04713
0
0
0
0.0823
0.08991
0.04123
0
0
0
0
0
0
0
0.09027
0
0
0
0.04138
0.15073
0
0
0
0.06483
0
0
0
0.04492
0
0
0
0
0
0.02967
0.04186
0
0
0
0
0
0
0
0
0.23039
0
0
0
0.0324
0
0
0
0
0
0
0.07265
0.39967
0
0.01445
0
0
0
0
0
0
0
0
0.11985
0.2179
0
0
0
0
0
0
0.04373
0
0.09051
0
0.09014
0
0
0
0
0
0
0
0
0.08215
0.09012
0.04211
0
0
0
0
0
0
0.04207
0
0
0.16926
0.03947
0
0
0
0
0.04147
0
0.14005
0
0
0
0.20804
0
0
0
0.2776
0.07408
0
0
0
0
0
0
0
0
0
0
0
0.23512
0
0
0.04953
0
0
0
0
0
0
0
0.01414
0
0
0.08203
0.03939
0
0.01412
0.0488
0
0
0
0.05309
0
0.11941
0
0
0
0
0
0
0
0
0.09045
0
0
0.0438
0
0
0
0.39852
0
0
0
0
0.08401
0.13991
0
0
0
0.07489
0.03928
0
0
0
0.03966
0
0.08382
0
0.11971
0
0
0
0
0
0
0
0
0
0
0
0
0.1859
0
0
0
0.02726
0
0
0.06451
0
0.08381
0
0
0
0
0
0
0.02986
0.26671
0
0
0
0
0
0
0
0
0
0.07037
0
0.05363
0
0.06058
0
0
0
0
0
0
0.02915
0
0.08181
0
0
0.05447
0.03955
0.05464
0.08363
0.06062
0
0
0.11932
0
0.06405
0.0154
0.2334
0
0
0.32565
0
0.06809
0.11911
0
0.34919
0
0
0
0.36527
0
0
0
0
0.30048
0
0.40094
0
0
0
0.0418
0
0.16189
0
0.166
0
0.07436
0.04853
0.18009
0
0.01477
0
0.07023
0
0.10151
0
0
0.23329
0
0.11919
0
0
0
0
0
0.01453
0.09062
0.06822
0.09001
0
0.03947
0
0
0
0
0
0
0
0
0.04745
0
0
0
0
0.06927
0.04161
0.1141
0.0896
0.39685
0
0
0
0
0
0.13117
0
0
0
0
0
0.04786
0
0
0
0.02623
0
0.10359
0
0
0
0
0
0
0.2396
0
0
0
0.20592
0
0.04795
0.04739
0
0
0.3123
0
0
0
0.08996
0.05387
0
0
0
0
0
0
0.23737
0.23553
0
0
0.32522
0
0.09415
0
0.04912
0.08439
0.08991
0
0
0
0
0
0
0
0.16275
0
0
0.32675
0.33874
0
0
0.16956
0
0
0
0
0
0
0
0.12992
0.32521
0.38822
0
0
0
0
0
0.36924
0.10902
0.04087
0.0801
0
0
0
0
0.41936
0
0
0.01584
0.3998
0
0
0
0
0.38617
0.04446
0
0.33166
0
0
0.08187
0.01491
0
0.03578
0.1951
0
0
0.2011
0
0
0
0.05746
0
0
0
0.07371
0.03954
0.23603
0
0.13172
0
0.10437
0
0
0.12846
0.29868
0
0
0
0
0
0.39958
0.19548
0.38577
0
0
0.0489
0.1195
0
0
0
0.03959
0.38606
0
0
0
0
0
0
0
0
0
0.01017
0
0.34191
0.04665
0
0
0
0
0.40161
0
0.38566
0
0
0.40293
0
0.21208
0
0.04835
0
0.13321
0.3486
0.11359
0
0
0.04425
0
0.05043
0
0.34982
0
0.31258
0.08142
0.04672
0.36156
0
0
0
0
0
0.14056
0
0.06849
0.08821
0.23697
0.22154
0
0.3122
0
0.08217
0.14923
0.33676
0
0.38543
0
0
0.04468
0
0
0.03974
0
0.04863
0
0.09244
0.04168
0
0.41778
0
0
0
0
0
0
0
0
0
0
0
0
0.16363
0.04635
0
0
0
0
0
0
0.05023
0.1044
0
0.2581
0.38633
0
0.13335
0.36731
0.01611
0.02256
0.31215
0
0
0
0
0.18757
0
0
0
0
0
0.08131
0.38549
0
0
0
0
0
0.39305
0.13355
0.0435
0
0.04733
0
0
0
0
0.4022
0.0416
0
0.28947
0.40269
0.04998
0.01582
0
0.04094
0
0
0.35332
0.03964
0
0
0
0.40327
0.05795
0.45711
0
0.05792
0
0
0.04867
0
0
0.04861
0
0.24374
0
0.03965
0.27081
0
0.06795
0.4052
0
0.0465
0.09777
0.04404
0
0
0.1633
0
0.28255
0.01634
0
0.03264
0.03157
0
0.06881
0
0.38166
0
0
0.09185
0
0
0
0
0.39959
0
0.20351
0.04845
0
0
0.0839
0
0
0
0
0
0.09052
0
0
0.19123
0.31604
0.09165
0
0
0.03103
0
0.05259
0.29997
0
0.22784
0.25206
0.15666
0.18209
0
0
0
0.04133
0.20164
0.37023
0.03502
0.37284
0.25132
0.01637
0
0
0
0.04128
0.01747
0.04098
0.04136
0
0
0
0.06499
0
0
0.36308
0
0
0
0
0.08043
0
0
0.08432
0.11474
0.09105
0
0
0
0.03325
0.09158
0
0
0.07271
0.21798
0
0
0.0416
0.0166
0.19321
0.18064
0
0
0.01542
0
0
0
0.03087
0
0
0.13289
0.0493
0.12122
0.22282
0.0413
0.01594
0
0.40248
0
0
0
0.11501
0
0.22031
0.19594
0.33247
0
0
0
0
0.09428
0.40547
0.42315
0.23393
0
0
0.04074
0
0
0
0
0.45539
0
0.04222
0
0.04743
0
0
0.42361
0
0
0
0.04929
0.1806
0
0
0
0.40336
0.11491
0.04068
0.38351
0.29156
0.1524
0.04897
0.06343
0.03961
0.31153
0.31878
0.03969
0
0.03235
0
0.04885
0
0
0.04888
0
0
0.08745
0.04126
0
0
0.04144
0.0325
0.32918
0.05006
0.36537
0.05901
0
0
0.04898
0
0.20129
0
0.04218
0
0.19664
0
0
0.05046
0
0.45741
0
0.17186
0.38351
0
0.33155
0.45782
0.04815
0
0
0
0.09153
0.41122
0
0.09146
0
0
0.05052
0.11994
0
0.38133
0.04622
0
0.08682
0
0.27287
0
0.05038
0
0
0
0.04078
0
0
0.17911
0
0
0.11583
0
0.04808
0
0.25773
0.04183
0
0
0
0
0.02818
0
0
0
0
0
0
0
0.21024
0.21463
0.38525
0.2826
0
0.0282
0.30355
0.04798
0
0
0
0.40789
0
0.04776
0
0
0
0
0.07022
0
0
0
0
0.40849
0
0.05006
0
0.12944
0.38577
0.04409
0.03114
0
0.29646
0
0.40609
0.0502
0
0.38718
0
0.42427
0.04672
0.06282
0
0.0678
0.04698
0
0
0
0
0
0.04743
0.05012
0.05099
0.38581
0
0
0
0.32981
0
0
0
0
0
0
0
0
0
0.21385
0.20063
0
0
0
0.18094
0
0.01641
0
0
0.04964
0.2632
0.26405
0.0503
0
0
0
0
0.13373
0
0.04398
0
0.03
0
0.17006
0
0
0
0.1361
0.3544
0
0
0.04166
0.16947
0.1203
0
0
0.21364
0
0
0.01407
0.20114
0.04988
0
0.01597
0.21496
0
0.01638
0.29884
0.17956
0
0
0
0
0
0
0
0.13682
0.21279
0.31923
0.05775
0
0
0
0.01517
0
0
0.20446
0.38469
0
0
0
0
0
0
0.04748
0.13225
0
0
0
0
0.01323
0
0
0
0
0
0
0
0
0
0
0.03927
0
0.32926
0.23746
0
0.07819
0
0
0
0.38562
0
0.38232
0.0476
0.3361
0
0
0
0
0
0
0
0
0
0.0478
0.3858
0
0
0
0.20174
0
0
0
0
0
0
0
0.28337
0
0.21122
0.33521
0.04894
0.20053
0
0
0.13275
0
0
0
0
0
0
0
0.15294
0
0
0
0.29826
0
0.04842
0
0.38286
0
0.28298
0
0.40699
0.33449
0
0.20303
0.34242
0
0
0
0
0.38827
0
0
0
0.04786
0.11913
0.30353
0.14318
0
0
0.07924
0.04763
0.04886
0
0
0.03128
0.38794
0
0
0.26889
0
0
0
0
0
0
0.33489
0.4041
0.03936
0
0.13324
0.32992
0
0.3548
0.16754
0
0.13106
0.06442
0.23443
0
0.4222
0
0.10075
0.14107
0
0
0.04975
0
0.22087
0
0
0
0
0.02792
0
0
0
0.27764
0
0.0492
0
0.148
0
0
0
0
0
0
0
0
0
0
0
0
0
0
0.22358
0
0.06123
0
0.04365
0.09288
0.04393
0
0
0.01459
0
0
0
0
0
0
0
0
0.12825
0
0
0
0.16459
0
0
0
0
0
0.40501
0.10176
0.18097
0
0
0
0
0
0.04889
0.12004
0.3636
0.03528
0
0
0
0.24319
0
0
0.04878
0
0.18755
0
0
0
0
0.10124
0
0.04915
0.16813
0.30492
0
0
0.21897
0.028
0
0
0
0.28655
0.31391
0.31217
0
0
0.06346
0
0
0
0.11622
0
0.18119
0
0.36382
0
0.04875
0.02791
0.22764
0
0
0.04877
0
0.31329
0
0
0
0
0
0.30209
0
0.04591
0
0.02617
0.22796
0.10199
0.08489
0
0
0
0
0
0
0.34312
0.42389
0.30361
0
0
0
0
0
0
0
0.04883
0
0.03255
0.04455
0.40071
0
0
0
0
0.04869
0.04904
0.24231
0
0
0.3555
0.25522
0.20291
0
0
0
0.27184
0
0
0.10613
0.16853
0
0.05019
0.04869
0.0481
0.04966
0
0.04911
0
0
0
0
0
0.39904
0
0.05284
0
0.04742
0
0.22088
0.04906
0.05858
0.13281
0
0.04692
0.07154
0
0.25061
0.0526
0.03291
0
0.25436
0.02785
0
0
0
0
0.38893
0
0
0
0
0.45508
0.54595
0.04862
0.18725
0
0.13001
0.34061
0
0.04717
0
0.0611
0.04685
0.04483
0.04878
0
0
0
0
0
0
0
0
0.08585
0.01641
0
0.09955
0.36297
0.31427
0
0
0
0.14903
0
0
0
0
0
0
0
0
0.10057
0.01727
0.04845
0.39664
0.1328
0
0
0.06537
0
0
0.04829
0.04987
0.22887
0
0
0.27993
0
0.03233
0
0.10338
0.16206
0.048
0
0
0.33357
0
0.23487
0
0
0
0.04751
0.24277
0
0
0
0.31121
0.12695
0
0.04968
0.05021
0
0.22036
0
0.05033
0
0
0
0
0.04757
0.051
0.04845
0
0
0
0
0
0
0.21324
0
0
0
0
0
0
0
0.39436
0
0
0
0
0
0
0.05847
0
0.3476
0
0
0
0
0.10331
0.01625
0.18969
0
0
0
0
0.34772
0
0.27155
0
0.13301
0.38601
0
0.01726
0
0
0
0.04876
0
0
0
0.0443
0.0162
0.04944
0
0.27904
0
0
0
0
0
0
0
0
0
0
0.04872
0
0
0
0
0.0335
0.05054
0
0
0.31478
0.01473
0
0.11644
0.21672
0
0
0.11994
0
0
0
0
0
0
0
0.05005
0
0
0
0.12615
0.04855
0
0.24392
0
0
0.16696
0
0.22868
0.04937
0.05005
0.32022
0
0
0.20317
0
0
0
0.24536
0
0
0.38005
0.20208
0
0
0.52552
0
0
0
0
0
0
0
0
0.06684
0
0.04908
0.03233
0
0.14347
0.21847
0
0.05024
0.05854
0.05248
0.08727
0.20393
0
0
0
0.38183
0.04845
0
0
0.10991
0.04806
0.14424
0.22824
0.21561
0
0
0
0
0.13871
0
0
0
0
0
0.05064
0
0.29255
0
0
0.05058
0.21927
0.05096
0
0
0.04749
0.05087
0.01716
0.04748
0
0
0
0.11413
0
0.04837
0.04936
0.04775
0
0
0
0
0
0.05272
0
0
0
0
0.04754
0.18123
0
0
0
0
0
0.051
0
0.43587
0.39605
0
0.04704
0.3092
0
0.13213
0.03313
0.21082
0.04799
0.05135
0
0
0
0
0
0
0
0
0.04741
0.05126
0.47538
0.34791
0.22233
0.05097
0
0
0
0
0.20435
0
0
0
0.28541
0.10074
0
0.06629
0.44202
0
0.04754
0.0487
0
0.05094
0.57331
0.16212
0.04894
0.31303
0
0.04758
0.05071
0.03381
0.02911
0
0.59683
0.52365
0
0
0.04774
0.21557
0
0.38598
0.17718
0
0
0
0.36028
0.04884
0
0
0.25848
0
0
0
0
0
0.0494
0.05114
0
0
0
0
0.22853
0
0
0
0
0
0
0
0.16024
0.04865
0
0.09415
0.05414
0.28522
0
0
0.40623
0
0.051
0.04881
0.04814
0.04691
0
0
0
0
0.01395
0
0.04983
0
0.04816
0
0.38578
0.22843
0
0
0.04822
0.01679
0
0.31367
0
0
0.04792
0
0.0487
0
0.03398
0.19501
0.04866
0.04932
0.52536
0
0
0.04769
0.07596
0.57247
0
0.05025
0
0.04921
0.31235
0.0483
0.04861
0
0.11662
0.09459
0
0.06241
0.04838
0.04871
0.04782
0
0
0
0
0.34461
0
0.04937
0.04957
0
0.18129
0.04922
0.04864
0.04898
0.04663
0.38924
0.04832
0.38801
0.52477
0
0.04834
0.0489
0.04797
0
0.04955
0
0
0
0.04817
0.04981
0.04925
0.07591
0
0.34659
0.05086
0
0
0
0
0
0
0.3587
0
0
0.23495
0.0487
0
0
0
0.13225
0.04717
0.04871
0
0.3788
0.1629
0.28025
0.04905
0
0
0
0
0
0.3025
0.13282
0.04825
0.09603
0.04758
0.04932
0.03306
0
0.21295
0.05048
0
0.5556
0.38774
0
0.22678
0.15313
0
0
0
0
0
0.15822
0
0
0.01394
0
0.04868
0.14228
0
0
0
0
0
0.03493
0
0
0.01656
0
0
0
0.04844
0.04834
0.09474
0.54094
0
0
0.04853
0
0
0.25117
0.04776
0.05061
0
0
0.01601
0
0
0.03499
0.45764
0.08715
0.02972
0
0.10931
0.06329
0
0
0
0
0
0.04897
0.32928
0
0.17634
0.10448
0
0
0.24097
0
0.04673
0.57284
0
0
0.32685
0.25161
0
0.05033
0.03217
0
0
0
0.13247
0
0
0.51812
0.1003
0.19165
0
0
0.04976
0
0.33247
0
0
0.01718
0.01622
0
0
0
0.05091
0
0
0.37388
0
0
0.23373
0
0
0.22848
0.04849
0
0
0
0.16816
0.17572
0.03294
0.04959
0
0
0.09534
0
0
0.04788
0.03326
0
0
0
0.04884
0.10435
0
0.13279
0
0
0.05129
0.09591
0
0.09523
0.83304
0
0
0.33903
0.04953
0.01401
0.04798
0
0.10384
0
0.16089
0.04726
0.34773
0
0.0484
0.01648
0.38518
0.38609
0.33268
0.04989
0.40547
0
0
0
0
0.19162
0.14185
0.04899
0
0
0
0.39379
0
0
0.04885
0
0.54139
0
0
0.05062
0
0
0
0.05037
0.04916
0
0.0495
0.40999
0.05086
0.13247
0.57311
0
0.04848
0.04922
0.04857
0.14204
0
0.04879
0
0
0
0
0
0
0
0.04257
0
0.04862
0
0
0
0.14212
0.46281
0.0488
0.0164
0
0.09505
0
0
0
0
0.76254
0
0.09534
0.04249
0.04917
0.049
0.05015
0.06449
0.03323
0.04845
0.03244
0.04216
0.0482
0.38577
0.1421
0
0.57725
0.04938
0
0.04893
0
0.05033
0.54126
0
0
0.17883
0
0.03204
0.56256
0
0
0
0.01651
0
0.04782
0.04841
0
0.29569
0.40846
0.89185
0
0.04998
0
0
0.05103
0.04879
0
0.05099
0.04797
0
0.58858
0.04783
0.19578
0
0.0704
0
0.90583
0
0.55625
0.04732
0.08552
0
0.04932
0.63523
0.06099
0
0
0.03435
0.57872
0
0.15093
0.74823
0
0.04933
0
0
0.13107
0.04895
0
0
0
0
0.04815
0
0.48189
0
0
0.26084
0.04724
0.27109
0.04442
0
0.17877
0
0.19791
0
0
0.04236
0.15182
0.71029
0.83154
0
0.78004
0
0.82025
0.54958
0.04928
0.87792
0.35117
0
0.07551
0
0.04758
0
0.43907
0.04902
0.17886
0
0.0958
0.03517
0
0
0.79711
0.05152
0.05105
0.05044
0.09579
0
0.05009
0.26755
0
0
0.3177
0
0
0.33387
0
0.09573
0
0
0.03278
0
0.94052
0.52392
0.04979
0
0.04859
0
0.77939
0.32476
0.5242
0.94131
0.42075
0.30081
0
0
0
0.20609
0.01812
0
0.05144
0.5986
0.58035
0.04913
0
0
0
0.09545
0
0
0.0947
0.04841
0.12895
0
0.14213
0.91495
0.66554
0
0.0979
0.04955
0.14191
0
0
0.74682
0.10285
0.52514
0
0
0.16411
0.09514
0.52477
0.66786
0.74581
0.95393
0.32816
0
0
0
0.54273
0.39716
0.48791
0
0
0.09557
0.58585
0
0.57657
0
0.049
0
0.56708
0
0.04428
0.16283
0
0.04861
0.84777
0
0.08054
0.23179
0.09581
0
0
0.16542
0
0.09552
0.0512
0.70952
0.09789
0
0
0.01612
0.16365
0
0.62677
0.08268
0.7943
0
0.78193
0.09496
0.04966
0.04845
0.57737
0
0.76156
0.0327
0
0
0.40379
0.69426
0.40818
0.04867
0
0
0.59138
0
0
0.30029
0.47659
0
0.17994
0.21031
0
0
0.395
0.09495
0.04846
0.33382
0.57664
0
0.05088
0.0958
0
0.12004
0.04217
0.04852
0
0.15509
0
0
0.05002
0
0
0.08058
0.10229
0
0
0
0.19185
0.39455
0.4119
0
0.38009
0
0
0
0.37283
0.01401
0.04226
0.54434
0
0.09771
0.84232
0.04867
0.04826
0.57736
0.45323
0.47566
0
0
0.1473
0
0.11427
0
0
0
0.96351
0.50359
0.03451
0.6257
0.02327
0
0.71281
0.52541
0.51197
0.02802
0.09582
0
0
0.04791
0
0.09776
0.60656
0.05922
0
0.80803
0
0.38256
0
0.49968
0
0.21512
0.14381
0.0483
0.03395
0.09517
0.85706
0.06434
0.2418
0
0.71421
0.22553
0
0.04431
0.13377
0
0.23242
0.04824
0.19525
0
0
0.86417
0
0.55099
0
0.45346
0.16406
0.01594
0
0.46878
0
0.91803
0.09577
0.69362
0.84994
0
0.54834
0.23157
0.09443
0
0.12928
0.56305
0
0
0
0
0.11331
0
0
0.01556
0
0.03396
0.04931
0.17762
0.6959
0.88481
0
0.09492
0.08506
0.0484
0.45372
0.71371
0.03297
0.0951
0.08005
0.19816
0.56024
0.17769
0.18692
0.18178
0.04269
0.09499
0.14288
0.25509
0
0.04866
0
0
0.04817
0
0
0.04794
0.32713
0.04867
0.07983
0.49183
0
0.19507
0.01617
0.2461
0
0.08724
0.09459
0
0.05922
0.26399
0
0
0
0.03198
0
0
0.09538
0
0.0955
0.07968
0
0.7289
0.0772
0.04862
0.09546
0.16213
0.19394
0
0
0
0.26223
0
0.2981
0
0.68873
0
0.24911
0.04976
0.04433
0
0.65698
0
0
0.11361
0
0.09461
0.11091
0.1516
0.38719
0
0.06433
0.19802
0.13728
0.21592
0.5262
0.10526
0.01598
0
0.03263
0.84858
0.22464
0.233
0
0.50822
0
0.17743
0.09488
0
0
0.10228
0.2995
0.94027
0.34759
0.67125
0.56715
0.04804
0.23335
0.13653
0.86413
0.22836
0.14368
0.10223
0.35066
0.45276
0.04863
0
0
0.56817
0.29942
0
0
0.09403
0.16332
0.14414
0.20176
0.26526
0.04929
0
0
0
0.25221
0.11551
0.14799
0.12597
0
0.13421
0.68524
0.09444
0.41165
0.14374
0.81459
0.13394
0
0.09499
0.14425
0
0.08964
0.10103
0.17584
0
0
0
0.04215
0.79951
0.12987
0
0.848
0.18163
0.05248
0.93524
0.21338
0
0.17402
0.37605
0.10166
0.04236
0.03539
0
0.09528
0.58865
0.23156
0.55013
0.06424
0.27955
0
0.25412
0
0
0.38002
0.86775
0.34649
0.55271
0.1701
0.13622
0.80837
0
0.04228
0.16776
0
0.29427
0.06681
0.0948
0.36438
0.27982
0
0.22565
0.87809
0
0
0.03261
0.80705
0.26219
0.15513
0.18842
0.0941
0.19435
0.77891
0.23355
0.21064
0.09964
0.19654
0.09546
0.12978
0.01623
0
0
0.23219
0.27804
0.09421
0.18164
0.04222
0.05277
0
0.04241
0.1476
0.06425
0
0.03455
0.56426
0.09254
0.09518
0
0.18765
0.1637
0.90594
0.18953
0.41003
0.0959
0
0.21366
0.40912
0.12162
0.04689
0.27849
0.077
0.15143
0.17953
0.2332
0.65168
0.14088
0.35295
0.09531
0
0.04676
0.93628
0.17869
0.55297
0.95456
0
0.72738
0.03451
0.09703
0
0.0484
0
0
0
0.14106
0.3687
0.18187
0.14407
0.06075
0.09499
0.15473
0.21009
0.09557
0.04893
0.50646
0.39474
0.52626
0.35863
0.12721
0
0
0
0.4997
0.13786
0.10288
0.10278
0.03477
0.20945
0
0.32651
0.84962
0.89351
0
0
0.04257
0.13615
0.22739
0
0.09535
0.52698
0.04876
0
0.82937
0
0.13523
0.17741
0
0.22572
0.35975
0.38586
0.56251
0.98482
0
0.18174
0.02259
0.28625
0
0.22446
0
0
0.22468
0.51038
0.04398
0
0
0.16597
0
0.47386
0.07809
0.13488
0.16276
0.18204
0.24808
0
0.334
0.09528
0
0.13566
0
0
0.83098
0.56364
0.23357
0.03387
0.87041
0
0.22556
0
0.86307
0.17753
0
0.09669
0.87356
0.03522
0
0.01555
0.40971
0.41946
0.14519
0
0.27697
0.03588
0.7212
0.1124
0.09359
0
0.27915
0.27738
0.3934
0.22839
0.07912
0
0
0
0.15013
0.07785
0
0.19384
0
0.18158
0.56262
0
0.98555
0.06013
0.1434
0.09545
0
0
0
0.11545
0.28767
0.23236
0
0.84576
0.11196
0.27813
0.05954
0
0.11872
0.22766
0.03264
0.51705
0
0.02407
0.40941
0.17903
0.09528
0
0.40884
0.0953
0.14884
0.13414
0.03563
0
0.90569
0
0.71411
0.82543
0
0.18061
0.21549
0.21255
0.03565
0.13477
0
0.14398
0.24784
0
0.44144
0
0.15604
0
0.10409
0.42518
0
0
0.41077
0.92251
0.09681
0.43692
0.82821
0.91894
0
0.42071
0.82721
0.04857
0
0.68614
0.52926
0.36519
0.43164
0.17772
0.77999
0
0
0
0.12516
0.04905
0
0.29904
0.43502
0.16384
0
0.18678
0.80182
0.51189
0
0.09798
0.31016
0
0.4363
0.56657
0.03513
0.53591
0.97178
0.45698
0.04868
0.01485
0.04809
0.91496
0.23296
0.05351
0.23315
0.35665
0.73377
0.83586
0.14246
0
0.21796
0.86343
0.09514
0
0.1702
0.86487
0.08797
0.12717
0.94481
0.04989
0.09417
0.27965
0.09626
0
0.45335
0
0.31049
0.77464
0.98459
0
0.23897
0.09491
0.18191
0.45426
0
0.04855
0.63912
0.11574
0
0.27537
0.13325
0.52838
0
0.21052
0
0.06354
0
0.73342
0.34896
0.2507
0.03392
0.17747
0.62568
0.20205
0.98264
0
0.88013
0
0.33719
0.09408
0
0.39476
0.2155
0.39812
0.23242
0
0.04351
0
0
0.16082
0.71456
0.09743
0
0
0
0.2017
0.59816
0.02415
0.24822
0
0.69207
0.10284
0.1243
0.85619
0.06984
0.47391
0
0.14379
0.27812
0.32105
0.21563
0
0
0
0.03618
0.57674
0
0.03588
0
0.29899
0.22713
0.09477
0.64968
0.04782
0
0.12493
0
0.46563
0
0.27962
0.36594
0.23137
0.23083
0.68418
0.13334
0.54795
0.4759
0.27571
0.23142
0
0.83084
0
0
0
0.03588
0
0
0.88041
0.31798
0
0
0
0.09637
0
0.12481
0.09468
0.3544
0.42727
0.28005
0.27914
0
0.27462
0.14571
0
0.15794
0.27731
0.60065
0.52276
0
0.74793
0.22443
0.35082
0.39317
0.32658
0.33055
0.3987
0.01174
0
0.41796
0.2807
0
0.0464
0.09467
0.23228
0.50293
0.69919
0.03104
0.03485
0.66631
0
0.09366
0.5363
0.12124
0.09538
0.08652
0.18741
0
0
0.22803
0.03557
0.01174
0
0.03496
0
0.03582
0.28077
0.64094
0.69227
0.17732
0.06479
0.09592
0
0.18172
0.06138
0.0351
0.09433
0.17719
0
0
0
0.45687
0
0.47353
0.10177
0
0
0.38568
0.1455
0.41046
0
0
0.15866
0.23167
0.5529
0.29478
0.09513
0.05274
0
0
0.05184
0.03536
0
0
0.69052
0.95805
0.20313
0.70227
0
0.09454
0.21646
0.50853
0
0.42846
0.93702
0.09419
0.23257
0.15483
0.30109
0.31676
0
0.31903
0.52532
0.14848
0.39896
0.46413
0.03484
0
0.09387
0.77283
0.23168
0.10427
0
0.45378
0.03531
0.03598
0
0
0.76312
0
0.8178
0.46883
0
0
0.1028
0.4538
0.36539
0.37509
0.0486
0.29911
0.57019
0
0.77183
0
0.47487
0.53019
0.41738
0.53661
0.17763
0.96409
0.03533
0.3268
0.39307
0.03474
0.03546
0.55132
0
0.03305
0
0.09572
0.20167
0.11241
0
0
0.12671
0.4919
0.71338
0.03471
0.18041
0
0.01203
0.22457
0
0.78078
0.53674
0.04786
0.09425
0
0
0.18889
0.08666
0.45354
0.53355
0
0.41019
0.51937
0
0
0
0
0.33411
0.28414
0
0.24075
0.06766
0.14666
0.12467
0
0.35682
0.14321
0
0.45308
0
0.50724
0
0.02399
0
0
0.18663
0.28014
0
0.32813
0
0.29987
0.65044
0.05008
0.18843
0.50324
0.09747
0.13565
0.45301
0
0
0.53138
0
0.05207
0
0.28057
0
0.24286
0.13461
0.45338
0.09419
0.64996
0.06548
0.5145
0.01615
0
0.50189
0.45335
0
0.42215
0.03582
0
0.19892
0.55234
0.2082
0.09523
0.22611
0.15502
0.05256
0.21347
0
0
0.35688
0
0.09559
0
0.39361
0.09448
0.31122
0.03181
0
0
0
0.09453
0.33073
0
0
0.23772
0.82709
0
0.9421
0
0.05028
0
0.23052
0.03467
0
0.21371
0.22622
0.06868
0.01481
0.11638
0.12132
0.06423
0
0.35719
0
0.05108
0.0455
0
0.80372
0
0.55264
0.03454
0.0628
0
0.55244
0
0.47528
0
0
0.75586
0.31106
0.46127
0.05101
0.14819
0.07577
0.77843
0.16514
0.01517
0
0
0.0425
0.13416
0
0.07112
0
0.27553
0
0.11617
0.08347
0.23886
0.32871
0.4406
0.66158
0
0.1284
0.67782
0.05098
0.04257
0.34114
0
0
0.73569
0
0.17759
0.15017
0.11193
0
0
0.03523
0.14521
0.4544
0
0
0.87784
0
0.17725
0
0.23193
0.80622
0.0478
0.03499
0
0.01748
0
0
0.42955
0.03556
0.1342
0.17743
0.34259
0.09552
0.10267
0.17692
0.18979
0.26028
0
0
0
0.0352
0
0.13546
0.05232
0.45348
0
0.09406
0
0.26096
0
0.0807
0.03541
0.03462
0
0
0.2271
0.16403
0.03534
0.29932
0
0.19359
0
0
0.33398
0
0.7515
0.05025
0.18976
0.1776
0.13977
0.44003
0.66782
0
0
0
0
0.09587
0.07677
0
0.2299
0
0.47322
0
0.30986
0.37176
0
0
0
0.57035
0.05207
0
0.47268
0.11822
0.17697
0.91657
0.37919
0.22699
0.07441
0.48138
0.11182
0.09752
0.4219
0.10029
0.07121
0.10226
0.04468
0.51186
0
0
0
0.88547
0.45348
0.2472
0.27603
0
0.03556
0
0.65215
0.12943
0.45337
0.1478
0.07662
0.11922
0.03553
0.17457
0.10297
0
0.04457
0
0.26721
0.09302
0.52415
0.02375
0.11121
0
0.28179
0
0.26198
0.05039
0.01197
0.21373
0.55141
0.26212
0
0.29845
0.10587
0.16956
0
0
0.48443
0.48446
0
0
0
0.0349
0.03435
0.01197
0.12211
0.0356
0
0.35673
0.15779
0.09726
0.13715
0.09291
0.03556
0.38337
0
0.14352
0
0.34641
0
0
0.27219
0.01191
0.04981
0.09539
0
0.04785
0.1271
0.2837
0.6464
0
0.56463
0.14335
0
0.16118
0.34563
0.27644
0.5024
0
0
0
0
0.36898
0
0
0
0.40987
0
0.37298
0.45305
0.42438
0.05035
0
0
0.74081
0.06262
0
0
0.1517
0.10237
0
0.55096
0.04829
0.31258
0.15498
0.05165
0.11032
0
0.09555
0
0
0.36178
0
0.29689
0
0.03232
0
0
0
0.05243
0
0.05257
0.27889
0.04983
0.04933
0
0.22094
0.16987
0
0
0
0.56581
0
0.34129
0
0.10217
0.09553
0
0
0.05015
0.098
0.51893
0
0.20315
0.10126
0.29366
0.11483
0
0
0.17773
0
0
0
0
0.18896
0.88346
0
0.03578
0.81657
0.01471
0
0.07102
0.17754
0
0.31239
0
0.05999
0.41074
0
0.01179
0.15495
0.04811
0.04522
0.04938
0
0.09033
0
0.0161
0.39424
0.0522
0.04461
0.3121
0
0
0.31045
0.70979
0.15778
0
0.10125
0.04759
0
0
0
0
0.05082
0
0.12867
0
0.11924
0.03563
0.49613
0.12322
0.25427
0
0.06361
0.47525
0.22213
0.03625
0
0.55087
0.17005
0
0.43711
0
0
0.15969
0
0
0.20336
0
0
0.09779
0.49254
0
0
0.14488
0.09785
0
0.0977
0.41065
0.4231
0.50695
0
0.04444
0
0.0358
0
0.33368
0.50182
0.50696
0.50155
0.51841
0.55206
0.0977
0.39443
0.35762
0
0
0
0.12666
0.23829
0.35767
0.07793
0.04798
0
0
0.10018
0
0
0.03601
0
0
0.05022
0
0.44969
0.40812
0.0357
0.08016
0.09793
0.05027
0.09996
0.05082
0.48041
0.04789
0.15117
0.10172
0
0
0
0
0.01207
0.015
0.04978
0.35909
0
0
0
0
0.06425
0.4125
0
0.04926
0.04824
0
0.37443
0.2621
0
0.39236
0
0.29653
0.03536
0
0
0.10117
0
0
0
0.04783
0.70944
0
0.35772
0.44684
0
0.10081
0
0.03592
0
0.0969
0
0.04765
0
0
0.499
0
0
0
0
0.17355
0.06438
0.51201
0.27731
0.26177
0.03563
0.51138
0.0903
0
0
0.04557
0.26177
0.13704
0.01631
0.15789
0.06002
0.391
0
0.10078
0.13438
0
0
0.26137
0
0.10233
0.15397
0.03034
0
0
0.06649
0.04834
0
0.03554
0.11947
0.84966
0
0
0
0
0
0.01719
0
0
0.26164
0
0.03574
0
0
0.01518
0.05282
0.13569
0.30995
0.04765
0.23275
0
0.09737
0
0.66425
0
0.04779
0
0.13842
0.37768
0.17418
0.53186
0.05986
0
0
0.03462
0
0.36197
0
0
0
0.04972
0.61688
0.05259
0
0
0
0
0.36151
0.04954
0
0.36008
0
0
0
0.13395
0
0.36293
0.08146
0.0989
0
0.04554
0
0.39105
0.27772
0.36361
0.03276
0.03556
0
0
0.01703
0.26064
0.01562
0
0.05145
0.04552
0
0.01709
0
0.03614
0.04759
0
0
0.03769
0.04429
0.03563
0
0.43475
0
0.05008
0.59759
0.11057
0
0.04981
0.03425
0
0.30151
0
0.10162
0.04487
0.03786
0.26132
0.16118
0
0
0
0
0
0
0.33371
0.03775
0
0
0.04436
0
0
0.09776
0.50189
0
0.17779
0.17314
0.04759
0.03779
0.09884
0.03616
0.04413
0.036
0
0.56613
0.06048
0.09794
0
0.09774
0
0
0
0
0
0.52998
0
0.03597
0
0.40418
0
0.14427
0.05132
0.36032
0
0
0.36791
0.18938
0.03572
0.05075
0
0
0.37565
0
0
0.12137
0.09692
0
0.32682
0
0.266
0
0.09817
0
0
0
0.03594
0
0
0.06478
0.0976
0.21923
0
0
0
0.13507
0.31049
0
0.3749
0.04793
0
0.14568
0
0.04223
0.37027
0.19036
0.42016
0.01665
0
0.12899
0.30575
0
0
0
0.02397
0
0
0.07509
0.03565
0.37741
0
0.06569
0
0.01688
0
0
0.0359
0
0.13506
0
0.40792
0.13241
0.09747
0.08013
0
0
0.04705
0.16074
0.26196
0.03621
0.03574
0.3293
0.18801
0.25562
0.04774
0.20892
0
0
0.33429
0.50575
0
0.02404
0
0.05601
0.03276
0
0
0
0
0.04823
0
0.27826
0
0
0
0.04946
0
0
0
0.03555
0.36475
0
0
0.29471
0.03393
0.29861
0
0
0
0
0.14377
0.03598
0.03552
0
0
0
0
0
0.3578
0.03813
0.177
0
0.01306
0
0
0.0515
0
0.09732
0
0
0
0
0
0
0.09678
0
0
0
0
0
0
0
0
0
0
0
0
0
0.14904
0.12732
0
0
0.28861
0.01679
0.03746
0
0
0.04713
0
0
0.13439
0.10216
0.03785
0
0
0
0
0
0.0378
0
0
0
0.39315
0.03714
0
0
0
0
0.18829
0.39292
0
0
0
0
0.05065
0
0
0.10042
0.02978
0.04916
0.04726
0
0
0
0
0
0
0.04742
0
0
0.03607
0
0.03841
0
0
0.34567
0
0
0
0
0.16309
0
0.05055
0
0.04813
0
0
0
0
0
0
0
0.22322
0.31027
0
0
0
0
0
0.04631
0
0.03855
0.09761
0
0
0
0.04901
0
0
0
0.05256
0.04634
0
0.03566
0
0.03851
0.04697
0
0
0
0.05068
0.19483
0
0.12731
0.016
0.04812
0
0.03627
0
0
0
0.18054
0
0.14371
0
0
0
0
0
0
0
0
0
0.39484
0
0
0.22609
0
0
0
0
0
0
0
0
0
0
0
0
0.31111
0.04521
0
0
0.02617
0
0
0
0
0.0475
0
0
0
0
0.03778
0
0.03146
0.03904
0
0.03256
0
0
0
0.04776
0
0.07512
0
0
0
0
0
0
0
0.05272
0
0
0
0
0
0
0.23836
0
0
0.0553
0.05073
0.31144
0.0487
0
0
0
0.01762
0
0
0.08034
0.22686
0
0
0
0
0.0259
0
0
0
0
0
0
0.03845
0
0
0
0
0
0
0.03855
0
0
0.04919
0
0
0
0
0.04528
0
0.2462
0
0
0
0
0
0.03913
0.04554
0
0
0.03539
0
0.23257
0
0
0
0
0.02617
0.03716
0
0.03754
0.04667
0
0
0
0
0
0
0.03916
0.05193
0
0.04713
0
0.01661
0
0
0
0
0.24617
0
0.03909
0.03863
0
0
0
0
0
0
0.03724
0.04544
0.01232
0.047
0
0
0
0
0
0.04734
0
0
0
0.01591
0.04666
0
0.03729
0
0.03173
0.03889
0.16682
0
0
0
0.03729
0
0.01584
0
0.04663
0
0
0.0127
0.04389
0
0.5724
0
0
0
0
0
0
0
0
0
0
0
0.09742
0
0.04647
0
0
0
0
0
0
0.04705
0
0.04547
0
0
0
0
0.04716
0
0
0
0
0
0.03888
0.06456
0
0.04634
0.04412
0
0.05187
0.04586
0
0
0.04645
0
0.0472
0.03912
0.25185
0
0
0
0
0
0
0.04792
0
0
0
0
0
0
0
0
0
0
0
0.15231
0
0
0.03806
0
0
0.03899
0
0
0
0
0
0.03818
0
0
0
0
0.03706
0
0
0
0
0
0
0
0
0
0
0
0.02584
0
0
0
0
0.03903
0.03885
0
0
0.04729
0.23923
0.04418
0.28752
0.40398
0.59941
0
0.0388
0.03856
0.02529
0
0
0.39193
0
0
0
0
0
0
0.03875
0.03892
0
0.03862
0
0
0.0381
0
0
0.04721
0
0
0
0
0.04688
0.04669
0.06836
0.0386
0
0
0
0
0
0
0
0
0
0
0
0
0
0.0376
0.0388
0
0
0
0
0.04586
0
0
0
0
0
0
0.14109
0
0
0.23959
0.04662
0
0
0
0.0996
0
0
0.04581
0
0
0
0
0.03839
0
0
0
0
0
0.23975
0
0
0
0
0
0
0
0
0
0
0
0
0
0.04664
0.03183
0
0.04689
0
0
0
0
0
0
0
0
0
0.03755
0.03854
0
0
0
0
0
0
0
0
0
0.10936
0
0.04522
0.04722
0
0.04677
0
0
0
0
0
0
0
0
0
0
0
0
0
0
0.04678
0
0
0
0.04592
0.04575
0.03701
0
0.0515
0
0.05107
0
0
0.04641
0
0
0.04619
0
0
0.05129
0.02543
0
0
0
0
0
0
0
0
0
0.02551
0
0
0
0
0
0
0
0.03732
0
0
0
0.03861
0
0.06515
0
0
0.04593
0.03865
0
0
0
0
0.04582
0
0.08956
0.04582
0
0.04393
0
0.02567
0
0
0
0
0
0.03827
0
0
0
0
0
0
0
0.03736
0
0.03874
0.03765
0
0
0.02989
0
0
0
0.02562
0
0
0.04387
0.04487
0.03804
0
0
0
0.04631
0
0
0
0
0
0.01521
0
0
0
0
0.04771
0
0
0
0.3685
0.03868
0.03843
0.31297
0.02554
0.01517
0
0.03735
0
0
0.18745
0.03883
0
0.02637
0
0
0
0
0
0
0.03751
0
0.26373
0
0
0.03839
0.04532
0.14066
0
0
0.04486
0
0.17871
0.01196
0.0464
0
0.03832
0.11604
0.01323
0
0.03838
0
0.03862
0.49789
0
0.59412
0
0.01559
0
0
0.03742
0
0.0468
0
0.43572
0
0.28048
0
0
0
0
0
0
0.05374
0
0
0.07719
0.03784
0
0.03824
0.4786
0
0
0
0
0
0
0
0
0
0
0.04504
0.01296
0
0
0
0.01592
0.2225
0
0
0
0.03877
0.04571
0
0
0.03706
0
0
0.0463
0
0
0
0
0
0
0.51198
0
0
0.55086
0.31245
0
0
0
0
0
0
0.04738
0
0
0.03902
0
0
0.0459
0.44827
0
0
0
0.03813
0
0
0
0.04515
0
0
0
0
0
0.03762
0
0
0
0
0.04915
0
0
0.04636
0
0
0
0
0
0
0
0
0
0.46681
0
0
0.03082
0
0.04576
0
0.0374
0
0.02656
0
0
0
0
0.06788
0
0
0.04659
0
0
0
0
0
0
0
0
0.03738
0.04561
0.04545
0
0.05142
0
0
0
0.04651
0
0.15682
0.04766
0
0
0
0
0
0
0
0.046
0
0.05407
0
0
0
0.55152
0
0.59804
0.21566
0.05973
0
0
0
0
0
0
0.03758
0
0
0.19687
0
0
0.0464
0
0
0
0
0
0
0
0.0774
0.27065
0
0
0.03757
0.59869
0
0
0
0
0
0.46823
0
0
0
0
0
0.04559
0
0
0
0.03916
0
0.03759
0.03749
0
0
0.04613
0
0
0
0
0.04925
0
0
0
0
0
0.04495
0.03241
0
0.04688
0
0.02596
0
0
0
0.01575
0
0.06808
0
0.04749
0
0
0
0
0.03923
0
0.07728
0
0
0
0.35285
0
0.06524
0
0.26356
0
0.23599
0.04597
0
0
0
0
0
0
0
0
0
0
0
0
0
0
0.0458
0.24406
0.0388
0.04901
0
0.04613
0
0.03711
0
0.03892
0.04684
0.23476
0
0.54539
0
0.03733
0
0
0.41818
0.38302
0.35082
0.03733
0.03742
0
0
0.43366
0
0
0
0.03189
0.35267
0
0
0
0
0.55008
0
0
0
0
0.08916
0
0
0.35248
0
0
0
0
0
0
0.03725
0
0.03781
0.03867
0
0.0379
0
0
0.34997
0
0
0
0.0378
0.01234
0.24435
0.46677
0.59744
0
0
0
0
0
0
0
0
0
0.24489
0.09584
0
0
0.01252
0
0.0382
0
0.03776
0
0.01297
0
0.08568
0
0.11301
0
0
0
0
0
0
0.1867
0
0.33256
0
0
0
0.03792
0
0.51516
0.31225
0
0
0
0
0.50027
0
0.04506
0
0
0
0.03911
0
0
0
0
0
0
0
0.04649
0
0
0
0.04537
0.04986
0
0
0.5631
0
0.01805
0
0
0
0.03799
0
0
0
0
0.18844
0
0
0
0.01307
0.3162
0.0361
0
0
0.03888
0
0.03872
0
0.04551
0
0.01285
0.03868
0.03735
0
0
0
0.01494
0
0.09858
0
0.02679
0.59789
0.06514
0
0
0.51263
0
0.2462
0.13935
0.34896
0
0
0
0
0
0.04634
0
0
0.05259
0
0
0.04641
0
0.04541
0
0
0
0.59868
0
0
0
0
0
0.0448
0.04546
0.27787
0
0
0
0
0.28112
0.04569
0
0
0.48878
0
0.03855
0
0
0
0
0.12557
0
0
0.07764
0
0
0.04547
0
0.59671
0
0
0
0
0.04563
0
0.29105
0
0
0.04542
0.30303
0.0453
0.0386
0
0.09758
0
0
0
0.04486
0
0
0
0
0.23693
0
0
0
0
0
0.04531
0
0
0
0
0
0
0
0
0
0.03776
0.04622
0
0
0
0
0.03805
0
0
0.59837
0
0
0.0454
0.04688
0
0
0.24579
0
0
0.54707
0.59866
0
0
0
0
0
0
0
0
0
0.246
0
0.03006
0
0
0.55022
0
0.27127
0
0
0
0
0
0
0.03834
0
0.03856
0.04541
0
0
0
0.0458
0
0
0
0
0
0
0
0
0.1722
0.59761
0
0.03834
0.04519
0
0
0.0374
0
0
0.31377
0.04484
0
0
0
0.09705
0
0
0
0.04643
0
0
0
0.10056
0
0.32835
0.02995
0
0.03835
0
0.24602
0
0
0
0.0458
0
0
0
0
0.24468
0
0
0.04628
0
0
0
0
0
0
0.03742
0
0
0.12552
0.01291
0
0
0
0.04524
0
0
0
0
0
0
0.32424
0.54592
0
0
0.04535
0
0.54501
0
0
0
0.01507
0
0
0.1887
0.52991
0
0
0.04516
0
0.02988
0.35026
0
0.08564
0
0.12542
0
0
0.27676
0
0
0
0.01309
0
0.04669
0
0.43334
0
0
0
0
0
0
0
0
0
0
0.35195
0
0.04654
0.41941
0
0.04514
0
0
0
0
0
0
0
0
0
0.0387
0
0
0
0
0
0
0
0
0
0.24272
0
0.05515
0
0
0
0.33472
0
0
0
0.04499
0
0
0.03834
0
0
0
0
0
0
0
0.12591
0
0
0
0
0
0.58063
0
0.44696
0
0
0.54422
0
0
0.03895
0
0
0.21023
0.038
0.08279
0.3512
0.59215
0
0
0
0
0
0.04534
0
0.39698
0
0.26001
0
0
0
0.07793
0.19712
0
0
0
0
0
0.05385
0
0
0
0
0.03131
0
0
0
0
0
0
0.14064
0.05378
0
0
0.13718
0
0
0
0
0
0
0.39613
0
0
0
0.39751
0
0
0
0
0.07035
0.59158
0
0.04495
0.03602
0.53276
0.03955
0
0
0
0.03816
0
0
0
0
0.43565
0.59528
0
0
0
0.59243
0.09616
0
0.48264
0.50725
0
0
0.03829
0
0
0
0
0
0.01233
0
0
0
0.30597
0
0.02698
0.14115
0
0.18428
0
0
0.07044
0
0
0
0
0
0
0
0
0
0
0
0.48916
0.34087
0
0
0
0
0
0
0
0
0
0.11346
0.50782
0.49092
0
0
0.5917
0
0
0
0.57848
0.18719
0
0
0.54342
0
0
0
0
0
0
0
0
0
0.5643
0
0.2891
0
0.0385
0
0.25487
0
0
0
0
0
0
0
0
0
0
0
0
0
0
0
0
0
0
0.1886
0.51471
0
0.63288
0
0
0
0
0
0
0
0
0
0
0
0.09777
0
0
0
0
0
0
0.38024
0
0
0
0
0
0
0
0
0
0
0
0
0
0
0
0
0
0.42035
0
0.43405
0
0
0
0
0
0
0
0.038
0
0
0
0
0
0
0
0.43367
0
0
0
0.10955
0.59639
0.03728
0.54494
0.50625
0.03831
0
0.54568
0
0
0.32235
0
0
0
0.10455
0
0
0.51853
0
0
0
0
0
0.5958
0.34941
0.30684
0.46125
0
0
0.50665
0
0
0.08859
0
0
0
0
0
0
0
0
0.03721
0
0
0
0
0
0
0.59849
0
0
0
0
0
0
0.03834
0
0
0
0.10646
0
0
0.03717
0
0
0.18921
0
0.59733
0.26693
0
0
0
0.34988
0
0
0.34911
0
0
0
0
0.51737
0
0.43633
0
0
0.59745
0
0.38286
0
0
0
0.49795
0
0.45037
0
0.52802
0.40417
0.54645
0
0.49101
0
0
0
0
0.4355
0
0
0
0.43422
0
0.0376
0
0
0
0
0
0.33509
0.56264
0.2709
0
0.4759
0
0.5457
0.56201
0
0
0.54561
0.03804
0
0
0
0.5102
0.59777
0
0.02473
0
0.01352
0
0
0
0
0
0.0372
0.18838
0
0
0.18866
0
0
0
0
0
0.23855
0.06851
0
0.35622
0
0
0
0
0
0.03857
0
0
0
0.01288
0.03779
0
0
0
0
0
0
0
0.03728
0
0
0.03856
0
0
0.03852
0
0
0.50665
0.01349
0.03811
0
0
0
0
0
0
0
0
0
0
0
0
0
0
0.44514
0.61539
0
0.03765
0
0
0
0
0
0.03819
0
0
0.14395
0.038
0
0
0
0
0
0
0
0
0
0
0
0
0
0
0
0
0
0.06848
0
0
0
0
0
0.03864
0
0
0
0
0
0
0
0.03711
0.03702
0
0
0
0
0.59772
0
0
0.05391
0
0
0
0
0
0
0
0
0
0
0
0.55632
0
0
0.03813
0
0
0
0.35099
0
0
0.03586
0
0
0
0
0
0.52978
0
0
0
0
0
0
0
0
0
0
0
0
0
0
0
0
0
0
0
0
0
0
0
0
0
0
0
0.05373
0.03767
0
0
0.03845
0
0
0
0
0
0
0
0
0
0
0
0
0.05393
0
0
0.08294
0
0
0
0
0.02675
0
0
0
0
0
0
0
0
0
0
0.12889
0.083
0
0
0
0.01793
0
0
0
0
0
0
0
0
0
0
0
0
0
0
0
0
0
0
0
0
0
0
0
0
0
0
0
0
0
0
0
0
0
0
0
0
0
0
0
0
0
0
0
0
0
0
0
0
0
0
0.59773
0
0
0
0
0
0
0
0
0
0.24416
0
0
0
0
0
0.24389
0
0
0.03715
0
0
0.03748
0
0
0
0
0
0
0
0
0
0.5495
0
0
0
0
0
0.01795
0
0
0
0
0
0
0
0
0.58206
0
0
0
0
0.50076
0
0
0
0
0
0
0.32434
0
0
0
0
0
0
0
0
0
0
0
0
0
0
0
0
0
0.22447
0
0
0
0
0
0
0
0
0
0
0
0.0981
0.54314
0
0
0
0
0
0
0
0
0
0
0
0
0
0
0
0
0
0
0
0
0
0.1278
0
0
0
0
0
0
0
0
0
0
0
0.24389
0
0
0.52214
0
0
0
0
0
0
0
0
0
0
0
0
0
0
0
0
0
0
0.17791
0
0
0
0
0.59593
0
0
0
0
0
0
0
0
0
0
0.05396
0
0
0
0
0
0
0
0
0
0
0
0
0
0
0
0
0
0
0
0
0
0
0.03712
0
0
0
0.18679
0
0
0
0
0
0
0
0
0
0.24305
0
0.24175
0
0
0
0
0
0
0
0
0
0
0
0
0
0
0
0.06748
0
0.57971
0
0
0.15793
0
0
0
0
0.24511
0
0
0
0
0
0
0
0
0
0
0
0
0
0
0
0
0
0.633
0
0
0
0
0
0
0
0
0
0
0
0
0
0
0
0
0
0
0
0
0
0
0
0
0
0
0
0
0
0
0
0
0.46718
0
0
0
0
0
0
0
0
0
0
0
0
0
0
0
0
0
0
0
0
0
0
0.24543
0
0
0
0
0
0
0
0
0
0
0
0
0
0
0.17234
0
0
0
0
0
0
0
0
0
0
0.24854
0
0
0
0
0
0
0
0
0
0
0
0
0
0
0
0
0
0
0
0
0
0
0
0
0
0
0
0
0
0
0
0
0
0
0
0.05393
0
0
0
0
0
0
0
0
0
0
0
0
0
0
0
0
0
0
0
0
0
0
0
0
0
0
0
0
0
0
0
0
0
0.49168
0
0.46215
0
0
0
0
0
0
0
0
0.20502
0
0
0
0
0
0
0
0
0
0
0
0
0
0
0
0
0
0
0
0
0
0.24289
0
0
0
0
0
0
0
0
0
0
0
0
0
0
0
0
0
0
0
0
0
0
0
0
0
0
0
0
0
0
0
0
0
0
0
0
0
0
0
0
0
0
0
0
0
0
0
0
0
0
0
0
0
0
0
0
0
0
0
0
0
0
0
0
0
0.15792
0
0
0
0
0
0
0
0
0
0
0
0.30195
0
0
0.47792
0.24156
0
0
0
0
0
0
0
0
0
0
0.18661
0
0
0
0
0
0
0
0
0
0
0
0
0
0
0
0
0
0
0.2418
0.30123
0
0
0
0
0.03583
0
0
0
0
0
0
0
0
0
0
0
0
0
0
0
0
0
0
0
0
0
0
0
0
0
0
0
0
0
0
0
0
0
0
0
0
0
0
0
0
0
0
0
0
0.4184
0
0
0
0
0
0
0
0
0
0
0
0
0
0.25993
0
0
0
0
0
0
0
0
0
0
0
0
0
0
0
0
0
0
0
0
0
0
0
0
0
0
0
0
0
0
0
0
0
0
0
0
0
0
0
0
0
0
0
0
0
0
0
0
0
0
0
0
0
0
0
0
0
0
0
0
0
0
0
0
0
0
0
0
0
0
0
0
0
0
0
0
0
0
0
0
0
0
0
0
0
0
0
0
0
0
0
0
0
0
0
0
0
0
0
0
0
0
0
0
0
0
0
0
0
0
0
0
0
0
0
0
0
0
0
0
0
0
0
0
0
0
0
0
0
0
0
0
0
0
0
0
0
0
0
0
0
0
0
0
0
0
0
0
0
0
0
0
0
0
0
0
0
0
0
0
0
0
0
0
0
0
0
0
0
0
0
0
0
0
0
0
0
0
0
0
0
0
0
0
0
0
0
0
0
0
0
0
0
0
0
0
0
0
0
0
0
0
0
0
0
0
0
0
0
0
0
0
0
0
0
0
0
0
0
0
0
0
0
0
0
0
0
0
0
0
0
0
0
0
0
0
0
0
0
0
0
0
0
0
0
0
0
0
0
0
0
0
0
0
0
0
0
0
0
0
0
0
0
0
0
0
0
0
0
0
0
0
0
0
0
0
0
0
0
0
0
0
0
0
0
0
0
0
0
0
0
0
0
0
0
0
0
0
0
0
0
0
0
0
0
0
0
0
0
0
0
0
0
0
0
0
0
0
0
0
0
0
0
0
0
0
0
0
0
0
0
0
0
0
0
0
0
0
0
0
0
0
0
0
0
0
0
0
0
0
0
0
0
0
0
0
0
0
0
0
0
0
0
0
0
0
0
0
0
0
0
0
0
0
0
0
0
0
0
0
0
0
0
0
0
0
0
0
0
0
0
0
0
0
0
0
0
0
0
0
0
0
0
0
0
0
0
0
0
0
0
0
0
0
0
0
0
0
0
0
0
0
0
0
0
0
0
0
0
0
0
0
0
0
0
0
0
0
0
0
0
0
0
0
0
0
0
0
0
0
0
0
0
0
0
0
0
0
0
0
0
0
0
0
0
0
0
0
0
0
0
0
0
0
0
0
0
0
0
0
0
0
0
0
0
0
0
0
0
0
0
0
0
0
0
0
0
0
0
0
0
0
0
0
0
0
0
0
0
0
0
0
0
0
0
0
0
0
0
0
0
0
0
0
0
0
0
0
0
0
0
0
0
0
0
0
0
0
0
0
0
0
0
0
0
0
0
0
0
0
0
0
0
0
0
0
0
0
0
0
0
0
0
0
0
0
0
0
0
0
0
0
0
0
0
0
0
0
0
0
0
0
0
0
0
0
0
0
0
0
0
0
0
0
0
0
0
0
0
0
0
0
0
0
0
0
0
0
0
0
0
0
0
0
0
0
0
0
0
0
0
0
0
0
0
0
0
0
0
0
0
0
0
0
0
0
0
0
0
0
0
0
0
0
0
0
0
0
0
0
0
0
0
0
0
0
0
0
0
0
0
0
0
0
0
0
0
0
0
0
0
0
0
0
0
0
0
0
0
0
0
0
0
0
0
0
0
0
0
0
0
0
0
0
0
0
0
0
0
0
0
0
0
0
0
0
0
0
0
0
0
0
0
0
0
0
0
0
0
0
0
0
0
0
0
0
0
0
0
0
0
0
0
0
0
0
0
0
0
0
0
0
0
0
0
0
0
0
0
0
0
0
0
0
0
0
0
0
0
0
0
0
0
0
0
0
0
0
0
0
0
0
0
0
0
0
0
0
0
0
0
0
0
0
0
0
0
0
0
0
0
0
0
0
0
0
0
0
0
0
0
0
0
0
0
0
0
0
0
0
0
0
0
0
0
0
0
0
0
0
0
0
0
0
0
0
0
0
0
0
0
0
0
0
0
0
0
0
0
0
0
0
0
0
0
0
0
0
0
0
0
0
0
0
0
0
0
0
0
0
0
0
0
0
0
0
0
0
0
0
0
0
0
0
0
0
0
0
0
0
0
0
0
0
0
0
0
0
0
0
0
0
0
0
0
0
0
0
0
0
0
0
0
0
0
0
0.01156
0
0
0
0
0
0
0
0
0
0
0
0
0
0
0
0
0
0
0
0
0
0
0
0
0
0
0
0
0
0
0
0
0
0
0
0
0
0
0
0
0
0
0
0
0
0
0
0
0
0
0
0
0
0
0
0
0
0
0
0
0
0
0.06383
0
0
0
0
0
0
0
0
0
0
0
0
0
0
0
0
0
0
0
0
0
0
0
0
0
0
0
0
0
0
0
0
0
0
0
0
0
0
0.16926
0
0
0
0
0
0
0
0
0
0
0
0
0
0
0
0
0
0
0
0
0
0
0
0
0
0
0.05843
0
0
0
0
0
0
0
0
0
0
0
0
0
0
0
0
0
0
0
0
0
0
0
0
0
0
0
0
0
0
0
0
0
0
0
0
0
0
0
0
0
0
0
0
0
0
0
0
0
0
0
0
0
0
0
0
0
0
0
0
0
0
0
0
0
0
0
0
0
0
0
0
0
0.05212
0
0
0
0
0
0
0
0
0
0
0
0
0
0
0
0
0
0
0
0
0.21683
0
0
0
0
0
0
0
0
0
0
0
0
0
0
0
0
0.01732
0
0
0
0
0
0
0
0.19732
0
0
0
0
0
0
0
0
0
0
0
0
0
0
0
0
0
0
0
0
0
0
0
0.14128
0
0
0
0
0
0
0
0
0
0
0
0
0
0
0
0
0.05283
0
0
0
0
0
0.14129
0
0
0
0
0.14131
0
0
0
0
0
0
0
0
0
0
0
0
0.0587
0
0
0
0
0
0
0
0
0.32692
0
0
0
0
0
0
0
0
0
0
0
0
0
0
0
0
0
0
0
0.08592
0
0
0
0
0
0
0
0
0
0.32764
0
0
0
0
0.05265
0.0565
0
0
0
0
0
0
0
0
0
0
0
0
0
0
0
0
0
0.05322
0
0
0
0
0
0
0
0
0
0
0.32652
0
0
0
0
0
0.05299
0
0
0
0
0
0
0
0
0
0
0
0
0
0.19789
0
0
0
0
0
0
0
0
0
0
0
0
0
0
0
0
0
0
0
0
0
0
0
0
0
0
0
0
0
0
0
0.18026
0
0
0
0
0
0
0
0
0.29136
0
0
0
0
0
0
0
0
0
0
0
0
0
0
0
0
0
0
0
0
0
0
0
0.2232
0
0.25624
0
0
0
0
0.18817
0.04674
0
0.06267
0
0
0
0
0
0
0
0
0
0
0.03557
0
0
0
0
0
0.08595
0
0.14473
0
0
0.28643
0
0
0.17867
0
0.17583
0
0.1082
0
0
0
0
0.08767
0
0
0
0
0
0
0
0
0.15396
0
0
0
0.07477
0
0.08618
0
0
0.15524
0
0
0
0
0
0
0.15374
0
0
0
0
0
0
0
0
0
0
0
0
0
0
0
0.2851
0
0
0
0
0
0
0
0
0.12582
0
0.28472
0
0
0
0
0
0
0.01728
0.05325
0
0
0
0
0
0
0
0
0
0
0
0
0
0
0
0
0
0
0
0.03601
0
0
0
0
0.01195
0.24836
0
0
0.07647
0
0
0
0
0
0
0
0.01194
0
0
0
0.15199
0
0
0
0.31595
0
0
0
0.20582
0
0
0
0
0
0
0
0
0
0
0.31722
0
0
0.1548
0.07489
0
0
0
0
0
0
0
0
0
0.29453
0
0
0
0
0
0
0.24127
0
0.07437
0
0
0
0
0
0
0
0
0
0
0
0
0.23751
0
0
0
0.17702
0.19146
0
0
0
0.29047
0
0
0.13297
0
0
0
0.29102
0
0.15331
0
0
0.23786
0.14941
0
0.21299
0
0
0
0.28548
0
0
0.15694
0
0.21939
0
0
0
0.12377
0.0275
0
0
0
0
0.02231
0
0.19004
0
0
0.16786
0
0
0
0.01188
0.26636
0
0
0
0
0
0.15447
0
0
0
0
0.29111
0
0.02374
0
0
0.21766
0
0
0
0.18421
0
0
0.06837
0.06876
0
0
0
0
0
0.05277
0
0
0.2936
0
0
0
0.11889
0
0
0
0
0.27825
0
0
0.14861
0
0
0.0174
0
0.22163
0
0
0
0
0
0
0
0
0.03529
0.21906
0
0.13886
0
0
0.15373
0
0.21977
0
0.15363
0
0
0.03289
0.31412
0
0.03545
0.05132
0
0
0
0.15517
0
0
0
0
0.29552
0
0
0.0758
0
0.21888
0
0
0.15298
0.18671
0.29232
0.25641
0.1854
0
0
0.07592
0
0.25293
0.17869
0
0
0.11499
0
0.30317
0.01156
0
0.11272
0
0.17026
0.15182
0
0
0
0
0
0.1412
0
0.29148
0
0
0
0.2922
0.1127
0
0.21745
0
0.13306
0
0.01161
0.15261
0.24567
0
0.26888
0.02312
0.05406
0.18802
0
0
0.08617
0.07589
0
0
0
0
0
0.0757
0.15245
0.1873
0
0.21732
0.18583
0.17346
0
0.03515
0
0.15116
0.22027
0
0
0
0
0.18676
0.14447
0.21977
0
0
0.17793
0
0
0
0
0.2216
0
0
0
0.0346
0.29319
0.06446
0
0
0
0
0.29092
0.03509
0
0.20021
0
0.17594
0
0
0
0.03469
0
0.07062
0
0.03341
0
0
0
0
0.09895
0.29109
0
0
0.15533
0.15219
0
0
0.08345
0.19874
0.04334
0.07548
0
0
0.08685
0.18752
0
0.21821
0
0.07681
0.15527
0
0.16998
0.07862
0.05147
0
0
0
0.2045
0.03149
0
0
0
0.05378
0
0
0.05155
0
0
0.01054
0.08644
0
0.1538
0.13876
0
0
0.16936
0.1582
0
0.11956
0.04477
0
0
0.21896
0
0
0
0
0
0
0
0.0448
0.16917
0.17854
0
0
0
0
0.1145
0.11461
0.31699
0.03515
0
0.16793
0
0.1223
0.06892
0.15528
0.1184
0.28653
0.02319
0
0.15548
0.17867
0
0
0.20945
0.15441
0.127
0.28875
0.29123
0
0.28198
0.16897
0.05355
0.12221
0
0
0.16877
0
0.22733
0.28857
0
0
0
0.25527
0
0
0.09091
0.04327
0.29081
0.1783
0
0
0
0
0.22703
0.19163
0.28423
0
0
0
0
0
0
0.15125
0
0.26919
0
0.03342
0.29482
0
0.1559
0
0.06562
0
0.05149
0.01193
0.23253
0
0
0.1556
0
0
0
0.09712
0.21752
0
0
0.03342
0.26158
0
0.1413
0.09877
0.2211
0
0
0.17798
0.15436
0.05387
0.17818
0.05401
0
0.27937
0.25495
0
0.10508
0.06823
0.21727
0.18621
0.22179
0
0.20157
0.12215
0
0.13922
0.11065
0.11804
0
0.15148
0.03346
0
0.04296
0
0
0.05609
0.21957
0.29094
0
0.31643
0.23485
0.11111
0.05397
0.16847
0.03346
0.2289
0
0.29448
0
0.19042
0.12166
0.0347
0.14452
0.20937
0.29106
0
0.20163
0.17466
0.12208
0
0
0.26802
0.2279
0.07699
0.23083
0.12216
0.25455
0.01156
0
0.16189
0.15465
0.12789
0.1444
0.13031
0.14424
0.06904
0.05171
0.03475
0
0.05555
0.13297
0.08633
0
0.10847
0.15501
0.07656
0.04447
0.10512
0
0.20945
0
0
0.21067
0.20154
0.02332
0.13705
0.20238
0.28515
0.11871
0.14926
0
0
0.21235
0.19392
0
0.14426
0.22325
0
0
0
0.12186
0.14412
0
0
0.28715
0.02381
0
0.05853
0.24731
0.20548
0.30612
0.24007
0.23202
0.2022
0.04305
0.1586
0.15547
0.09833
0
0.28724
0.11073
0.25636
0.21096
0.19527
0.18976
0.01047
0.18628
0.05854
0.25557
0.28646
0
0.18763
0.1305
0
0
0.18913
0
0.05216
0
0.17762
0.15454
0
0.29125
0
0.18223
0
0.31625
0.07884
0.14961
0
0
0.07711
0.03462
0
0.16831
0.15374
0
0.2184
0.28633
0.05576
0
0.06654
0.12237
0.1198
0.28625
0
0.08621
0.29393
0.30477
0.15175
0.22047
0.17855
0.10588
0.15439
0.22873
0.29528
0.19474
0.07836
0.0754
0.23729
0.16824
0.2288
0.17456
0.19752
0.20942
0.04453
0.19995
0
0.09914
0.29504
0.30556
0
0.27771
0.26614
0
0.1409
0.06435
0
0.03511
0
0.1104
0.01158
0.19858
0
0
0.08663
0
0
0.19783
0.31686
0.26731
0.11955
0.15236
0.12214
0.11953
0.10987
0.18773
0
0
0.16795
0.26637
0.03542
0
0.03128
0.28748
0.16907
0.03347
0.16918
0.28858
0
0.03509
0
0.11903
0.17708
0.122
0.09047
0
0.05362
0.15423
0.29506
0
0.21032
0.08668
0.18767
0.28582
0.16401
0.25351
0.25307
0.19831
0.15256
0.10532
0
0.15511
0.29342
0.16314
0
0.2315
0.08711
0.20984
0
0.10916
0.16934
0.03477
0.1871
0.20162
0.03463
0.29316
0.31655
0.03905
0.15336
0
0.31813
0.15542
0.25924
0.15238
0.16828
0.18509
0.27132
0.03529
0.03343
0
0.10416
0.1938
0.31628
0.12446
0.07362
0.18744
0.28775
0.28488
0.28899
0.14015
0.1874
0.09618
0.17866
0.2958
0.14479
0.16584
0.15856
0.23925
0.24844
0
0.15143
0
0.15969
0.15284
0.29206
0.10463
0
0.11922
0.11978
0.16919
0.1674
0.30716
0.17693
0.3166
0.04504
0.15609
0.30645
0.01116
0.31695
0.28648
0.2951
0.15126
0
0.29176
0
0.13583
0.21839
0.05401
0.18502
0.30569
0.11863
0
0.11073
0.12236
0.24914
0.15056
0
0.19371
0
0.12419
0.22298
0
0.31757
0.23184
0
0.18582
0.28481
0.11011
0.27445
0.20943
0.31611
0.27117
0.31637
0.1737
0.20111
0.05726
0.14056
0.20916
0.19723
0.29617
0.23068
0.12968
0
0.08602
0.31683
0.02753
0.16845
0.29266
0.2311
0.12211
0.23805
0
0.25124
0.17658
0.29435
0.16806
0.11926
0.25543
0.11885
0.17642
0.13318
0.28406
0.10933
0
0.23257
0.1087
0.29492
0.21347
0.12178
0.12927
0.18591
0
0.31736
0
0.01114
0.20968
0.2944
0.21427
0
0.1107
0
0.09813
0.31631
0.29298
0.02304
0.2878
0
0.28858
0
0
0.19621
0.23697
0.05666
0.03466
0.18774
0.1293
0.29159
0
0.04444
0.13353
0.10772
0.13353
0.10808
0.31603
0.20884
0.05338
0.20574
0.22045
0
0.30955
0.2657
0.01378
0.1183
0.27813
0.05373
0.12269
0.08734
0.22821
0.15964
0.04625
0.01728
0
0
0.21627
0.21109
0
0.21278
0.15471
0.04841
0.24928
0.21756
0.14811
0.23388
0.24286
0.03576
0.19671
0.29057
0.26713
0.27832
0.18561
0.17691
0
0.1194
0.15156
0.15592
0.11074
0.16597
0.21174
0.09737
0.2854
0.30718
0
0.23136
0.11064
0.15392
0.25379
0.18747
0
