0
0
0
0.0291
0
0.0437
0
0
0
0
0
0
0.01444
0.02894
0
0
0
0
0.04359
0
0.04394
0
0
0
0
0
0
0.08529
0.04391
0
0
0
0.04336
0
0
0
0
0
0
0
0
0
0
0
0.02942
0
0
0
0
0
0
0
0
0
0
0
0.08514
0.08407
0
0
0
0
0
0
0
0.04459
0.044
0.0448
0
0
0
0
0
0
0
0
0
0
0.04348
0
0
0
0.04398
0
0.04363
0
0.04427
0
0
0.04352
0.3596
0
0.12251
0
0
0.32011
0
0.2572
0.29992
0
0
0.27209
0.29767
0.29982
0.25629
0
0
0
0
0
0.12842
0.27204
0.30085
0.2595
0
0
0.29729
0
0.16306
0.20216
0.18873
0
0.1486
0.33449
0.15859
0
0
0.04124
0
0.08325
0
0.08237
0.08303
0
0
0
0.07754
0
0
0.05862
0
0.2979
0.11675
0
0
0.02716
0
0
0.02821
0
0
0.04212
0
0
0
0.04077
0
0
0
0
0.12309
0
0
0
0.16675
0
0.74404
0.15311
0.75789
0.77976
0.7873
0.83828
0.74389
0.78005
0.80175
0.15307
0.08927
0.81668
0.53752
0.02873
0.85202
0.7578
0.78032
0.20442
0.18893
0.0569
0.77695
0.7015
0.78246
0.04428
0
0
0.32194
0.05992
0.56817
0.69676
0.02746
0
0.15974
0.15891
0.02723
0
0.04121
0.08584
0
0.05852
0.04092
0.04614
0.33455
0
0.3319
0.96642
0.74366
0.88602
0
0
0.66972
0.62778
0.25495
0.71194
0.15321
0.03045
0.56945
0.18657
0
0.26597
0
0
0.58492
0.48246
0.27523
0.8928
0
0
0.05688
0
0.75786
0.53684
0.72416
0.22293
0.81739
0.3541
0.24231
0.22989
0
0.43684
0.02964
0.19697
0.04365
0.30371
0
0.31114
0
0.12456
0.15102
0.32729
0
0.73903
0.51667
0.46663
0
0
0
0.24869
0
0
0.3087
0.46068
0.30715
0.46624
0.07357
0
0
0
0.04346
0
0.22531
0.33321
0.24464
0.28901
0.16637
0
0.30674
0.12999
0.3077
0
0
0.36977
0.62545
0.04446
0.1041
0.23435
0.27512
0.1576
0.28857
0.04377
0
0
0.76091
0
0.03935
0
0.36946
0
0
0.04275
0.59738
0.4769
0.496
0.05997
0
0.37103
0
0.25454
0.30195
0.0468
0
0
0.04355
0.04171
0.04255
0.76005
0.04311
0
0.22006
0
0.03453
0.22785
0.04414
0.30739
0.45121
0
0
0.16298
0
0
0.04344
0.28865
0
0
0
0
0.07526
0
0
0
0.36949
0.04293
0
0.04321
0.27278
0.02845
0
0.4985
0.69404
0
0.11625
0.31653
0.17878
0.16175
0.08818
0.36911
0
0.04368
0.37064
0.28856
0
0.04228
0.19563
0.14811
0.0467
0
0
0.34965
0
0
0
0
0
0.16938
0.05925
0
0.01436
0.32331
0.35404
0.32396
0.08114
0.16689
0.30757
0.3327
0.07426
0.26849
0.62217
0
0.11491
0
0
0
0
0
0
0
0
0
0.20417
0.29963
0.39848
0.21328
0.26758
0.20541
0.04397
0.0148
0.09002
0.07467
0.04381
0.38504
0.1159
0.21213
0.16371
0
0
0
0.25026
0
0
0
0.18613
0.05837
0.04169
0.54441
0.17045
0
0.18718
0.30294
0.0655
0.24832
0
0.55873
0.46653
0.16226
0.13072
0.36662
0.46463
0
0
0.59792
0
0
0.14849
0
0
0
0.30619
0.23452
0.17989
0.18147
0.19776
0
0
0.06166
0.44994
0.01427
0
0
0.1135
0
0
0
0.03097
0.01546
0.27563
0.16675
0
0.01367
0
0
0.04125
0.18913
0
0.08993
0
0.18326
0
0.76085
0
0
0
0
0
0
0.09975
0
0.06652
0.04346
0.04351
0
0
0.02927
0
0.04292
0
0
0
0
0
0
0
0
0
0
0
0
0
0
0
0
0.15253
0.53863
0.08604
0.36876
0.08617
0.04395
0.32665
0
0.06719
0.42136
0.64182
0
0.24696
0
0
0
0.07327
0
0
0
0.02849
0.0427
0.01423
0.04288
0
0
0.03267
0
0
0
0
0
0
0
0.13309
0.03769
0.10448
0.33354
0.2484
0.07518
0.10591
0.24983
0
0.04386
0
0.0428
0.34919
0
0
0
0
0
0.35393
0.91286
0
0.04344
0
0
0
0
0
0
0
0
0.31634
0.33179
0
0.04007
0.10788
0.18465
0.0306
0.10501
0.04035
0.24754
0
0.33314
0.07115
0.33292
0.05837
0.35133
0
0.49943
0
0
0
0
0
0.1353
0
0
0
0
0
0.01466
0
0
0
0
0
0
0.41393
0
0
0
0
0.27558
0.10185
0.26337
0
0
0
0.35069
0.23643
0.45074
0
0.35072
0
0
0.04327
0
0.02859
0
0.56857
0
0.3701
0.3763
0.2143
0
0.0469
0
0
0
0
0
0
0.21515
0.18451
0.18194
0.11304
0.24817
0.22808
0
0
0
0.33238
0.31876
0.08626
0.08553
0.21321
0.418
0
0.19549
0.65272
0
0.70066
0.34999
0
0
0
0
0.04376
0.04338
0
0.0444
0.04138
0.23832
0
0
0
0
0
0.01891
0
0
0
0
0.30144
0.01497
0.10526
0
0
0
0
0
0
0.3175
0
0
0
0
0
0
0.06089
0
0
0
0
0
0
0
0.14375
0
0.29517
0.31258
0
0
0.23124
0.54929
0
0
0
0
0
0
0
0
0
0
0.04246
0.04366
0.30788
0
0
0
0
0
0.24802
0
0
0
0
0
0
0.31747
0
0.06971
0.28197
0
0
0
0.24905
0
0.20034
0
0.04347
0
0
0
0.01648
0
0
0
0.46507
0.3085
0
0.39135
0.06584
0
0
0
0
0
0
0
0
0.33357
0.33263
0
0.28889
0
0.06844
0
0
0
0
0.3323
0
0
0.47208
0
0
0
0
0.04374
0
0
0
0
0
0
0
0
0
0
0
0
0
0
0.04384
0.04379
0
0.04814
0
0
0
0
0
0
0
0
0.16207
0.0166
0.30982
0
0
0.28839
0
0.28864
0.04904
0.0342
0.01969
0
0
0
0
0
0
0.15299
0
0.13966
0.06326
0.68379
0
0
0.16346
0
0
0
0
0
0
0.04274
0.29063
0
0
0
0
0.01453
0.04705
0
0
0.0943
0
0
0
0
0
0.13414
0
0
0
0
0
0
0.03263
0
0
0
0.13742
0.27514
0.6846
0.29516
0
0.04336
0
0
0.24832
0.75727
0
0.08527
0.13469
0.42161
0.07092
0
0.14742
0
0.19636
0.09975
0
0
0
0.25691
0.85862
0
0
0
0
0
0
0
0.04727
0.36053
0
0.19044
0.14892
0.09444
0
0.04792
0
0.0145
0
0
0
0
0
0
0.14619
0
0.28838
0
0
0.33363
0.14424
0.17874
0
0.15103
0
0.46272
0
0
0.05082
0
0.35023
0
0.06676
0
0
0.04102
0
0
0
0
0.36982
0.38663
0.55414
0
0
0.01599
0
0
0
0
0
0
0
0
0
0
0
0
0
0.03033
0
0.11276
0.02897
0.08472
0
0.09421
0.01448
0
0.26808
0
0.09478
0.26179
0.19537
0.02664
0
0
0.33327
0.35183
0.13414
0
0.15311
0
0
0.04339
0.55472
0.68193
0.43056
0
0
0
0
0
0
0
0
0.09989
0
0
0
0.25177
0
0
0
0.05811
0.10215
0
0
0
0
0.29763
0
0
0
0
0
0.2887
0
0
0
0.1531
0
0
0
0
0
0
0
0
0
0
0
0
0
0
0
0
0.9118
0
0
0.36894
0
0.74555
0.04751
0
0
0.27562
0
0
0.10476
0.0517
0.10469
0.22785
0.05184
0
0
0.08512
0.28912
0
0
0.15351
0
0
0.10622
0
0.24661
0.05865
0.19725
0.35113
0
0
0.11349
0
0
0.06722
0
0
0
0
0
0.04352
0
0
0.01384
0
0.0415
0
0
0
0
0
0
0
0.03999
0
0
0
0
0
0.16739
0.67583
0.28461
0
0
0
0
0
0
0
0
0
0.11086
0
0
0.20226
0
0.01348
0.04051
0
0
0.04068
0
0
0.28954
0
0
0.34973
0
0
0
0.09673
0.28693
0
0
0.13696
0
0
0
0.06039
0
0.04126
0
0
0.53898
0.04115
0
0
0
0
0
0
0
0.05466
0.0409
0.04023
0.04071
0
0.04039
0.04092
0.04071
0.04105
0.081
0.08054
0
0
0.03979
0
0
0.02755
0
0
0
0
0.15274
0.12163
0
0
0
0
0
0
0
0
0
0
0.11246
0.03942
0
0
0.23188
0.14389
0
0
0
0.04369
0
0.13011
0
0.35134
0.94816
0.98029
0
0.15419
0
0
0
0
0
0.06163
0
0
0
0
0.04109
0
0.08224
0
0
0
0.08141
0.04047
0.04019
0.04013
0.03998
0.0399
0.02671
0.04022
0.0801
0
0.08042
0.04149
0
0
0.04749
0
0
0.04441
0
0
0
0
0
0
0
0
0
0.01448
0
0
0
0
0.20023
0.24338
0.05657
0.07555
0.29996
0
0.02895
0
0.08617
0.35007
0
0
0.10572
0
0
0.086
0
0
0
0
0
0
0
0
0
0.04097
0
0
0
0.03995
0.04321
0.04321
0
0
0.04078
0
0
0.02776
0.01449
0.04176
0
0.04401
0.01397
0.04426
0
0.04093
0.04038
0.01334
0
0
0.04014
0.04164
0.06661
0
0
0
0
0
0
0
0
0
0
0
0
0
0
0
0
0
0
0
0.05475
0
0.24669
0
0
0
0
0.10646
0
0
0.23337
0
0
0.03202
0.06353
0
0.01552
0.10474
0.34994
0
0.11805
0.15891
0
0
0
0
0.10464
0
0
0.04095
0
0
0
0
0
0
0
0.04175
0
0.08049
0
0
0
0.04121
0.04045
0
0
0.01396
0
0.04126
0
0
0.22992
0.298
0.65437
0
0
0
0
0
0
0
0
0
0
0
0
0.02942
0
0
0
0
0
0.04344
0.12667
0
0
0
0.03193
0
0.11889
0
0.04917
0
0
0
0
0.04721
0.16609
0.06598
0.91913
0
0
0
0
0
0
0
0
0
0
0
0.24369
0
0.04073
0
0
0
0
0.04009
0.04023
0
0.04028
0
0.04411
0.05351
0.04142
0
0
0.04347
0.04045
0
0
0
0
0
0.04012
0
0
0
0
0
0
0.02639
0
0.21818
0
0.09535
0.06351
0.32599
0.33514
0.24442
0.37902
0.33427
0
0
0
0
0
0
0
0
0
0
0
0
0.01625
0
0
0
0
0
0.1991
0.02808
0
0
0
0
0
0
0
0
0
0
0
0.02853
0
0.03995
0
0
0
0.04146
0
0.04023
0
0
0
0
0
0.01334
0
0
0.04051
0
0.14662
0.13307
0
0.12824
0.07687
0
0
0
0
0
0
0
0
0
0
0
0
0
0
0
0
0
0
0.01451
0
0
0
0.25872
0.33118
0
0
0
0
0
0
0
0
0.2309
0
0
0
0
0.01443
0
0
0.08076
0
0
0
0.04115
0
0
0
0.02914
0
0
0
0
0
0
0
0
0.04337
0.04044
0
0.04082
0
0
0
0
0.04121
0
0
0
0.04038
0
0.04029
0.04016
0
0
0
0
0.03988
0
0
0
0
0
0
0
0
0.21697
0.27178
0.03964
0.34284
0.09523
0.07673
0
0.02746
0.31421
0.22349
0.04125
0.08524
0
0.33633
0
0
0.57102
0
0
0
0
0
0
0
0
0
0
0
0
0
0
0
0
0.05803
0
0
0
0
0
0.3221
0.11363
0
0
0
0.35101
0.05767
0
0
0.36028
0
0
0
0
0
0
0
0.19432
0
0
0
0
0
0
0
0
0
0
0
0
0
0
0
0
0
0.04149
0
0
0.04143
0
0
0
0
0
0
0.03998
0.08014
0
0
0.03987
0
0
0
0
0
0.32711
0.25601
0
0.08516
0
0
0
0
0
0
0
0
0
0
0
0
0
0
0
0
0
0
0
0
0
0
0
0
0.03296
0
0
0.35144
0
0
0
0.10054
0.08552
0.7164
0.11474
0
0.13575
0
0
0
0
0
0
0.02771
0
0
0
0.04022
0
0
0
0
0
0
0.04008
0
0
0
0.03991
0.01324
0
0
0
0
0.08631
0.06354
0.33939
0.17451
0
0
0
0
0.3344
0
0
0.5992
0
0
0
0.06034
0
0
0
0
0
0
0
0
0
0
0
0
0.35121
0.04942
0.01445
0
0
0.71578
0.16496
0.14333
0.1192
0
0
0
0.18407
0.13382
0
0
0
0
0
0
0
0
0
0.1798
0
0
0
0
0
0
0
0
0.06788
0
0
0
0.0405
0.04031
0.04066
0.04027
0
0
0
0
0
0
0
0
0
0
0.08693
0
0
0.08538
0.08338
0.32335
0
0
0
0
0.12104
0
0
0
0
0
0
0.03199
0
0
0
0
0
0
0
0
0
0
0.10289
0
0
0
0.33236
0
0
0
0.0485
0.50723
0
0
0
0
0
0
0
0
0
0
0.16532
0
0
0
0
0
0
0
0
0
0
0.05426
0.06745
0
0
0
0
0
0.04045
0.04277
0
0
0
0
0
0
0
0.12942
0
0.27143
0
0.09937
0.08521
0.25393
0
0
0.1071
0.12228
0
0
0
0.05828
0
0.61192
0
0
0
0
0
0
0
0
0
0
0
0
0
0
0
0
0
0.14482
0
0
0.01622
0
0.29795
0.11883
0.03416
0
0
0
0
0
0
0
0
0
0
0.04364
0.17807
0.0435
0
0
0
0
0
0
0
0
0
0.03974
0
0.04102
0
0.04078
0
0
0
0
0
0
0
0
0.04025
0
0.32038
0
0
0
0
0.0268
0.07248
0.12857
0.08656
0
0.03881
0
0.07674
0
0
0.37826
0
0.24247
0.07682
0.03965
0
0
0
0
0
0
0
0
0
0
0
0
0
0
0
0
0
0
0
0
0
0.15113
0
0
0
0
0
0
0
0
0.15059
0.08638
0
0
0
0.06829
0
0
0.04347
0
0
0
0
0
0
0
0
0
0.02645
0
0
0.02649
0
0
0.12858
0.04039
0.12431
0.08512
0.0427
0
0.12334
0.24461
0
0.25335
0.12816
0.07683
0
0
0
0
0
0
0
0
0
0
0
0
0
0
0
0
0.04995
0
0
0
0
0
0.1772
0
0
0.11835
0.1069
0.04369
0
0.08009
0.04606
0.19411
0
0
0
0
0
0
0
0
0.04115
0
0
0
0
0
0.04023
0
0.03978
0
0
0
0
0
0
0
0.0133
0
0
0
0
0.02642
0
0.02858
0
0
0
0.08733
0
0.15816
0
0
0.13254
0
0.2276
0.13385
0.33572
0
0
0
0
0
0
0
0
0
0
0
0
0
0.26588
0
0
0
0.04764
0
0.14309
0
0
0
0.10088
0
0
0
0
0
0
0
0
0
0
0
0
0.44509
0
0
0
0
0
0
0
0
0
0
0
0
0
0
0
0
0
0
0.05381
0.0675
0.04076
0
0
0
0
0.11502
0.01429
0
0.08648
0
0.08632
0.05489
0
0.02867
0.09923
0
0.05676
0.16912
0
0.04255
0.22196
0.27025
0.34146
0.33013
0
0
0
0
0.02834
0.01415
0
0.33415
0
0.02645
0.03963
0
0.01383
0
0
0
0
0
0
0
0
0.03411
0
0
0
0
0
0.03396
0
0
0
0
0
0
0
0
0
0
0
0
0
0
0
0.34994
0
0
0
0.0681
0.04188
0
0.04093
0
0
0
0
0.04076
0
0
0
0.03975
0.03978
0.04001
0.03975
0.03998
0
0
0.08782
0
0.04005
0
0.03715
0.15853
0.08538
0
0
0.10027
0
0.33506
0
0
0.08565
0
0
0.12002
0
0
0
0
0
0
0
0
0
0
0
0
0
0
0
0
0
0
0
0
0
0
0
0.04787
0.04753
0.03191
0
0
0
0
0
0
0
0
0.06315
0.03322
0.20043
0
0.08587
0
0
0
0
0
0
0
0
0
0.34945
0
0
0
0
0
0
0
0
0
0
0
0
0
0
0
0
0
0
0
0
0.38617
0
0.34046
0
0.27087
0
0
0
0
0
0
0
0
0
0
0
0
0
0
0
0
0
0.19959
0
0
0
0
0
0
0
0
0
0
0
0
0
0
0
0
0
0.08201
0
0
0
0
0
0
0
0
0
0
0
0
0.03981
0.04062
0
0
0
0
0
0.0862
0
0
0
0.10437
0.01237
0.21525
0
0
0.38736
0.30332
0
0
0
0
0
0
0
0
0.01734
0
0
0
0
0
0
0
0
0
0
0
0.09195
0.18718
0
0.04766
0
0
0
0
0
0
0
0
0
0
0
0.01446
0
0
0
0
0.04003
0.04431
0
0
0
0.07368
0
0
0
0
0.12887
0
0.10024
0.08808
0
0.15332
0.08793
0.17812
0.16886
0
0
0.16763
0.01376
0
0
0
0
0
0
0
0
0
0
0
0
0
0
0
0
0
0.04383
0
0
0
0
0
0
0
0
0
0
0
0
0
0
0
0
0
0
0
0
0
0.04072
0
0
0
0
0
0
0.05805
0.11463
0
0.04135
0.12435
0.38429
0.14739
0.14805
0
0.02759
0.04148
0
0.42674
0
0
0
0
0
0
0
0
0
0
0
0
0
0
0.26309
0.24568
0.1625
0.1938
0.04868
0
0.15038
0
0.10078
0
0
0
0
0
0
0.02642
0
0
0
0.08164
0
0
0
0
0
0
0
0.04112
0.01322
0
0.04389
0
0
0.08748
0.10024
0.08654
0
0.07931
0
0
0
0
0.35468
0
0
0
0.07943
0
0
0
0
0
0
0.35544
0
0
0
0
0.34486
0
0
0
0.15097
0
0
0
0
0
0.10137
0
0
0
0
0
0
0
0.13404
0
0.0413
0
0
0
0
0
0.08111
0
0
0
0
0
0
0
0
0
0
0.08788
0
0.07312
0.08705
0.04066
0
0.17486
0.38611
0.12483
0.07915
0.33287
0.04688
0
0
0
0
0
0
0
0
0
0
0.11758
0
0
0
0.04728
0
0
0
0.24528
0.21756
0
0
0
0
0
0
0.09718
0
0
0
0
0
0
0
0
0.03969
0
0
0.28249
0.28216
0
0
0
0
0
0
0
0.04505
0
0
0
0
0
0
0
0
0
0
0
0
0.15042
0
0
0.04127
0
0
0.07369
0
0.25477
0.08572
0
0.07929
0
0.33
0
0.30571
0.23294
0
0
0
0.02932
0.0414
0
0
0
0
0
0
0
0
0
0
0
0
0
0.28507
0
0
0
0
0
0
0
0
0
0
0.07059
0.07092
0
0
0
0.04714
0
0
0.04344
0
0.13341
0.04762
0
0
0
0
0
0
0
0
0
0
0.30125
0
0.029
0.04436
0
0.0141
0
0
0
0
0
0
0
0
0.04416
0
0
0.08695
0
0
0
0
0
0
0
0
0
0.08655
0
0
0
0
0
0
0
0
0
0
0
0.29603
0
0.26572
0.04159
0
0.03712
0
0
0
0
0
0
0
0
0
0
0.05124
0.58491
0
0
0.19405
0.09675
0
0.04864
0
0
0
0
0
0
0
0
0
0
0
0
0
0.04415
0.0437
0
0
0.02705
0
0
0
0
0
0
0
0
0
0
0
0
0
0.08718
0.08629
0
0
0
0
0
0.07325
0
0.01478
0
0
0.04445
0
0.08629
0
0.08701
0
0
0
0
0
0
0.15574
0
0.21075
0.31833
0.12536
0
0
0
0
0
0
0
0
0
0
0
0
0
0
0
0
0
0
0.29029
0.19634
0
0
0
0.04681
0
0
0
0.06792
0
0.04678
0
0.04814
0
0.04677
0
0.07992
0
0
0
0.04826
0.10076
0
0.15063
0
0
0
0
0.01353
0
0
0
0
0
0
0
0
0
0
0
0
0
0
0
0
0
0
0
0
0
0.04045
0.02956
0
0
0
0
0
0
0
0
0
0
0
0
0
0
0.33685
0.08734
0
0.08734
0
0
0
0
0.32157
0.06497
0
0
0
0
0
0
0
0
0
0
0
0
0
0
0
0
0
0
0
0
0
0
0
0
0
0
0
0
0.2271
0
0
0
0
0
0
0
0
0.03295
0.04505
0
0
0.08096
0.04096
0
0
0
0
0
0.04357
0
0
0.08781
0
0
0
0.07161
0
0
0.1275
0
0
0
0
0
0
0
0
0
0
0
0
0
0
0.08627
0
0
0
0
0.0416
0
0
0.12245
0.27391
0
0
0
0
0
0
0
0
0
0
0
0
0.16504
0
0
0
0
0
0
0
0
0
0
0
0
0
0
0
0.04861
0
0.04933
0
0
0
0.10957
0.0406
0.04357
0
0.04351
0
0
0
0
0.08698
0
0.07146
0.02656
0
0
0
0
0.0876
0.09989
0
0
0
0
0.08613
0
0
0
0.01389
0
0
0.34395
0
0
0
0
0
0
0
0
0
0.02895
0.21236
0
0.60045
0
0
0
0
0
0
0
0
0
0.04667
0.33303
0
0
0
0
0
0
0
0
0
0
0
0
0
0
0
0
0
0.08142
0
0
0
0
0
0
0.04377
0.04351
0
0
0.05864
0
0
0.08749
0.08723
0
0.04365
0.04347
0
0
0
0
0.04124
0.08564
0
0
0
0
0.07063
0
0
0
0
0
0
0
0.0569
0
0.05196
0
0.343
0
0
0
0
0
0
0
0
0
0.43193
0
0
0
0
0
0
0
0
0
0
0
0
0
0
0
0
0.06367
0
0
0
0.04642
0
0
0
0
0
0.04748
0
0
0
0
0
0
0.08134
0
0.04058
0.04082
0
0.04426
0
0
0
0
0
0
0
0.07553
0
0
0
0
0.04384
0
0
0
0.33761
0
0
0
0
0
0.04267
0
0
0
0.17474
0.03935
0
0
0
0.03946
0
0
0
0
0
0
0
0.04343
0
0.37108
0
0
0
0.01444
0
0
0
0.0477
0.04808
0.16729
0
0
0
0
0
0
0
0
0
0
0
0
0
0
0
0.04054
0
0
0
0
0
0
0
0
0
0
0
0.08664
0
0
0
0
0
0
0
0
0.30807
0
0.07036
0
0
0
0
0
0.11427
0
0
0
0
0
0
0
0.02497
0
0
0
0
0
0
0
0
0
0
0
0.38535
0.01571
0
0.04694
0
0
0
0.04747
0.04722
0
0
0
0
0
0
0
0
0
0
0
0
0
0.04159
0
0
0
0
0.09188
0
0
0
0
0
0
0
0
0
0.04363
0
0
0
0
0.3577
0
0
0
0.2725
0
0
0
0
0
0
0.25905
0.07103
0
0.13458
0.01393
0
0
0.01381
0
0.35456
0.07677
0.11473
0.04694
0
0.04728
0.04672
0
0
0.04754
0
0
0
0.16611
0
0
0
0
0
0
0
0
0
0
0
0
0
0
0.15067
0
0
0
0
0
0
0
0
0
0
0
0
0
0
0
0
0.04549
0
0
0
0
0.0288
0
0
0.01435
0
0.04175
0
0
0
0
0
0.39986
0
0.25549
0
0
0
0
0
0
0
0
0
0.01382
0
0.04653
0
0
0.04693
0.04673
0
0
0
0
0.08283
0
0
0
0
0
0
0
0.3817
0.1994
0
0
0
0
0.04761
0
0
0.04743
0
0
0
0
0
0
0
0
0
0
0
0
0
0
0
0
0
0
0
0.04346
0.04338
0
0
0
0
0
0
0
0
0
0
0
0
0
0
0
0
0
0
0.37684
0.1227
0
0
0
0
0
0
0
0
0.03962
0
0.12786
0
0
0
0
0.11695
0
0
0
0
0
0
0
0
0.01541
0
0
0
0
0
0
0.31376
0
0.42466
0.05559
0
0
0
0.04157
0
0
0
0
0
0.24317
0.11301
0
0.07189
0
0.1634
0
0
0
0
0
0
0
0
0.04828
0.04829
0
0.09612
0
0.09707
0
0.04535
0.04378
0
0
0
0
0
0
0
0
0
0
0
0
0
0
0.02812
0.07266
0
0.36361
0
0
0
0.02782
0.12778
0
0.22574
0
0.33414
0
0.03941
0
0
0
0
0
0
0.04682
0.04666
0
0
0
0
0
0
0
0
0
0
0
0.04727
0
0
0
0
0
0
0
0
0
0
0
0
0
0.04727
0
0
0
0.35023
0
0
0.04822
0.01604
0
0
0.06059
0
0
0
0
0
0
0
0
0
0
0
0
0
0
0
0
0
0
0
0
0
0
0
0.05778
0
0
0
0
0
0
0
0.17912
0
0
0.3804
0
0
0
0.02644
0
0.04166
0
0
0.27311
0
0.26917
0
0.23995
0.0505
0.38107
0
0.23156
0.28548
0.16798
0.17375
0.39658
0.09783
0.09788
0.09779
0.09741
0
0
0
0
0
0
0
0
0
0
0
0.01541
0
0
0
0.09797
0
0
0.28059
0
0
0.01381
0
0
0
0
0.24321
0.0491
0.04634
0
0.04809
0
0.04774
0
0
0
0
0
0
0
0
0
0
0.04517
0.04476
0
0
0
0
0
0
0
0.04358
0
0
0
0
0
0
0
0
0.32213
0
0
0.33415
0
0
0.37808
0.37747
0.08287
0.08255
0
0
0.22545
0
0.09656
0
0.21101
0.02486
0
0
0
0.35254
0.07093
0
0.04756
0
0.04663
0.25013
0
0
0
0.25023
0
0
0
0
0
0
0
0
0
0
0.27218
0
0
0
0
0.05092
0
0
0.0506
0.0171
0.05213
0.41469
0
0
0.048
0.01425
0.13511
0
0
0
0
0
0
0.05052
0
0
0
0
0
0
0.05127
0
0
0
0
0
0.09237
0
0
0.11047
0
0
0
0
0
0
0
0
0
0
0
0
0
0
0
0
0
0.36514
0
0
0
0
0
0
0.23166
0
0.09549
0
0.02492
0
0.02639
0.33415
0.29899
0.04651
0
0
0
0.38192
0
0.32695
0.15601
0
0.05013
0.04689
0.32347
0.04757
0
0.2328
0
0
0
0
0
0
0
0.01691
0.08913
0.09025
0
0
0
0.04718
0
0.09787
0.03019
0.36958
0
0
0
0.08384
0
0
0
0
0
0
0
0
0
0
0.05109
0
0
0.14549
0
0.09033
0
0
0
0
0
0
0
0
0
0
0
0
0
0
0.08187
0
0
0
0
0
0
0
0
0
0
0
0
0
0
0
0
0
0
0
0
0
0
0.37374
0.22001
0
0
0
0
0
0
0
0
0
0.33442
0.10839
0.01244
0
0
0.04693
0
0
0
0.45423
0
0
0.07838
0.0645
0.08897
0
0.24917
0.08909
0
0
0
0
0
0.33959
0
0
0.42809
0.45307
0
0
0
0
0.09723
0.11806
0
0
0.13061
0.15998
0.26313
0.06032
0.34618
0
0.09016
0
0
0
0
0
0.05192
0.05218
0
0
0
0
0
0
0
0.04663
0.03246
0
0.05055
0.04793
0
0
0
0
0
0
0
0
0
0
0
0
0
0
0.05062
0
0.05819
0
0
0
0
0
0
0
0
0
0
0
0
0
0
0.30027
0
0
0
0.01412
0
0
0
0.25619
0
0.07684
0.03949
0
0.23431
0.23456
0
0.05008
0
0
0
0.04696
0
0
0.42903
0
0
0
0
0
0
0
0
0.01604
0.08879
0
0
0
0
0.05246
0
0
0
0
0
0.24179
0.05156
0.05154
0
0.47836
0.04718
0.04747
0.20237
0.05122
0.05113
0.16344
0
0
0
0
0
0
0
0
0
0
0
0
0
0
0
0.09567
0
0
0
0.04364
0
0
0
0
0
0
0
0
0
0
0
0
0
0
0
0
0
0
0
0
0.05503
0
0.07154
0
0
0
0
0
0
0
0.0696
0
0
0
0
0
0.25764
0
0
0
0.38659
0.04996
0.36135
0.18866
0.37986
0
0
0
0
0
0
0
0
0.38491
0.41875
0
0
0
0
0
0.05152
0.05094
0
0.01718
0.39562
0.20771
0.05138
0
0.58448
0.04743
0
0
0.04648
0.04603
0
0.05193
0.04735
0
0
0.05074
0
0.10406
0
0.16394
0.04747
0
0
0.04845
0
0
0
0
0
0.05039
0
0
0
0
0
0
0
0
0
0
0
0
0
0
0.04394
0
0
0
0
0
0
0
0
0
0
0
0
0
0
0
0
0
0.38186
0
0.21868
0.21898
0.04371
0
0
0
0
0.12221
0.06807
0.04188
0.10068
0
0.01237
0.06624
0.27754
0.30682
0.42347
0
0
0
0
0
0
0
0
0.24149
0
0
0.2742
0
0
0.24289
0
0
0.40054
0
0
0.02856
0
0.04697
0.04678
0.0518
0.17976
0.05207
0
0
0
0
0.33418
0
0
0
0
0
0.07934
0
0
0
0
0
0
0
0
0
0
0
0
0
0
0.01423
0
0
0
0
0
0
0
0
0
0
0
0
0
0
0.14966
0
0.29881
0.07823
0.04217
0.17048
0
0.05066
0.0505
0.29227
0
0
0.01469
0.2506
0
0
0
0
0.05245
0
0
0.33812
0.08762
0.54158
0
0.03439
0.07693
0.08699
0.31971
0.06329
0.39876
0.01429
0.04844
0
0.05069
0.04608
0
0
0
0
0.03856
0
0
0.05155
0
0
0
0
0
0
0.09618
0
0
0.09578
0
0
0
0
0.04365
0
0
0
0
0
0.04413
0.04374
0.04392
0
0
0
0
0
0
0.03975
0
0
0
0
0
0
0
0
0
0
0
0
0.4023
0
0
0
0
0
0
0
0
0
0
0
0.32053
0.37434
0.39443
0.31239
0
0
0.29488
0.27538
0
0
0
0
0.03202
0
0
0.04405
0
0
0
0.2251
0.09058
0.01768
0
0.2371
0.16706
0
0
0.28033
0
0.33085
0.14951
0.16438
0.41727
0.39983
0
0
0.03492
0
0.2002
0.02859
0
0
0
0
0.27176
0
0
0
0
0.17972
0
0
0
0
0
0.05052
0
0
0
0
0
0
0
0
0
0
0
0
0.04421
0
0
0
0
0
0
0
0
0
0
0
0
0
0
0
0
0
0.04077
0
0.08285
0.25719
0.27322
0
0
0.03933
0.07797
0
0
0.37288
0.22124
0
0
0
0
0
0
0
0
0
0.02931
0
0
0
0
0.01707
0.12068
0
0
0
0.21145
0
0.10491
0.31152
0
0.51473
0.30416
0.11365
0.57779
0.42546
0
0.10344
0
0.24666
0.44488
0
0.12909
0.0783
0.05102
0.19036
0
0
0.2922
0.42744
0.17309
0
0.43337
0.07402
0
0.44826
0.13206
0
0
0.19156
0.49923
0
0.14999
0
0.14626
0.15004
0.17467
0.55328
0.59407
0.6412
0.58246
0.29512
0.04109
0
0
0
0
0
0
0
0.03077
0
0
0.04701
0
0
0
0.21045
0
0
0
0
0
0
0
0.04874
0
0.06119
0
0
0
0
0
0
0
0.04397
0
0
0
0.04367
0
0
0
0
0
0
0
0.07177
0
0
0
0
0
0
0
0
0
0
0
0
0
0.02794
0
0
0
0
0.01372
0.02751
0
0.02753
0
0.1163
0.01471
0
0.22502
0.08961
0
0.0469
0
0
0
0
0
0
0
0
0.57887
0
0.10769
0.52451
0
0.53314
0.21688
0
0.19904
0
0.05152
0
0.0162
0
0
0
0
0.04804
0
0
0
0
0
0
0.01581
0
0
0
0
0
0
0
0
0
0.05088
0
0
0.01518
0.07709
0.04395
0.01346
0
0.04935
0
0
0
0
0
0
0
0
0
0.04238
0
0
0
0
0
0
0
0
0
0.16445
0.17729
0
0.05468
0
0
0.08457
0
0
0
0
0.0888
0.38711
0.38133
0.02937
0
0
0
0.15584
0
0
0
0
0.33398
0.54029
0
0
0
0.07702
0.56397
0.05144
0.04639
0.03048
0
0
0.16404
0
0.25357
0
0
0
0.04389
0.11561
0.05098
0
0
0.49972
0
0
0
0
0
0
0
0
0
0
0.09425
0
0.04949
0
0
0.03276
0.04339
0
0
0
0
0
0
0
0
0
0
0
0
0
0
0
0
0.04323
0.04329
0
0
0.04087
0.08278
0.13352
0
0
0
0.042
0.42914
0
0.11703
0
0
0
0
0.34586
0
0
0
0
0
0
0.2247
0.50507
0.52774
0
0.07388
0
0.23345
0.05139
0
0
0
0
0.08273
0
0
0.10402
0
0.03357
0
0
0
0
0.08014
0
0.03451
0
0
0
0
0
0
0
0.06678
0
0
0.09496
0
0
0
0
0
0
0
0
0
0
0
0
0
0
0.04269
0
0
0
0.3831
0
0
0.0433
0
0
0
0
0
0
0
0
0
0
0
0.06807
0
0.06095
0
0
0
0
0
0
0
0.04384
0
0
0.06732
0
0.61635
0.57762
0
0
0
0.62066
0.60203
0.41671
0
0
0
0
0
0
0.08865
0.04627
0
0.25374
0.04641
0.04647
0.04712
0
0
0
0.01726
0
0
0.06585
0
0.04457
0
0
0
0
0
0
0
0
0
0
0.02947
0
0
0
0
0
0
0
0
0
0
0
0
0.08363
0
0
0
0
0
0.11621
0
0.0792
0
0.24485
0
0.18843
0
0.26754
0.07362
0.32055
0.43919
0
0
0
0
0.04724
0.04721
0
0
0
0
0
0
0
0
0.84833
0
0
0
0.04633
0
0
0
0
0
0.04641
0
0
0
0.05356
0
0
0.03183
0
0.04371
0
0
0
0
0.0964
0
0
0.04464
0.05096
0
0.05809
0.05082
0.01446
0
0
0
0.07952
0
0.0494
0
0
0
0
0
0
0
0
0
0
0
0.04367
0
0
0
0
0
0
0
0
0
0
0
0
0
0
0
0.13155
0
0
0
0
0
0.06956
0
0
0.01726
0
0
0
0.63062
0
0.05307
0
0
0
0
0
0.04771
0
0.04273
0
0.06189
0
0
0
0
0.09649
0
0
0
0
0
0
0
0.01518
0
0
0
0.04911
0
0
0
0
0
0
0
0
0
0
0
0
0
0
0
0
0
0
0
0
0
0
0
0
0
0
0
0
0
0
0
0.09727
0.05865
0
0
0
0.08694
0.04326
0
0
0
0
0
0
0
0
0
0.6308
0.05182
0.11215
0.52943
0.51952
0.60564
0
0.67161
0.04661
0.04114
0
0.04693
0.01526
0
0.04627
0.24714
0
0
0
0
0.04733
0
0.40785
0
0
0
0
0.05114
0.04947
0.04943
0
0
0
0
0.04938
0.04008
0
0.04964
0
0
0
0
0
0
0
0
0
0
0
0
0
0
0.0428
0
0.04292
0
0
0.08179
0.05406
0
0
0
0
0.32017
0
0.09726
0.08787
0.24333
0
0.09861
0
0
0
0
0
0
0.15451
0
0
0
0.60564
0
0.58226
0
0.51529
0.64768
0
0
0
0
0.2128
0.04608
0
0
0
0
0.17986
0.05159
0
0
0.05007
0
0.03428
0
0
0
0
0
0.09514
0
0.04939
0.04919
0.03328
0
0
0.04959
0.04934
0
0
0
0
0.04982
0
0.04365
0.0436
0
0
0.04372
0.0436
0
0
0
0
0
0
0
0
0
0
0
0
0
0
0
0
0
0
0
0
0
0.11927
0.13646
0.28584
0
0
0.079
0.08218
0.16779
0.02751
0
0.27259
0
0.0974
0
0.08971
0
0.15723
0
0
0
0
0
0
0
0
0
0
0
0
0.63683
0
0
0
0
0.52175
0
0.04707
0
0
0
0
0
0
0
0.04664
0
0
0
0
0
0
0
0
0
0
0.05019
0
0.0494
0
0
0.09624
0
0
0
0
0
0
0
0.04352
0
0
0
0
0
0
0
0
0
0
0
0
0
0
0
0
0
0
0
0
0
0
0
0
0
0.02926
0
0
0.03952
0.07902
0
0.08203
0
0.05434
0.0868
0.08719
0.43962
0
0.08731
0
0
0
0
0
0
0
0
0
0
0.01698
0
0.15025
0.12894
0.04598
0
0
0
0
0.67233
0.40145
0
0
0.04597
0
0.15987
0
0.18484
0
0
0.30837
0
0
0
0
0
0.0648
0
0.03415
0
0
0
0
0
0
0
0.04354
0
0
0
0.04366
0
0
0
0
0
0
0
0
0
0.04014
0
0
0
0
0
0
0
0
0
0
0
0
0.04351
0
0
0
0.25863
0
0
0
0
0
0.05434
0
0.41431
0
0.08637
0
0
0
0
0.0139
0
0
0
0
0.10774
0
0.0515
0
0.21024
0
0
0.64879
0
0
0
0
0
0
0
0.0513
0
0.47555
0
0.0498
0
0
0.06545
0
0
0
0
0.09557
0
0
0
0
0
0
0
0
0
0
0
0
0
0
0
0
0
0
0
0
0
0
0
0.14958
0
0
0
0
0
0.12325
0.08198
0.08214
0
0
0.21566
0.07075
0.04394
0.29646
0
0.30885
0
0
0
0
0
0
0
0
0.17635
0
0.05292
0
0
0.61963
0.11579
0
0.1661
0
0
0.07364
0.17124
0.56784
0.22826
0.16673
0.55998
0
0.47149
0
0
0
0.47057
0
0
0
0
0
0.04595
0
0
0
0
0
0
0.03452
0
0
0
0
0.44018
0.09453
0.09546
0.09567
0
0
0.0641
0
0
0
0
0
0
0
0.04414
0
0
0
0
0
0
0
0
0
0
0
0
0
0
0
0
0
0
0
0.06805
0.10849
0
0
0
0.08449
0
0
0.08398
0
0
0
0
0.01393
0.04099
0.20757
0
0.04183
0
0
0
0
0
0
0.10992
0.12976
0.04383
0.02923
0.04368
0
0.26847
0.1262
0.34521
0
0
0
0.04785
0
0
0.05259
0
0.17126
0.17088
0
0
0
0.03041
0
0
0
0.24226
0.27789
0.64459
0.40166
0.49261
0.04763
0
0.23535
0.07747
0.07423
0.16366
0.11109
0.04597
0
0
0
0
0
0
0
0
0
0.05136
0
0
0.01464
0
0
0.09669
0
0
0
0
0
0
0
0
0
0
0
0
0
0
0
0
0
0
0.09521
0
0.05625
0
0.03943
0.03945
0.04191
0.08319
0.14684
0.19155
0
0
0
0
0.11765
0
0.46768
0
0
0.42785
0
0.43016
0
0
0
0
0
0
0
0
0
0
0.09043
0
0
0
0.17241
0
0
0.36854
0.35543
0.58245
0.08407
0.16622
0.58961
0
0
0
0.78739
0
0.10365
0.01285
0
0
0.54665
0.07237
0
0
0
0
0
0
0.78744
0
0
0.16386
0
0.08544
0
0
0
0.07894
0
0
0
0
0
0
0
0
0
0
0
0
0
0
0
0
0
0
0
0
0.08162
0
0
0
0
0
0
0.08265
0.03936
0.0425
0
0.04189
0
0.0422
0
0
0.03965
0
0.37776
0.33981
0.30608
0.34671
0
0
0
0.04377
0
0
0
0.09828
0.0761
0.1403
0.01277
0.28345
0.38274
0.56096
0
0.35255
0
0
0
0
0
0.09743
0
0
0
0
0.46107
0
0
0
0
0.09468
0
0
0
0.09633
0.06051
0
0.0945
0
0
0
0
0
0
0
0
0
0
0
0
0
0
0
0
0
0
0.08275
0
0
0
0.04192
0.04117
0.04134
0
0.08369
0
0
0.04032
0.07688
0
0
0.03917
0.25717
0.04054
0
0
0
0
0
0
0
0
0
0
0.12632
0.43872
0
0
0.57872
0
0.38303
0
0.52246
0
0.54801
0
0.68297
0.23284
0
0.6542
0
0
0
0
0.09729
0
0
0
0
0
0
0
0
0
0
0
0
0
0.09503
0.05051
0
0.05154
0
0
0
0
0
0
0
0.05004
0
0.05072
0
0
0
0
0
0
0
0
0
0
0
0
0
0
0
0
0
0
0
0
0
0
0
0
0
0
0
0
0
0
0.08342
0.08331
0.05522
0
0
0.2389
0.1506
0.03913
0.02753
0
0.055
0
0
0.08341
0
0
0
0.07241
0.38179
0.13357
0.07277
0.13288
0.23541
0
0.25644
0
0
0
0
0
0.43867
0
0
0
0
0
0.04383
0.02984
0
0.37277
0
0
0
0.24106
0
0
0.22312
0
0
0
0.16369
0.17598
0.03839
0
0
0
0
0
0
0
0
0.01266
0
0.56734
0
0.26061
0
0
0.17867
0
0
0
0
0.45914
0.08656
0
0.04015
0
0
0
0
0
0.04357
0
0
0
0
0
0
0
0
0
0
0
0
0
0
0
0
0
0
0
0
0.04104
0
0
0
0
0
0.03915
0
0
0
0
0.45637
0.17865
0.44936
0
0.08826
0
0
0
0
0
0
0
0
0
0
0
0.53556
0.33842
0
0
0.26589
0.08348
0
0
0
0
0
0
0.08889
0
0
0.27576
0.0384
0
0
0
0
0.27531
0
0
0
0.07755
0
0.03275
0
0
0
0
0
0
0
0
0
0
0
0
0
0
0
0
0
0
0
0
0
0
0
0
0
0
0
0.04176
0.17782
0.04122
0.08554
0
0.08287
0.04241
0.05486
0
0
0
0
0.05461
0
0
0
0.2568
0
0
0.39115
0
0
0
0.0878
0
0.26663
0.01492
0
0
0
0
0
0.24657
0.15841
0
0
0
0
0
0
0.03834
0
0
0.17137
0.42904
0
0
0
0
0
0
0.0362
0.02517
0
0
0
0
0
0
0.21485
0.04629
0.246
0
0
0
0
0
0
0
0
0
0
0
0
0.05062
0.05063
0
0
0
0
0
0
0.08572
0.04226
0
0
0
0
0
0
0
0
0
0.08534
0.10931
0.03924
0.0408
0.08184
0.08231
0
0
0
0
0
0.08754
0
0
0
0
0
0.04359
0.08803
0
0
0
0
0
0
0
0
0
0
0
0.03779
0.17483
0.2639
0
0
0
0.64249
0
0.75796
0
0
0
0
0
0
0
0
0
0
0.30536
0
0
0
0
0
0
0
0
0
0
0
0
0
0
0
0
0
0
0
0
0
0.08515
0.0572
0
0
0
0
0
0
0
0
0
0
0
0.08316
0
0.10074
0
0.0835
0
0.04396
0
0.24749
0
0.08815
0
0
0
0.0882
0
0.04389
0
0
0
0
0
0.15553
0
0
0.46736
0.56635
0.15129
0
0
0.16227
0
0.09075
0.08659
0
0.41899
0.04576
0
0
0
0
0.23653
0
0.05623
0
0.07162
0.19538
0.35054
0.304
0.04025
0
0.08547
0
0
0
0
0
0
0
0
0
0.01464
0
0
0
0
0
0
0
0.08356
0
0
0
0
0
0
0
0
0
0
0
0
0.02792
0.08465
0
0
0
0.08184
0
0.08194
0
0
0.08339
0
0
0.0135
0
0
0
0
0
0
0
0
0
0.26863
0
0
0
0.0147
0
0
0
0.04388
0
0.12468
0.31434
0
0.08659
0
0.01485
0.05301
0.05299
0
0
0
0
0.45134
0
0
0
0
0
0
0
0
0
0
0
0
0.0399
0.04045
0.04018
0
0
0
0.05042
0
0
0
0
0
0
0
0
0
0
0
0
0
0
0
0
0
0
0
0
0
0
0
0
0.08502
0
0
0
0
0
0
0
0.04233
0
0.08218
0
0
0
0.06819
0.06911
0.22892
0.25377
0.08495
0
0
0
0.04358
0
0
0
0
0
0
0
0
0
0
0
0.05156
0
0.07612
0
0
0
0.52642
0.51011
0
0
0
0
0
0
0
0
0.23012
0.08193
0
0.73147
0.62846
0.6453
0
0
0
0.30708
0
0
0
0
0.05079
0.05
0
0
0
0
0
0
0
0
0
0
0
0
0
0
0
0
0
0
0
0
0
0
0
0
0
0
0
0.04209
0
0
0
0.01392
0
0
0
0
0
0
0
0
0.13655
0
0
0
0.08465
0
0
0.15978
0.2534
0
0
0.086
0
0
0
0.07289
0
0
0
0
0
0.34578
0.02946
0.01477
0
0
0
0.01461
0
0
0.01458
0
0.40836
0.11388
0
0
0
0.37875
0.52553
0.05156
0
0
0
0
0
0
0.11392
0
0
0
0
0
0
0.04119
0
0.08467
0.55009
0
0
0
0
0
0.04968
0
0
0
0
0
0
0
0
0
0
0
0
0
0
0
0
0
0
0
0
0
0
0.04193
0
0.06991
0.08566
0
0
0
0
0
0
0
0
0.05996
0
0.01354
0
0
0
0
0
0
0
0
0
0.04375
0
0
0
0
0
0
0
0
0
0
0.58357
0.04417
0.05147
0
0
0
0
0
0
0
0
0
0
0
0.7874
0
0
0
0.27742
0
0.40987
0
0
0.08479
0
0
0.30758
0
0.24929
0.05779
0
0
0
0
0.03388
0
0
0
0
0
0
0
0
0
0
0
0
0
0
0
0
0
0.08416
0
0
0
0
0
0
0
0
0
0
0.04214
0
0.04215
0.04165
0.1223
0
0
0
0
0
0
0.17487
0
0
0.17467
0
0
0
0
0
0
0
0
0
0
0
0
0
0
0
0
0
0.10149
0
0
0
0
0
0.1502
0
0
0
0
0.03781
0.0126
0
0.07585
0
0
0
0
0
0
0.38785
0.0146
0
0
0
0.44189
0
0.0171
0
0.50838
0
0
0
0
0
0
0.16365
0.04153
0
0
0.04979
0
0
0
0
0
0
0
0
0
0
0
0
0
0
0
0
0.02879
0
0
0
0
0
0
0.02821
0
0.02734
0.05949
0.17481
0.08207
0
0
0
0
0
0
0
0
0
0
0.04403
0
0
0
0
0
0
0
0
0
0.11992
0
0
0
0
0.05053
0
0
0.03774
0.23961
0.08902
0
0
0
0
0
0
0
0
0
0.32823
0
0
0.30601
0
0
0.61576
0
0.2832
0
0.05011
0
0
0
0
0
0
0
0
0
0
0
0
0
0
0
0
0
0
0
0
0
0
0
0
0
0
0
0
0.08436
0
0
0
0
0
0.12215
0
0
0
0.21559
0.02707
0
0
0
0.08828
0
0
0
0
0
0
0
0
0
0
0
0
0
0
0
0
0
0
0
0
0
0
0.03779
0
0
0
0.13563
0.28311
0.33788
0
0.27852
0
0
0.41826
0
0
0
0.04411
0
0
0.04139
0
0
0
0
0.01744
0
0
0
0
0
0
0.04385
0
0
0
0
0
0
0
0
0
0
0
0
0
0
0
0
0
0
0
0
0.06049
0
0
0
0
0
0
0
0
0
0
0
0
0
0
0
0
0
0
0
0
0
0
0
0
0
0
0.13509
0
0
0
0
0
0
0
0
0
0
0
0
0.76913
0
0
0
0
0.0476
0
0.01396
0
0
0.04066
0
0
0
0.04946
0
0
0
0
0
0
0
0
0
0
0
0
0
0
0
0
0
0
0
0
0
0
0
0
0
0
0
0
0.08539
0
0.08428
0
0
0
0
0
0
0
0
0
0
0
0
0
0
0
0
0
0
0
0
0
0
0
0
0
0
0.11478
0
0
0
0
0
0
0
0.18812
0.23733
0
0
0
0
0
0
0.10169
0
0.55478
0.75208
0
0
0
0
0
0
0
0.05808
0.041
0.05821
0.04034
0
0.05001
0
0
0.08574
0
0
0.16316
0.16342
0
0
0
0
0.43875
0
0
0
0
0
0
0
0
0
0
0
0
0
0
0.08402
0
0
0.08392
0
0
0
0
0
0
0
0
0
0
0
0
0
0.17491
0
0
0
0
0
0
0
0
0
0
0
0
0
0
0
0.10482
0
0
0.04652
0
0.04412
0
0
0
0
0
0.08701
0.05174
0
0.50445
0.07237
0
0
0
0.43835
0
0
0
0.0418
0
0
0
0.74814
0
0.05662
0
0
0
0
0
0
0
0
0
0
0
0
0
0
0
0.37263
0.15742
0
0
0
0
0
0.08381
0
0
0
0.05509
0
0
0
0
0.12184
0
0.1218
0
0
0
0
0
0
0
0
0
0
0
0
0
0
0
0
0
0
0
0
0
0
0
0
0
0.55064
0
0.1627
0
0
0
0
0.08186
0
0
0
0
0
0
0
0
0
0
0
0.11613
0.12025
0
0
0.14497
0
0
0
0
0.44049
0.04117
0
0
0
0
0
0
0
0
0
0
0
0
0.08405
0.08357
0.05701
0.04304
0
0
0
0
0
0
0
0
0
0
0.0135
0
0
0
0
0
0
0
0
0
0
0
0
0
0
0
0
0
0.55161
0.12671
0
0.04734
0
0.10134
0.04691
0
0
0.42404
0
0.20562
0
0
0.74837
0.04132
0
0
0
0
0.50029
0
0
0.11578
0
0
0.78665
0
0
0
0
0.13064
0
0
0
0
0
0
0.04027
0
0
0
0
0
0
0
0
0
0
0
0.08548
0
0
0
0
0.08364
0.02867
0
0
0
0.04187
0
0.08184
0.08237
0
0.08286
0
0
0
0
0
0
0.30689
0
0
0
0
0
0
0
0
0
0
0
0.55147
0.51517
0
0.48376
0.24308
0.04728
0
0
0
0.04466
0.11662
0
0.05189
0
0
0
0.60771
0.11677
0
0
0.11606
0.01337
0.11614
0.13956
0
0.14738
0.82734
0
0
0
0
0
0.24296
0
0.08759
0
0
0.08525
0
0.13894
0
0
0
0
0.03964
0.0398
0
0
0
0
0
0
0
0
0
0
0
0
0
0
0
0
0.08266
0
0
0
0
0
0
0
0.04169
0
0
0
0
0
0
0
0
0
0
0
0
0
0
0.04443
0
0
0
0
0
0
0
0
0
0
0
0
0
0
0
0.28377
0
0.40605
0
0
0.69768
0
0
0.04047
0.30308
0
0
0
0
0
0
0
0
0
0
0
0.04095
0
0.03973
0
0
0
0
0
0
0
0
0
0
0
0
0
0
0
0
0
0
0.08428
0
0
0
0
0
0.05427
0
0
0
0.05481
0
0
0
0
0
0
0
0
0
0
0
0
0
0
0
0
0
0
0
0
0
0
0
0
0
0.07285
0
0
0
0
0
0
0.49895
0
0
0
0
0.07745
0.11596
0
0
0.47518
0.01396
0
0
0
0
0
0
0
0
0.78896
0
0
0.04
0
0
0.08476
0
0
0
0
0
0
0
0
0
0
0
0
0
0
0
0
0
0
0
0
0
0
0
0
0
0.03902
0
0
0
0
0
0
0
0
0
0
0
0
0
0
0
0.08477
0
0
0
0
0
0
0
0
0
0
0
0
0.027
0
0
0
0
0
0
0
0
0
0
0
0
0
0
0
0
0
0
0
0
0
0.16392
0.01494
0.089
0.0148
0.0126
0.19543
0
0.53611
0.21977
0
0.08728
0.39569
0
0
0.15852
0.1171
0.305
0
0.14294
0
0.26201
0.05811
0
0.05799
0
0
0
0
0
0.08753
0
0
0
0
0
0
0.08732
0.60798
0
0.15724
0
0
0.77631
0.5611
0
0
0.77067
0
0
0
0
0
0.08347
0
0
0
0
0
0
0
0
0
0
0
0
0
0
0
0
0
0
0
0
0
0
0
0
0
0
0.0135
0
0
0
0
0
0
0
0
0
0
0
0
0
0
0
0.43659
0
0
0
0.3225
0
0
0.5325
0
0
0
0.15905
0.15881
0
0
0.04418
0.01915
0
0.17505
0
0
0.05811
0.69218
0.03993
0
0.72894
0.06672
0.53443
0.04166
0
0.77043
0.05234
0
0
0
0
0
0
0
0
0.04023
0.7659
0
0.74052
0
0
0
0
0
0
0
0
0
0
0
0
0
0
0
0
0
0
0
0
0
0
0
0
0
0
0
0
0
0
0
0
0
0
0
0
0
0
0.06066
0
0.21591
0.31892
0
0
0
0
0
0
0
0
0
0
0
0
0
0
0
0
0
0
0
0
0.24456
0.08772
0.19279
0
0
0.0399
0.11612
0
0
0
0.20233
0
0
0.84611
0.37194
0.43517
0
0.28339
0.11716
0.38347
0
0.07731
0.15596
0.25986
0.05766
0.11724
0.13582
0.43454
0.15777
0
0.04054
0
0.04165
0.79104
0
0
0.0417
0
0
0
0
0
0
0
0
0
0.01936
0
0
0
0
0
0.75709
0
0
0
0
0
0.02873
0
0
0
0
0
0
0
0
0
0
0
0
0
0
0
0
0
0
0
0
0
0
0
0
0
0
0
0
0
0
0
0
0
0
0
0
0
0
0
0
0
0
0
0
0
0
0
0
0
0
0.73265
0.07315
0.12806
0
0.40823
0.13673
0
0.08722
0
0.22462
0
0
0.26063
0.82951
0.19709
0.11167
0.11532
0
0
0
0.11723
0.11742
0.71123
0.60474
0
0
0
0
0.6914
0.08507
0
0
0
0
0
0
0.6371
0
0.53512
0.01396
0
0
0
0
0
0
0
0
0
0
0
0
0
0
0.04323
0
0
0
0.08446
0
0
0
0
0
0
0
0
0
0
0
0
0
0
0
0
0
0
0
0
0
0
0
0
0
0
0
0
0
0
0
0
0
0
0.52264
0.02881
0
0
0.49587
0.05819
0
0.18248
0
0.16324
0
0
0.15685
0.61703
0.1773
0
0
0
0
0
0
0
0
0.08067
0
0
0.01953
0.36002
0.52069
0
0
0
0.04148
0
0
0
0
0
0
0
0
0
0
0
0
0
0
0
0
0
0
0
0
0
0
0
0
0
0
0
0
0
0
0
0
0
0.06053
0
0
0
0
0
0
0
0
0
0
0
0
0
0
0
0
0
0
0
0.05849
0.73514
0
0.73076
0.73436
0
0.50072
0.08709
0
0.67382
0.71567
0
0
0.4311
0.70569
0.04057
0
0
0
0
0
0.47515
0.08619
0.0139
0
0
0.04151
0
0
0
0.01637
0
0
0
0.17495
0
0
0
0
0
0.48015
0
0
0
0
0
0
0
0
0
0
0
0
0
0
0
0
0
0
0
0.04311
0
0
0
0
0
0
0
0
0
0
0
0
0
0
0
0
0
0
0
0
0
0
0
0
0
0
0
0
0
0
0
0
0
0
0
0
0
0
0.0578
0
0.44508
0.01942
0
0
0
0
0
0
0
0
0
0.07159
0.5183
0
0
0
0
0
0.05922
0
0
0
0
0
0
0.08481
0.0842
0
0
0.08452
0
0
0
0
0
0.08439
0
0
0
0
0
0
0
0
0
0
0
0.04057
0
0
0
0
0
0
0
0
0
0
0
0
0
0
0
0
0.30712
0
0
0
0
0
0
0.11369
0.07257
0.05782
0
0
0.05782
0
0
0
0
0
0
0
0
0
0
0.56772
0
0.08635
0
0
0.37946
0
0
0
0
0
0
0
0
0
0.08352
0.05662
0
0.05778
0.0841
0
0
0
0
0
0
0
0
0
0
0
0
0
0
0
0
0
0
0
0
0
0
0
0
0
0
0
0
0
0
0
0.35191
0
0
0
0
0
0
0.67461
0
0
0
0
0
0.82936
0
0
0
0
0
0
0
0
0
0
0
0
0
0
0
0.01637
0
0
0
0
0
0
0
0.32735
0.19674
0.15588
0.07164
0
0
0
0
0
0
0
0
0
0
0.02768
0.08369
0
0
0
0
0
0
0
0
0
0
0
0
0
0
0
0
0
0
0
0
0
0.0619
0
0
0
0
0
0
0
0
0
0
0
0
0
0
0
0
0
0
0
0
0
0
0
0
0
0
0.68949
0
0
0
0
0
0
0.0192
0
0
0
0
0
0
0.04914
0
0
0
0
0.08714
0.08593
0.04002
0.01395
0.08575
0
0
0
0
0
0
0.02906
0
0
0
0
0
0
0
0
0
0
0
0
0
0
0
0
0
0
0
0
0
0
0
0
0
0
0
0
0
0
0
0
0
0
0
0
0
0
0
0
0
0
0
0
0.1621
0
0
0
0.72639
0
0.05807
0
0
0
0
0
0
0
0
0
0
0
0
0
0.72832
0
0
0.74606
0.11655
0.08622
0.22943
0.07719
0
0
0
0
0
0
0
0
0
0
0
0.08406
0
0
0
0
0
0
0
0
0
0
0
0
0
0
0
0
0
0
0
0
0
0.06154
0
0
0
0
0
0
0
0
0
0
0
0
0
0
0
0
0
0
0
0
0
0
0
0
0.28182
0
0
0.1015
0
0.70134
0.47697
0
0
0
0
0
0
0
0
0
0
0
0
0
0
0
0
0
0
0.33203
0.25
0
0.54708
0.04252
0.08613
0
0
0.08561
0.20931
0.08469
0
0
0
0.07011
0
0
0
0
0
0
0
0
0
0
0
0
0
0
0
0
0
0
0
0
0
0
0
0
0
0
0
0
0
0
0
0
0
0
0
0
0
0
0
0
0
0
0
0
0
0
0
0
0
0.32615
0
0
0.28245
0
0
0
0
0
0
0
0
0
0.37782
0
0
0
0
0
0
0.06126
0
0
0
0
0
0
0
0
0
0.08338
0
0
0
0
0.01459
0
0
0
0
0
0
0
0
0
0
0
0
0
0
0
0
0
0
0
0
0
0
0
0
0
0
0
0
0
0
0
0
0
0
0
0
0
0
0
0
0
0
0
0
0
0
0
0
0.65855
0.43582
0
0
0
0
0
0
0
0
0
0
0
0.041
0.39861
0
0
0.07133
0
0
0
0
0
0
0.03963
0
0
0
0
0
0
0
0
0
0
0
0
0
0
0
0.06136
0.06133
0
0
0
0
0
0
0
0
0
0
0
0
0
0
0
0
0
0
0
0
0
0.23753
0.72284
0
0
0
0
0
0
0
0
0
0
0
0
0.01353
0.04153
0.02782
0.01978
0
0
0.08569
0
0
0.08551
0
0
0
0
0
0
0
0
0.04341
0
0.03961
0
0
0
0
0
0
0
0
0.05993
0
0
0
0
0
0
0
0
0
0
0
0
0
0
0
0
0
0
0
0
0
0
0
0
0
0
0
0
0
0.60407
0
0
0
0
0
0
0
0.04974
0
0
0
0
0
0
0
0
0
0
0.07708
0
0.04146
0
0.05729
0
0
0
0
0
0
0.05998
0
0
0
0
0
0
0
0
0
0.06108
0
0
0
0
0
0
0
0
0
0.0595
0
0
0
0
0
0
0
0
0.03965
0.06184
0
0
0
0
0
0
0
0
0
0
0
0
0
0
0
0
0
0
0
0
0
0
0
0
0
0
0
0
0
0
0
0
0
0
0
0
0
0
0
0
0
0
0
0
0
0
0
0.05046
0
0
0
0
0.05894
0.05884
0
0.08502
0.06028
0.04175
0
0.08439
0
0
0.0843
0.01978
0
0
0
0
0.05987
0
0
0
0
0
0
0
0
0
0
0
0
0
0
0
0
0.06133
0
0
0
0
0
0
0
0
0
0
0
0
0
0
0
0
0
0.03872
0
0
0
0
0
0
0
0
0
0
0
0
0
0
0
0
0
0
0
0
0.0192
0.02662
0.08619
0.01984
0.0596
0.0847
0.08484
0
0
0
0
0
0.05976
0.05966
0
0
0
0
0
0
0
0
0
0
0
0.05953
0
0
0.01984
0
0
0
0
0
0
0
0
0
0
0
0
0
0
0
0
0
0
0
0
0
0
0
0
0
0
0
0
0
0
0
0
0.0503
0
0.1153
0.17516
0.07745
0.05634
0.08563
0.08403
0.07839
0.08569
0
0.21628
0
0.08361
0
0
0
0
0.11509
0
0
0.08428
0
0
0
0
0
0
0
0.06171
0
0
0
0
0.08481
0.06022
0
0
0.06121
0
0
0
0.0397
0.03967
0
0
0
0
0
0.0607
0
0
0
0
0
0
0
0
0
0
0
0
0
0
0
0
0
0
0
0
0
0
0.19479
0.0838
0.1168
0.10549
0.1165
0
0.08463
0.08636
0.11613
0.02792
0
0
0
0
0.05989
0.06001
0
0.06046
0
0.05963
0
0
0
0
0
0
0
0
0.06052
0
0
0
0
0
0
0
0
0.11503
0
0.10531
0
0
0
0
0.08369
0
0
0
0
0
0
0
0.06128
0.0601
0
0
0
0
0
0
0
0
0
0.03969
0
0
0
0
0
0
0.05986
0.08553
0.11562
0.04064
0.11595
0
0.08476
0
0
0.08457
0
0.08514
0
0
0
0.02873
0
0.05988
0.03964
0
0
0
0
0
0
0.01978
0.03955
0
0
0
0
0.05968
0
0
0
0
0
0
0
0
0.06002
0.06017
0
0
0
0
0
0
0
0.07094
0.06986
0
0
0.01325
0
0
0.06049
0
0.01982
0
0
0
0
0
0.05948
0.03968
0
0.0596
0
0
0
0
0
0
0
0
0
0
0
0
0
0
0
0
0
0
0
0.08498
0.11603
0.07092
0.0853
0
0
0.01382
0
0
0
0
0
0
0.06039
0
0.06067
0.06089
0.06071
0
0
0
0
0
0.06004
0.03966
0.0598
0
0.01983
0.05998
0
0.06039
0.05978
0
0
0
0
0
0
0.03962
0
0
0.05968
0
0
0
0
0
0
0.08534
0
0.0856
0.08367
0.08544
0.08573
0
0.0709
0
0.0843
0.04237
0
0
0.06048
0
0.05953
0.0605
0
0
0.0605
0.06043
0
0
0.05968
0.0198
0.06095
0
0
0
0
0
0
0
0
0.05961
0.05964
0.05983
0
0
0
0.06125
0
0.06139
0.06151
0
0
0
0.01978
0
0
0
0.05952
0
0
0.0606
0
0
0
0
0.01984
0
0.06158
0
0
0
0
0
0
0
0
0
0
0
0.06106
0
0.06087
0
0
0
0
0
0
0
0.05985
0
0
0
0
0
0.05993
0
0
0
0
0
