0.11601
0.12903
0.11697
0.1289
0.10405
0.09141
0.09087
0.09059
0.09051
0.09029
0.09183
0.09174
0.09073
0.09048
0.09123
0.04602
0.09113
0.09016
0.0912
0.09079
0.08995
0.09109
0.09028
0.09203
0.09178
0.0902
0.09263
0.09059
0.0916
0.20626
0.09066
0.09028
0.18954
0.09156
0.21028
0.14636
0.20303
0.20753
0.22321
0.2
0.0919
0.09003
0.14897
0.20807
0.09067
0.13549
0.06197
0.1599
0.20778
0
0.20696
0.20722
0.08652
0.17716
0.04678
0.20857
0.16395
0.15268
0.14413
0.20903
0.20643
0
0.20922
0.19714
0.12914
0.12901
0.04606
0.20849
0.17969
0.20755
0.16467
0.17848
0.19295
0.20622
0.17879
0.11915
0.20769
0
0.16393
0.20623
0.20727
0.20876
0.12864
0.20731
0.16542
0.20975
0.20583
0.19348
0.16426
0.12877
0.20937
0.20564
0.20751
0.20864
0.20668
0.20682
0.20888
0.19572
0.14106
0.20722
0.20696
0.16426
0.20529
0.20841
0.16489
0.20811
0.2063
0.20835
0.20528
0.20689
0.21059
0.20781
0.2252
0.2094
0.2047
0.20725
0.12823
0.12787
0.12798
0.09033
0.09086
0.09103
0.09112
0.04367
0.04284
0
0
0.16993
0.16882
0
0
0
0.02374
0
0
0
0
0
0
0.17047
0.17208
0.17014
0.16869
0.16936
0.17152
0
0
0.01187
0
0.08603
0.16855
0.17157
0
0.17055
0.10086
0
0
0.12862
0
0.17179
0.16873
0.07145
0
0.16986
0.1706
0.02377
0
0
0
0.17076
0
0.03567
0
0
0
0
0.17
0.02384
0
0.01191
0
0.03575
0
0.02854
0.03576
0
0.17177
0.17097
0.17226
0
0.0358
0.14288
0
0.03581
0.12805
0
0.16983
0.01196
0.03581
0.01194
0.03586
0
0
0.16995
0
0.03588
0
0.11407
0.17065
0
0
0.17108
0.03591
0.03593
0
0.17019
0.0722
0
0.1446
0
0
0.03594
0.02399
0
0
0.03611
0
0.0428
0.036
0
0
0.03595
0
0.02405
0
0.02857
0.03605
0
0.01202
0.03604
0
0
0
0
0
0
0
0
0
0.01334
0
0.03621
0
0
0.03611
0.03614
0.02655
0.03614
0.0361
0.03616
0.0362
0
0
0
0.03988
0
0
0.0399
0.03649
0.0399
0
0
0
0
0.03986
0.03627
0
0.03631
0.03675
0.03977
0.03988
0
0.03978
0.03634
0.05196
0.03981
0.0363
0.03632
0
0
0.03971
0.03974
0.07615
0.0397
0
0
0.03966
0.03954
0.03938
0.03643
0.03961
0.07616
0.06291
0
0
0.03647
0.03954
0
0.03949
0.03954
0.03651
0
0.03945
0.0394
0.03653
0.07624
0.03658
0.03943
0.03659
0.03662
0.03661
0.03705
0
0.0392
0.07622
0.03935
0
0.03934
0.03941
0.03934
0.03929
0.07623
0.07617
0.03854
0.0393
0.03929
0.07617
0.03669
0.03686
0.03934
0.03912
0.03925
0.03927
0.07618
0
0.01304
0.03903
0.03684
0.03905
0.0762
0.03907
0.03907
0.03908
0
0.07617
0
0.0388
0.03904
0.03904
0.03749
0.03901
0.07615
0.07616
0.03725
0.03721
0.03904
0.03886
0
0.03893
0.03897
0.07615
0.0371
0.03881
0.03882
0.03885
0.07612
0.03882
0.03722
0.03883
0.05115
0.01293
0.03884
0.03874
0.03879
0.03737
0.03869
0.03874
0.0386
0.03861
0.0374
0.03853
0.0383
0.02518
0.02526
0.03853
0.03854
0.0385
0.03861
0.03847
0.0385
0.03745
0.03851
0.03859
0.03859
0
0.03848
0.03841
0.0384
0
0.0384
0.02497
0.03847
0.03845
0.03833
0
0.03829
0
0.03828
0.03824
0.03826
0
0
0
0.03823
0.03826
0.03814
0
0.03823
0
0
0
0.03822
0
0.03813
0.0382
0.03832
0.03818
0
0
0
0
0.03803
0.03811
0.03807
0.03804
0.03808
0.03825
0
0.03798
0.0379
0.03801
0.03782
0.03791
0
0.03786
0
0
0.03784
0.03782
0
0
0
0
0
0
0
0.03798
0
0.03767
0.03784
0
0
0
0
0.0251
0
0
0.0377
0
0.03768
0
0
0
0
0
0.0376
0
0
0
0
0
0
0
0
0
0
0
0
0
0
0
0
0
0
0
0.02509
0
0
0
0
0
0
0
0
0
0
0
0
0
0
0
0
0
0
0
0
0
0
0
0
0
0
0
0
0
0
0
0
0
0
0
0
0
0
0
0
0
0
0
0
0
0
0
0
0
0
0
0
0
0
0
0
0
0
0
0
0
0
0
0
0
0
0
0
0
0
0
0
0
0
0
0
0
0
0
0
0
0
0
0
0
0
0
0
0
0
0
0
0
0
0
0
0
0
0
0
0
0
0
0
0
0
0
0
0
0
0
0
0
0
0
0
0
0
0
0
0
0
0
0
0
0
0
0
0
0
0
0
0
0
0
0
0
0
0
0
0
0
0
0.15274
0
0
0
0
0
0
0
0
0
0
0
0
0
0
0
0
0
0
0
0
0
0
0
0
0
0
0
0
0
0
0
0
0
0
0
0
0
0
0
0
0
0
0
0
0
0
0
0
0
0
0
0
0
0
0
0
0
0
0
0
0
0
0
0
0
0
0
0
0
0
0
0
0
0
0
0
0
0
0
0
0
0
0
0
0
0
0
0
0
0
0
0
0
0
0
0
0
0
0
0
0
0
0
0
0
0
0
0
0
0
0
0
0
0
0.02859
0
0
0
0
0
0
0
0.01425
0
0
0
0
0
0.01443
0
0
0
0.04276
0
0
0
0
0
0
0
0
0
0
0
0
0
0
0
0
0
0.04278
0
0
0.04308
0
0.02391
0
0
0
0
0
0
0
0
0
0
0
0.04283
0
0
0.03563
0.02376
0
0
0
0
0
0
0.01448
0.04303
0
0
0
0.04314
0.03579
0.03587
0.04273
0
0
0
0.03584
0
0
0.043
0.03582
0
0.04313
0.04304
0
0
0
0
0
0
0
0
0
0
0
0.04301
0
0.01453
0.03571
0
0
0
0.03557
0
0
0
0
0.01233
0
0.03573
0
0
0.03568
0.02907
0
0.04246
0.07806
0.05054
0.07775
0.04271
0.04297
0
0
0.04296
0
0
0
0.02464
0.04319
0.07768
0.03559
0
0.03557
0.0354
0.07774
0.07757
0.09253
0.01447
0.0434
0.1071
0.03523
0.04263
0
0.04323
0.0428
0.02873
0.04308
0
0.07784
0.05027
0.02341
0.07956
0.01449
0.04277
0.04257
0.1214
0.07954
0
0.07744
0.12178
0
0
0.12169
0.07787
0.03533
0.03535
0.01448
0
0.07962
0
0.07941
0.07955
0.04272
0
0.07168
0.10284
0.04264
0.07764
0.07941
0.02819
0
0.13383
0
0.04334
0.05286
0.03521
0
0
0.04252
0.03502
0.04236
0
0.04229
0.04248
0.15742
0.0798
0
0.07774
0.0433
0.03523
0.04225
0
0.12039
0.03503
0.07931
0.07946
0.04238
0.04308
0.04242
0.03505
0.02328
0
0.12063
0
0
0
0.04328
0.04254
0.04253
0.16458
0
0.04238
0.0351
0.07979
0
0
0
0
0
0
0
0
0
0
0
0
0
0
0
0
0
0
0
0
0
0
0
0
0
0
0
0
0
0
0
0
0
0
0
0
0
0
0
0
0
0
0
0
0
0
0
0
0
0
0
0
0
0
0
0
0
0
0
0
0
0
0
0
0
0
0
0
0
0
0
0
0
0
0
0
0
0
0
0
0
0
0
0
0
0
0
0
0
0
0
0
0
0
0
0
0
0
0
0
0
0
0
0
0
0
0
0
0
0
0
0
0
0
0
0
0
0
0
0
0
0
0
0
0
0
0
0
0
0
0
0
0
0
0
0
0
0
0
0
0
0
0
0
0
0
0
0
0
0
0
0
0
0
0
0
0
0
0
0
0
0
0
0
0
0
0
0
0
0
0
0
0
0
0
0
0
0
0
0
0
0
0
0
0
0
0
0
0
0
0
0
0
0
0
0
0
0
0
0
0
0
0
0
0
0
0
0
0
0
0
0
0
0
0
0
0
0
0
0
0
0
0
0
0
0
0
0
0
0
0
0
0
0
0
0
0
0
0
0
0
0.07604
0
0
0
0
0.11617
0
0
0
0
0
0
0.09055
0.11621
0
0
0
0.11638
0
0
0
0
0
0
0
0
0
0
0
0.01443
0.11671
0
0
0
0
0.11668
0.11673
0
0
0
0.11674
0
0
0.11689
0.117
0
0
0.11862
0.11693
0
0
0.08156
0
0
0
0
0.09348
0
0
0
0
0
0
0
0
0.11743
0
0.10565
0.11731
0.11741
0.08185
0
0.1178
0.11737
0.11716
0
0
0
0
0.11756
0.09399
0.11745
0
0
0
0.11776
0
0.11738
0.11757
0
0
0
0.11773
0
0
0
0
0.09409
0.11772
0
0.11872
0.08243
0
0
0.11794
0
0
0.11781
0
0.11807
0.11794
0.11792
0
0.10626
0
0.11824
0
0.01455
0.11805
0
0.11796
0
0
0.11841
0.11799
0.11826
0
0.11853
0
0.1188
0.11845
0
0.11819
0.11867
0
0.02906
0.11815
0.04352
0.11856
0.11824
0
0.11882
0.11851
0.11874
0.11842
0.11848
0.11852
0.11861
0
0.08284
0
0.13702
0.11836
0.11848
0
0.11866
0
0
0.11877
0.11861
0.11887
0
0
0
0.08293
0.11855
0.01458
0.11879
0
0.11894
0.11903
0
0
0.11886
0.11893
0.17542
0.18995
0
0.11913
0.11917
0.08328
0.20539
0
0.0141
0
0
0
0
0.11943
0.02823
0.17574
0.16125
0.05693
0.20412
0.04189
0.24721
0.11932
0.20589
0
0
0.20441
0.24811
0
0
0
0
0.04239
0.11943
0.08333
0
0.20643
0
0.13004
0.08343
0.04246
0
0
0.10764
0.20643
0.27543
0.24771
0.04253
0.11996
0.28917
0.20655
0.24813
0.2211
0.20603
0.22244
0
0.06912
0
0
0.08365
0
0
0.12604
0
0.04397
0
0
0
0.04274
0.19229
0
0.17143
0.04278
0.26208
0.25001
0.28941
0.1164
0
0.04292
0.29051
0.12219
0
0
0
0.23671
0
0
0.04392
0.28982
0.04289
0
0.20027
0.13092
0.28889
0.04402
0.15607
0.28954
0
0
0.2508
0.1016
0
0.13039
0.27656
0.2889
0.27483
0.28884
0
0
0
0
0.04308
0.04301
0
0
0.2774
0.13105
0
0
0.04328
0.044
0.21194
0.19423
0
0
0.1681
0
0.26694
0
0.29053
0.21237
0.2492
0.16782
0
0.16861
0.04332
0
0
0
0
0.25227
0
0.17455
0.18492
0
0.15715
0
0.04324
0.04357
0.13058
0
0
0.21433
0
0.1826
0.19751
0.16985
0.18339
0.11647
0.13107
0.16777
0
0
0
0.1708
0
0
0.17088
0.04357
0
0.13064
0
0.05654
0
0.0436
0.1683
0.18437
0
0.1712
0
0
0.17024
0.17082
0
0.16742
0.16997
0.16828
0
0
0.17186
0.17137
0.16796
0.20577
0
0.13034
0.16816
0.16999
0.17123
0
0
0.17143
0.17002
0.16867
0.17082
0.16936
0
0.17228
0.17014
0.17002
0
0
0
0
0.16793
0
0.17134
0.08582
0.16747
0.15728
0.08568
0.13112
0.16922
0
0
0.17024
0.16895
0.17111
0.16912
0
0
0.17067
0
0.17133
0
0.16965
0
0
0.17203
0.1687
0
0
0
0.14313
0
0
0
0
0
0
0
0
0
0
0
0
0
0
0
0
0
0
0
0
0
0
0
0
0
0
0
0
0
0
0
0
0
0
0
0
0
0
0
0
0
0
0
0
0
0
0
0
0
0
0
0
0
0
0
0
0
0
0
0
0
0
0
0
0
0
0
0
0
0
0
0
0
0
0
0
0
0
0
0
0
0
0
0
0
0
0
0
0
0
0
0
0
0
0
0
0
0
0
0
0
0
0
0
0
0
0
0
0
0
0
0
0
0
0
0
0
0
0
0
0
0
0
0
0
0
0
0
0
0
0
0
0
0
0
0
0
0
0
0
0
0
0
0
0
0
0
0
0
0
0
0
0
0
0
0
0
0
0
0
0
0
0
0
0
0
0
0
0
0
0
0.04921
0
0
0
0
0
0
0
0
0
0
0
0
0
0
0
0
0
0
0
0
0
0
0
0
0.01643
0
0
0.04845
0
0.04841
0.04848
0.04797
0.03277
0.0493
0
0
0.049
0.04809
0
0.04871
0.04947
0.04956
0.04909
0.04896
0.04829
0.04831
0.0475
0.0481
0.04794
0.04951
0.04727
0.04727
0.04833
0.04798
0.04897
0.04746
0
0
0.04746
0.04779
0.04782
0.04769
0.04648
0.04678
0.04753
0.04722
0.0474
0.04756
0.04733
0.04686
0.04714
0.04754
0.04802
0.0467
0.0478
0
0
0
0.04723
0
0.04736
0
0.04714
0.01581
0
0
0
0
0
0
0
0
0
0.01558
0
0
0
0
0
0
0
0
0
0
0.14559
0.15741
0.07958
0.04228
0
0.15754
0.15756
0.03512
0.01167
0.04267
0.0796
0.1459
0
0.13398
0.03481
0.15718
0.03493
0
0
0.15776
0
0
0.04227
0.17534
0.02317
0
0.17165
0.15784
0.03494
0.0421
0.03519
0.04227
0.15775
0.1861
0
0.15783
0.0605
0.03475
0.04245
0.04235
0.15752
0.12218
0.04224
0
0
0.16434
0.15777
0.03514
0.04267
0.04213
0.12212
0.0352
0.03504
0.01173
0.04201
0.04201
0.04285
0
0.15765
0.03132
0
0.15785
0.03512
0.04182
0.04236
0.08009
0.03492
0.02987
0
0.07996
0.02882
0
0.03514
0
0
0.15811
0.15361
0.03501
0.04175
0.03513
0.04183
0.08003
0.04211
0.04237
0.15781
0.15768
0.12247
0.10821
0.07719
0.03484
0.03494
0.04272
0.04165
0.03474
0.04306
0
0.09318
0.07008
0.18661
0.07962
0.08018
0.03486
0.03488
0.07956
0
0.17008
0.20197
0.03478
0.04201
0.04196
0.03478
0.0308
0
0
0.16511
0.15789
0.19751
0.04893
0.0421
0.04294
0.04176
0
0.08004
0.05393
0.03471
0.07971
0.15788
0.09401
0.04168
0.12842
0.15809
0.12852
0.04145
0.15769
0.0415
0.04224
0
0
0.15741
0.08004
0.08016
0
0.08008
0.12183
0.04198
0.04266
0.14599
0.0802
0
0.20134
0
0.12839
0.04206
0.04133
0.12258
0.19817
0.04494
0.015
0.04241
0.19758
0.07959
0.12273
0.1579
0.04433
0.04137
0.04183
0.04259
0.04669
0.12863
0.15813
0.07975
0.02975
0.04218
0.04149
0.04118
0
0.04141
0.22699
0.15791
0.04131
0.09663
0.04246
0.09176
0.22328
0.10803
0.04473
0.0797
0.04451
0.01488
0.04485
0.04217
0.04488
0.12252
0.12284
0.17918
0.01564
0.09209
0.24204
0.17239
0.04104
0.12275
0.12248
0.04684
0.04467
0.14622
0.04226
0.2016
0.04113
0.23051
0.04209
0.04118
0.04158
0.04486
0.04171
0.24184
0.04151
0.04114
0.04103
0.15803
0.1859
0.04201
0.22097
0.04511
0.06012
0.04515
0.15825
0.04143
0.12289
0.07992
0.17986
0.07972
0.179
0.04189
0.04182
0.04493
0.04166
0.24201
0.07998
0.0413
0.04172
0.04505
0.20989
0.04503
0.09497
0.08017
0.04173
0.04087
0.17248
0.04086
0.09502
0.0413
0.15793
0.07984
0.07649
0.04086
0.04102
0.04142
0.24182
0.11063
0.04113
0.04148
0.04156
0.04504
0.2454
0.14654
0.08012
0.12273
0.17306
0.0454
0.04105
0.04064
0.04483
0.04533
0.04075
0.08009
0.07953
0.35482
0.09176
0.04508
0.23367
0.04135
0.24519
0.10285
0.04546
0.08023
0.12274
0.34155
0.04105
0.1231
0.04534
0.28405
0.24218
0.24213
0.31958
0.37316
0.21212
0.08023
0.04131
0.04553
0
0.07994
0.37182
0.21116
0.04552
0.09993
0.21555
0.37286
0.04594
0.09264
0.04544
0.26973
0.02707
0.2425
0.08014
0.02729
0.04523
0.04529
0.37058
0.04118
0.09441
0.01352
0
0.04571
0.041
0.04539
0.09203
0.08021
0.15811
0.04599
0.0271
0.0464
0
0.19727
0.0929
0.07759
0.09959
0
0.06841
0.04098
0.06042
0.07998
0.27053
0.09231
0.24189
0.11496
0
0
0.17958
0
0.08004
0.17233
0
0.24194
0.04532
0.01366
0.39447
0.04587
0.38743
0.09253
0.24255
0.11587
0.10985
0.04582
0.42991
0.09119
0.4314
0.04573
0.41008
0
0.0758
0.20048
0.18856
0
0.0764
0.0462
0
0.02724
0.4306
0.24206
0.20423
0.43262
0.42759
0.24197
0.2231
0.07735
0.08581
0.43201
0.04642
0.04601
0.09249
0
0.19713
0.04625
0.13426
0
0
0.04567
0.04606
0.17853
0.0459
0.09179
0.06217
0.12616
0.12628
0.04648
0.21095
0.0316
0.04648
0.17868
0.09308
0.04636
0.09252
0.21064
0.11912
0.22638
0.16855
0.04572
0.09963
0
0.09287
0
0.04598
0.04593
0.13191
0.04616
0.07668
0.04683
0.24332
0.21053
0
0.04637
0.26217
0
0.22073
0.44695
0.04671
0.1969
0.0852
0.49175
0.52133
0
0.08534
0.04651
0.21505
0.04667
0.04585
0.50691
0.1164
0.04648
0.47411
0
0
0.13196
0
0.01585
0.08486
0.0461
0.12721
0.61561
0.04625
0.04674
0.49168
0.19677
0.15723
0.0464
0.04672
0.52496
0
0.19507
0.0464
0.0461
0.0462
0.04673
0.18065
0.13401
0.60064
0
0.04644
0.49009
0.52342
0.1346
0.10095
0.04692
0.04634
0.13049
0.13015
0.08471
0.04662
0.06504
0.04599
0.04701
0.04765
0.14782
0.17688
0
0
0.14054
0.08366
0.13021
0.04618
0.13227
0.0468
0.34428
0.12971
0.1487
0.09334
0.04714
0.63275
0.53761
0.09974
0.04674
0.16273
0.08524
0.19367
0.28628
0.16011
0.11961
0.04643
0.18316
0.22116
0.04664
0.09992
0.04661
0.1587
0.13206
0.04723
0.09992
0.04653
0.13293
0.09999
0.66445
0.26216
0.04612
0.181
0.08774
0.04644
0.42413
0.27279
0.04681
0.04686
0.17455
0.04638
0.10277
0.04729
0.1714
0.64832
0.10324
0.63273
0.11948
0.04713
0.13203
0.04735
0.1065
0.11607
0.11963
0.16112
0.14584
0.06224
0.11576
0.0473
0.10019
0.10028
0.52086
0.04626
0.23414
0.0473
0.61608
0.17589
0.116
0.04686
0.04625
0.04696
0.2171
0.25462
0.0465
0.63165
0.27272
0.04705
0.04734
0.6651
0.10099
0.66413
0.23426
0.04621
0.13299
0.11657
0.07526
0.047
0.28651
0.21887
0.24018
0.11794
0.66451
0.16585
0.04704
0.04747
0.04752
0.31277
0.63257
0.1771
0.29708
0.04657
0.04693
0.12988
0.5217
0.61348
0.66117
0.29821
0.12972
0.04709
0.17768
0.04689
0.10182
0.52143
0.04685
0.27773
0.2982
0.05426
0.16205
0.04737
0.04731
0.16056
0.10199
0.23222
0.29863
0.04646
0.1925
0.29655
0.14724
0.29834
0.14598
0.04727
0.04716
0.04767
0.22853
0.12972
0.13089
0.16243
0.04739
0.04751
0.4445
0.2985
0.04673
0.04776
0.61044
0.29662
0.63132
0.24157
0.28094
0.59906
0.63024
0.04756
0.04774
0.49151
0.25617
0.27304
0.29788
0.13162
0.25463
0.2967
0.03103
0.24081
0.33321
0.42749
0.04715
0.04737
0.04777
0.30086
0.59784
0.26929
0.42747
0.0473
0.29753
0.04702
0.04782
0.56631
0.04679
0.26846
0.58215
0.38297
0.0477
0.26911
0.42626
0.12913
0
0.3135
0.2688
0.2965
0.32906
0.13033
0.04713
0
0.43658
0.29637
0.1296
0.39446
0.47618
0.13063
0.51872
0.56292
0.3026
0
0.09408
0.04725
0.47165
0.31277
0.52004
0.31157
0.40638
0.47081
0.2857
0.01599
0
0.42572
0.49134
0.37553
0
0
0
0.45282
0.35664
0
0.06294
0
0.03204
0.47077
0.53123
0.43751
0.4091
0.32729
0.0319
0.43984
0.04784
0
0.11833
0.09327
0
0.43671
0.42293
0.09386
0.43905
0.37769
0.47134
0.47339
0.04664
0
0.4738
0.34228
0.43442
0.09228
0
0.43651
0.06217
0
0.47699
0
0
0.47838
0.43815
0.43805
0.43451
0
0
0.47311
0
0.09409
0.47419
0
0.43829
0.09231
0.47974
0.0156
0
0
0.09374
0.47606
0.47657
0
0.0932
0.43451
0.47863
0
0
0.43576
0.47787
0.44677
0.43425
0.47385
0.09256
0.09304
0
0
0
0.47165
0.09339
0.09335
0.06234
0
0.47673
0.47606
0.45956
0.04686
0.43499
0.47469
0
0
0.09313
0
0
0
0
0.47457
0.47623
0.09298
0
0.47673
0.47785
0.09348
0.47775
0.80179
0.09192
0.48899
0.4725
0.07771
0.47555
0.47306
0.47265
0.09182
0.0469
0
0.09154
0.04731
0.09143
0
0.53248
0.47735
0.0925
0.09265
0.04742
0.03141
0.04708
0.09251
0.56669
0.48978
0.51272
0.50818
0.5256
0.56417
0.48936
0.59644
0.04714
0
0.63479
0.56664
0.07718
0.09182
0.70985
0.63072
0.04682
0
0.56495
0.09229
0
0.6336
0.01572
0.04685
0.04709
0.75043
0.06141
0.69732
0.67404
0.64843
0.769
0.73291
0.75507
0.78085
0.03134
0.86067
0.78223
0.82668
0.04662
0
0.03123
0.04649
0.79805
0.01558
0.93897
0.89731
0.83481
0.81298
0.04641
0.01554
0.89612
0.89654
0.90642
0.90619
0.90233
0.92782
0.87742
0.86648
0.86168
0.87817
0.87159
0.8644
0.87135
0.86919
0.86646
0.86924
0.94181
0.96438
0.94242
0.88425
0.97765
0.9647
0.97619
0.97093
0.96834
0.94992
0.91848
0.97859
0.97722
0.9231
0.88188
0.9455
0.91531
0.91433
0.87794
0.96361
0.92535
0.95449
0.97125
0.81634
0.87064
0.87193
0.85018
0.84911
0.82471
0.8336
0.83392
0.82638
0.79917
0.82613
0.82515
0.81938
0.78511
0.81621
0.81303
0.78498
0.79168
0.80132
0.78565
0.78243
0.78489
0.78888
0.78649
0.78568
0.7834
0.78538
0.78131
0.78445
0.76803
0
0
0
0
0
0
0
0
0
0
0
0
0
0
0
0
0
0
0
0
0
0
0
0
0
0
0
0
0
0
0
0
0
0
0
0
0
0
0
0
0
0
0
0
0
0
0
0
0
0
0
0
0
0
0
0
0
0
0
0
0
0
0
0
0
0
0
0
0
0
0
0
0
0
0
0
0
0
0
0
0
0
0
0
0
0
0
0
0
0
0
0
0
0
0
0
0
0
0
0
0
0
0
0
0
0
0
0
0
0
0
0
0
0
0
0
0
0
0
0
0
0
0
0
0
0
0
0
0
0
0
0
0
0
0
0
0
0
0
0
0.04372
0
0
0
0
0
0
0
0
0
0
0
0
0
0
0
0
0
0
0
0
0
0
0
0
0
0
0
0
0
0
0
0
0
0
0
0
0
0
0
0
0
0
0
0
0
0
0
0
0
0
0
0
0
0
0
0
0
0
0
0
0
0
0
0
0
0
0
0
0
0
0
0
0
0
0
0
0
0
0
0
0
0
0
0
0
0
0
0
0
0
0
0
0
0
0
0
0
0
0
0
0
0
0
0
0
0
0
0
0
0
0
0
0
0
0
0
0
0
0
0
0
0
0
0
0
0
0
0
0
0
0
0
0
0
0
0
0
0
0
0
0
0
0
0
0
0
0
0
0
0
0
0
0
0
0
0
0
0
0
0
0
0.01378
0
0
0
0
0
0
0
0
0
0
0
0
0
0
0
0
0
0
0
0
0
0
0
0
0
0
0
0
0
0
0
0
0
0
0
0
0
0
0
0
0
0
0
0
0
0
0
0
0
0
0
0
0
0
0
0
0
0
0.01363
0
0.041
0
0
0.01373
0.04114
0.01379
0.04119
0.04134
0.04145
0.04147
0.04147
0.04163
0.04158
0.04139
0.04144
0.04159
0.0415
0.04207
0.04196
0.04189
0.04171
0.04184
0.04194
0.04191
0.04221
0.04203
0.04198
0.04202
0.04236
0.04233
0.04213
0.04221
0.04221
0.04229
0.04238
0.04262
0.0426
0.04242
0.04254
0.0427
0.04273
0.04278
0.04292
0.04287
0.04308
0.04306
0.04313
0.0432
0.04344
0.04351
0.04354
0.04382
0.04372
0.04391
0
0
0
0
0
0
0
0
0
0
0
0
0
0
0
0
0
0
0
0
0
0
0
0
0
0
0
0
0
0
0
0
0
0
0
0
0
0
0
0
0
0
0
0
0
0
0
0
0
0
0
0
0
0
0
0.01289
0
0
0
0
0.07127
0
0
0
0
0
0
0
0
0
0
0
0
0
0
0
0
0
0
0
0
0
0
0
0
0
0
0
0
0
0
0
0
0
0
0
0
0
0
0
0
0
0
0
0
0
0
0
0
0
0
0
0
0
0
0
0
0
0
0
0
0
0
0
0
0.03091
0
0.04763
0
0.04667
0.04772
0.04762
0
0.04674
0.04797
0.04607
0
0
0.03074
0.04715
0
0
0
0
0.04695
0.04603
0
0
0
0
0
0
0
0.04628
0
0
0.04665
0
0
0.04632
0
0
0
0.01528
0.04787
0
0.04625
0
0.04758
0
0.04589
0.04585
0.04591
0
0
0.04593
0.04751
0.04754
0.04734
0
0
0.04778
0.04629
0.04647
0
0
0
0.04598
0
0
0
0.04784
0
0
0
0
0.04713
0.04595
0.04627
0.04697
0.04698
0
0.04663
0.04599
0.04723
0.04711
0
0.04644
0
0.04585
0
0.04622
0
0
0
0
0.04675
0
0.04656
0
0
0
0
0.04589
0.04648
0.04656
0.0468
0
0
0.04593
0
0
0
0
0
0.04682
0
0
0.04619
0
0
0.04651
0
0.04662
0
0
0
0
0
0
0
0
0
0
0
0
0
0
0
0
0
0
0
0
0
0
0
0
0
0
0.14209
0
0.04382
0.15312
0
0
0
0
0.04379
0
0
0
0
0
0
0
0
0
0
0
0
0
0
0
0
0.02936
0
0.03101
0
0
0
0
0
0.04648
0.04678
0.04629
0.04626
0
0
0
0
0
0.01554
0
0
0.03117
0.04661
0
0.04663
0.04668
0
0
0.04469
0
0.0467
0.0313
0.04689
0.04484
0.04653
0.0854
0.02978
0.04653
0.04465
0.04474
0.04645
0.04503
0.03
0.09192
0.08609
0.0465
0.04498
0.07671
0.07613
0.08562
0.04501
0.0856
0.04653
0.08505
0.08586
0.08541
0.07665
0.04505
0.08509
0.04528
0.10321
0.06073
0.08424
0.10108
0.1186
0.08456
0.09231
0.0454
0.08429
0.08616
0.08542
0.08585
0.08464
0.04542
0.09189
0.08407
0.04547
0.04556
0.08991
0.0836
0.08572
0.04556
0.04564
0.0851
0.08405
0.09224
0.09276
0.08488
0.04575
0.06131
0.09297
0.0838
0.09243
0.12884
0.08583
0.08513
0.08422
0.12957
0.08423
0.12982
0.12893
0.0856
0.08539
0.04583
0.09275
0.04596
0.08459
0.08554
0.17447
0.08464
0.16023
0.175
0.17575
0.04616
0.13062
0.17489
0.08525
0.10352
0.17523
0.04626
0.17433
0.17448
0.17531
0.08458
0.08477
0.04149
0.12991
0.12934
0
0.05416
0.16095
0.16119
0.02577
0.12889
0.13088
0.1293
0.11803
0.11782
0.09138
0
0
0
0
0
0
0
0
0
0
0
0
0
0
0.03676
0
0
0
0
0
0
0
0
0
0
0
0
0
0
0
0
0.01189
0
0
0
0
0
0
0
0
0
0.02377
0
0
0
0
0
0
0
0
0
0
0
0
0
0
0
0
0
0
0
0
0
0
0
0
0
0
0
0
0
0
0
0
0
0.03579
0
0
0
0
0
0
0
0
0
0
0
0
0.03604
0
0
0
0
0
0
0.0361
0.036
0
0
0
0
0
0
0
0
0
0
0
0
0
0
0
0
0
0.01208
0
0
0
0
0
0
0.03596
0
0
0
0
0
0
0.03613
0
0
0
0
0
0.0362
0
0
0
0
0
0
0
0
0
0
0
0
0
0
0.03608
0
0
0
0.04345
0
0.0364
0
0
0
0
0
0.03632
0
0.03659
0
0.03637
0.03632
0.04333
0
0
0
0
0
0
0
0.03643
0
0
0.03637
0
0
0.04348
0
0.04367
0
0
0
0
0
0
0
0
0.03653
0
0
0
0
0
0.04365
0
0
0
0
0
0
0
0
0.04365
0
0.04386
0
0.03667
0
0
0.03662
0
0
0
0
0
0.03659
0
0
0.04395
0
0
0
0
0
0
0
0
0
0
0
0
0
0.03662
0.03681
0
0.70998
0
0
0.7446
0.74306
0
0.62761
0
0
0.04414
0.04445
0.74429
0.67463
0.7453
0.74503
0.6132
0.68448
0
0
0.74375
0
0
0.69175
0
0.69477
0
0
0
0
0.04414
0.69611
0
0.03689
0
0.03683
0.43757
0.74232
0
0
0
0
0.7448
0
0
0.38179
0.0296
0
0
0.69521
0
0
0
0.76299
0
0.74648
0
0.36572
0.43703
0.74656
0.62149
0.74526
0.03693
0.28672
0.7449
0
0.03672
0.04434
0.43619
0.76331
0
0
0
0
0
0
0.03683
0
0
0.03706
0
0.74515
0
0.23569
0
0.04444
0
0.03695
0.74146
0.74425
0.17085
0.72935
0
0.52478
0
0.23238
0
0.40955
0.04464
0.74086
0
0
0.0446
0.03683
0.18366
0.76393
0
0.69817
0
0
0.01238
0
0
0.0369
0.11457
0.74695
0
0.69383
0.04444
0
0.67747
0.31536
0.74114
0
0.04472
0.4622
0.71309
0.74247
0.04446
0
0
0
0
0
0.04464
0
0
0.17092
0
0
0.04456
0.71293
0.03718
0.74501
0.69655
0.74832
0
0
0.76275
0.03715
0
0.74827
0
0.01493
0
0.78328
0
0
0
0.74258
0.39607
0.20559
0
0.76502
0.04482
0
0.74267
0
0.69737
0.19262
0
0
0.0371
0.3303
0
0
0
0
0
0.69777
0
0.30374
0.74065
0
0.03706
0
0.47492
0
0
0
0.03718
0
0.51356
0
0
0
0.61362
0.74417
0
0
0.52828
0.0449
0
0
0
0
0
0.21036
0.0249
0
0
0.04499
0
0.0372
0.17139
0
0
0
0
0
0
0
0.43659
0
0
0
0
0
0
0.05942
0
0
0.27885
0
0.13127
0
0
0
0
0
0
0
0
0
0
0
0
0
0
0
0.03011
0
0
0
0
0
0
0.03742
0
0
0
0
0
0
0
0
0
0.05993
0
0
0
0
0
0.04503
0
0
0
0
0
0.04507
0
0
0.0125
0
0.0125
0
0
0
0
0
0
0
0
0
0
0
0
0
0
0
0
0
0
0
0
0
0
0
0
0
0
0
0
0
0
0
0
0
0
0
0
0
0
0
0
0
0
0
0
0
0
0
0
0
0
0
0
0
0
0
0
0
0
0
0
0
0
0
0
0
0
0
0
0
0
0
0
0
0
0
0
0
0
0
0
0
0
0
0
0
0
0
0
0
0
0
0
0
0
0
0
0
0
0
0
0
0
0
0
0
0
0
0
0
0
0
0
0
0
0
0
0
0
0
0
0
0
0
0
0
0
0
0
0
0
0
0
0
0
0
0
0
0
0
0
0
0
0
0
0
0
0
0
0
0
0
0
0
0
0
0
0
0
0
0
0
0
0
0
0
0
0
0
0.04771
0
0
0
0
0
0
0
0
0
0
0
0
0
0
0
0
0
0
0
0
0
0
0
0
0
0
0
0
0
0
0
0
0
0
0
0
0
0
0
0
0
0
0
0
0
0.1388
0
0
0
0
0
0
0
0
0
0
0
0
0
0
0
0
0
0
0
0
0
0
0
0
0
0
0
0
0
0
0
0
0
0
0
0.04835
0
0
0
0
0
0
0
0
0
0
0
0
0
0
0
0
0
0
0
0
0
0
0
0
0
0
0
0
0
0
0
0
0
0
0
0
0
0
0
0
0
0
0
0.03112
0
0
0
0
0.01555
0
0
0
0.0468
0
0.01554
0
0
0
0
0.04697
0
0.04671
0
0.04668
0.04724
0
0.01569
0.04674
0
0
0
0.04734
0
0
0.04746
0.04692
0
0
0
0
0
0
0.04684
0
0
0.04702
0.04805
0.0471
0
0.04728
0.04695
0
0
0.04731
0
0.04821
0.04712
0.04726
0.04774
0
0
0
0
0.04789
0.04776
0.0474
0.04721
0
0.04778
0
0.04726
0.04732
0
0
0.04757
0.1106
0.04812
0.04773
0.04735
0
0.04792
0.04781
0.04746
0.04775
0.04761
0
0
0
0
0.04806
0
0.07048
0.04788
0
0.04769
0.04787
0
0
0.04831
0.05918
0.05965
0.04786
0.04779
0.04853
0.04779
0
0
0
0.04832
0
0
0.04795
0.11044
0.11017
0.06693
0.0486
0.04813
0.04831
0.04868
0.082
0.04841
0.04759
0
0.0163
0
0
0
0
0
0
0
0
0
0
0
0
0
0
0
0
0
0
0
0
0
0
0
0
0
0
0
0
0
0
0
0
0
0
0
0
0
0
0
0
0
0
0
0
0
0
0
0
0
0
0
0
0
0
0
0
0
0
0
0
0
0
0
0
0
0
0
0
0
0
0
0
0
0
0
0
0
0
0
0
0
0
0
0
0
0
0
0
0
0
0
0
0
0
0
0
0
0
0
0
0
0
0
0
0
0
0
0
0
0
0
0
0
0
0
0
0
0
0
0
0
0
0
0
0
0
0
0
0
0
0
0
0
0
0
0
0
0
0
0
0
0
0
0
0
0
0
0
0
0
0
0
0
0
0
0
0
0
0
0
0
0
0
0
0
0
0
0
0
0
0
0
0
0
0
0
0
0
0
0
0
0
0
0
0
0
0
0
0
0
0
0
0
0
0
0
0
0
0
0
0
0
0
0
0
0
0
0
0
0
0
0
0
0
0
0
0
0
0
0
0
0
0
0
0
0
0
0
0
0
0
0
0
0
0
0
0
0
0
0
0
0
0
0
0
0
0
0
0
0
0
0
0
0
0
0
0
0
0
0
0
0
0
0
0
0
0
0
0
0
0
0
0
0
0
0
0
0
0
0
0
0
0
0
0
0
0
0
0
0
0
0
0
0
0
0
0
0
0
0
0
0
0
0
0
0
0
0
0
0
0
0
0
0
0
0
0
0
0
0
0
0
0
0
0
0
0
0
0
0
0
0
0
0
0
0
0
0
0
0
0
0
0
0
0
0
0
0
0
0
0
0
0
0
0
0
0
0
0
0
0
0
0
0
0
0
0
0
0
0
0
0
0
0
0
0
0
0
0.03564
0
0
0
0
0
0
0
0
0
0
0
0
0
0
0.12374
0
0
0
0
0
0
0
0
0
0
0
0
0
0
0
0
0
0
0
0
0
0.14689
0
0
0.15823
0
0
0
0
0
0
0
0
0
0
0.11009
0.0803
0
0
0
0
0
0
0
0.15801
0
0.15958
0
0.15918
0
0
0.15814
0
0
0
0.15919
0
0.11494
0
0
0
0.11498
0
0
0
0
0
0
0
0
0
0
0.15949
0
0
0
0
0
0
0
0
0
0
0
0
0.15815
0
0
0
0
0
0
0.14498
0
0
0.06422
0
0
0.11507
0
0
0
0.15899
0
0.1592
0
0
0
0
0.07858
0
0.07863
0
0
0
0
0.15888
0
0
0
0.07846
0.07845
0.03597
0.14508
0
0
0
0
0.15861
0.16003
0
0
0
0
0
0
0
0
0
0
0.10298
0
0
0
0
0
0
0
0.15898
0
0
0
0
0
0
0
0.15987
0.16024
0
0
0
0
0
0
0
0
0.15951
0.03553
0.15957
0.0785
0
0
0
0
0.07832
0
0
0
0
0
0
0
0.01187
0
0
0.02374
0
0
0
0.07836
0.14784
0.15936
0
0
0
0.15863
0
0
0
0
0
0
0
0
0
0
0
0
0
0
0.07838
0
0
0
0
0.07789
0
0.0358
0
0
0
0
0
0.15893
0
0
0
0
0
0
0
0
0
0
0
0
0.06419
0
0.07781
0
0.03589
0
0.05002
0
0
0.09253
0
0
0
0
0
0
0
0
0
0
0.01199
0
0
0.03599
0
0
0
0.01201
0
0
0.01202
0.07781
0
0
0
0
0
0.07775
0
0
0
0
0.07774
0.03594
0
0
0
0
0
0
0
0
0
0
0.03612
0
0
0.03605
0
0
0.04993
0
0
0
0.03606
0
0
0
0
0
0
0
0
0
0
0
0
0
0.01204
0
0.04274
0
0
0
0
0
0
0.02411
0
0
0
0
0
0
0
0
0
0
0
0
0
0.04381
0
0
0
0
0
0
0
0
0
0
0
0
0
0
0
0
0
0.03902
0.03907
0.03927
0.11556
0.0393
0.03916
0.03929
0.03924
0.03921
0
0.01307
0.05053
0
0.06268
0.11425
0.01311
0.11423
0.04974
0.07504
0.03939
0.07782
0
0.03944
0.10153
0
0
0.04983
0.03942
0.11458
0.0395
0
0.03946
0.11466
0.07463
0.11479
0
0.0746
0.09018
0
0.05013
0.05095
0.05128
0.03967
0.11494
0.05035
0
0.03968
0
0.04963
0.03973
0.09058
0
0.01323
0.04984
0
0.05033
0.03964
0.07635
0.03991
0.04982
0.05124
0.07494
0.11534
0.06558
0.10381
0.11537
0.11547
0.0334
0.03975
0.03328
0.05072
0
0
0
0.07525
0.05119
0.07522
0.11537
0.05162
0
0
0.03979
0.07523
0
0.05047
0.03979
0.05046
0.05016
0.04018
0
0
0.05033
0.05154
0
0.09114
0.05062
0
0.0124
0
0.0529
0
0.05083
0
0.07537
0.11588
0.05091
0.05103
0.05123
0.05203
0.05189
0.05133
0
0.07581
0.05164
0.05151
0.05164
0.07908
0
0
0.04002
0.07584
0
0
0.03998
0.07554
0.05084
0.05141
0.07571
0.05019
0.04001
0
0
0.04005
0.11625
0
0.01737
0.04038
0.05082
0.05123
0
0
0
0
0
0.07595
0.05142
0.04025
0.05061
0
0
0.07588
0
0
0
0
0.02676
0.05145
0
0
0.05228
0.07586
0.04026
0.05192
0
0.06327
0
0
0.01676
0
0.05229
0.07621
0.06319
0
0
0
0.07617
0.05148
0
0
0
0.05114
0.0762
0
0
0.05231
0.03429
0.04045
0.01691
0
0.0508
0.05114
0
0.01304
0.05152
0.03394
0
0.05084
0
0.05198
0.05109
0
0
0.02704
0.05208
0
0.01349
0
0.07032
0.01662
0.07651
0.05611
0.05016
0
0
0
0
0.04837
0.02556
0.051
0
0.08794
0.05144
0.05179
0.05223
0.0525
0.01505
0
0.05146
0.07037
0.05152
0.08679
0
0.02555
0
0.05203
0.05188
0.05019
0.05124
0.05154
0.02602
0
0.07033
0.05226
0.01657
0.05215
0.10582
0.05232
0
0
0
0.09476
0.05029
0
0
0
0.05117
0.05107
0.06709
0.09191
0
0
0.05091
0.03024
0.05148
0
0.05238
0.09195
0.0329
0
0
0.05173
0
0.08801
0
0.05192
0.0519
0.05182
0.04988
0
0.05173
0.04965
0.07806
0.05266
0
0.07839
0
0.05074
0.01529
0.05168
0.07821
0.05028
0.04949
0.05244
0
0.03501
0
0.05228
0
0.05231
0.07879
0.11947
0
0.0499
0.09284
0.051
0.09255
0.11972
0.1641
0
0.11955
0.01748
0.04849
0.1642
0.05196
0.03318
0
0
0
0.06304
0.12131
0
0.05071
0
0.05192
0
0.14953
0.11263
0.13555
0
0.05016
0.03328
0
0.07954
0.05034
0
0.0333
0
0
0.05085
0.05136
0.16611
0
0.16492
0.05034
0
0.16527
0.09508
0.16548
0
0.0515
0.06902
0.06334
0.16626
0.16587
0
0.05157
0.05162
0.13657
0.0334
0.16706
0.19802
0
0
0
0.05033
0.18169
0.16544
0.16528
0
0.16728
0
0.16535
0.05139
0.16536
0
0
0.05121
0.05111
0
0.16768
0
0.16717
0.13924
0
0.05037
0.04985
0
0.0801
0.06351
0
0.05089
0.16732
0.16798
0
0.01705
0.03354
0.16668
0
0.05065
0.16857
0.16611
0
0.21539
0.05103
0.20522
0
0.21634
0.16658
0.16739
0.0224
0
0.1661
0.16883
0.05081
0
0.05042
0.18355
0.2169
0.05088
0.16733
0.05059
0.15561
0.0501
0
0
0.16813
0.16924
0.16585
0.21674
0.16681
0
0
0.05073
0
0.13695
0
0.05018
0
0.17047
0.16864
0.0504
0.21726
0
0.1698
0
0
0.01123
0.16723
0.05014
0
0.05039
0.16647
0
0.16903
0.06351
0.17125
0.16807
0.05048
0.05
0.17033
0.15324
0.16713
0.18529
0.21828
0.16816
0.1671
0
0.21826
0.16918
0.04962
0.01016
0.05003
0.04987
0
0
0.06509
0.17048
0.16793
0
0.03053
0.04998
0.0499
0.03338
0
0
0.16861
0.03388
0
0
0.0495
0.1868
0.16855
0.13757
0.17021
0.17
0.02262
0.06124
0.0328
0
0.04929
0.04915
0
0.17003
0.16871
0
0.13776
0.16944
0
0.17084
0
0.11651
0.1868
0.03292
0.10824
0.14004
0.11676
0.16918
0.16998
0.17133
0
0.17183
0.17019
0.17149
0.01505
0.01504
0.03012
0
0.16879
0.16894
0.08123
0.07553
0.04544
0
0.04562
0.01504
0.02978
0.04527
0.16903
0.10531
0.10813
0.17104
0.04538
0
0
0
0.10729
0.16917
0.17091
0.16984
0.17004
0.1562
0.17126
0
0.1713
0.04536
0.04543
0.17116
0.16997
0.16944
0.04534
0.03029
0.01141
0
0.04567
0.10765
0.01582
0.12407
0
0.0152
0.08154
0.12291
0.04567
0.17106
0
0
0
0.15643
0.04581
0.04574
0
0.04573
0.1015
0
0.0458
0.1704
0.171
0
0.04589
0
0
0.04591
0
0.04573
0.17032
0.17199
0.04589
0.07865
0.067
0.17154
0.03159
0.04625
0.04622
0
0.04584
0.17121
0.12487
0.01647
0.04626
0.04599
0
0.04606
0.17082
0.04606
0
0.0158
0.10152
0.04619
0
0.03157
0
0.04658
0
0.17127
0.17119
0
0.04867
0
0.04623
0.09599
0
0
0.04655
0.04868
0.07592
0.17171
0.04667
0.04622
0
0
0.04645
0
0
0
0.04629
0
0
0
0
0.04641
0.04678
0
0
0.04683
0
0.04654
0
0
0.10195
0
0.04651
0.06124
0.04846
0
0.04651
0.04636
0.01619
0.04701
0.04661
0
0
0.04714
0.04681
0.03096
0.04667
0
0.06109
0.06537
0
0.04681
0
0.04682
0.04684
0.04676
0
0
0.04672
0
0
0.04692
0
0
0
0.04741
0.04707
0.04692
0
0
0.04709
0
0.04713
0
0
0
0
0.04746
0
0.04704
0
0
0.04727
0.04743
0.04743
0.04749
0.04706
0.04733
0
0
0
0
0
0
0
0
0.01567
0
0
0
0
0
0.04808
0.04788
0.04731
0.0478
0
0
0.04793
0
0
0
0
0.04735
0
0.04762
0.04792
0
0
0
0
0
0
0.04756
0
0
0
0.04769
0
0
0
0
0
0
0
0
0.04832
0
0
0
0
0.0478
0
0.04767
0
0
0
0
0
0.04781
0
0.04826
0
0
0
0
0
0
0.01622
0.04838
0
0.03195
0.04824
0
0
0.04872
0.04874
0
0
0
0
0.04829
0.04815
0
0
0
0
0
0
0.04857
0
0
0
0.04853
0
0
0
0
0.01612
0
0
0
0.04882
0
0
0
0
0
0.04894
0
0
0
0
0
0
0
0
0
0.04822
0.04839
0.0491
0.0671
0.08205
0.04836
0.09664
0.04829
0
0.03271
0.04848
0.04885
0
0.04879
0.09577
0.04869
0
0.04867
0.04905
0.03292
0.13708
0.1248
0.04874
0.04888
0.04939
0.12436
0.0489
0.08233
0.08247
0.04918
0.1858
0.08264
0.03121
0.04938
0.06044
0.04953
0.08287
0.12444
0.03203
0.09234
0.12496
0.04973
0.04976
0.1254
0.04982
0.01556
0.08275
0.07174
0.12711
0.03106
0.12595
0.12454
0.12493
0.05016
0.12594
0.12597
0.1264
0.06119
0.15283
0.12573
0.13551
0.04803
0.17791
0.12665
0.07493
0.12524
0.13564
0.12483
0.16792
0.16352
0.1527
0.12618
0.12674
0.19752
0.1825
0.12572
0.12763
0.12742
0.2247
0.17904
0
0.12709
0.12586
0.11969
0.19725
0.14198
0.22446
0.11152
0.12623
0.13842
0.14707
0.33328
0.07687
0.42153
0.36916
0.23905
0.12676
0.12622
0.10881
0.03214
0.12635
0.12665
0.53189
0.12645
0.10931
0.07599
0.13646
0.11996
0.07541
0.36832
0.0768
0.19704
0.19697
0.09299
0.03154
0
0.10607
0.42453
0.07542
0.14409
0.42248
0.12002
0.07671
0.0618
0.42674
0.12046
0.16726
0.03181
0
0
0
0.42495
0.09091
0.1197
0.42351
0.07618
0.07629
0.19689
0.30784
0.03205
0.45409
0.07544
0.43611
0.4714
0.10571
0.12015
0.06196
0.46651
0.0757
0.12024
0.12024
0.06155
0.11962
0.12022
0.30264
0.06099
0.10448
0.50091
0.51592
0.13734
0.51424
0.10527
0.20174
0.09013
0.06126
0.0317
0.54875
0.0317
0.03163
0.56881
0.09859
0.11991
0.59805
0.19524
0.5974
0.54809
0.39133
0.24228
0.46793
0.30826
0.33947
0.60924
0.61004
0.32454
0.51135
0.51217
0.45403
0.45463
0.61143
0.28562
0.35305
0.4707
0.54477
0.53083
0.36904
0.56013
0.47045
0
0
0.01461
0
0
0
0
0
0
0
0
0
0
0
0
0
0
0
0
0
0
0
0
0
0
0
0
0
0
0
0
0
0
0
0
0
0
0
0
0
0
0
0
0
0
0
0
0
0
0
0
0
0
0
0
0
0
0
0
0
0
0
0
0
0
0
0
0
0
0
0
0
0
0
0
0
0
0
0
0
0
0
0
0
0
0
0
0
0
0
0
0
0
0
0
0
0
0
0
0
0
0
0
0
0
0
0
0
0
0
0
0
0
0
0
0
0
0
0
0
0
0
0
0
0
0
0
0
0
0
0
0
0
0
0
0
0
0
0
0
0
0
0
0
0
0
0
0
0
0
0
0
0
0
0
0
0
0
0
0
0
0
0
0
0
0
0
0
0
0
0
0
0
0
0
0
0
0.04743
0
0
0
0
0.04735
0.01577
0
0
0
0
0
0
0
0
0
0
0
0
0
0
0
0
0
0
0
0
0
0
0
0
0
0
0.07493
0
0.01589
0
0.09146
0
0
0.05031
0.04781
0
0
0
0
0
0
0
0
0
0.11723
0
0
0
0
0
0
0.03855
0
0
0
0
0
0
0
0
0
0
0.07502
0
0
0
0
0
0
0
0
0
0
0
0
0
0
0
0
0
0
0
0
0
0
0
0
0
0
0
0
0
0
0
0
0
0
0
0
0
0
0
0
0
0
0
0
0
0
0
0
0
0
0
0
0
0
0
0
0
0
0
0
0
0
0
0
0
0
0
0
0
0
0
0
0
0
0
0
0
0
0
0
0
0
0
0
0
0
0
0
0
0
0
0
0
0
0
0
0
0
0
0
0
0
0
0
0
0
0
0
0
0
0
0
0
0
0
0
0
0
0
0
0
0
0
0
0
0
0
0
0
0
0
0
0
0
0
0
0
0
0
0
0
0
0
0
0
0
0
0
0
0
0
0
0
0
0
0
0
0
0
0
0
0
0
0
0
0
0
0
0
0.04405
0
0
0
0
0
0
0
0
0
0
0
0
0
0
0
0
0
0
0
0
0
0
0
0
0
0
0
0
0
0
0
0
0.04446
0
0
0
0
0.04355
0
0
0
0
0
0
0
0.01453
0.04387
0.04343
0
0.04426
0.04398
0
0.04365
0
0
0.04389
0.04367
0
0
0.0435
0
0.04354
0
0.02899
0
0
0.04346
0.02895
0.04439
0.04396
0.04376
0.04381
0.04349
0
0
0
0
0.04358
0.01456
0.04427
0.04394
0.02964
0
0.01483
0
0
0.04372
0.04368
0
0.04354
0
0.04421
0.04405
0.04456
0
0
0
0.02921
0.04394
0.04518
0
0.0444
0
0.0146
0.04372
0.04371
0.04461
0
0.02975
0
0.04394
0
0.04388
0.04507
0.04439
0
0.04397
0.04497
0
0.0438
0
0
0.04492
0.04419
0.04395
0.04467
0
0.04503
0.01463
0.04491
0.04429
0
0.05995
0
0
0
0.04419
0.0909
0.08947
0
0.07957
0.08991
0.08977
0.04421
0.04511
0.0452
0
0
0.04415
0.04422
0
0.09087
0.04405
0
0.09064
0
0
0.04423
0
0.09057
0.04422
0
0.0744
0
0
0.04432
0
0.04428
0.09071
0.08987
0.09028
0.03548
0.04451
0.09122
0.04432
0.09136
0.04969
0.07603
0
0.06463
0.09141
0.04458
0
0.03544
0.0907
0
0
0.08987
0
0.09103
0.04454
0.09128
0.0354
0.07944
0.05943
0
0.09128
0.02384
0.0908
0.07442
0.0939
0.03567
0.07881
0.04476
0.09208
0.09091
0.07929
0.09209
0
0.08997
0.09026
0.09348
0.08981
0.0911
0.12316
0.0896
0
0.08978
0.15865
0.08244
0.08981
0.02972
0.03588
0.09238
0.03566
0.0794
0.08989
0.09
0.12331
0.08982
0.09268
0
0.09186
0.01489
0.09028
0.05074
0.09224
0.06517
0.09217
0.09279
0.12195
0.09278
0.12237
0.09232
0.0929
0.09292
0.09073
0.09099
0.09293
0.08089
0.09745
0.09261
0.04507
0.01362
0.09267
0.12445
0.09152
0.11812
0.09345
0.09298
0.09036
0.12295
0.09358
0.04088
0.09332
0.09055
0.09343
0.09072
0.08605
0.15695
0.09209
0.15671
0.09159
0.09155
0.12379
0.12391
0.04117
0.09069
0.15652
0.1228
0.12244
0.04104
0.0905
0.15657
0.15738
0.17162
0.14276
0.09091
0.09345
0.04709
0.09315
0.09408
0.09091
0.1324
0.15677
0.04112
0.15697
0.12216
0.13257
0.09276
0.09339
0.09166
0.1226
0.10117
0.09181
0.07857
0.11768
0.1175
0.14682
0.04734
0.0924
0.09227
0.04132
0.14485
0.146
0.14717
0.04776
0.1564
0.17289
0.1579
0.04139
0.04757
0.1581
0.0933
0.09142
0.15713
0.0942
0.09398
0.12265
0.07209
0.09281
0.04148
0.08713
0.04767
0.14508
0.08727
0.0417
0.04156
0.15919
0.04752
0.09157
0.15882
0.08764
0.14237
0.1571
0.15638
0.15664
0.15687
0.09432
0.09393
0.15823
0.15974
0.15762
0.15667
0.15816
0.0878
0.04789
0.09305
0.15712
0.04695
0.09403
0.04177
0.08768
0.15904
0.04758
0.04802
0.15821
0.04736
0.04822
0.07571
0.08799
0.15795
0.15847
0.07263
0.08795
0.15751
0.04191
0.15832
0.0472
0.04818
0.08796
0.15886
0.04195
0.04182
0.15996
0.09172
0.16014
0.16009
0.15692
0.04195
0.04751
0.04835
0.08804
0.15792
0.15709
0.04206
0.07742
0.04826
0.15784
0.04809
0.04805
0.04192
0.15694
0.15816
0.04226
0.08849
0.15858
0.15791
0.0478
0.08853
0.08911
0.04789
0.15704
0.15731
0.10362
0.04764
0.15928
0.04791
0.04776
0.0482
0.05752
0.0889
0.04253
0
0.15856
0.15884
0.04234
0.04225
0.04228
0.16034
0.15751
0.04841
0.04851
0.04219
0.04211
0.16003
0.15751
0.04228
0.04815
0.15867
0.15732
0.15873
0.04061
0.0481
0.04229
0.04808
0.15836
0.04243
0.04213
0.08931
0.04233
0.15862
0.04799
0.15791
0.04241
0.07841
0.07555
0
0.0426
0.02832
0.06194
0.0784
0.07806
0.09002
0.15797
0.1591
0.04858
0.14689
0.15845
0.04276
0.0424
0
0
0.01612
0
0.09278
0.04283
0
0.04261
0.07815
0
0.12184
0.04294
0.05211
0
0.04289
0.12188
0.04282
0
0.04272
0.07776
0.07789
0
0.05197
0.07782
0.04301
0.09235
0.04271
0
0
0
0.01421
0.04301
0
0.07765
0.04336
0.04295
0.04308
0
0
0.04321
0
0
0.01197
0.03595
0
0
0
0
0
0
0
0
0.03597
0
0.03598
0.04353
0
0
0.04329
0.04343
0
0
0.02407
0
0
0
0
0
0.04358
0
0
0
0
0
0.04365
0
0
0
0
0
0
0
0
0
0
0
0
0
0
0
0
0
0
0
0
0
0
0
0
0
0
0
0
0
0
0
0
0
0
0
0
0
0
0
0
0
0
0
0
0
0
0
0
0
0
0
0
0
0
0
0
0
0
0
0
0
0
0
0
0
0
0
0
0
0
0
0
0
0
0
0
0
0
0
0
0
0
0
0
0
0
0
0
0
0
0
0
0
0
0
0
0
0
0
0
0
0
0
0
0
0
0
0
0
0
0
0
0
0
0
0
0
0
0
0
0
0
0
0.03841
0
0
0
0
0
0
0
0
0
0
0
0
0
0
0
0
0
0
0
0
0
0
0
0
0
0
0
0
0
0
0
0
0
0.01287
0
0
0
0
0
0
0
0
0
0
0
0
0
0
0
0
0
0
0
0
0
0
0
0
0
0
0
0
0
0
0
0
0
0
0
0
0
0
0
0
0
0
0
0
0
0
0
0
0
0
0
0
0
0
0
0
0
0
0
0
0
0
0
0
0
0
0
0
0
0
0
0
0
0
0
0
0
0.29352
0
0
0
0
0
0
0
0
0.14596
0
0
0
0
0
0
0
0
0
0
0
0
0
0
0
0
0
0
0
0
0.01276
0
0.06629
0
0
0.02695
0
0.01
0
0
0
0
0
0.09096
0
0.08828
0
0
0
0.03382
0.09056
0.0795
0
0
0
0
0
0.12913
0.18128
0.1423
0
0
0.13221
0
0.03885
0.05236
0
0
0.21514
0.21549
0.14266
0.03862
0.21555
0.19284
0
0.10219
0
0
0
0
0.21549
0.01009
0.03865
0
0
0.19342
0.10257
0.02016
0.04986
0.18837
0.2161
0.21649
0.07463
0.21681
0.19372
0.1163
0.20002
0.10275
0.08894
0
0.16987
0.03873
0.18363
0.2892
0
0.18303
0.14616
0.2893
0.07117
0.21741
0.21734
0.21735
0.10328
0
0.04062
0
0.22843
0
0.1843
0
0
0.21937
0.28962
0.10368
0.29069
0
0.24804
0.01301
0.21811
0.21882
0.10393
0.29044
0.27695
0.12054
0.29168
0
0
0.10408
0.29004
0.29038
0.21907
0.18605
0.10433
0
0.09849
0.21985
0.1866
0.21967
0.29156
0.29306
0.29159
0.29466
0.2208
0.08475
0.21995
0.16421
0.29129
0.14609
0
0.22088
0.15876
0.29227
0.15074
0.25928
0.29379
0.29207
0.05218
0.2922
0
0.01725
0.29151
0.08476
0.0739
0.29197
0.31132
0.29465
0.1919
0.12562
0.29462
0.20053
0
0.29355
0.22115
0.29338
0
0.05191
0.0738
0
0.31143
0
0.2933
0.29282
0
0
0.29584
0
0.25528
0.15235
0.16544
0.29414
0.34907
0.34911
0
0.07386
0.2556
0.29683
0.05179
0.12572
0.2955
0.15312
0.29541
0.08483
0.29669
0.2685
0.10928
0.0847
0.21546
0.34893
0.35062
0.29639
0.28397
0.05111
0.29473
0
0.29728
0.0517
0.17608
0.08486
0.29502
0.22091
0
0.03395
0.05164
0.34956
0.35074
0.20124
0.35085
0.21133
0.20091
0.29574
0.08472
0.08493
0.29779
0.22229
0.29803
0.1257
0.2965
0.10994
0.29655
0.09991
0.05157
0.33218
0
0.12558
0.20191
0.05081
0.2973
0.21311
0.05156
0.24437
0.20166
0.1261
0.08483
0.12564
0
0.21619
0
0.20176
0
0.2018
0.33006
0.29757
0.29964
0.299
0.12585
0.25284
0.1268
0.29893
0.0849
0.12663
0
0.12672
0
0.23356
0.08482
0.08478
0.05151
0.01713
0.04747
0.05126
0.05136
0
0.29905
0.2018
0.05059
0.05133
0.09104
0
0.28913
0.04762
0.05108
0.23039
0.20197
0.27161
0.12652
0.19407
0
0.05136
0.12632
0.04891
0.12671
0.05123
0.21854
0.05134
0.1885
0.04792
0.12661
0
0.05397
0
0.03296
0.05125
0.14965
0
0.05142
0.03292
0.12672
0.23627
0.04803
0.16139
0.17087
0.15554
0.0847
0.05109
0
0.13112
0
0
0.10924
0
0.03305
0
0.1381
0
0.07092
0.08476
0.11513
0.02199
0.05113
0.12668
0
0.12657
0.12686
0.12688
0.02199
0.10935
0.0509
0.06244
0.05093
0
0.05084
0
0.05113
0
0.07471
0
0.10962
0.0746
0.05096
0
0
0.0749
0.01696
0.05052
0.07497
0.07467
0
0
0
0
0
0
0
0.03417
0
0.07504
0.01682
0
0
0
0
0
0.0251
0
0.03382
0
0
0
0
0
0
0
0
0
0
0
0
0
0
0
0
0
0
0
0
0
0.02193
0.08143
0
0
0
0
0
0
0
0
0.10972
0
0.15269
0
0.08108
0.1693
0
0
0
0
0
0.15239
0
0.08727
0
0
0
0
0.02179
0
0
0
0.10958
0
0
0
0.07508
0.15275
0
0
0
0.15234
0
0
0.02496
0
0
0
0.15218
0
0
0
0.01089
0.13853
0.03267
0
0
0
0.07504
0
0
0
0.12448
0
0.0217
0.10776
0.01057
0
0
0.03252
0.03255
0.11125
0.07498
0
0
0.07508
0
0
0
0
0.07526
0.07485
0
0.0751
0
0
0
0.03242
0.07497
0
0
0.15241
0
0.02153
0.09179
0
0.07514
0
0.06073
0
0
0
0.0323
0
0.13845
0
0
0.07522
0.12591
0
0
0
0
0
0.07518
0.07524
0
0.07524
0
0
0.0747
0
0.07533
0
0.03219
0
0
0
0
0
0.04639
0
0
0.03202
0.0249
0
0
0.07501
0
0
0
0
0
0.03207
0.11976
0
0
0.06074
0
0
0
0
0.07485
0
0
0
0
0
0
0
0
0
0.02129
0.04641
0.03555
0
0
0
0.11943
0
0
0.07511
0
0
0
0
0
0
0
0.11914
0
0
0
0
0
0
0
0
0
0.01061
0
0
0
0.0317
0
0
0
0
0
0
0
0
0
0
0
0
0
0
0.1044
0
0
0.04612
0
0
0
0
0.01052
0.04616
0
0
0
0
0
0
0
0
0
0
0
0
0
0
0
0
0
0
0
0
0
0
0
0
0
0
0
0
0
0
0.03152
0
0
0
0
0
0
0
0
0
0
0
0
0
0
0
0
0
0
0
0
0
0
0
0
0
0
0
0
0
0
0
0
0
0
0
0
0
0
0
0
0
0
0
0
0
0
0
0
0
0
0
0
0
0
0
0
0
0
0
0
0
0
0
0
0
0
0
0
0
0
0
0
0
0
0
0
0
0
0
0
0
0
0
0
0
0
0
0
0
0
0
0
0
0
0
0
0
0
0
0
0
0
0
0
0
0
0
0
0
0
0
0
0
0
0
0
0
0
0
0
0
0
0
0
0
0
0
0
0
0
0
0
0
0
0
0
0
0
0
0
0
0
0
0
0
0
0
0
0
0
0
0
0
0
0
0
0
0
0
0
0
0
0
0
0
0
0
0
0
0
0
0
0
0
0
0
0
0
0
0
0
0
0
0
0
0
0
0
0
0
0
0
0
0
0
0
0
0
0
0
0
0
0
0
0
0
0
0
0
0
0
0
0
0
0
0
0
0
0
0
0
0
0
0
0
0
0
0
0
0
0
0
0
0
0
0
0
0
0
0
0
0
0
0
0
0
0
0
0
0
0
0
0
0
0
0
0
0
0
0
0
0
0
0
0
0
0
0
0
0
0
0
0
0.01089
0
0
0
0.0711
0
0
0
0.03264
0.04553
0.0455
0
0
0
0
0
0
0
0
0
0
0
0.08434
0.09735
0.1103
0
0
0.10981
0.10966
0
0
0
0.03249
0
0.05825
0
0
0
0.11014
0.03246
0.05834
0.03239
0
0.09735
0
0.11091
0.11063
0.03242
0
0
0
0.10943
0.02158
0.11068
0.10937
0
0.11001
0.01075
0.04521
0
0.10883
0
0
0.11065
0.01074
0.07127
0
0.10896
0.11017
0.0846
0.10906
0.10962
0.0322
0.10991
0.10857
0
0.10974
0.11012
0.045
0.11074
0.11007
0.1082
0.03211
0.10892
0.10845
0.10955
0.03207
0.1106
0.10893
0.10918
0.11043
0.1078
0.10896
0.05828
0.10846
0.1092
0.11003
0.11037
0.10945
0.10805
0.11012
0.10776
0.1084
0.109
0.10942
0.10824
0.10726
0.10901
0.10828
0.10841
0.10888
0.10705
0.10785
0.10955
0.107
0.10942
0.1085
0.10798
0.10736
0.12642
0.10915
0.10721
0.10835
0.1072
0.1067
0.10657
0.10741
0.10813
0.10884
0.10688
0.10844
0.12625
0.10685
0.10695
0.10755
0.10759
0.10707
0.10638
0.10733
0.10645
0.10653
0.10678
0.10691
0.20496
0.17067
0.17108
0.17051
0.17081
0.17121
0.17071
0.1709
0.17094
0
0.08618
0
0
0
0
0.03993
0
0
0.0397
0.06401
0.07618
0.0369
0.0379
0
0
0
0
0
0
0
0
0
0
0
0
0
0
0
0.03588
0
0
0
0
0
0
0
0
0
0
0
0
0
0
0
0
0
0
0
0
0
0.03565
0
0.02385
0
0
0.01192
0
0
0
0
0
0
0.01184
0
0.03535
0
0.03523
0
0
0
0
0
0
0
0.04347
0.04342
0
0.01166
0
0
0.01166
0
0.07788
0.04248
0
0
0
0
0
0
0
0
0
0
0
0
0
0
0
0
0
0
0
0
0
0
0
0.1176
0
0
0.01378
0.02752
0
0
0
0.05649
0
0
0
0
0
0
0
0.07198
0.04381
0.10708
0.05707
0.11841
0.08224
0.04295
0.057
0
0.04219
0
0
0
0.04188
0
0
0.02769
0
0.04164
0
0.2493
0.27689
0.29013
0.24906
0.27725
0.29118
0.17095
0.17089
0.17099
0.1705
0
0
0
0.03941
0.07959
0.11451
0
0
0.03982
0.0398
0
0.08793
0
0
0.11409
0
0
0.01338
0
0
0
0
0.03934
0
0
0
0
0
0
0.14093
0
0.03944
0.03936
0.03946
0.03914
0
0
0.01655
0.01703
0.01681
0.05042
0
0.01323
0.03943
0.03968
0.03973
0
0.05067
0
0
0.15427
0.08787
0.07467
0
0
0
0
0
0
0
0
0.03972
0
0
0.11429
0
0.03915
0
0
0
0
0
0
0
0.04012
0.03993
0
0.03909
0.01303
0
0
0
0.05028
0
0
0.0503
0
0
0.07458
0
0
0
0
0
0.04012
0.0395
0
0.12772
0.09064
0
0
0
0.03984
0.01335
0.03997
0
0.11412
0
0
0.01332
0.05069
0.07447
0.03409
0.07447
0
0
0.04005
0
0
0.03995
0
0
0
0
0
0.04002
0.04014
0
0.03926
0.03937
0.03943
0.05048
0
0.07442
0.11458
0.05052
0
0
0
0
0
0
0
0.02679
0.0397
0.03959
0.05826
0
0
0.05175
0.04993
0
0.06621
0.0662
0
0
0
0
0
0.05103
0
0
0.03959
0.03962
0
0.05071
0.06476
0.11421
0.08774
0
0
0
0.11615
0.02629
0
0.07463
0
0
0
0
0
0
0
0
0
0
0.03974
0.03986
0
0.05086
0.03915
0
0
0
0
0
0.11428
0
0
0
0.07447
0
0.06191
0.07448
0.07452
0
0
0
0
0
0
0
0
0
0
0.11435
0.11428
0.04008
0.04007
0.04013
0.04011
0.0583
0.03994
0
0
0.02453
0
0
0
0
0.0745
0
0
0
0.04018
0.02625
0
0.07963
0.09124
0.14102
0
0
0
0.03991
0.01329
0.03986
0.03968
0
0.01301
0.07459
0
0
0
0
0
0.01329
0.11401
0
0.05202
0
0
0.0511
0
0
0
0
0
0.11419
0.03983
0
0
0
0.05212
0
0.1021
0
0
0
0
0
0
0.02671
0
0
0.03934
0.01699
0
0
0
0
0.11448
0.11446
0.11459
0
0
0
0.03406
0
0
0
0
0.11416
0
0.10272
0.07665
0.03973
0.07787
0
0.03943
0.0395
0.03939
0.07447
0
0
0.02674
0.04011
0.11439
0.11453
0.03949
0
0.0744
0
0
0
0
0
0.01681
0
0
0
0
0.03946
0.03957
0.03952
0.03963
0.03963
0
0.11418
0
0
0
0
0
0
0
0
0
0
0.06249
0.07465
0.07465
0
0
0
0
0.05002
0
0
0
0
0
0
0
0
0
0
0.03976
0.01323
0
0
0
0.13274
0
0
0
0
0
0
0
0
0
0
0
0
0
0
0
0
0.1142
0.11437
0.04016
0.04017
0.03998
0.0398
0
0
0
0.01666
0.07455
0.07454
0
0
0
0
0
0.03355
0.07452
0
0
0
0.07456
0.07443
0
0
0
0
0
0
0
0
0
0
0
0.0134
0.01339
0.04004
0.03953
0.01313
0
0.11607
0.10447
0.10223
0.11443
0
0
0.1144
0
0.04976
0.04995
0
0
0
0
0.01335
0.02667
0.03994
0.03995
0.04007
0
0
0.01694
0.03919
0
0.05022
0.07452
0
0
0.07461
0.039
0
0
0
0
0
0
0.05083
0.05073
0.03917
0
0
0
0
0.11409
0.07446
0
0
0.01313
0.03412
0
0
0
0
0
0
0.11419
0.11434
0.04016
0.04006
0.04002
0.06634
0.05317
0
0
0
0.07449
0.06194
0
0.01225
0
0
0
0
0.11409
0
0
0.05232
0.11418
0
0
0
0
0.04
0.04
0.01339
0.02675
0.01336
0.02673
0
0.03969
0.05285
0.07448
0
0
0
0.05067
0.03921
0.08779
0
0
0
0
0
0
0
0
0
0
0
0
0
0
0
0
0
0.11455
0.11445
0
0
0
0.052
0
0.01228
0.06193
0
0
0
0
0
0
0
0
0
0
0
0
0
0
0
0
0.0134
0
0.03959
0.03965
0.03952
0.03947
0.03979
0.05828
0.05834
0
0.02627
0.0394
0.05074
0.08834
0.03916
0
0
0
0.03924
0.04974
0
0.07959
0.07958
0.07953
0.0796
0.12778
0.07448
0.07447
0
0
0
0
0
0.05102
0.02455
0
0
0
0.05012
0.03328
0
0.11419
0.01229
0
0.05091
0
0
0
0
0
0
0
0
0
0
0.03969
0.01318
0.03971
0.03963
0.02635
0.0263
0.03963
0.03968
0
0
0
0.05103
0.05063
0.05027
0.0503
0.03312
0
0
0
0
0.11401
0
0
0
0.05073
0
0
0.01314
0.05169
0.0746
0
0
0
0.05021
0
0
0
0
0
0
0
0
0.11416
0
0.02661
0
0.02646
0.02641
0.03987
0
0.05082
0.114
0.11393
0
0
0
0
0
0
0
0.08982
0.11437
0.11428
0
0.07448
0
0
0
0.05087
0
0
0
0
0
0
0
0.04938
0
0
0.01318
0
0
0
0
0
0
0
0
0
0
0
0
0
0
0
0
0.11422
0.11427
0.04004
0.04001
0.04003
0.04007
0.04011
0.04008
0.04004
0.03994
0.03998
0.05834
0
0
0
0
0.02454
0.03712
0
0
0
0.0487
0.0465
0.04659
0.0483
0.04809
0.04794
0.0464
0.04671
0.04677
0.04668
0.04681
0.04766
0.04662
0.04722
0.04722
0.04774
0
0.04712
0
0.03303
0
0
0
0
0.04755
0.03509
0.05421
0.04268
0.04896
0.08014
0.04196
0.24495
0.43858
0.43868
0.83118
0.85239
0.91429
0.85389
0.87344
0.92657
0.89999
0.92549
0.95176
0.93657
0.87428
0.83207
0.78746
0.80556
0
0
0
0
0
0
0
0
0
0
0.04201
0.04213
0
0
0
0
0
0
0
0.0469
0
0
0.15931
0.15901
0
0
0.06406
0
0
0
0.01466
0
0
0.03605
0
0.07805
0.01469
0.0781
0
0
0
0
0
0
0
0
0.72817
0.74519
0.69493
0
0
0.74073
0.74649
0.7477
0.74728
0.74159
0.7406
0
0.74339
0
0
0
0
0
0
0
0
0
0
0
0
0
0
0
0
0
0
0
0
0
0
0
0
0
0
0
0
0
0
0
0
0
0
0
0
0
0
0
0
0
0
0
0
0
0
0.0472
0
0.04718
0.04761
0
0
0
0
0.04809
0.04816
0.04785
0
0
0
0
0
0
0
0
0
0
0
0
0
0
0
0
0
0
0
0
0
0
0
0
0
0
0
0
0
0
0
0
0
0
0
0
0
0
0
0
0
0
0
0
0
0
0
0
0
0
0
0
0
0
0
0
0
0
0
0
0
0
0
0
0
0
0
0
0
0
0
0
0
0
0
0
0.12449
0.0356
0.02367
0
0.03553
0.03542
0.12445
0.03545
0.05052
0
0.06493
0.03558
0.15839
0.15759
0.12319
0.14616
0.15786
0.15728
0
0.159
0
0.01172
0.02363
0.02355
0
0
0
0.07763
0
0.04625
0.04634
0.04672
0.04661
0.04733
0.04735
0.11116
0.16198
0.13771
0.07578
0.07573
0.07575
0.23457
0.13702
0.42148
0
0
0
0
0
0
0.05007
0
0
0
0
0
0
0
0.15711
0.15669
0.10787
0.12269
0.1233
0.15705
0.21788
0.2315
0.29512
0.29692
0.33679
0.29095
0.29331
0.29429
0.29055
0.07383
0.18873
0.08498
0.1247
0.16522
0.16545
0.26067
0.09825
0.20056
0.16573
0
0
0.16571
0.189
0.22556
0.20066
0.20072
0.08728
0.26616
0.29633
0.29375
0.29448
0.05087
0.05085
0.05167
0.05127
0.05107
0.05134
0.05093
0.05153
0.05139
0.2016
0.26528
0.08487
0.08487
0.0849
0.2306
0
0
0
0
0
0.0484
0
0
0
0
0
0
0.0471
0.24798
