0
0
0
0
0
0
0
0
0
0
0
0
0
0
0.03761
0
0
0
0
0
0.05243
0
0
0
0
0
0
0
0
0
0
0
0
0
0
0
0
0
0
0
0
0
0
0.05521
0
0
0
0
0
0
0
0
0
0
0
0
0.05717
0
0
0
0.05564
0
0
0
0
0.05208
0
0
0
0
0
0
0
0
0
0
0
0
0
0.05219
0
0
0
0
0
0
0
0
0
0
0
0
0.05796
0
0
0
0
0.05775
0
0
0.39632
0
0
0
0
0
0
0
0
0
0
0
0
0
0
0.10262
0
0
0
0
0
0
0.05603
0.0597
0
0.03548
0
0
0
0
0
0
0.05321
0
0
0
0
0
0.05264
0.0555
0
0.03771
0
0
0
0.05488
0
0.05204
0.03058
0
0
0
0
0
0.13142
0
0.05679
0
0
0
0
0.11902
0
0.10285
0
0
0
0
0.05296
0
0
0.05693
0
0.08212
0
0
0
0
0
0
0
0
0
0
0.0572
0
0
0
0
0
0
0
0
0
0
0
0
0
0
0
0.08383
0
0
0
0
0
0.21714
0.08418
0
0
0.07385
0.4793
0
0.107
0
0
0
0
0
0.1467
0
0
0
0
0
0
0.10076
0
0
0
0
0
0
0
0.10845
0
0
0
0
0
0
0.05899
0.01682
0
0.45167
0.10688
0
0
0
0
0
0
0.37604
0
0
0.47274
0.11328
0
0.16862
0.63977
0.07867
0.2444
0
0
0
0
0
0
0
0.15523
0
0
0.53011
0
0
0
0
0
0
0
0
0
0.67758
0
0.07208
0.019
0
0
0
0
0
0
0.10452
0
0.11077
0
0
0
0.1491
0
0
0
0
0
0
0
0
0.30977
0
0.05978
0
0
0
0
0
0
0
0
0
0
0
0
0
0
0.21528
0.92164
0
0.07656
0
0.32759
0
0
0
0
0
0
0
0
0.05582
0
0.35365
0
0
0
0
0
0
0
0
0
0
0
0
0
0
0
0
0
0
0
0
0
0
0
0
0
0
0
0
0
0
0
0.05259
0.05257
0
0.04581
0
0
0
0
0
0
0
0
0
0
0
0
0
0
0
0
0
0
0
0
0.60117
0
0
0
0
0.56898
0.6432
0.3481
0
0
0
0
0
0
0
0
0
0
0
0.7579
0
0
0
0.05887
0.66041
0
0
0
0
0
0
0.03773
0.62384
0
0
0
0
0
0
0
0.01978
0.15325
0.54699
0
0
0.05865
0
0.58713
0.05871
0.05865
0
0
0.09757
0.63875
0
0
0.37313
0.25543
0.05708
0
0
0
0.62001
0
0.47442
0.27735
0
0
0
0.40707
0
0
0.77884
0
0.35169
0
0.43149
0
0.04579
0.05576
0.05642
0.05611
0
0.05585
0
0
0
0.07493
0
0
0
0
0
0
0
0
0.3673
0.21941
0
0
0
0
0
0.3761
0
0.04006
0
0.19722
0
0
0
0
0.10982
0
0
0
0
0
0
0
0
0.24603
0.0238
0.072
0.07184
0.28747
0
0
0
0
0
0
0
0
0
0
0
0
0
0
0.11524
0
0
0
0
0
0
0
0
0.1325
0.0238
0
0
0
0
0
0.05922
0
0
0
0
0
0
0
0
0
0
0
0
0
0
0
0
0
0
0
0
0
0
0
0
0
0
0
0
0
0
0.17267
0
0
0
0
0
0
0
0
0
0
0.08703
0.0716
0.05593
0.10223
0
0
0
0.16953
0
0
0
0
0.37644
0.53586
0
0
0.13591
0.55083
0
0
0.03778
0
0
0
0
0
0
0
0
0
0
0
0
0
0
0
0
0
0.43451
0
0
0
0
0
0
0
0
0
0
0.03992
0
0
0
0
0
0
0
0
0
0
0
0
0
0
0
0
0
0.02029
0
0
0.39041
0
0
0
0
0
0
0
0
0
0
0
0
0
0
0
0
0
0
0
0
0
0.46774
0.36379
0.44809
0
0
0
0
0
0.05632
0
0
0
0
0
0.05522
0
0
0
0
0
0
0
0
0
0
0
0
0
0
0.45975
0
0
0
0
0
0
0
0
0
0
0
0
0
0.05627
0
0
0.32924
0.37544
0
0.17572
0
0
0.35105
0
0
0
0.16555
0
0
0
0
0
0.0203
0
0
0
0
0
0
0
0.05638
0
0
0
0
0
0
0
0
0
0
0.4067
0.06294
0.02233
0
0.01942
0.05996
0
0
0.06025
0
0.16288
0
0
0.42236
0
0.4987
0
0.10717
0
0.2118
0.32886
0.47954
0.13401
0.55567
0
0.10839
0.13442
0.47965
0.12218
0.28207
0
0
0
0
0
0
0
0
0.06219
0
0
0
0
0
0
0
0
0.06016
0
0
0
0.13645
0
0.06645
0.06641
0.06582
0.10833
0
0
0
0
0
0.02207
0.1093
0.55679
0.35409
0.23974
0
0.53763
0.15058
0.14896
0.07844
0
0.40843
0.03807
0.14846
0
0.18936
0.12568
0.09074
0.63511
0.06875
0
0.12615
0.12129
0.05952
0
0
0
0.01929
0
0
0
0
0
0
0
0
0
0
0
0.38981
0
0
0.12353
0
0
0
0
0
0
0
0.33707
0
0
0
0
0
0
0
0
0
0
0
0
0.48433
0
0
0.25639
0
0.10944
0.37419
0.55068
0.58179
0.04561
0
0
0
0
0
0
0
0
0.0218
0.06564
0
0
0
0
0
0
0
0
0
0
0.06829
0.06827
0
0
0
0.05671
0
0
0
0
0
0
0
0
0
0
0
0
0
0.17259
0
0
0
0
0
0
0
0.5291
0.11635
0
0
0
0
0
0
0
0
0
0
0
0
0
0
0
0
0
0
0
0
0
0
0
0
0
0
0
0
0
0
0
0
0
0
0
0
0
0
0
0
0
0.6031
0
0
0
0
0
0
0
0
0
0
0
0.60228
0
0
0
0
0
0
0
0
0
0
0
0
0.02166
0
0
0
0
0
0
0.14828
0
0
0
0
0
0
0
0
0
0
0
0
0
0
0.06511
0
0
0
0
0
0
0
0
0
0
0
0
0
0
0.23661
0
0
0.09977
0
0.56077
0
0.45879
0.26018
0.42961
0
0
0
0
0
0
0
0.40393
0
0.10693
0
0
0
0
0
0
0
0
0
0
0.22823
0
0
0
0.13254
0
0.32706
0.06862
0
0
0
0
0
0
0
0
0
0.0798
0.02513
0.13499
0.04993
0
0
0
0
0
0
0
0
0.12362
0
0.104
0.06684
0
0.12343
0.06831
0.12414
0
0.41191
0.03732
0.95529
0
0.06552
0.06561
0.06524
0.06721
0.07246
0
0
0.06762
0
0.24607
0
0
0.32351
0.05691
0
0
0
0.4571
0
0.04336
0.15397
0.24897
0.4864
0.09415
0.43539
0
0
0.34006
0
0.47237
0.28213
0
0
0.15121
0.16661
0
0.15407
0
0.17914
0
0
0
0
0
0
0
0
0
0.0571
0.04575
0
0.04573
0
0
0
0
0
0
0
0
0
0
0
0
0
0
0
0.41495
0.3412
0
0.47354
0.11207
0.4739
0
0.1208
0.04064
0
0
0.16113
0.37503
0.10096
0.31195
0.10752
0.1888
0.28042
0.22778
0
0.13353
0
0.26463
0
0
0.18483
0.23109
0.22158
0.28467
0.28412
0.20855
0.21253
0.20377
0
0
0
0
0.09428
0.22115
0
0
0.28135
0.16025
0
0
0
0
0
0.31696
0.22566
0.20651
0.04594
0.20808
0.40424
0.05972
0.20649
0.28016
0
0.41492
0.32485
0.23023
0.2312
0
0
0
0.4033
0
0
0
0.09908
0.43441
0.14963
0.42444
0.23025
0.18061
0.0251
0.04772
0.33525
0.42718
0
0.46677
0.05881
0.13116
0.13306
0.18068
0
0
0
0
0.26301
0.09049
0.02121
0
0
0
0
0
0.23516
0
0
0
0
0
0
0
0
0
0
0
0
0
0
0
0
0
0
0
0
0
0
0
0
0
0
0
0
0
0
0
0
0
0
0
0
0
0
0
0
0
0
0.06696
0
0
0
0
0
0
0
0
0
0
0
0
0
0
0
0
0
0
0
0
0
0
0
0
0.18984
0
0
0.31921
0
0.13751
0.02728
0
0
0.01807
0
0.0545
0
0.17383
0
0
0
0.08456
0
0.05913
0
0
0
0
0
0
0
0
0
0
0
0
0.0768
0
0
0
0
0.45428
0
0
0
0
0
0
0
0.05138
0
0.05191
0
0
0
0.10756
0
0
0.26618
0
0
0
0.09552
0
0
0
0
0.08238
0
0
0.23245
0
0
0.22867
0.30404
0
0
0
0
0
0
0
0
0
0
0
0
0
0
0.05145
0
0
0
0
0
0
0
0
0.0523
0
0
0.2242
0
0
0
0.05167
0.05152
0.05145
0
0
0
0
0
0
0.15703
0
0
0.35533
0.05696
0.3523
0
0.05236
0.05223
0
0
0
0
0
0
0
0
0
0
0
0
0.35339
0
0
0
0
0
0
0
0
0
0
0
0
0
0
0
0
0
0
0
0
0
0
0
0.05444
0.58409
0.07201
0
0.35538
0
0.02557
0.70349
0
0
0.11734
0
0.11879
0
0.57939
0
0
0
0
0
0
0
0
0
0
0
0
0
0
0
0
0
0
0
0
0
0
0
0.04993
0
0.23455
0.29297
0.667
0
0
0
0
0
0
0
0
0
0
0
0
0
0
0.02489
0
0
0
0
0
0
0
0
0
0
0
0
0
0
0
0
0
0
0
0
0
0
0.32756
0
0
0
0
0
0
0
0
0
0
0
0
0
0
0
0
0
0
0
0
0
0
0
0
0
0
0.08654
0
0
0
0
0
0
0
0
0
0
0
0
0
0
0
0
0
0
0
0
0
0
0
0.05366
0
0
0
0
0
0
0
0
0.056
0
0
0
0
0
0
0.05564
0
0.05304
0.05755
0.13128
0
0
0
0
0
0
0
0
0
0
0
0
0
0
0
0
0
0
0
0.06485
0
0
0.04568
0
0
0
0
0
0
0
0
0
0.0458
0
0
0.03811
0
0
0
0
0.10275
0
0
0
0
0
0
0.10207
0
0.10229
0.10258
0
0
0
0.0519
0.03851
0.05297
0.05565
0
0.0379
0.05685
0.03747
0
0
0.05305
0
0
0
0.05586
0.05563
0
0
0
0
0
0
0
0
0
0.0533
0.03576
0
0
0.03575
0
0
0
0.01888
0
0
0.05327
0
0
0
0
0
0
0
0
0
0
0
0
0
0
0
0
0
0
0
0
0
0
0
0
0
0
0
0
0
0
0
0.0571
0
0
0
0
0
0
0
0.05682
0
0
0
0
0
0
0
0
0
0
0
0
0
0
0
0
0
0
0.03786
0.09354
0
0
0
0
0
0
0
0
0
0.05706
0
0
0
0
0
0
0
0
0.40848
0
0
0
0.30936
0
0
0.09574
0
0
0
0
0
0
0
0.03655
0
0
0
0
0
0
0
0.10671
0
0
0
0.27135
0
0
0.11561
0.05653
0.08194
0
0
0
0
0
0
0
0
0.05791
0
0
0
0.08281
0
0.10791
0.15126
0.09679
0
0.01739
0
0.20629
0.23347
0.09
0
0.05229
0
0.24329
0.18836
0.08251
0.16359
0.16508
0.05833
0.18865
0
0.05264
0
0.09337
0
0
0.03489
0
0
0
0
0
0.05163
0.23334
0.05945
0.05626
0
0.03958
0.07907
0
0
0
0.23926
0.05625
0.08246
0
0.01914
0.05678
0.05603
0
0.05243
0
0
0
0
0
0
0.03435
0.09291
0
0.0858
0.26665
0.05248
0
0
0.05165
0.05111
0
0
0
0
0.1639
0.10736
0
0
0.13432
0
0
0
0
0.051
0
0
0
0
0
0
0.10744
0
0
0.10626
0.03443
0
0.19142
0
0
0.05202
0
0
0
0
0.14966
0.05694
0
0
0.05164
0
0
0
0
0
0
0.0356
0
0
0
0
0
0.02002
0
0
0
0
0
0.19201
0
0.07732
0
0
0
0
0
0
0
0
0
0
0.05203
0
0
0.05236
0.03725
0.20745
0
0.05158
0.05228
0
0
0
0
0
0
0.08263
0.05839
0
0
0
0.01899
0.08239
0.05203
0
0
0
0
0
0
0
0
0
0
0
0
0.05743
0
0.03671
0
0.05463
0
0
0.05308
0
0.05638
0
0
0
0.03913
0.01778
0
0
0
0.05314
0.05463
0
0.05626
0
0.01731
0.05217
0
0
0.10678
0
0
0
0
0.10849
0
0
0
0.05645
0
0
0
0
0
0.01761
0
0
0
0.0521
0
0
0
0
0
0
0
0
0
0
0.18794
0
0.05288
0
0
0.01766
0.03545
0
0
0.01767
0
0.05147
0.01774
0
0
0.07212
0
0
0
0
0
0
0
0
0.0577
0.05249
0
0
0
0.05185
0
0
0
0
0
0.03533
0
0
0
0
0
0.05222
0
0
0.03842
0.16508
0
0
0.108
0
0
0
0.05857
0
0
0
0
0
0
0
0
0
0.03701
0
0.0371
0.13249
0
0.21983
0
0.05704
0.01727
0
0
0
0.20776
0
0.07262
0
0
0.05199
0
0
0
0
0
0.15264
0
0.07547
0.05684
0
0.16527
0.05696
0
0.02727
0
0
0
0.05156
0
0.08245
0.03895
0
0.1162
0
0.24236
0
0
0
0.16724
0.05654
0.08208
0.05224
0
0
0.05461
0.05192
0
0.07252
0
0.27364
0
0.05761
0.25291
0
0.02727
0.0598
0
0
0.07932
0.10779
0
0.08381
0.08253
0
0
0.01823
0.05153
0
0
0
0.13523
0
0.13557
0
0
0
0.25318
0
0
0
0.01743
0
0
0
0.16432
0.26821
0
0.24223
0
0
0.05603
0.05721
0.06004
0
0.04001
0
0.08314
0
0.21578
0.05275
0
0
0
0
0
0
0
0
0
0
0
0
0
0
0
0
0.05796
0
0
0.08269
0.01746
0
0
0
0.05206
0
0.05579
0.05178
0.05788
0.05191
0
0
0
0
0
0
0
0
0
0
0
0
0.05706
0.0841
0.0583
0
0
0.05733
0
0
0
0.08289
0
0
0
0
0.05716
0
0.23903
0
0.05941
0
0
0
0
0
0
0
0.24296
0
0
0
0
0
0
0
0
0
0
0
0.08447
0
0
0
0.08326
0
0
0
0
0
0
0
0
0
0
0
0
0
0
0
0.28263
0
0.01977
0
0
0
0
0
0
0
0
0
0
0
0.07512
0
0
0
0.08327
0
0
0
0
0.08457
0.08503
0
0
0
0
0
0.27211
0
0
0
0
0.12763
0
0
0
0
0
0
0
0
0
0
0
0
0
0
0
0
0
0
0
0
0
0
0
0
0
0
0
0
0
0
0
0
0
0
0
0
0
0
0
0
0
0
0
0
0
0
0
0
0
0
0
0
0
0
0
0
0
0
0
0
0
0.0602
0.06096
0
0
0
0
0
0
0
0
0
0.06133
0
0
0
0
0
0
0
0
0
0.06164
0
0
0.08939
0.06173
0.06161
0
0
0
0.06082
0
0
0
0.05192
0
0.13011
0
0
0
0
0.02044
0.0613
0
0
0
0
0
0
0
0.04156
0
0
0
0
0
0.0592
0
0
0
0
0
0
0
0.13045
0
0.02089
0
0
0
0
0
0.0205
0
0
0.06217
0
0
0
0
0.06103
0
0
0.08309
0
0
0
0
0
0
0
0
0
0
0
0
0
0.05962
0
0.055
0.03899
0
0.05235
0
0
0
0
0
0
0
0
0
0
0
0
0
0
0
0
0
0
0
0
0
0
0
0
0
0
0
0
0
0
0
0.11353
0.22532
0.1149
0
0
0
0.04023
0.05755
0.26534
0
0
0.32694
0
0
0
0
0
0
0
0
0
0
0
0
0
0
0
0
0
0
0
0
0
0
0
0
0
0
0
0
0
0
0
0.05787
0
0
0
0
0
0
0
0.05917
0
0
0
0
0
0
0
0
0
0
0
0.07897
0
0
0
0
0.06037
0
0.06019
0
0
0
0
0
0
0
0
0
0
0
0
0
0
0
0
0
0
0
0
0
0
0
0
0.06114
0
0.06702
0.05673
0.69607
0
0.02217
0
0
0
0
0
0
0
0
0
0
0
0
0
0
0
0
0
0
0
0
0
0
0
0
0
0
0
0
0
0
0
0
0
0
0
0
0
0
0
0
0
0
0
0
0
0
0
0
0
0
0
0
0
0
0
0
0
0
0
0
0
0
0
0
0
0
0
0
0
0
0
0
0
0
0
0
0
0
0
0.02095
0
0.0603
0
0
0.06012
0
0
0
0
0
0
0
0
0
0
0
0
0
0
0
0
0
0
0
0
0
0.40076
0
0
0.30728
0.12567
0.107
0
0
0.50253
0.10738
0.10876
0
0
0
0
0
0
0
0
0
0
0
0
0
0
0
0.10249
0
0
0
0.04603
0
0
0.05882
0
0.05835
0
0
0.05742
0
0
0
0
0
0
0
0
0
0
0
0
0
0
0
0
0
0
0
0
0
0
0
0
0
0
0
0
0
0
0
0
0
0
0
0
0
0.05811
0
0
0
0
0
0
0
0
0
0
0.01946
0
0.33392
0
0
0
0
0
0.05832
0.3456
0
0.23535
0.23075
0
0
0
0
0
0.47025
0
0
0
0
0
0
0.07225
0
0
0.25576
0
0.03381
0.05037
0.05034
0.47703
0.25649
0
0.05009
0.0501
0
0
0
0
0
0
0
0
0
0
0
0.08443
0
0
0
0
0
0
0
0
0.05422
0
0
0
0
0
0
0
0
0
0
0
0
0
0
0
0
0.08347
0
0.19673
0.2614
0
0
0
0
0
0
0
0
0
0
0
0
0
0
0
0
0
0
0
0
0
0
0
0
0
0
0
0
0
0
0
0
0.06899
0.53388
0.05027
0.09828
0
0.53888
0
0
0.47941
0
0
0
0
0
0.3789
0
0
0.25207
0.27942
0.20901
0
0.21752
0.24277
0.34148
0.29459
0.47976
0.07793
0.03785
0.11296
0.21081
0.70544
0.12004
0.19964
0.13582
0.38798
0
0.20932
0
0
0
0
0
0
0
0.0498
0
0
0
0
0
0
0
0
0
0
0
0
0
0.37637
0
0
0.10358
0.05714
0.31989
0.84971
0
0
0
0
0
0
0
0
0
0.65698
0
0
0
0.69823
0.63404
0.70796
0
0
0.01793
0
0
0
0
0.4706
0
0
0
0
0
0
0.07681
0
0
0.27441
0.43212
0.07483
0
0
0
0
0
0
0
0
0
0
0
0
0
0
0
0
0
0
0
0
0
0
0
0
0
0
0
0
0
0
0
0
0
0
0
0
0
0.05495
0
0
0
0
0
0
0
0
0.07586
0
0
0
0
0
0
0
0
0
0
0
0
0
0
0
0
0
0
0
0
0
0
0
0
0
0
0
0
0
0
0
0
0
0
0
0
0
0
0
0
0
0
0
0
0
0
0
0
0
0
0
0
0
0
0
0
0
0
0
0
0
0
0
0
0
0
0
0
0
0
0
0
0
0
0
0
0
0
0.05531
0
0
0
0
0
0
0
0
0
0
0
0
0
0
0
0
0
0
0
0
0
0
0
0
0
0
0
0
0
0
0
0
0
0
0.17633
0
0
0.0607
0
0
0
0
0
0.0604
0
0
0
0
0
0.06036
0.30656
0
0
0
0.06054
0
0
0
0
0.05883
0.07915
0.07955
0.36044
0
0.05828
0.12066
0
0.12084
0.17861
0.11911
0
0.17777
0.15882
0.12068
0.05985
0.06013
0
0
0
0.05646
0
0
0
0
0.06185
0
0
0
0
0
0
0
0
0
0
0
0.19476
0
0
0
0
0
0
0
0
0
0
0
0
0
0
0
0
0
0
0
0
0
0
0
0
0
0
0
0
0
0
0
0
0
0.06068
0
0
0
0
0
0
0
0
0
0
0
0
0
0.02053
0
0
0
0
0
0
0
0
0
0
0
0
0
0.0596
0
0
0
0
0
0.0596
0
0
0
0
0
0
0
0
0
0
0
0.04055
0.0605
0
0
0
0
0
0.4349
0
0.05687
0.13298
0.02685
0.2684
0.08254
0
0.12882
0.05814
0
0.10699
0
0
0
0
0
0
0
0.05426
0
0
0
0.01753
0
0
0.01829
0
0
0
0.05176
0.05194
0.05202
0
0
0
0
0
0
0.01984
0
0
0
0
0.01829
0.03657
0
0.37529
0
0
0
0
0
0.05507
0.05502
0
0.05481
0
0
0
0
0
0
0
0
0
0
0
0
0
0
0.17362
0
0
0
0
0.05445
0.0363
0
0.05423
0.05457
0
0
0.01815
0
0
0
0
0
0
0
0
0
0
0
0
0
0
0
0
0
0.19183
0.08423
0.17233
0
0
0
0
0
0
0
0
0
0
0
0
0
0
0
0
0
0
0
0
0
0
0
0
0
0
0.07687
0
0
0
0
0
0
0.055
0
0
0
0
0
0
0
0
0
0
0
0
0
0
0
0
0
0
0
0
0
0.05769
0
0.05215
0
0.05233
0.05669
0
0
0
0.05976
0.08309
0.02732
0.06005
0.14508
0.10223
0.18914
0
0
0
0
0
0
0
0
0
0
0
0.0526
0
0
0
0
0
0
0
0
0.05147
0
0
0.08265
0
0
0
0
0
0
0
0
0
0
0
0
0
0
0.05223
0
0
0
0
0
0
0
0
0
0
0
0
0
0
0
0
0
0
0.05187
0.03509
0
0
0
0
0
0
0
0
0
0
0
0
0
0
0
0
0
0
0
0
0
0
0
0
0
0.66508
0
0
0.21895
0
0.65451
0
0
0
0
0
0
0
0.05198
0
0
0.1902
0
0
0
0
0
0
0
0
0
0
0
0
0.07422
0.18203
0.2158
0
0
0
0
0
0
0.21263
0
0
0
0
0
0
0
0
0
0
0
0
0
0
0.43638
0
0
0
0
0
0
0
0
0.46511
0
0
0
0
0
0
0
0
0
0
0
0
0.03878
0.21026
0
0.0508
0.33126
0
0
0.27993
0.28089
0
0.23387
0.44279
0
0
0
0
0.07526
0
0.36825
0
0.45548
0.07429
0.19881
0
0.12617
0.07469
0
0
0.05634
0.10242
0
0.08426
0
0.08428
0.0682
0
0
0
0
0
0.65468
0
0.03828
0
0
0
0
0.14223
0.11478
0
0
0
0
0.51311
0
0
0
0
0.47737
0
0
0
0
0
0.0608
0
0
0
0
0
0
0
0
0
0
0
0
0
0
0
0
0
0.11188
0
0
0
0
0
0.06129
0
0
0
0
0
0
0
0
0
0
0
0
0
0
0
0
0
0
0
0
0
0
0
0
0
0
0
0
0
0
0
0
0
0
0
0
0
0
0
0
0
0
0
0
0
0
0
0
0
0
0
0
0
0
0
0
0
0
0
0
0
0
0
0
0
0
0
0
0
0
0
0
0
0
0
0
0
0
0
0
0
0
0
0
0
0.05841
0
0
0
0
0
0
0
0
0
0
0
0
0
0
0
0
0
0
0
0
0.01923
0
0
0.10584
0.05946
0
0
0
0
0.17203
0
0
0
0
0
0.05876
0.24132
0
0
0
0
0
0
0
0
0
0
0
0
0
0
0
0
0
0
0
0
0
0
0
0
0
0.05911
0
0
0
0
0
0
0
0
0.05138
0
0
0
0
0
0.05142
0
0
0
0
0
0
0
0
0
0
0
0
0
0
0
0
0
0
0
0.1383
0
0.03741
0.03865
0
0
0
0
0.01722
0
0
0.09571
0
0
0
0
0
0
0
0.05804
0.05808
0
0
0
0
0
0
0
0
0.15443
0
0
0
0
0
0
0
0
0
0
0
0
0
0
0.05948
0
0
0
0
0
0
0
0
0
0
0
0
0
0
0
0
0
0
0
0
0
0
0
0
0
0
0.01862
0
0
0.03975
0.05962
0
0
0
0.05965
0
0.05536
0
0.0594
0.14839
0.05534
0.1007
0.04564
0
0
0
0
0.12358
0
0
0
0
0
0
0
0
0
0
0
0
0
0
0
0
0.12879
0
0
0
0
0.04537
0
0.08434
0.06138
0
0
0
0
0
0
0
0
0
0
0
0
0
0
0
0
0
0
0
0
0
0
0
0
0
0
0
0.06089
0.06105
0
0
0
0
0
0
0
0
0
0
0
0
0
0
0
0
0.28813
0
0.41564
0
0.13157
0.21576
0.0937
0.15174
0.15177
0
0
0
0
0
0.2491
0.58468
0.17059
0.30779
0
0
0
0
0.05747
0
0.34521
0.26464
0.49829
0.18448
0.22105
0.0194
0
0
0
0
0.4792
0
0
0
0.26016
0
0.05691
0
0
0
0
0
0.13262
0
0.21529
0.6044
0.05727
0.05931
0
0.24708
0.05704
0
0.30353
0.0563
0.26842
0.1308
0.32101
0
0.13123
0.23112
0.30763
0
0
0.26588
0
0
0
0
0
0
0
0.5294
0
0
0
0
0
0
0
0
0.40191
0.17301
0
0
0.62371
0
0.54978
0.05791
0.47717
0
0.15038
0
0
0
0.23996
0.3928
0
0
0
0.23221
0.44224
0.07531
0
0.28647
0.20633
0.05717
0
0
0
0
0
0
0
0
0
0
0
0
0.05826
0
0
0
0
0.06137
0
0.05795
0
0.05763
0.02727
0
0
0.084
0
0
0
0
0
0
0
0
0
0
0
0
0.06063
0.06042
0
0
0
0
0
0
0
0
0
0
0.42652
0
0
0
0
0
0
0
0
0
0
0
0
0
0
0
0
0.3926
0
0
0
0
0
0
0
0
0
0
0
0
0
0
0
0
0
0
0
0
0
0
0
0
0
0
0.54131
0
0
0
0
0
0
0
0
0
0
0.36324
0
0
0
0
0.38476
0
0.11052
0.43467
0.05687
0
0
0
0.11299
0
0
0
0
0
0
0
0
0.05856
0
0
0
0
0
0
0
0
0.01916
0.55949
0
0
0.61771
0
0
0.45619
0
0
0
0.59075
0
0.01908
0.48156
0.02027
0.41225
0
0
0
0
0
0
0
0.31422
0
0.29651
0
0
0.25238
0
0
0
0
0
0
0
0.37952
0
0.40849
0
0
0
0
0
0
0.57584
0.09478
0.38303
0
0.40541
0
0.11745
0
0
0
0
0
0.52515
0
0.40615
0
0.47712
0.40326
0
0.1191
0.48181
0.48341
0
0
0.31625
0
0
0
0
0
0
0
0
0
0.54379
0
0
0.08387
0
0
0
0
0
0
0
0
0
0
0
0
0
0
0
0
0
0
0
0
0
0
0
0
0
0
0
0
0.01838
0.03676
0.28102
0.0549
0
0
0
0
0
0
0
0
0
0
0
0
0
0
0
0
0.05255
0
0
0
0
0
0
0
0
0
0
0
0
0
0
0
0
0.05556
0
0
0.05521
0
0
0
0
0
0
0
0
0
0
0.05532
0.05555
0.05531
0.05542
0
0
0
0
0
0
0
0
0
0
0
0
0
0
0
0
0
0
0
0.01877
0.05598
0
0
0
0
0
0
0
0.05552
0
0
0
0
0
0
0
0
0
0.05368
0
0
0
0
0
0
0.05355
0
0
0
0.07126
0
0
0
0
0
0
0
0
0.03509
0
0
0
0.01851
0
0
0
0
0
0
0
0
0
0
0
0
0
0
0
0
0
0
0
0
0
0
0
0
0
0
0
0
0
0
0
0
0
0
0
0
0
0
0
0
0
0
0
0
0
0
0.05517
0
0
0
0
0
0
0
0
0
0
0
0
0
0
0
0.03488
0
0
0
0
0
0
0
0
0
0
0
0.05673
0
0
0
0
0
0
0
0
0
0
0
0
0
0
0
0
0
0
0
0
0
0
0
0
0
0
0
0.03373
0
0.12258
0
0.12292
0.12291
0
0
0
0
0
0
0
0
0.5652
0
0
0
0
0
0.12301
0
0
0
0
0
0
0
0
0
0
0
0
0
0
0
0
0.01689
0.12245
0
0
0
0
0
0.01826
0
0
0
0
0
0
0
0.05108
0
0
0
0
0
0
0
0
0
0
0
0
0
0
0
0
0
0
0
0
0.37575
0
0
0
0.35378
0.05611
0
0
0
0
0
0
0
0
0
0
0
0
0
0
0
0.05594
0
0.4316
0
0
0
0
0
0
0.31444
0
0
0.1231
0
0.12287
0
0.53922
0
0
0
0.59748
0.60367
0
0
0
0
0
0
0
0
0
0
0
0.09807
0
0
0
0.05937
0
0
0.07431
0
0
0
0
0
0
0
0
0
0
0
0
0
0
0
0.35016
0.31534
0
0
0
0
0
0
0
0
0
0
0
0.01792
0.0523
0
0
0
0
0
0
0
0
0
0
0
0
0
0.05454
0
0
0.05185
0
0
0
0
0
0
0
0
0
0.07351
0
0.37838
0.4332
0.04963
0
0.27026
0.03928
0.01851
0
0
0.01534
0
0
0
0
0.28578
0
0
0
0
0
0
0
0
0
0
0
0
0
0
0
0
0.055
0
0
0.03652
0.03559
0
0
0
0
0
0
0
0
0.05575
0
0
0
0
0
0
0
0
0.05516
0
0
0
0
0
0
0
0
0
0
0
0
0
0
0
0
0
0
0
0
0.05285
0.0533
0.05327
0
0
0
0
0
0
0
0
0.01529
0
0.01531
0
0
0
0
0
0
0
0
0
0
0
0
0.17501
0
0.87581
0
0
0.01642
0.04955
0.04964
0
0.39946
0.25517
0.42839
0.37693
0.45928
0
0.55595
0.42061
0
0
0.55182
0.05025
0.4818
0.21067
0
0
0.54513
0.52504
0.12788
0.04747
0
0
0.20665
0
0.06884
0.35572
0
0
0
0
0.50213
0
0
0
0.07131
0.23527
0
0
0.33326
0.21592
0.52074
0
0
0
0.59155
0
0
0
0
0.10672
0.23294
0.07253
0.10911
0.04979
0.37427
0
0
0
0
0
0
0
0
0
0
0
0
0
0
0
0
0
0
0
0
0
0
0.04959
0.13225
0.04941
0.04928
0
0
0
0
0.05133
0
0.02406
0
0
0
0
0.4107
0.09548
0
0
0
0
0
0
0
0
0
0
0
0
0
0
0
0
0
0
0
0
0
0
0
0
0
0
0
0
0
0
0
0
0
0
0
0
0
0
0
0
0
0
0
0
0
0
0
0.51795
0.37672
0.0764
0
0
0
0
0
0
0
0
0
0
0
0
0
0
0
0
0
0.11027
0
0
0
0.501
0
0
0
0
0
0
0
0
0
0
0
0
0
0
0
0
0
0
0
0
0
0
0
0
0
0
0
0
0
0
0
0
0
0
0
0
0
0
0
0
0
0
0
0
0
0
0
0
0
0
0
0.01935
0
0
0
0.10672
0
0.03842
0
0
0
0
0.05743
0
0
0
0
0
0
0
0
0
0
0
0
0
0.2966
0
0
0
0.248
0
0
0
0
0
0
0
0
0
0
0
0
0
0
0
0
0
0
0
0
0
0
0
0
0
0
0
0
0
0
0
0.32761
0.38231
0
0
0
0
0
0
0
0
0
0.09251
0.07383
0
0
0.09245
0.09665
0.05784
0.6243
0
0
0
0
0
0
0.17365
0
0
0
0
0
0.16854
0.23064
0
0
0
0
0.01934
0
0
0.17755
0
0.1962
0.05607
0.10231
0
0
0
0
0
0
0
0
0
0
0
0
0
0
0
0
0
0.25291
0
0.17062
0
0.65797
0
0.09347
0.36939
0.11236
0
0
0.09299
0
0
0
0
0
0
0
0
0
0
0
0
0
0
0
0
0
0
0
0
0
0
0
0
0
0
0
0
0
0
0
0
0
0
0
0
0
0
0
0
0
0
0
0
0
0
0
0
0
0
0.38032
0
0
0.5603
0
0
0
0.15609
0.35515
0
0
0
0
0
0
0
0.11468
0
0
0.37181
0
0
0
0.0575
0.05757
0.64177
0.34321
0
0.63108
0
0
0
0
0
0
0.6434
0
0
0
0
0
0
0
0
0
0
0
0
0
0
0
0.01946
0
0
0
0.05469
0.32575
0
0
0
0.05455
0
0
0
0.05416
0.13123
0
0
0
0
0.51617
0.05189
0.05616
0
0.48329
0.10546
0
0
0
0
0
0.37506
0
0
0
0
0
0
0
0
0
0
0
0.01934
0
0
0.10664
0.08493
0.10727
0
0
0
0
0
0.03686
0
0
0
0
0.01534
0.04547
0.04584
0.04558
0.0456
0.04565
0.1186
0.1092
0.10086
0.08592
0.22448
0
0.11803
0.10731
0
0.10679
0.15864
0.05669
0
0
0
0
0.20198
0.48926
0
0.45078
0.06581
0.30155
0.16485
0
0
0
0.03691
0.06505
0.1005
0.03061
0.03708
0
0
0
0
0
0.10698
0
0.05756
0.06543
0
0.01886
0
0
0
0
0
0.35429
0.14156
0.05611
0
0
0
0.05738
0.2581
0.05653
0
0
0
0.0568
0.05805
0.35751
0
0.22129
0
0
0
0
0
0.0188
0
0
0
0
0
0
0
0
0
0
0
0
0
0
0
0
0
0
0
0
0
0
0
0
0
0
0
0
0
0
0
0
0
0
0
0
0
0
0
0
0
0
0
0
0
0
0
0
0
0
0
0
0
0
0
0
0
0
0
0
0
0
0
0
0
0
0
0
0
0
0
0
0
0
0
0
0.02094
0
0.09721
0.10138
0.20808
0
0
0
0
0
0.69432
0
0
0
0
0
0
0
0
0.49893
0
0
0
0
0
0
0
0
0
0
0
0
0
0
0
0
0
0
0
0
0.1052
0
0
0
0
0.23393
0.10916
0
0.14623
0
0.52031
0.3604
0.33086
0
0
0
0
0
0
0
0.05128
0
0
0
0.09567
0
0
0
0.11466
0.05704
0
0
0
0
0
0
0.05769
0
0.05766
0
0
0
0
0
0
0
0
0
0
0
0
0
0
0
0
0.05437
0
0
0
0
0
0
0
0
0.05591
0
0.05538
0.07409
0
0
0
0
0
0
0
0
0
0
0
0
0.36255
0.34943
0.10051
0.07407
0.0455
0
0.32299
0.26099
0.39351
0
0
0.19097
0
0
0
0
0.64182
0
0
0.19551
0
0.83056
0
0
0
0
0
0
0
0
0.05484
0
0.05943
0
0
0
0
0
0
0
0.01982
0
0
0.08494
0
0
0.05458
0
0
0
0.15188
0.05422
0
0.18798
0.05475
0
0.09625
0.05444
0.05436
0.05438
0.05459
0.08318
0.18928
0.05443
0.05442
0.07516
0
0.07532
0.11672
0.05448
0.05474
0
0
0.01821
0
0
0
0
0
0.05462
0
0.05466
0
0
0
0
0
0
0
0
0
0
0
0
0.07547
0
0
0
0
0
0
0
0
0
0
0
0
0
0
0
0.06657
0
0
0
0
0
0
0
0
0
0
0
0.25339
0
0
0
0
0
0
0
0
0
0
0
0
0
0
0
0
0
0
0
0
0
0
0
0
0
0
0
0
0
0
0
0
0
0
0
0
0
0
0
0
0
0
0
0
0
0
0
0
0
0.31125
0
0
0
0
0
0
0
0
0
0.32612
0.0239
0
0
0
0
0.03631
0
0.0568
0.0499
0.33688
0.10851
0
0.10742
0
0
0
0
0
0
0
0
0
0.47127
0
0
0.3345
0
0.61063
0
0
0
0
0
0
0
0.40987
0
0
0
0
0
0
0
0
0
0
0.05667
0.48123
0.14916
0.06659
0.05695
0.10748
0.33486
0.05644
0.05715
0.05675
0.28958
0.05675
0.38421
0.55733
0.10715
0
0
0
0
0
0.07748
0
0
0
0
0.06598
0
0.02189
0
0
0
0.05588
0.05683
0
0.05659
0
0.09333
0.05667
0.12281
0
0.07876
0
0
0.45378
0
0
0
0
0.08656
0
0
0.11192
0
0.07474
0
0
0.497
0
0
0
0
0
0
0.05941
0
0.04578
0
0
0
0
0.05954
0
0
0.07498
0
0
0
0
0
0
0
0
0
0
0
0
0
0
0
0
0
0
0
0
0
0
0
0
0
0
0
0
0
0
0.03791
0
0.05179
0.01939
0.10559
0.05634
0
0
0.05634
0.08378
0.08372
0
0
0
0
0.26297
0.34869
0.43443
0.20005
0
0.35264
0
0.14597
0
0.09405
0.05035
0.07435
0.54662
0
0.11393
0
0.10729
0.05819
0.07279
0.40652
0
0.04813
0.1741
0.04978
0.07252
0
0
0
0
0
0
0
0
0
0
0
0
0
0
0
0
0
0
0
0
0
0
0
0.43789
0
0.04586
0
0
0
0.06547
0
0
0
0
0
0
0
0
0
0
0
0
0
0
0
0
0
0.05737
0
0
0
0
0.05545
0
0.0924
0.0737
0
0
0
0
0
0
0
0
0
0
0
0
0
0
0
0
0
0
0
0.10239
0.13064
0
0
0
0
0.04595
0.0649
0.04585
0
0
0
0
0
0.18978
0
0
0
0
0
0
0
0
0
0
0
0
0
0
0
0
0
0
0
0
0
0
0
0
0
0
0.23749
0
0
0
0
0.50884
0
0.3164
0
0
0
0
0
0
0
0
0.06392
0.13443
0.08814
0
0
0.64787
0
0
0
0
0
0
0.05164
0.0518
0
0
0.57693
0
0
0
0
0
0
0
0
0
0
0
0
0
0
0
0
0
0
0
0
0
0
0
0
0
0
0.3493
0.36941
0.23633
0
0.06709
0.39075
0.08713
0.06736
0.06674
0.21026
0.1277
0.06696
0.06663
0.36738
0
0
0
0
0
0
0.30989
0
0
0.37945
0
0
0.42897
0
0.10984
0.05033
0
0.0658
0.06017
0
0
0
0
0.038
0.0776
0.46959
0.49173
0.40678
0.07826
0.20738
0.07748
0.3524
0.20555
0.37008
0.48571
0.47829
0.28423
0.55726
0.46588
0.40984
0.12619
0.44839
0.37842
0.2349
0.33747
0.20637
0.01903
0.43991
0.12846
0.41154
0.48211
0
0.39121
0.07813
0
0
0.13305
0.22683
0
0.04987
0
0.05961
0.36344
0.38269
0.05003
0.10716
0
0.35493
0.50171
0
0.15597
0
0
0
0
0
0
0
0
0
0
0
0
0.052
0
0.05725
0
0
0
0
0
0
0.03658
0
0.052
0
0
0
0
0
0
0.01996
0
0.27149
0
0
0
0
0
0.12689
0
0.20689
0.08717
0.14087
0
0
0
0
0
0
0
0
0
0
0
0
0
0
0
0
0.07559
0.12902
0.12956
0.15676
0.07482
0.08128
0
0
0
0
0
0.17831
0
0.0219
0.36385
0.35292
0
0
0
0
0.18818
0.0449
0.12812
0
0.06742
0
0
0
0
0.06597
0
0.06603
0
0
0
0
0.28063
0
0
0
0
0.30498
0
0.4064
0.12839
0
0
0.06236
0
0.06129
0
0
0.06229
0
0
0
0.05999
0
0
0
0
0
0
0
0
0
0.63916
0
0
0
0.12226
0
0
0.09518
0.11417
0
0
0
0
0
0
0
0
0
0
0.05662
0
0
0
0
0
0
0
0
0
0
0
0
0
0.05772
0
0
0
0
0
0
0
0
0
0.05513
0
0
0
0
0.50297
0.15573
0.03796
0
0
0
0
0
0
0
0
0
0
0
0
0.05099
0
0
0
0
0
0
0
0
0
0.07261
0
0
0
0
0
0
0
0.33222
0
0
0
0
0.07617
0.64494
0
0
0.06601
0
0
0
0
0
0
0
0.05194
0.22429
0
0
0
0
0
0
0
0
0
0
0
0
0.05784
0
0.03706
0.10993
0.06918
0.0883
0.04581
0.04351
0
0
0
0.05679
0
0
0
0
0
0.05204
0.05817
0
0.05594
0
0
0
0
0
0
0
0
0
0
0
0.05652
0
0
0
0
0
0.0557
0.05594
0
0
0
0
0
0.04992
0
0
0
0
0
0
0
0.0558
0.05646
0.03768
0.0561
0.05609
0
0
0
0
0
0
0
0
0
0
0
0
0
0.05529
0.05649
0
0
0.05584
0.0565
0
0.04554
0.04548
0
0
0
0.18822
0.08096
0
0.14865
0.22156
0
0
0
0.43012
0
0
0
0
0
0
0
0
0
0
0
0
0
0
0.07523
0.50029
0
0.46724
0.34911
0.36799
0
0.11301
0
0
0.07514
0
0
0
0
0
0
0
0
0
0.22959
0
0
0
0
0
0
0
0
0
0.05689
0.09595
0
0.03804
0
0.05702
0.05702
0
0
0.04573
0
0
0
0.08109
0
0
0
0
0
0
0
0
0
0
0
0.03723
0
0
0.05355
0
0
0
0.0558
0
0
0
0.05496
0.01927
0
0
0
0
0
0
0
0
0
0
0
0
0
0.01949
0.11662
0.11672
0.11647
0
0
0.06118
0.05153
0
0
0.05156
0
0.05141
0.05144
0
0.05142
0
0.05147
0.05146
0
0.05294
0
0
0
0
0
0
0
0
0
0
0
0
0
0
0
0.05775
0
0
0
0
0.06552
0
0
0
0
0
0
0
0
0
0
0
0
0
0
0
0
0
0.12893
0
0
0
0.05605
0
0
0.05662
0
0
0
0.30485
0.15062
0.2084
0
0.05939
0
0
0
0
0.0628
0
0
0
0
0
0
0
0
0.04036
0.06025
0.28291
0.4919
0.44425
0.17359
0.12793
0
0
0
0
0
0
0
0
0
0
0
0.05966
0
0
0.34846
0
0
0
0
0
0
0
0
0
0
0
0
0.03909
0.05805
0
0
0
0
0
0
0
0
0
0
0
0.0575
0.05858
0.05761
0.05825
0
0.05788
0
0
0.05776
0.0586
0
0
0
0
0
0
0
0
0
0
0
0
0
0
0
0
0
0
0
0
0
0
0
0
0
0
0
0
0
0
0
0
0.05596
0.07566
0
0
0
0
0
0
0
0
0
0
0.06089
0
0
0
0
0
0
0
0
0
0
0
0
0.03923
0
0
0.05963
0
0
0
0
0
0
0
0
0
0
0
0
0
0
0
0
0
0
0
0
0
0
0
0
0
0
0
0
0
0
0
0
0
0
0
0
0
0
0
0
0
0
0
0
0
0
0
0
0
0
0
0
0
0
0
0
0
0
0
0
0
0
0
0
0
0
0
0
0
0
0
0
0
0
0
0
0.15685
0.14458
0.05811
0
0
0
0
0.01939
0
0.05812
0.05869
0.0586
0
0
0
0
0
0
0
0
0
0
0
0
0
0
0
0
0
0
0
0
0
0
0
0.05731
0
0
0
0
0
0
0
0
0
0
0
0
0
0
0
0
0
0
0
0
0
0
0
0
0
0
0
0
0
0
0
0
0
0
0
0
0
0
0
0
0
0
0
0
0
0
0
0.24976
0.1068
0.34233
0
0
0.45992
0
0.10856
0
0
0
0.05207
0.01946
0.05149
0
0
0.06813
0.06892
0
0
0
0.5988
0.71034
0
0
0.61029
0.55347
0
0.05936
0
0
0
0
0
0.54296
0
0
0.29638
0
0.7017
0.75323
0
0
0
0.0565
0
0
0
0
0
0.05011
0.54073
0
0
0
0.05985
0
0.05632
0
0
0
0
0
0
0
0
0.21671
0.53015
0
0
0
0
0
0
0
0
0
0
0
0
0
0
0
0
0
0
0
0
0
0
0
0
0.15415
0.05723
0.13621
0.22975
0.10893
0.15893
0.0552
0
0
0
0
0
0
0
0
0.05245
0.05268
0
0.05715
0.05598
0
0.08221
0
0
0
0
0
0
0.6253
0
0
0
0
0
0
0
0
0
0
0
0
0
0
0
0.05137
0
0
0
0
0
0
0
0
0
0
0
0
0
0.01747
0.03862
0.01737
0
0.01737
0
0
0
0.58331
0
0.43361
0
0
0
0
0
0
0.05513
0.05624
0.03711
0
0.03757
0.05505
0
0.40376
0.42196
0
0.09929
0.16347
0
0
0
0
0
0
0
0
0
0
0
0
0
0.27066
0.13311
0.1708
0.18845
0
0
0
0
0.05459
0
0.0192
0
0
0
0
0
0
0
0
0
0
0
0
0
0
0
0.10004
0
0.38898
0.25581
0
0
0
0
0
0
0
0
0
0
0
0
0
0
0
0
0
0
0
0
0.07337
0
0
0.07434
0.0738
0
0
0
0.03946
0
0
0
0
0
0
0
0
0
0
0
0
0
0
0
0
0
0
0
0
0
0.05824
0
0
0
0
0
0
0.16815
0
0
0
0
0.0273
0.05466
0
0
0
0
0
0
0.05236
0
0
0
0.01764
0
0.05219
0.05319
0
0
0
0
0.0573
0
0.04596
0
0.0839
0.05263
0.05229
0.05323
0
0.04598
0.04595
0
0
0
0
0
0
0
0
0
0
0.08234
0
0
0
0
0.4077
0
0
0
0
0
0
0
0
0
0
0
0
0
0
0
0
0
0
0
0.05753
0.05733
0
0
0
0
0
0
0
0
0
0
0
0
0
0
0
0
0
0
0
0
0
0
0
0.08396
0
0
0
0
0
0
0
0
0
0
0
0
0
0
0.01636
0
0
0
0
0
0
0
0
0
0
0
0
0
0
0
0
0
0
0.4007
0
0
0
0
0
0
0
0
0
0
0
0
0.21625
0
0
0
0
0
0
0
0
0
0
0
0
0
0
0
0
0
0
0
0
0
0
0
0
0
0.49456
0.16891
0
0
0
0
0
0
0
0
0
0.03693
0
0.2586
0.13703
0
0
0
0
0
0
0
0
0
0
0
0
0
0.35922
0
0.05056
0.0506
0.12423
0.05011
0.4142
0
0.05494
0
0.05499
0.05588
0
0.01883
0
0
0
0
0
0
0
0
0
0
0
0
0
0
0
0
0.05628
0
0
0
0
0
0
0.05681
0
0
0
0
0
0
0
0
0
0
0
0
0
0.20606
0.0757
0.2587
0
0
0
0
0
0
0
0
0
0
0
0
0
0
0
0
0
0
0
0
0
0
0
0
0
0
0
0.01959
0.05723
0.0565
0.05684
0
0
0
0
0.05659
0
0
0
0
0
0.05339
0
0
0
0
0
0
0
0
0
0
0.05735
0
0
0.05555
0
0
0
0
0
0
0
0
0
0
0.06034
0
0
0.05712
0.45307
0
0
0
0
0
0
0
0
0
0
0.05658
0
0.06348
0
0.05983
0
0
0.20025
0.21372
0.28743
0
0
0
0
0
0
0
0
0
0
0
0
0
0
0
0
0
0
0
0
0
0
0
0
0
0
0
0
0
0
0
0
0
0
0
0
0
0
0
0
0
0
0
0
0
0
0.01908
0
0.09844
0
0
0
0
0.05982
0
0.38497
0.46042
0
0
0
0
0
0
0
0
0
0
0
0
0
0
0
0
0
0
0
0
0
0.33548
0.33502
0
0
0.03072
0
0
0.05541
0.05533
0
0
0
0.05614
0
0
0
0
0
0
0
0
0
0
0
0
0
0
0
0
0
0
0
0
0
0.5477
0
0.25472
0
0
0.42749
0
0
0
0
0
0
0
0
0
0
0
0
0
0
0
0
0
0.21846
0
0
0
0
0
0
0
0
0
0.02685
0
0.33435
0
0
0.05861
0.05894
0.03953
0
0
0
0
0
0
0
0
0
0
0
0.12199
0.07378
0.13326
0
0
0.10763
0.18407
0
0.05666
0
0.20882
0.41762
0.01896
0.22294
0
0
0.25022
0.07635
0
0
0
0
0
0
0
0
0
0
0.13428
0
0.05901
0
0
0
0.05553
0
0.05573
0
0
0
0.05349
0
0.05278
0.05609
0.03697
0
0
0.05595
0.05618
0.05603
0
0
0.05596
0.056
0.06479
0.06458
0.10228
0
0
0
0
0
0
0
0
0
0
0
0.01828
0
0
0
0
0
0
0
0
0.46337
0.09651
0.6186
0
0
0.05717
0.05714
0
0
0.05659
0.38734
0.06594
0.12885
0
0
0
0
0
0
0
0
0
0
0
0
0
0
0.46345
0.34878
0.34908
0.4825
0
0
0
0
0.13551
0.06295
0
0.06361
0.53765
0.21687
0
0
0
0
0
0
0
0
0
0
0
0
0
0
0
0
0
0.45861
0
0
0
0
0.1077
0
0
0.05249
0
0
0
0
0
0.13232
0
0
0.07338
0
0
0.10883
0.05707
0.0572
0
0.01913
0.03809
0.03801
0.01903
0.10742
0
0
0.02508
0
0.17068
0
0
0
0
0
0
0
0
0
0
0.05721
0.0759
0.04564
0.10752
0.05767
0.07383
0.49972
0
0.03438
0.05154
0.05155
0.47725
0.0516
0.58782
0
0
0.11972
0
0
0
0
0
0
0.479
0.45982
0.41164
0
0.2067
0.11201
0.22107
0.06064
0.37537
0.39808
0.06074
0.12485
0
0
0
0
0
0
0
0
0
0
0
0.06026
0.06045
0
0
0.05938
0
0
0
0
0
0.05538
0
0
0
0
0
0
0
0
0
0
0
0
0
0
0
0
0
0
0
0
0
0
0
0
0
0.05234
0.0758
0
0
0
0
0
0
0
0
0
0
0
0
0.43956
0
0
0
0
0
0
0
0
0
0
0
0
0
0
0
0
0
0
0
0
0
0
0
0
0
0
0
0.05973
0
0
0
0
0
0
0
0
0
0
0.3342
0.42434
0
0
0
0
0
0
0
0.1084
0
0
0
0
0
0
0
0.64989
0.05299
0
0.16392
0
0
0
0
0
0
0
0
0.47401
0
0
0
0
0
0
0
0
0
0
0
0
0
0
0
0
0
0
0
0
0
0
0
0
0
0
0
0
0
0
0
0
0
0
0
0
0.16992
0
0.05497
0.10909
0
0
0
0
0
0.38253
0.33429
0
0.08244
0.34464
0.14697
0
0
0
0
0.09718
0
0
0.06057
0
0
0
0
0
0
0
0
0
0
0
0
0
0
0
0
0
0
0
0
0
0
0
0
0
0
0
0
0
0.05654
0.01849
0.10857
0.10845
0.10902
0
0
0.43709
0.48198
0.10848
0
0.10869
0
0
0
0
0
0
0
0
0
0
0
0
0
0.26495
0
0.04223
0
0
0
0
0.07249
0
0.03631
0.06631
0
0
0
0
0
0
0
0
0
0
0
0
0
0
0
0.05716
0
0
0
0
0
0.19445
0
0.04569
0
0
0
0.12956
0
0
0
0
0.05198
0
0
0.18852
0
0.05268
0.06386
0
0
0
0
0
0
0
0
0
0
0
0.05663
0
0
0
0
0
0.24467
0
0
0
0
0
0
0
0
0
0
0
0
0.10043
0
0
0
0
0
0
0
0
0
0
0
0
0
0
0
0
0
0
0
0
0
0
0
0
0
0
0
0
0
0
0
0
0
0
0
0
0
0
0
0.084
0
0
0.0583
0
0
0
0
0
0
0
0
0
0
0
0
0
0
0.16611
0
0
0
0
0
0
0
0
0
0
0
0
0
0
0
0.03706
0
0
0
0
0
0
0
0
0
0
0
0
0
0
0
0
0
0.04575
0.04579
0.04982
0
0
0.62084
0
0
0
0
0
0
0.0591
0.05275
0.05271
0.05612
0
0.05303
0.05343
0
0.03514
0
0.04595
0.10261
0.08386
0.05316
0
0
0.05709
0
0.10212
0.07222
0.06934
0
0
0
0
0
0
0
0
0
0
0
0.34918
0
0.20393
0.07037
0
0.07348
0.12493
0.07476
0.07695
0
0.04584
0
0
0
0
0
0
0.05198
0.19037
0
0
0
0.05452
0
0.03657
0
0
0.2289
0
0
0.03451
0
0
0
0
0
0
0
0
0
0
0.05855
0
0
0
0
0
0
0
0.04766
0.40913
0
0
0
0
0
0
0
0
0
0
0.05095
0
0
0
0
0
0
0
0
0
0
0
0.06169
0
0
0
0
0
0
0
0
0
0
0
0
0
0
0
0
0
0
0
0
0
0
0.05217
0
0
0
0
0.07103
0.07325
0.24395
0.46932
0.20792
0.21221
0.37951
0.4146
0.43363
0.41345
0.07838
0.18876
0.20713
0.36207
0.15554
0.2607
0
0.46046
0.48003
0
0.10694
0.20545
0
0
0
0
0
0
0
0
0
0
0
0
0.05241
0
0.01971
0
0
0
0
0
0
0.06663
0.17887
0
0.05593
0.05596
0.05571
0
0
0
0
0
0
0
0
0
0
0
0.05653
0
0
0
0
0
0.13405
0.13419
0.17828
0
0
0
0
0.11455
0
0
0
0
0
0
0
0
0
0
0
0.05702
0
0
0
0.06775
0.12556
0.33597
0
0
0
0.04592
0
0
0
0
0.08282
0.05621
0.1889
0
0
0
0
0
0
0
0
0
0
0
0
0
0
0.05201
0
0
0
0
0
0
0
0.34202
0
0
0.29438
0
0
0
0
0
0
0
0
0
0
0
0
0
0
0
0
0
0
0
0.02066
0
0
0.04095
0.10203
0
0
0.12448
0.05673
0
0
0
0
0
0
0
0
0.02137
0.11095
0.11111
0.17096
0
0.38217
0.06634
0.05954
0.10041
0
0.05193
0
0
0
0
0
0
0
0.04175
0.06039
0.02005
0
0.10714
0
0.08307
0.10756
0
0
0
0.33199
0.12906
0.02627
0
0
0
0
0.08112
0
0.13048
0
0.23958
0.05764
0.05987
0
0.05164
0
0.35354
0.1264
0.07567
0
0.13523
0
0
0
0.33283
0.56737
0.26906
0.05712
0.05985
0.12688
0.05947
0.13334
0
0
0.34428
0
0.02011
0
0
0
0.06938
0.14677
0.26823
0
0
0
0.04567
0.56235
0.55703
0.10141
0.2842
0
0
0.11056
0
0
0.0532
0.05281
0
0
0.0526
0.05268
0
0.05593
0.1667
0.50976
0.33329
0
0
0
0
0
0
0
0
0
0
0.05503
0
0
0
0
0
0
0
0
0
0
0.05397
0
0
0
0
0
0
0.06121
0
0
0
0
0.06739
0.06674
0
0
0
0
0
0
0.05816
0
0
0
0
0
0
0
0
0
0
0
0
0
0
0
0
0
0
0
0.12434
0.12716
0.06255
0
0
0
0
0
0
0
0
0
0
0.38197
0
0
0.07435
0
0.28561
0
0
0
0
0
0
0
0
0
0
0
0
0
0
0
0
0
0
0
0
0
0
0
0
0
0.07375
0
0
0
0
0.03767
0.10703
0.01897
0
0
0
0
0
0
0
0.17702
0
0
0
0
0
0
0
0
0
0
0
0
0.01729
0
0
0
0
0.05561
0
0
0
0
0
0.05621
0
0
0
0.21686
0
0.05936
0
0
0
0
0
0
0.05013
0
0
0
0
0
0
0
0
0
0
0
0
0
0
0
0
0
0
0.05922
0
0
0
0
0
0.07422
0
0
0.37407
0.19193
0.36062
0
0.10849
0.04583
0.12688
0.03893
0
0.05523
0.03048
0
0
0
0
0
0
0.34402
0
0
0
0.10767
0.13315
0.15389
0.15576
0
0.01966
0
0
0
0
0
0
0
0
0
0
0.32168
0
0.11264
0
0.4037
0
0
0
0
0
0
0
0
0
0.04517
0.12952
0
0
0
0
0
0
0
0
0
0
0
0
0.10086
0.06524
0.06502
0
0
0.09131
0.10948
0.1326
0
0
0
0.05159
0.05157
0.05802
0
0
0
0
0
0
0
0.01771
0.01772
0
0
0.49675
0
0
0
0
0
0
0.04911
0.59986
0.34087
0.72029
0
0
0
0
0
0
0
0
0
0
0
0
0
0
0
0
0
0
0
0
0
0.32872
0
0
0
0.05675
0
0
0
0
0
0
0
0
0
0
0.20752
0
0.05776
0
0
0
0
0
0
0
0
0.32806
0.32803
0.54221
0
0
0.54195
0.05882
0
0.17655
0
0
0
0
0
0
0.02411
0.07275
0
0.2371
0.33425
0.40427
0
0
0
0
0
0
0
0
0
0
0
0
0
0
0
0
0.05887
0
0
0
0.12908
0
0.13245
0
0.07219
0
0
0
0
0
0.03066
0
0
0.47394
0
0
0
0
0
0
0
0
0
0
0.0305
0.34645
0
0
0
0
0
0
0
0
0
0
0
0
0
0
0
0.27929
0
0
0
0
0
0
0
0.05258
0
0
0
0
0
0
0.43519
0.3346
0.45533
0
0
0
0
0
0
0
0
0
0
0
0
0
0
0
0
0
0
0
0
0
0
0
0.01923
0
0.03848
0
0
0
0
0
0.07467
0
0
0
0
0
0
0
0.10747
0
0.05934
0
0
0
0.08427
0.38826
0.09527
0.51416
0
0
0
0
0.05816
0.01853
0.16371
0
0
0
0
0
0
0.14485
0
0
0
0.05726
0
0
0
0
0
0
0
0
0
0
0
0
0
0
0
0
0.28562
0
0
0
0
0
0.35933
0.40725
0.10304
0.05502
0.11396
0.69844
0
0
0
0
0
0
0
0
0
0
0.13269
0
0
0
0.36985
0.38844
0
0
0
0
0
0
0
0
0
0
0
0
0
0
0.24918
0
0
0
0
0.16525
0.03849
0
0
0
0
0
0
0.05499
0
0
0
0
0
0
0.01897
0
0.06062
0
0
0.051
0
0
0
0
0
0
0
0
0
0
0
0
0.08734
0
0
0
0
0
0
0
0
0
0
0
0
0
0
0.05988
0
0
0
0
0
0
0
0
0.05621
0
0
0.1769
0
0
0
0
0
0
0.056
0
0.05645
0
0
0
0.05144
0
0
0
0
0
0
0
0
0
0.3762
0
0
0
0
0
0
0
0.18466
0.05912
0
0.08026
0
0
0
0
0.05823
0
0
0
0
0
0
0
0
0
0
0
0.037
0
0
0
0
0.85059
0.51945
0.40588
0
0
0
0
0
0
0.20927
0
0
0
0.13871
0
0
0
0
0
0
0
0
0
0
0
0
0.0733
0.0245
0
0
0
0
0
0
0
0
0
0
0
0
0
0.06539
0
0
0.22616
0
0
0
0
0
0
0
0.3522
0
0
0
0
0
0.46828
0
0
0
0.06064
0.08905
0
0
0
0
0
0.0789
0
0
0
0
0
0
0.08243
0
0
0.06609
0
0
0.01844
0
0.42339
0
0
0
0
0
0
0
0
0.05625
0.40886
0
0
0
0
0
0
0.11091
0
0
0
0
0
0
0
0
0
0.053
0
0.0518
0
0
0.05226
0
0.05192
0
0.08199
0.06658
0
0
0
0
0
0
0
0
0
0
0
0.01902
0
0
0
0.05639
0
0
0
0
0
0
0
0
0.54479
0
0
0
0
0
0
0.28287
0.03856
0
0
0
0
0
0
0
0
0.0665
0
0
0.06734
0
0
0.19575
0.06038
0
0
0
0.03653
0.02736
0
0.11485
0.03566
0
0
0
0.05767
0
0
0
0.40267
0
0
0
0.05496
0.02553
0
0
0
0
0
0.07581
0.08883
0
0
0
0
0
0
0
0
0
0.66811
0
0
0
0
0.04946
0
0
0
0
0.05312
0.05992
