0
0
0.07865
0.2989
0.20504
0.16838
0.16819
0
0
0.51705
0.28129
0.20322
0
0
0
0.1945
0.29918
0
0
0
0
0
0
0.06745
0.75659
0
0
0
0
0
0.09691
0
0
0.14894
0.65965
0
0
0
0
0
0
0
0.27704
0.06811
0.07134
0
0.48304
0
0.20281
0
0
0.32953
0.10324
0
0.08156
0.11952
0.2383
0
0.25965
0.40133
0
0
0
0
0.10126
0
0
0.26051
0
0.1723
0.21543
0
0
0.10865
0
0
0.26
0
0
0
0
0.13673
0
0.26846
0
0.33644
0.02131
0
0.27988
0.08024
0
0
0.10212
0.17062
0.42745
0
0
0
0.12177
0.06821
0
0.26118
0
0
0.05616
0.24475
0
0.09716
0.08664
0.08191
0.32235
0
0
0
0.25838
0.07198
0
0.06973
0.33866
0
0
0.11114
0.08513
0.15677
0
0
0
0
0
0
0.39902
0
0
0.15739
0
0.06925
0
0
0
0
0
0.03678
0
0
0
0.06413
0
0
0
0.27938
0.19832
0
0
0.085
0.08153
0.08035
0
0.08632
0
0.10818
0
0
0
0.08056
0
0.15521
0
0.16748
0
0
0
0.23283
0.32816
0.08151
0
0
0
0.14583
0
0
0.10818
0.08922
0.7828
0.30327
0.06841
0.16057
0.12956
0
0
0
0.09511
0.51262
0
0
0
0.35791
0
0.14549
0
0
0
0
0
0.08203
0
0
0.73029
0
0
0
0.24637
0.71045
0.30419
0
0
0
0
0.0279
0
0
0
0.05244
0
0
0.08512
0.08628
0.32543
0.57046
0.401
0.09846
0.23283
0.06721
0.06866
0.07944
0.17485
0
0
0.24418
0
0
0
0
0
0
0
0.06782
0.09576
0.10233
0
0.13415
0
0
0.29733
0.10203
0.14805
0.20534
0.43211
0
0
0.07475
0.33632
0
0
0.71019
0.65195
0
0
0
0
0.54375
0.19391
0
0
0.08791
0
0
0
0
0.11415
0.51489
0
0.1544
0
0.06738
0.0738
0
0.14386
0
0
0.09446
0
0
0
0.07158
0
0
0.12517
0
0
0
0
0
0.02716
0
0
0
0
0
0
0
0
0
0
0
0
0
0.07286
0.08168
0.81496
0.35362
0.09182
0.09148
0.12671
0.3516
0
0
0.29719
0
0
0
0
0.0855
0.35774
0.26043
0.09255
0.08063
0
0
0.07907
0.30194
0.36694
0.06802
0
0
0
0.14725
0.15672
0.30411
0
0
0
0
0
0
0
0.02963
0
0.35584
0.20448
0
0
0.15736
0
0
0
0.29354
0
0
0.09269
0.08205
0
0
0
0.43499
0.16975
0.81677
0.085
0.10786
0.06962
0.07369
0.02727
0.26934
0
0
0.63284
0.23198
0
0
0.28405
0
0.08669
0
0
0.08229
0.1123
0
0
0.08798
0
0.27848
0.20665
0.08422
0.08582
0.14973
0
0.07368
0.25858
0
0.03614
0.17403
0
0.07547
0.20905
0
0.06452
0
0
0.06786
0.08936
0
0
0.1445
0.10396
0
0
0
0.31295
0
0
0
0
0
0
0.55513
0
0
0.06696
0
0.39992
0.2606
0.0911
0
0
0
0
0.14624
0
0.59943
0
0.45148
0
0
0
0
0.17446
0.17408
0.35992
0.0856
0.29556
0
0
0.45271
0
0
0.15609
0
0
0.36908
0.02815
0
0
0
0.80988
0
0.05526
0
0.71877
0
0
0
0
0.29298
0
0
0
0.08124
0.43697
0
0
0.0843
0.52194
0.35894
0.24647
0
0.45545
0
0.5171
0
0.17367
0
0.26061
0
0.50266
0.29562
0
0
0
0.20666
0
0
0
0.32957
0.10288
0
0
0
0
0.28073
0
0.08546
0.17279
0.34218
0
0.02529
0
0.06722
0
0.52628
0
0
0
0.36852
0
0
0
0
0
0.10405
0
0
0.2384
0.09481
0
0.6017
0.17394
0
0.54938
0.08218
0.10201
0
0.1286
0.0283
0.71604
0
0
0.07929
0.3305
0.37368
0
0
0
0
0
0.23085
0.50875
0.0681
0
0
0.13549
0.49932
0.07663
0
0.3342
0.7122
0.19291
0.21371
0.07251
0
0
0
0.29905
0
0
0.09228
0
0
0.36422
0.15625
0.09236
0.07561
0
0
0.26913
0
0.08599
0.37236
0.25454
0.09382
0
0.14705
0.19752
0.80123
0
0.08021
0
0
0.29557
0
0.35808
0
0.08695
0.15688
0
0
0
0.08686
0.07085
0
0.26332
0
0.18644
0
0
0.11866
0
0.16193
0.08495
0.05458
0.08677
0.09317
0
0
0.4508
0.07896
0.19519
0
0.17907
0
0.80027
0.06665
0
0
0
0.07202
0.69607
0
0
0
0
0
0
0.48043
0.19164
0.6271
0.334
0
0
0.4908
0
0.26372
0.15143
0
0
0
0.06
0.02707
0
0
0
0
0
0.08431
0.07165
0
0
0
0
0
0
0.14538
0
0.02377
0
0.19771
0.05077
0.15727
0
0
0.25484
0
0.16775
0
0
0
0.51246
0.75055
0
0.04537
0.17551
0
0
0
0.08126
0
0
0.14153
0
0
0
0.2288
0.17266
0
0
0
0.08181
0.05709
0
0.16608
0.33883
0.0466
0.40091
0
0
0
0
0.48285
0.23587
0
0.18715
0.07232
0
0.192
0.06787
0
0.14509
0
0.81635
0
0
0
0.52284
0
0
0
0.09392
0.96761
0
0.04602
0
0.3037
0.08535
0.08496
0.06919
0
0
0
0
0.0485
0.809
0
0.33692
0.08728
0.15612
0
0
0.09457
0.12189
0
0.17329
0
0.22253
0.19151
0.08262
0.06898
0
0.17794
0
0
0.32912
0
0
0.51875
0.36699
0
0
0.02466
0
0
0.57138
0
0
0
0
0
0
0.08486
0
0
0.40477
0
0
0.06807
0.26137
0.08169
0
0.17591
0
0.36734
0
0
0.78483
0
0
0.13832
0
0
0.34543
0.07385
0
0.08568
0
0
0
0
0.08478
0.33555
0
0.08696
0
0
0.07689
0
0
0.22696
0
0.0615
0
0
0
0
0.0847
0.16824
0.08299
0
0
0.09716
0
0.48856
0.07184
0.08477
0
0
0
0.19661
0
0.09609
0
0.0756
0
0
0
0.26014
0.47382
0
0
0.10686
0.08369
0.16794
0
0
0.16802
0.1065
0.05255
0
0
0.06889
0
0
0.08463
0
0
0.17725
0.1551
0
0
0.0292
0.08318
0.08211
0
0
0.0656
0
0
0
0
0.38485
0.3597
0.26447
0
0
0.28398
0
0
0
0
0
0.18306
0.08076
0
0
0
0
0.29389
0.49309
0.07587
0
0
0
0
0
0.85428
0.17758
0
0.22873
0
0
0.08191
0
0
0.10233
0
0.15156
0.06285
0
0.5157
0.27871
0
0
0
0.08224
0
0.43558
0
0.19017
0.38297
0
0
0
0.35887
0.07529
0
0
0
0
0
0.07567
0.20602
0
0
0
0
0
0.46711
0
0.22498
0
0.71561
0
0
0
0.1695
0
0.40299
0.11941
0
0
0
0.19624
0.07653
0
0
0.08201
0.10201
0
0.0288
0
0.06745
0
0.05571
0.50076
0
0.04506
0
0.0702
0
0
0
0
0
0
0.33446
0.09369
0
0
0.18927
0
0
0.07219
0.25847
0
0.07831
0.21771
0
0
0
0
0
0
0.08928
0.16866
0.15579
0
0.19639
0.45077
0
0
0
0
0
0
0
0
0
0
0.0816
0.40375
0.42644
0.21411
0.52052
0
0
0
0.10128
0
0.26111
0.06815
0
0.75404
0
0
0
0.02804
0
0
0
0.04504
0.07939
0
0
0.15581
0.08179
0
0.14504
0.02718
0.25986
0
0.36604
0.06859
0
0.08233
0
0.28799
0
0
0
0.07588
0.25655
0.07328
0.21089
0
0.11381
0
0
0.05861
0
0
0
0
0
0
0
0
0
0
0
0.18632
0
0.09615
0
0.23122
0.2112
0
0.19809
0.23608
0.0747
0
0
0.5828
0.76
0.14984
0
0
0.5242
0
0
0
0.1681
0
0
0
0
0
0
0.09192
0.15578
0.0832
0
0
0
0
0.07663
0.13127
0
0
0
0.08117
0.16178
0.19514
0
0.32458
0
0.12957
0
0.406
0.08415
0
0
0
0.06965
0
0.05073
0
0.33032
0
0
0.09145
0.08906
0.28226
0
0.26089
0.07401
0.15408
0.08501
0
0
0
0.10213
0
0.61667
0
0
0.27995
0.09293
0
0
0.30174
0
0
0
0
0
0
0
0.08196
0.13876
0.21063
0.1672
0.75691
0.06243
0
0.08146
0
0
0.16389
0.24893
0.07566
0.17448
0.17888
0.09461
0
0.10542
0
0
0.03002
0
0.02659
0
0
0.20826
0.06828
0
0.40358
0.93881
0
0
0
0
0
0
0.07238
0
0.88343
0.17622
0
0.16421
0
0.06298
0
0
0.3836
0.45907
0
0
0.10444
0.09898
0.09945
0.13834
0.19545
0
0
0
0
0.10226
0
0.05316
0
0
0
0.1221
0.0896
0.36685
0.4552
0
0
0
0.4265
0.09366
0
0
0
0.08105
0
0.07569
0
0
0.06832
0
0
0.13728
0
0.07578
0
0
0
0.10052
0
0.52141
0.05392
0.17418
0
0.27802
0.26331
0
0
0
0.07916
0.17352
0
0.0574
0.17349
0
0.60045
0
0.09952
0
0
0.08179
0.08078
0
0
0
0.1708
0.09329
0.36543
0.32613
0.20294
0
0
0.23978
0.15864
0
0.07913
0.18754
0.07962
0.17838
0.16823
0
0.16834
0.08965
0.10697
0.2581
0
0
0
0.33095
0.19213
0.05693
0.30201
0.0949
0
0
0.08545
0
0.08318
0.33769
0
0.16934
0.44938
0.14383
0
0
0.18068
0.22726
0.03224
0.33746
0.06713
0
0
0
0
0
0.25874
0
0.22978
0
0
0
0.10289
0.30347
0.52472
0.29512
0.17266
0.38513
0
0
0.49638
0.07947
0
0
0
0.07929
0.10481
0
0.4332
0.1562
0
0.06555
0
0
0
0.07535
0.02981
0
0
0.25677
0
0
0
0
0
0.07146
0
0.50806
0.0871
0
0
0.18918
0.095
0
0.45261
0
0
0.37345
0
0
0.43158
0
0
0
0
0.06742
0
0.11893
0.20432
0
0
0
0
0.39826
0.67156
0
0.08621
0
0.1838
0
0.07016
0
0.81724
0
0
0
0
0
0
0.30321
0
0
0
0.17507
0
0
0
0
0.6804
0
0
0
0
0
0.07368
0.15653
0
0
0
0.0738
0
0
0
0
0
0
0
0.17638
0
0.1066
0.52604
0.08329
0.328
0
0
0
0.13594
0
0.19188
0
0.03206
0.0747
0.07545
0
0.05281
0.26955
0.36494
0
0.08463
0.51785
0.10029
0.16836
0
0.78312
0
0
0
0
0.09592
0
0.17678
0.38779
0.50098
0.29052
0.08263
0
0
0
0.1621
0
0.08609
0.08365
0
0
0.08876
0
0.54075
0
0
0.08356
0.23119
0
0.02672
0.26076
0
0
0
0.74167
0.10585
0
0.25867
0.12823
0.46275
0
0.20092
0.21968
0
0
0
0
0.08121
0
0.17643
0
0
0.08056
0.79694
0
0
0
0.5896
0.16422
0
0
0.09365
0
0
0.06907
0
0.47056
0.288
0.10586
0.24125
0
0
0.09553
0.45316
0.07384
0.35396
0
0
0
0
0
0
0.34416
0
0.07326
0.08092
0.32608
0.32733
0.46661
0.10978
0
0.16482
0.10585
0
0.32026
0.27967
0.07949
0.15689
0
0
0
0
0
0
0.16507
0
0
0
0.14522
0.17453
0
0
0.08868
0
0
0
0
0
0
0.32804
0.04961
0.09102
0.09296
0.27444
0
0.08458
0.57234
0
0.07385
0.15261
0
0.08369
0
0.09245
0
0
0
0
0.10431
0
0
0.02687
0.37331
0
0
0
0
0.08063
0.45138
0
0.08797
0
0
0.51126
0
0.08881
0
0
0
0
0
0.72484
0
0.0951
0.11057
0
0.09566
0
0.17816
0
0.24861
0.37291
0.25968
0
0
0
0
0
0.03287
0
0.08135
0
0.61632
0
0
0
0
0.15999
0.26149
0
0
0
0.03125
0.37452
0
0.35635
0
0
0
0.19027
0
0.41739
0.34513
0.14608
0
0.11048
0.08065
0
0
0.06893
0.10415
0.08022
0
0
0.08339
0
0.08208
0
0
0.07957
0.35204
0.39128
0
0
0.08853
0
0.09089
0.17525
0.16797
0
0.18613
0
0
0.14349
0
0
0.58263
0
0.08991
0.15643
0.07169
0
0
0.11262
0
0.08307
0
0
0.0841
0.07403
0
0
0.08764
0.10057
0
0.3123
0
0
0
0
0.32957
0
0
0
0
0.17709
0.64908
0.08394
0.08143
0.0892
0.13519
0.02809
0
0.78338
0
0.08856
0.25512
0
0
0
0.09058
0
0.15596
0.10353
0
0.06197
0
0
0
0.14147
0
0
0
0.11901
0
0
0.08681
0
0.06971
0
0
0.27582
0
0
0
0.07974
0
0
0.07587
0.1451
0
0
0
0
0
0
0.28327
0
0
0
0
0
0
0.07844
0
0
0
0
0.80243
0.87156
0
0.09769
0
0
0.81113
0
0
0.08549
0
0
0.02978
0
0
0.10383
0
0
0
0.06947
0.20103
0
0
0.20594
0.02777
0.07118
0
0.18653
0.09663
0.48021
0
0.03126
0
0.53416
0
0.09246
0
0
0.08619
0.18138
0.17592
0
0
0.16253
0
0
0.15609
0.09257
0
0.09338
0.13809
0
0.08302
0.08934
0
0.19601
0.07541
0.45584
0.20656
0.26102
0
0.08298
0.3704
0.08181
0
0
0
0.34534
0
0
0.13584
0
0
0
0
0.08281
0
0.08134
0
0
0.03135
0.17922
0
0
0
0.3294
0
0
0
0.23987
0.09165
0
0
0.0613
0.13733
0
0.08619
0.09076
0.261
0.06875
0
0
0
0
0
0
0.07657
0.13181
0
0
0.42061
0.02905
0.1929
0.36829
0
0
0
0
0.06879
0.04866
0
0.3166
0.76311
0.08083
0
0.06655
0.15808
0
0
0.10032
0
0
0
0
0
0.05564
0.53789
0
0
0
0
0.45245
0
0
0.26779
0.07247
0.05277
0
0.52603
0.09567
0
0
0
0
0.07514
0.1672
0
0.19178
0.05451
0.07637
0
0
0
0.07674
0.36697
0
0
0.29627
0.13368
0.08151
0
0.52372
0.06824
0
0.18039
0.14821
0.48528
0
0.08083
0.80579
0.0676
0
0
0
0.02654
0
0.34501
0
0
0
0
0.08238
0.62538
0.57358
0.10404
0
0
0.31752
0
0
0
0.21635
0
0
0
0.09446
0.09602
0.02385
0
0
0
0.16827
0.05498
0
0
0.08016
0.08202
0.08804
0
0
0.08183
0.09378
0
0
0.08485
0.25908
0.08562
0.02651
0
0
0
0
0
0
0
0
0.08597
0.1034
0
0.32526
0
0
0.18045
0.04523
0.06641
0
0.43795
0
0
0
0
0
0
0.35694
0
0.84652
0
0
0.10079
0
0.08561
0
0
0.02492
0
0.26104
0.25162
0
0
0
0.6378
0
0
0
0
0.08709
0
0
0
0
0
0.07221
0
0
0.08292
0.07673
0.17407
0.12132
0
0
0
0.24881
0
0
0.24865
0
0.08401
0
0
0.21594
0
0
0
0
0
0.02703
0.14593
0
0.08696
0.36418
0.17474
0
0.02807
0.57862
0
0
0
0
0
0
0.08103
0
0.05348
0.08038
0.06241
0.09151
0
0
0
0
0.10731
0
0.05611
0.17458
0.03446
0
0
0
0.17037
0
0
0
0
0.11321
0.05889
0
0.08757
0.07231
0
0
0.14711
0
0.06773
0
0
0
0.08275
0.07957
0
0
0.03461
0
0
0.25998
0
0
0
0
0.09272
0
0.08868
0
0
0.08563
0
0.19933
0
0
0
0.08044
0
0.0596
0.17845
0
0
0
0
0
0.10219
0.10204
0.43201
0
0
0.02637
0.02676
0.09019
0
0.20878
0
0
0.1558
0.20587
0.11144
0.26334
0
0
0.08879
0.09952
0
0
0.21744
0
0
0
0
0
0
0.20815
0
0
0
0
0.10446
0
0.20956
0.09021
0
0.0788
0
0.52242
0
0.69686
0.18658
0
0
0.34439
0
0.08206
0
0.3456
0.08667
0
0.16085
0.07645
0
0.07673
0
0.20744
0
0
0
0.14788
0
0
0.09177
0.25896
0.36586
0
0.08054
0
0
0
0
0.71406
0
0.19437
0.29649
0
0
0.05613
0
0
0
0
0
0
0
0.07701
0.37481
0
0.45057
0.89327
0
0
0.09306
0
0
0
0
0
0
0.10177
0
0.16175
0
0
0
0.08888
0.09821
0
0
0.43507
0.10213
0.08451
0
0
0.31495
0
0.08805
0.10386
0.09422
0.23407
0.25917
0
0.14723
0
0
0.08268
0
0.3909
0.08405
0
0
0.31952
0
0.49559
0.30407
0
0
0.11782
0
0
0.03323
0.16783
0.23214
0.25072
0.15662
0.33484
0
0
0
0
0.16756
0
0.46123
0.08049
0
0.4781
0.12988
0
0
0
0
0.18367
0
0
0
0
0.09186
0
0.1497
0.38814
0
0
0.09474
0.03327
0.24062
0.02298
0
0.09364
0
0.41801
0
0.09401
0
0
0.78132
0.07322
0.10005
0.25167
0
0.13712
0
0.08442
0.07968
0.32015
0.07437
0.09341
0.07059
0.08561
0.32422
0.35588
0
0.13826
0.5975
0
0.28322
0
0.26692
0
0.33578
0.12534
0.08757
0.35634
0
0
0
0
0
0
0
0
0.15605
0
0.13564
0.09589
0
0.30953
0
0.08398
0.69744
0.03701
0
0
0
0
0
0
0
0
0
0.08015
0
0
0.8819
0
0.08202
0
0
0.06813
0
0
0
0
0
0.30074
0
0.0826
0
0.1001
0
0.30492
0.22073
0
0.22979
0.37298
0
0.07656
0
0.07147
0.10731
0.08536
0.08313
0.3104
0.19745
0
0.13023
0
0.07418
0.05541
0
0
0.06928
0.55097
0
0
0
0.11378
0
0
0.07779
0
0
0
0
0.13935
0
0
0
0.08037
0
0
0
0
0
0.15845
0
0.10176
0.08728
0
0.05325
0
0.08236
0.44593
0
0.07117
0.06043
0.17389
0.02825
0
0.08252
0.20106
0.39969
0.08964
0.71616
0
0
0.38089
0.06819
0.30546
0.26855
0.0724
0
0
0
0.33574
0
0.2049
0.25798
0
0
0
0.15772
0
0
0
0.07938
0
0.08811
0
0
0.10716
0
0.16712
0
0.08582
0
0
0.20429
0
0
0.17686
0
0
0
0.07509
0.05025
0
0.09451
0
0
0
0.20128
0.08599
0.48378
0
0.16423
0.37566
0
0
0
0
0
0
0.26276
0.08538
0.08564
0
0.13563
0.48368
0
0
0
0.23326
0.09259
0.26863
0
0
0.08084
0
0
0.36194
0
0.05047
0
0
0.07039
0
0
0
0
0.17079
0
0.10683
0.08807
0
0.10906
0.03137
0.2972
0
0
0.08468
0
0.02695
0
0
0
0.10174
0
0
0.08735
0
0.35783
0
0.1021
0
0
0
0.29567
0
0
0
0
0
0
0
0.28005
0.13152
0
0
0.08117
0
0
0.09521
0
0.54349
0.29074
0
0.2614
0
0
0.08237
0.0953
0.17627
0.18206
0
0.16569
0.09124
0
0
0
0
0
0
0
0.08218
0.07427
0.36782
0
0
0
0
0
0
0
0.13637
0
0
0
0.0893
0
0
0
0
0
0.17528
0
0
0
0
0
0.13254
0.32431
0
0.16882
0
0
0
0
0.15019
0.10323
0.32675
0.70767
0.09134
0.09108
0.32752
0
0
0
0
0
0
0.48184
0.17404
0
0.22962
0.45068
0.05929
0
0
0
0
0.08004
0.07994
0.13255
0.16544
0
0
0
0.18537
0.15725
0
0.07542
0.17459
0.0759
0
0.07489
0
0
0.20554
0
0.28978
0
0.14277
0
0
0.13509
0.26738
0.04944
0
0
0
0.08366
0.47031
0
0
0.45819
0.02841
0.09091
0
0.15688
0.29195
0
0.33805
0
0.55634
0.47898
0.16738
0.11182
0.17425
0.16657
0
0
0
0.26024
0
0
0
0
0.02958
0
0
0
0
0
0
0.0922
0.16417
0
0.16535
0.25736
0
0
0
0.08649
0
0.14197
0.08995
0
0.26128
0.07501
0
0
0.09209
0
0.09496
0
0
0.05895
0
0.2047
0
0
0
0.09094
0.14601
0
0
0.5954
0.89316
0
0.47692
0
0.40324
0.16667
0.10431
0.27212
0.02881
0.37369
0.38061
0
0
0.26974
0
0
0
0.35679
0
0
0.06981
0.21949
0
0
0
0
0
0
0
0
0.21585
0
0.14743
0.42767
0
0
0
0
0
0
0
0.14688
0.18555
0.06764
0.07196
0.08751
0
0.2967
0
0.09781
0
0
0.0755
0.08935
0.13281
0.30232
0
0.4866
0.07501
0.05282
0.19246
0.3565
0
0.08816
0
0
0
0.29199
0
0.21282
0
0
0.07484
0.12332
0
0.62549
0.26037
0
0
0.38179
0
0.03396
0.07128
0
0.20853
0
0.08929
0.17214
0.08593
0.1383
0.09349
0.07476
0.07435
0
0.41435
0
0.71487
0
0
0
0
0
0.03513
0.08432
0.16438
0.20936
0.23725
0
0.06945
0
0
0
0.48173
0.08701
0
0
0.07972
0
0
0
0
0
0
0.07273
0.19146
0.0873
0
0.0277
0.10482
0
0
0.17096
0.14685
0.15341
0.02363
0.37093
0
0
0
0
0
0.20526
0.29545
0
0
0
0
0.0841
0
0
0
0
0
0
0
0.07441
0
0
0.09358
0
0
0
0
0
0.21745
0
0
0.02385
0.33368
0.27641
0.30023
0
0.07438
0.45051
0
0
0.07641
0
0
0.07384
0.08448
0
0.06681
0
0
0.32533
0
0
0
0
0
0
0.21873
0
0.08883
0.10183
0.08259
0.10172
0
0
0.0761
0.29489
0.11934
0.06133
0
0
0
0.43288
0
0
0
0.08132
0
0.09213
0
0
0.35515
0.0939
0
0
0
0
0
0
0
0
0.2466
0.07953
0
0.28424
0
0
0.35222
0
0
0
0.30146
0
0.08509
0.07526
0.18163
0
0.10489
0
0.88116
0.19045
0
0.07551
0.1875
0
0.10661
0.27192
0.10969
0
0.07341
0
0
0
0.31956
0
0.08747
0
0.29321
0.24344
0.25774
0.08739
0
0
0
0.0921
0.25925
0.08265
0
0
0
0.24209
0
0.2982
0
0.10154
0
0
0.51936
0.146
0.17383
0
0
0
0
0
0
0
0.25537
0
0
0.23978
0
0.06179
0.08145
0.18564
0.25682
0.02691
0
0
0.38248
0.17023
0
0.12217
0
0
0.09036
0.40149
0.14695
0.08318
0.08191
0.08045
0.18614
0
0
0
0
0
0.08364
0
0.10495
0.08959
0.19741
0
0
0
0
0
0
0
0
0.09755
0
0.08341
0.09236
0.40972
0
0.09453
0
0.09494
0
0
0.09005
0.11084
0
0
0
0
0
0.27777
0
0.07417
0
0
0
0
0.11866
0.27015
0.15656
0.0888
0
0
0
0.59443
0.03637
0.2127
0
0.07183
0
0
0.08842
0
0.35504
0
0
0
0
0.948
0
0
0.08659
0.02146
0
0.11113
0.08078
0.27622
0
0.03027
0.03207
0
0.28214
0
0.27422
0
0.59532
0.29938
0.16199
0.1079
0.56767
0
0
0
0.19194
0.26654
0
0
0.11633
0
0.27065
0
0.1746
0.08617
0
0
0
0.09169
0.67651
0
0
0
0.09331
0
0
0.11523
0
0.45364
0
0.0227
0.15632
0
0.13804
0
0.03473
0
0.23092
0
0
0.07686
0
0
0
0
0
0
0
0
0.32934
0
0
0.086
0.81826
0
0
0.09165
0.15692
0.10544
0
0.2048
0
0.04931
0.70721
0.24959
0
0
0.17602
0.72973
0.16051
0
0.12816
0.05266
0.05243
0
0
0
0
0.31358
0.87699
0.0487
0
0
0
0
0.03019
0
0.29754
0.29421
0
0
0.4863
0
0
0.03446
0
0.08117
0
0
0.09132
0
0.08824
0
0
0
0.10086
0
0
0.08744
0
0.19175
0.10518
0.14302
0
0
0
0.20533
0.08253
0
0.17368
0
0.12772
0
0.05178
0.29666
0.08097
0.10012
0.29625
0
0.08016
0.24171
0
0.76905
0
0
0.1045
0
0
0
0.02426
0.05521
0
0
0
0.08992
0
0
0
0.09028
0.29728
0
0
0.37822
0
0
0
0
0
0.06994
0
0
0
0.08675
0.25539
0
0
0
0
0.09614
0
0
0.51845
0
0.08404
0
0
0.52307
0.08361
0.08765
0
0
0.13573
0
0.33667
0
0
0.07524
0
0
0
0
0
0
0.09017
0.26379
0
0.35045
0
0
0.13573
0.338
0
0
0.40061
0.10237
0.39914
0.10708
0
0
0
0.10246
0.0961
0
0
0.34387
0
0
0.15782
0.37268
0
0
0
0
0.06388
0.07101
0.4808
0
0
0
0
0
0.08887
0.08806
0.10339
0
0.33332
0
0.17467
0
0
0
0
0.11628
0
0
0.06835
0.02334
0.02725
0
0
0
0
0.0837
0
0.2065
0
0
0
0
0.25932
0.02817
0.25967
0.16214
0
0
0
0.07171
0
0
0
0.26371
0
0
0
0
0
0
0.11739
0
0
0
0.44234
0.02859
0.02773
0
0
0.28445
0
0
0
0
0
0
0.29899
0.20307
0
0.17414
0.07173
0
0
0
0.183
0.40876
0.16646
0.17758
0
0
0
0.10627
0.10918
0
0.06628
0.43822
0.16725
0
0
0.26441
0.07128
0
0
0.77098
0
0.06892
0.12116
0.09964
0
0
0
0
0
0.22914
0
0
0
0
0
0.08341
0.08002
0.26687
0.07352
0.94487
0.162
0
0.16104
0.02434
0
0.10335
0
0
0.07973
0
0
0.19513
0
0.26134
0.09201
0
0
0
0.10073
0.19482
0.08753
0
0
0.10912
0.18028
0.08653
0
0.16086
0.17752
0
0
0.05952
0.28877
0
0
0
0
0
0
0.33787
0
0
0
0.17464
0
0.1017
0
0
0
0
0.15037
0.10174
0
0.07181
0.10949
0.06076
0
0
0
0
0
0.08701
0.14502
0.19144
0.06909
0.07959
0
0
0.09179
0.10474
0
0
0
0.1028
0
0.17399
0
0
0.56907
0
0.18192
0
0.09242
0
0
0
0
0
0
0
0
0.13722
0
0.37362
0.07238
0.07844
0
0.05943
0
0
0.06934
0.3436
0.08474
0
0
0.29492
0.1796
0
0
0
0.81217
0.72244
0.4065
0.08452
0
0
0.07529
0
0
0
0.08407
0
0.06823
0.23993
0
0
0.54424
0
0.08105
0
0
0.2181
0
0.02471
0.3434
0
0
0.17358
0.25966
0
0.2457
0.1995
0.08578
0
0
0.17446
0
0.20686
0
0.02757
0.28649
0.32744
0.05606
0
0.09566
0
0
0
0.37311
0
0
0.29908
0
0.08288
0.0671
0.34575
0
0
0.19879
0
0
0.09021
0
0.0749
0
0.56338
0
0
0.13774
0
0
0.02947
0
0.08529
0.07935
0.52652
0
0.1643
0.07479
0.09185
0
0.08204
0
0
0
0.70513
0.23565
0
0.1302
0
0
0.0878
0.07909
0.65357
0
0.33391
0
0
0
0.37664
0
0
0.3178
0
0
0
0
0.08684
0.43656
0
0.06412
0
0.38952
0
0.78992
0.0232
0
0.03366
0.08428
0.06391
0.02689
0
0.02908
0
0.41728
0
0.03089
0
0
0.20532
0
0
0
0.33832
0
0.08679
0.16505
0.07251
0.44304
0.08859
0.54385
0
0
0
0.36749
0.07451
0.06842
0.10198
0
0
0.4157
0.13331
0.10637
0
0.09346
0.0743
0
0
0.36096
0.19192
0
0
0.28735
0
0.08902
0
0.08328
0
0.1756
0
0.08745
0
0
0
0.12468
0
0.13337
0
0
0
0
0
0.09229
0.08044
0
0
0
0
0.2442
0.18844
0.05943
0
0
0.19259
0
0
0.16862
0.09503
0.24913
0
0
0.09093
0
0.20751
0.10751
0
0
0.85046
0
0.33708
0.11911
0.1447
0
0.14223
0.17022
0
0
0
0
0
0
0.06415
0.17351
0
0.16473
0
0
0.5008
0.32389
0
0.20849
0
0
0
0
0
0
0
0
0.39008
0.20984
0.092
0.08107
0
0
0
0.05639
0
0.16189
0.08028
0
0
0
0
0
0.51467
0.08076
0
0
0
0.08112
0.10283
0.11228
0
0
0
0
0.08961
0.07579
0.08178
0
0
0.07922
0.1671
0
0.07298
0
0
0.17737
0
0.51551
0.38322
0
0.29538
0.11656
0.05444
0
0
0
0
0
0.40925
0
0
0.07345
0
0
0.06856
0
0
0.09506
0
0.33922
0.07941
0
0.08563
0
0.07277
0.30601
0
0
0.07915
0
0.02713
0.35018
0.52854
0.06919
0.15409
0.06846
0.06901
0.06991
0.52178
0.51615
0.02284
0.07376
0
0
0.52842
0.44228
0.178
0
0
0
0.10456
0
0
0
0
0
0
0.07916
0
0.20294
0
0.10648
0
0
0.28593
0.06949
0.09062
0.58897
0
0.29685
0.17214
0
0
0.52437
0
0
0
0.53444
0
0
0
0.09757
0.15335
0
0.34281
0
0
0
0.09479
0
0.13227
0
0
0.04851
0
0
0
0.0806
0
0
0
0.06877
0.02255
0
0
0
0
0
0
0
0
0
0.30361
0
0
0.31408
0
0
0
0.4425
0
0.10719
0
0.06818
0.06993
0.06904
0
0
0
0
0
0
0
0.09059
0
0.0799
0
0.10373
0
0.26248
0
0
0
0
0
0.44276
0
0.06159
0.07948
0.37928
0.08521
0
0.12236
0
0
0.09131
0.14486
0.07996
0
0
0.0691
0.57196
0
0
0.1722
0
0.11048
0.20019
0
0
0.25167
0.06816
0
0.10266
0.35379
0.43477
0.19707
0
0
0
0
0.07366
0.06877
0.16205
0
0.21136
0
0
0.67371
0
0.76384
0.77286
0.80371
0.09386
0
0
0.07362
0
0.07224
0
0
0
0
0.57538
0
0.43941
0.16185
0.28885
0.06886
0
0.08427
0
0
0.39723
0.90569
0.10536
0.29491
0.19533
0
0.19597
0.14674
0.09412
0.06715
0.18672
0.28769
0.06875
0.06845
0
0
0
0.18472
0.08252
0.67306
0.41361
0.52631
0.10689
0
0
0.25509
0.04564
0
0.08449
0
0
0
0
0.25679
0.02723
0.54347
0
0
0.20404
0
0.54694
0
0
0
0
0
0.1025
0.21985
0.06729
0.07005
0
0
0.08542
0.08015
0.07251
0
0.34261
0.43833
0.15612
0.20217
0.64614
0.43369
0.11609
0
0.39927
0.48405
0
0.06799
0
0.34302
0
0
0
0.17209
0.34555
0.20495
0
0.42779
0
0.57341
0.40553
0.1684
0
0
0
0
0
0.20197
0.49669
0.09531
0.40651
0.39495
0.48396
0
0
0
0
0.10688
0
0
0
0.20173
0.26562
0.0298
0
0.0902
0
0.48504
0.06779
0
0
0
0
0
0
0
0
0
0.09033
0
0.34906
0.20541
0
0.73008
0.14625
0.10409
0
0.10201
0.09031
0.32789
0.39975
0
0
0.1944
0.15512
0.50037
0.26019
0.23285
0
0
0.87754
0.30419
0.72107
0.08383
0
0.33769
0
0.09489
0
0
0.09517
0
0
0.06356
0.78392
0
0
0
0.11263
0
0
0.17363
0
0.54226
0
0
0.25737
0
0.3245
0
0.13536
0.07425
0
0.13629
0.08104
0.23594
0.62186
0
0
0.36206
0.26079
0.07261
0
0.09334
0
0.18012
0
0.02971
0
0.0855
0.08024
0.11354
0.11199
0.68812
0.05357
0.32946
0.27161
0.74086
0
0
0.06686
0.23315
0.16696
0.07029
0.33106
0
0
0
0
0
0.69668
0.89276
0.20243
0.3737
0
0
0
0
0
0
0.08212
0.08534
0.708
0.81339
0.08205
0.08589
0.70646
0.13746
0
0.34223
0.5897
0.20028
0.23131
0
0
0.09424
0
0.07276
0
0.37177
0
0
0
0.37729
0.08737
0.05674
0
0.73731
0
0.09579
0.02802
0.30213
0
0
0.07944
0
0.08185
0.25939
0.38761
0
0
0.0816
0.28755
0.09129
0
0.08456
0.08747
0.08499
0.05738
0.17756
0.08629
0.08225
0.49913
0.16858
0
0.2209
0
0
0.15146
0
0
0
0
0.08539
0
0.14294
0.07808
0.17396
0.10136
0.08007
0
0
0
0.18062
0
0.09469
0.30939
0.09426
0.10458
0.10841
0.80568
0
0.08581
0.21915
0.05554
0.0853
0.06844
0.07911
0.29612
0.27728
0
0.08517
0.16998
0.17044
0.20267
0.2799
0.25976
0.07936
0.26914
0.21041
0.17721
0.33866
0.24094
0
0
0.08404
0.08301
0.08575
0.07893
0
0
0
0
0
0
0.0804
0
0.2933
0.25645
0
0.07218
0.06927
0
0
0.05785
0.08671
0
0.08308
0.17728
0.13929
0
0
0
0
0
0.07543
0.07552
0
0
0
0.08164
0
0.08904
0.18203
0
0.0803
0.18596
0.33313
0.08305
0.0936
0.10862
0
0.3926
0.24544
0
0.08684
0.10094
0.17464
0.16714
0.08888
0.03151
0
0.08558
0.31396
0
0
0
0
0.21463
0
0
0
0
0
0
0.07367
0.08675
0
0.07371
0.09145
0.09104
0
0
0
0.09591
0.07135
0
0
0
0.26078
0.19141
0.11461
0
0.24862
0
0.0797
0.32721
0.08983
0.20672
0.11063
0
0.08766
0.17815
0.20483
0.08329
0
0
0.06858
0.30454
0
0
0.17905
0
0
0
0.07471
0.04896
0
0
0.09182
0.07122
0.35287
0.28096
0
0
0.20353
0
0.37714
0
0.20583
0
0
0
0
0
0
0.08386
0.08582
0
0.09326
0.17732
0.09611
0.08192
0.0802
0.26159
0.20133
0.37236
0.13827
0.26034
0.09848
0.2843
0
0.18086
0.30512
0.09482
0
0.16127
0
0
0.24077
0.05651
0.16734
0.25954
0
0.07395
0
0.16378
0.08208
0.08148
0
0.09816
0
0
0.10506
0
0
0
0
0
0
0
0
0
0.09792
0
0
0.08783
0
0.0796
0.05386
0.45215
0.17375
0
0
0
0
0
0.18002
0.17856
0.17875
0.07142
0
0
0
0
0.25908
0
0.17752
0
0.28515
0.25953
0
0
0.53588
0
0
0.16993
0.25565
0.39075
0.17928
0.09998
0
0.02627
0.09339
0.17287
0
0
0.06707
0
0.08792
0.16743
0
0.15034
0.25999
0
0.31222
0
0.3594
0
0
0.34707
0.0793
0.1003
0
0
0
0
0.0722
0
0.13874
0
0
0
0.15978
0.10702
0
0.25555
0
0
0
0.29785
0.10464
0
0.09114
0
0
0
0.30998
0.07138
0
0
0
0
0
0
0
0
0
0.32444
0.08912
0
0
0
0
0.25986
0
0.18634
0.09928
0
0.17426
0
0.10148
0
0
0
0.32402
0.07016
0.07158
0
0.22851
0.36885
0
0
0
0.20438
0.13756
0.16701
0.36002
0.39255
0.4542
0
0.13794
0.54042
0.02714
0
0
0.19267
0.16637
0.07611
0
0
0
0
0
0
0
0
0.07001
0.23062
0.11264
0
0
0
0.56993
0.08682
0
0
0
0.10427
0.45085
0
0
0.06007
0
0
0
0.06822
0
0
0.07516
0
0.07196
0.09152
0.09392
0.16699
0.23011
0
0
0
0
0
0
0.17072
0
0
0
0
0
0.10316
0
0
0.08306
0.0934
0.02401
0
0
0.26326
0
0
0.23586
0
0
0.10376
0
0
0
0
0.25634
0.17389
0
0.10645
0
0.07123
0
0.09417
0.31811
0
0
0.0629
0
0.07386
0
0
0.1037
0
0
0
0.0714
0.09214
0
0.08469
0.09324
0.27463
0
0.0911
0
0
0
0
0
0
0
0.11639
0
0
0
0.16724
0.07114
0.09745
0
0
0
0
0
0
0
0
0
0
0.08106
0
0.15751
0
0
0.1011
0
0.07062
0.13667
0.13533
0
0
0.34574
0
0.21127
0
0
0
0
0
0.08054
0
0
0.17781
0.09955
0.10415
0
0
0
0
0
0
0
0
0.13515
0
0
0
0
0
0
0
0
0.07621
0.07958
0.07167
0
0
0.09375
0
0
0
0
0
0
0
0
0.06539
0.07901
0
0
0
0.37033
0
0
0
0
0
0
0
0
0
0.13223
0.09522
0
0
0.21177
0
0
0
0
0
0
0
0
0.16949
0.07956
0
0
0.15622
0
0.03041
0
0
0
0
0
0
0
0.09961
0.08101
0
0
0
0.04277
0
0
0.07411
0
0
0
0
0
0
0
0
0
0
0
0.07511
0.07514
0
0
0.13775
0
0.3657
0
0
0
0
0.36871
0
0.36353
0
0
0
0
0.0803
0
0
0
0
0
0
0
0
0
0.16939
0
0
0
0
0
0
0
0
0
0
0
0
0.07462
0
0.09528
0.11524
0
0
0
0
0
0.02874
0.23614
0.16148
0
0.07879
0.08281
0.06241
0
0.09527
0
0.09041
0.06136
0.11764
0
0.18119
0.05826
0.07383
0.07625
0.081
0.26038
0
0.09256
0.0548
0.09457
0
0.26679
0
0.40648
0.10134
0
0
0.08097
0
0.07491
0.0228
0
0.19123
0.09052
0
0
0
0.02969
0.10723
0
0
0.06593
0.08363
0.08377
0
0
0.21207
0
0
0
0
0
0
0.34474
0
0
0.12852
0
0
0
0
0
0
0.05444
0.0675
0
0.06732
0.12895
0.41479
0.08197
0.15846
0.4417
0
0.02872
0
0.08409
0.07025
0
0.08134
0.08712
0
0.10422
0.11882
0
0
0
0
0.09554
0.08368
0
0
0
0
0
0
0.07972
0.41214
0
0
0
0.28441
0
0.07115
0.05643
0.18617
0
0
0
0
0
0
0
0.06984
0
0
0
0
0
0
0
0
0.08387
0
0
0
0.33795
0.08565
0
0
0.08408
0.45502
0.03012
0.2013
0.75572
0.07594
0.07971
0
0.08689
0
0.03508
0.19258
0
0.07006
0
0
0.11525
0
0
0.07416
0
0.20342
0.08332
0.07376
0.09457
0
0
0.34656
0
0
0
0
0
0
0.07987
0
0
0
0.08492
0
0
0
0.10678
0.34461
0.07678
0.08093
0
0.26371
0.24574
0
0
0
0
0
0
0
0.07925
0.17969
0
0.07686
0.42756
0
0.08725
0
0
0.0741
0.1749
0
0.40402
0
0
0
0
0
0
0
0
0
0
0.09537
0.12339
0.45482
0.27466
0.43394
0
0.09357
0.06398
0
0
0
0
0
0.02905
0
0
0.08605
0
0
0.38393
0.08
0
0.07897
0.27322
0.20803
0
0
0
0.09213
0.08363
0.25368
0.18409
0
0
0
0
0
0.08038
0
0.13909
0.40077
0
0
0
0.15673
0
0
0.08836
0
0.08685
0
0
0
0
0
0.26558
0.08725
0.07603
0.08122
0
0.16432
0.0819
0.07977
0
0.07414
0
0
0.12646
0
0
0.88448
0.14434
0.07955
0
0
0
0
0
0
0.08271
0
0.19869
0
0
0.10577
0.32944
0
0
0.10004
0
0.08929
0
0
0.19132
0.07295
0.37914
0
0
0
0
0.19776
0
0.17671
0
0
0
0.07366
0
0.08639
0
0
0
0.09121
0.08295
0.08609
0
0
0.29752
0.07686
0.17981
0.24062
0.52043
0.17743
0
0
0
0
0
0
0.2351
0
0
0
0.24892
0.08161
0.20612
0
0
0.09024
0
0.08013
0
0
0.09464
0.11194
0
0
0
0
0.06816
0.4727
0.16209
0
0
0
0
0
0.13502
0
0.02971
0.0836
0
0.40102
0.17848
0
0
0.2053
0.08008
0.17481
0
0
0
0
0
0
0
0.08365
0.21593
0
0.08121
0
0
0.18255
0.33863
0
0
0.08021
0.21873
0.05909
0
0.08133
0.2424
0
0
0
0
0
0
0
0.10386
0.17797
0
0
0
0
0
0
0.34049
0.38112
0
0.02976
0
0
0.28436
0
0.15434
0.21461
0
0
0
0.02724
0
0.032
0
0
0
0
0.05605
0
0.72623
0
0
0
0.02712
0
0
0
0
0
0.19263
0
0
0.08814
0
0
0
0
0
0
0
0
0
0
0
0
0.13806
0
0
0.08379
0
0.27237
0.08786
0
0
0.02795
0
0
0.09246
0.20739
0
0.03664
0
0
0.33779
0
0
0.08874
0.41671
0.08528
0.44369
0
0
0
0.07514
0
0.10161
0.09612
0.08941
0
0.24677
0
0.17213
0
0
0.33547
0.11019
0
0
0
0
0
0.49873
0
0
0
0.19254
0.05547
0
0
0.15224
0.27763
0.15081
0
0
0.49891
0.4468
0
0.08766
0.45088
0.08092
0.07968
0.18221
0
0
0
0.29601
0
0.20773
0.33759
0.05768
0
0
0.07897
0
0.27576
0
0
0
0.05307
0.39758
0.17918
0.18971
0
0.05875
0.12316
0.08273
0.29819
0
0
0.07533
0
0
0
0.2008
0.09255
0.5011
0
0
0.35972
0
0
0
0.08208
0.0879
0
0.08357
0
0
0
0.07991
0
0
0.05742
0
0
0
0
0.03058
0
0.08052
0
0
0
0.17091
0.08661
0.21078
0.03015
0
0
0.10717
0
0
0.07295
0
0
0
0.15371
0
0
0.07593
0.17419
0
0.10411
0.09269
0
0
0.07482
0
0.07454
0.40241
0
0
0.08281
0
0
0
0
0.08173
0
0.40523
0
0
0.20419
0
0
0
0
0
0
0
0.06817
0
0.09492
0
0.27551
0
0.25324
0
0.14352
0.05407
0
0
0.07521
0
0
0.07416
0.4399
0.11253
0
0
0.08358
0
0
0.08572
0.07444
0.1912
0
0.08353
0.08983
0
0
0.08089
0
0
0
0
0
0
0
0.05534
0
0
0.07695
0
0
0.0894
0
0
0
0
0
0
0.17782
0
0.10435
0.07963
0
0
0
0.02653
0
0.09063
0.04577
0.03177
0
0.07261
0.79263
0
0
0
0
0
0
0.09253
0
0
0
0
0
0.16189
0
0.07927
0
0
0.08184
0.09504
0.09412
0.19682
0.07349
0
0
0
0
0.29479
0.05401
0.05672
0.06863
0
0
0
0.10398
0.08137
0.08796
0.08403
0.10252
0
0
0
0.13833
0
0
0
0.1721
0
0
0
0.07337
0
0
0.07576
0
0
0
0.82769
0
0.25972
0
0.46866
0
0.08363
0
0.07286
0
0.07167
0
0
0.08429
0.50127
0.09242
0
0
0
0.33452
0.16209
0.2875
0.31371
0
0
0.16797
0.16413
0
0
0.26503
0.10482
0.49914
0
0
0.0963
0
0
0
0.16405
0.10665
0
0.14628
0.21335
0
0
0
0
0.08317
0.09438
0.0796
0
0.14327
0
0.09117
0.02612
0
0.08097
0
0.29296
0.07293
0.17878
0.10416
0
0
0.17445
0.47892
0
0.43607
0.29684
0.10573
0.52627
0
0.06273
0
0
0.08313
0.09763
0
0
0.10266
0.03417
0.07442
0
0.32678
0.07179
0.02847
0.08032
0.10109
0.07427
0
0.10095
0
0.1522
0
0.10249
0
0
0.39697
0
0
0
0
0
0
0.3835
0
0.10207
0.40327
0.07409
0.06809
0
0
0.08012
0
0
0
0.25333
0
0.52525
0.07971
0.08606
0
0.52909
0.06689
0
0
0.10495
0.15259
0.21446
0
0
0.08763
0.045
0.22809
0
0
0
0
0
0
0.50602
0.35453
0.21417
0
0.08169
0.08174
0
0.27053
0
0
0
0.16459
0
0
0
0.0682
0
0.11768
0.14631
0
0.15558
0.10707
0
0
0.50868
0.07961
0
0
0.249
0.07512
0
0
0
0
0
0
0.39339
0
0
0.20296
0.28985
0
0
0.03144
0.06881
0.07979
0
0.08325
0.0273
0.08296
0.16224
0.02586
0
0
0.17178
0
0
0.54985
0.08187
0
0
0.19218
0
0
0.22657
0
0.09565
0
0.08536
0.46416
0
0.15552
0
0
0.07573
0
0
0.02711
0
0.10661
0.52673
0.07949
0
0
0.18642
0
0
0
0.08467
0
0.03588
0
0.17456
0
0.19268
0
0
0
0.09915
0.02701
0.23121
0
0.09304
0
0.08599
0.28935
0.08048
0.07421
0.08176
0.19741
0
0.08947
0
0
0.08099
0
0.22572
0
0.11861
0.09147
0
0
0
0.5321
0
0.35264
0
0.50496
0.1053
0
0
0
0
0
0
0
0.10768
0.16106
0
0.44833
0
0
0
0.37844
0
0.0273
0.08705
0
0.10341
0.41353
0.17054
0
0.1557
0
0.08431
0.22789
0.57604
0
0
0
0.08631
0
0
0.07419
0.16671
0
0.09365
0
0
0
0
0
0.0576
0
0
0.08176
0
0
0
0
0.14662
0
0
0
0.14415
0
0
0
0.07187
0
0.24639
0
0.08403
0
0.10742
0
0.09431
0.18569
0.2598
0
0.06535
0.52546
0
0
0
0
0.07468
0
0
0
0.05777
0
0
0.07599
0
0
0
0
0
0
0.16821
0
0.07095
0
0
0
0
0.07284
0
0.08003
0.07007
0
0
0
0.13566
0
0.29248
0
0
0
0.25785
0.26712
0
0
0.07896
0.07928
0.28452
0
0
0
0
0.53635
0
0.08886
0.05983
0
0
0.26614
0
0
0
0.0877
0.23975
0
0
0.20217
0
0.30631
0.08945
0
0
0
0
0
0.37299
0
0.08508
0.16967
0
0.08703
0
0.16946
0.07648
0
0.15747
0
0.19867
0
0
0
0
0.51142
0
0.1218
0
0
0
0
0
0
0.12119
0
0
0.28795
0.13517
0
0
0.19184
0
0
0
0
0
0.29697
0
0
0.13145
0
0.17435
0.07009
0.2719
0
0.32396
0
0
0
0
0.2399
0
0
0.39975
0.08523
0.119
0.13699
0
0
0.37613
0
0
0
0
0
0.1371
0
0.13731
0
0
0.09613
0.23643
0.10203
0.10343
0
0
0.08487
0
0.15924
0
0
0.20448
0
0
0.08896
0
0.47569
0.18002
0
0
0.18213
0.08392
0.20176
0
0.08129
0
0
0
0.25637
0
0
0
0
0
0
0
0
0.2606
0.13144
0
0.1718
0
0
0.10118
0
0
0
0.34289
0.53556
0.03181
0.07478
0.07167
0
0.08188
0.25653
0
0
0
0.58492
0
0.04867
0
0.29694
0.08535
0.07437
0.08161
0.10086
0
0.08775
0
0
0
0
0
0.07201
0
0.77814
0
0
0.05727
0.08004
0
0.08329
0
0.08621
0.0943
0.20727
0
0
0
0
0
0
0
0
0.7562
0
0
0.09467
0.15463
0
0
0
0.08259
0
0.0689
0
0.2047
0
0.32599
0.0792
0
0.0836
0
0.3413
0
0
0
0
0
0.49929
0.6789
0
0
0
0
0
0
0.44112
0
0.15553
0.02838
0.35788
0.02302
0.08099
0
0.31317
0
0
0
0
0.29701
0.1572
0
0
0
0.19787
0
0
0.45054
0
0
0.12081
0.10352
0
0
0.0897
0
0.07688
0
0
0
0.29733
0
0.08164
0
0.10879
0.18719
0.08756
0
0.20774
0.0992
0
0
0.45428
0
0.03438
0.17559
0
0
0.35307
0
0
0.26011
0
0
0
0
0.24791
0.26112
0
0
0.169
0
0.08055
0
0.17131
0.17836
0.33345
0
0.08133
0.10532
0.0954
0
0.76153
0
0
0
0
0
0
0.13597
0
0.07166
0
0
0
0
0.26055
0.76671
0.1953
0
0.16114
0
0.09251
0
0
0
0.08416
0
0.15936
0
0.46386
0.3768
0
0.08048
0.07987
0
0
0
0
0.42132
0.21634
0.26284
0.10314
0.07946
0.13772
0
0.07959
0
0
0
0
0
0.65478
0.08429
0
0
0
0
0
0
0
0
0
0.19112
0
0
0
0
0.32838
0.08945
0.12647
0
0.08114
0.10871
0
0
0
0
0.18923
0
0.15997
0
0.1011
0
0
0
0.33694
0.08518
0
0.49641
0
0.16484
0.16426
0
0.09034
0.25709
0.09408
0
0.07968
0.13941
0.43208
0.08014
0.10228
0
0
0
0
0
0
0
0
0
0.14605
0.12457
0.71539
0
0
0.175
0
0.07174
0
0
0.09473
0
0
0
0
0
0.06883
0
0
0.06905
0
0
0
0
0
0.2097
0.23046
0
0
0.26097
0.16419
0
0
0.07786
0
0
0.28427
0
0.19976
0
0.06784
0.03192
0.08418
0.08244
0
0
0
0.13142
0
0
0
0
0.69183
0
0
0.08688
0.3464
0
0.31122
0
0.25941
0.51945
0
0.24872
0.51638
0
0
0.08008
0
0
0.19666
0
0
0.15241
0.36636
0
0.20177
0
0.53655
0.03311
0.1653
0
0.09475
0
0
0.08457
0.07406
0
0.07202
0
0
0.02762
0
0.08272
0
0
0
0
0.33664
0
0
0
0.07458
0.0811
0
0
0
0.02768
0
0
0
0
0
0
0
0
0
0.23293
0
0.26041
0.41158
0.05572
0
0
0.62979
0
0
0
0.06872
0
0
0.11417
0.10156
0
0
0.13452
0
0
0.0752
0
0.12189
0.15477
0.19268
0
0.75186
0
0
0.17216
0.20153
0
0.1866
0
0
0.08589
0
0.18654
0
0.17411
0
0.20948
0.47899
0
0
0.79641
0
0.08059
0
0
0.50915
0.29726
0
0
0
0
0
0
0
0
0.16964
0.26019
0
0
0
0
0
0
0.08465
0.32551
0.7972
0
0
0
0
0.2283
0.06824
0.23287
0
0
0.08849
0
0
0
0
0
0.09097
0
0
0
0
0
0
0.35623
0.20091
0.17441
0
0
0
0.10177
0
0
0
0.1743
0.08379
0.24488
0
0
0
0.26076
0
0
0.37954
0.07007
0
0
0.08929
0.06497
0.05031
0
0
0
0
0
0
0.05351
0.09226
0
0
0
0.21388
0
0.29283
0.05056
0
0
0
0
0.09307
0.1738
0.21496
0.02703
0
0.48443
0.16255
0.05919
0.17241
0
0
0
0
0
0
0.17659
0
0
0.39964
0
0
0.15602
0
0
0
0
0.02551
0
0
0.08384
0
0
0
0
0.0752
0.08273
0.10663
0.16952
0
0
0.18877
0
0
0.17462
0.45504
0
0.09067
0
0.2301
0
0
0
0.07693
0.02783
0
0.26726
0.63853
0.12391
0
0
0.09543
0
0
0
0
0.36985
0.14514
0
0
0
0
0
0
0.14756
0.18
0.0848
0.70966
0
0
0
0.29032
0.174
0.23831
0.11704
0
0.16215
0.1052
0
0
0
0.09598
0.45966
0.19374
0
0
0
0.08087
0
0
0.32308
0.19133
0.08186
0
0.11096
0.15037
0
0.07878
0
0.18603
0.08356
0
0
0
0
0
0.07981
0.15229
0
0
0.26062
0.08671
0.07968
0
0
0
0.08464
0
0.10791
0
0.08215
0.186
0.07233
0
0.10024
0.43401
0.08835
0.08533
0.08147
0.34505
0
0.41181
0
0
0.26114
0
0
0.71597
0.06051
0
0.08444
0
0
0
0
0
0
0
0.12479
0
0
0.28636
0.43264
0
0.20209
0.08249
0.24285
0.19923
0
0.04581
0
0
0.26126
0.15247
0.80138
0
0
0
0.10393
0
0
0
0
0.154
0.08706
0.08313
0
0
0
0.45745
0.22741
0.08502
0.1553
0
0.3452
0
0
0.03172
0.08011
0
0
0
0
0.17521
0
0
0
0
0
0.18202
0.71712
0.06388
0
0
0
0.08379
0
0.17561
0.35109
0
0
0.07482
0.09143
0.48117
0.0271
0.08227
0.12334
0.03134
0.16837
0.16022
0
0.19628
0
0
0.09965
0
0
0
0
0
0
0.19282
0
0
0
0.94837
0.19685
0
0
0
0
0
0
0.45269
0
0
0.1756
0.1959
0.0897
0
0.17845
0.17273
0.06939
0
0
0
0
0
0
0.12979
0
0.08053
0
0
0.05918
0
0.17395
0.05683
0
0
0
0.17156
0
0.15721
0.16427
0
0
0.09112
0
0.09905
0
0
0.17281
0
0
0
0
0.17779
0.17333
0
0
0.13769
0
0.18593
0
0
0.17054
0.05358
0
0.57065
0.70853
0.10225
0.52386
0.06917
0
0
0
0.8977
0
0.37793
0
0
0
0.08166
0
0
0
0
0.27925
0
0
0.13576
0
0.16223
0.08195
0
0
0
0.06855
0.08556
0.02588
0
0
0
0
0
0
0
0
0
0.27993
0
0.26206
0.24076
0
0.20753
0.33771
0
0
0.10243
0
0.08298
0.07866
0.08478
0.0851
0
0
0
0
0.3441
0.02391
0
0.08159
0.09101
0
0
0.52024
0
0
0.29054
0.09526
0
0
0.07947
0.10612
0.08927
0
0
0.50222
0
0.6159
0
0
0
0.29849
0
0
0.23168
0
0.37429
0
0.02504
0
0
0
0
0
0.07067
0.08117
0.05465
0.09743
0.25861
0
0.06811
0
0.43518
0
0
0
0
0.0819
0.0897
0
0.08171
0.03414
0.07088
0.08578
0
0
0.08948
0
0.33448
0.09514
0
0
0
0
0
0.2621
0.08394
0
0.17721
0.03456
0
0
0
0.07944
0
0.16896
0.07531
0
0.10125
0.12886
0
0.23247
0.28282
0.08109
0.05993
0.19795
0
0
0.08085
0
0.4514
0.38921
0
0
0
0.09221
0
0
0
0
0
0
0.09694
0.33828
0
0
0
0.33076
0.09871
0
0
0.11516
0
0
0.1784
0
0
0
0
0
0
0.35417
0
0.10636
0.05001
0
0
0
0
0.21965
0.30436
0
0
0
0.10223
0
0
0
0
0
0.18007
0.07891
0.1084
0.10023
0.38089
0.15705
0
0.87822
0
0
0.32327
0
0.06732
0.22664
0.24992
0
0
0
0
0.59056
0
0.13888
0.02593
0.20166
0
0
0
0
0.14621
0.05994
0
0
0
0
0.45729
0.10329
0.08993
0
0.45129
0.09035
0
0
0
0.48389
0
0.06865
0
0.74948
0.53113
0.09202
0
0.09894
0
0
0.24723
0.2869
0
0
0.05812
0
0
0
0.09997
0
0.62691
0
0
0.17765
0
0
0.04742
0
0.09186
0.1932
0.16717
0.27071
0
0
0
0
0.48282
0.09331
0
0.49952
0.0847
0.16142
0
0
0.09678
0.37874
0.17006
0
0.15681
0
0.09854
0
0.2565
0
0.09599
0
0
0
0
0.08184
0.02694
0.04918
0
0.13734
0.07469
0
0
0.14729
0.17447
0.08175
0
0
0
0.09592
0
0
0
0.15356
0.17345
0
0
0
0.25946
0
0
0
0.7058
0.09609
0.07299
0
0.18314
0
0.25918
0
0
0
0
0
0
0
0
0
0.06886
0.10383
0
0
0.16782
0
0
0
0.06968
0.0819
0
0.20011
0
0.21037
0.46372
0.37124
0.48619
0
0.24183
0
0.08337
0
0.07246
0
0
0.26845
0.12802
0
0
0
0.13034
0
0
0
0
0
0.25952
0
0.20517
0
0
0
0.08754
0
0.35465
0
0
0.10323
0.17641
0
0
0.08559
0
0
0.29704
0
0.08482
0.16182
0.10572
0.06493
0
0
0
0.28555
0
0.16833
0
0
0
0
0
0.08025
0
0.1114
0
0.07932
0.17753
0.30401
0.26064
0.08418
0
0.04816
0.21231
0
0.17461
0.10031
0
0
0
0.17747
0
0.02504
0
0.25925
0
0
0
0
0
0
0
0
0
0.09
0
0
0.62719
0.07436
0.37471
0
0
0
0
0
0.54448
0.06782
0
0.26091
0.25966
0
0
0
0
0
0
0.3362
0
0.37689
0
0.39576
0.37179
0
0.03467
0.14873
0.07242
0.10187
0.10121
0.21331
0.26632
0.05793
0.15409
0.15339
0
0
0
0.08432
0
0
0.18595
0
0.10093
0.36512
0.03284
0.29785
0.37841
0
0
0
0.08082
0.07175
0
0.10372
0.06847
0.26315
0.51436
0.144
0.08523
0
0.09221
0.14783
0.14983
0.08576
0
0.093
0
0.68468
0.04487
0
0
0.29933
0.08442
0
0.16702
0.08217
0.24718
0
0
0
0.09555
0
0
0
0.07908
0
0
0.34435
0
0
0
0
0
0
0.78959
0
0
0.02257
0
0
0.11977
0
0.13166
0
0
0.02862
0
0
0
0.1028
0
0
0
0
0.14469
0.15766
0.1572
0.15567
0
0.30506
0.14691
0
0.07367
0
0
0
0
0
0
0
0
0.06909
0
0
0.40722
0
0
0
0
0
0
0
0
0
0
0.0851
0
0.38244
0
0
0
0
0
0.36948
0
0
0.32038
0
0
0.07988
0.09037
0.17474
0.06792
0.08478
0.35271
0.03042
0
0.19834
0
0
0.03414
0
0.09106
0
0
0
0.24784
0
0.19975
0
0
0
0
0
0.16886
0
0
0.08578
0
0.07157
0
0.08129
0.74001
0
0
0.08584
0
0.07628
0
0.06961
0.48367
0
0
0.09575
0
0.20424
0.2519
0
0
0
0
0.1253
0.09316
0.24556
0
0.16882
0
0
0
0
0
0
0
0.09891
0
0.33938
0
0.13716
0
0
0
0.52209
0
0
0
0
0
0
0
0
0.10808
0
0
0.10854
0.37978
0.17377
0.49177
0
0.02471
0
0.0785
0
0
0
0.60936
0
0.71365
0.04811
0
0.08532
0.20263
0
0.59382
0.88076
0.19318
0
0.10003
0.19234
0.093
0
0
0
0
0
0.25505
0.069
0
0
0
0
0
0.26624
0
0.07114
0
0.5174
0.26537
0
0
0.05337
0
0.24011
0
0
0
0
0.08832
0.13543
0
0.08112
0.071
0
0.12457
0
0
0.1502
0
0.31805
0.08632
0
0
0
0.08132
0.15576
0.09516
0
0.26134
0
0.16624
0
0
0
0.23089
0.34769
0
0.28324
0
0
0
0
0
0.54735
0.10451
0
0
0
0
0
0
0.08121
0
0
0.09012
0
0.19075
0
0
0
0.45377
0
0
0.08164
0
0.35809
0
0
0.09425
0.08149
0
0.51824
0
0
0.08509
0.08104
0.08898
0.1034
0
0
0.0288
0
0
0.68681
0
0
0.19623
0
0.05976
0
0
0.3989
0.09005
0.26061
0.27143
0
0
0.05861
0
0
0.11387
0.0919
0
0
0
0
0
0
0.13803
0
0.03414
0.09341
0
0.08197
0
0
0.08486
0.08526
0.15442
0
0
0
0
0.71882
0
0.59798
0
0
0.24181
0.81037
0
0
0.07087
0.07076
0
0.03408
0.18596
0.07942
0
0.06948
0.29323
0.13538
0
0
0
0.11901
0.07032
0
0
0.4883
0.06077
0.08126
0.17727
0.0794
0
0
0
0.05684
0.08057
0.49653
0.07914
0.16725
0
0
0.51831
0
0
0
0
0
0
0
0
0
0.10603
0.05676
0
0.08851
0.71257
0.1951
0
0
0.05558
0
0
0.14748
0.06839
0
0
0
0.45622
0.51474
0.08435
0
0.0597
0
0
0.17718
0.08638
0
0
0
0
0.06862
0
0.43618
0
0
0.0726
0.02826
0
0.51556
0.02482
0
0
0
0
0.20536
0.26017
0
0
0.06835
0.19196
0.05814
0
0.08564
0
0.25798
0
0
0
0
0
0.07457
0.09604
0
0
0
0
0
0.25603
0.16682
0
0.17701
0.29722
0.3739
0.09343
0.25504
0.08122
0.23046
0
0
0
0.11148
0.16901
0
0
0
0
0
0
0
0.35011
0.10448
0.23548
0.07405
0
0.07338
0
0
0
0.10503
0
0.19033
0.17523
0.37267
0
0
0.11689
0.10216
0
0
0.08325
0
0
0
0.34691
0.32334
0.26027
0.10698
0
0
0
0
0.10046
0.30615
0
0
0
0.21057
0
0.08357
0.07941
0
0
0
0
0
0
0
0.1394
0
0
0.42217
0.26197
0.15502
0.08677
0
0
0.02672
0.09609
0.10429
0
0
0
0
0
0.17869
0.09467
0.5596
0
0.23867
0
0
0.16652
0.09111
0.0861
0.42612
0
0
0.06859
0
0
0.07144
0
0
0.43087
0
0.08681
0
0.11642
0
0.2978
0.08107
0
0
0
0
0.03041
0.15397
0
0
0.0481
0
0
0.23863
0
0
0
0.22628
0
0.08607
0
0
0
0.06847
0.20609
0.17429
0
0.10165
0.19065
0.87843
0
0.16687
0.05429
0.69492
0
0
0
0
0
0.10719
0.23213
0.07581
0.37983
0.29057
0.43489
0.33853
0.17725
0.09369
0
0.37977
0
0.07428
0
0
0.02659
0.08162
0.05455
0
0.17401
0
0.02696
0
0.13194
0.12367
0.52778
0.17155
0.23375
0.28302
0
0.02382
0.81448
0
0.10885
0.0581
0.084
0.1096
0
0.13626
0.566
0
0
0
0.07119
0.80839
0
0.17232
0
0
0
0.13535
0.12187
0
0
0
0
0
0.12423
0.24158
0
0
0
0.38435
0
0.26045
0
0.07171
0
0.06766
0
0.08787
0
0
0.0755
0
0
0
0.17401
0
0
0
0.23422
0
0.15882
0
0
0
0.1749
0
0
0.08667
0
0
0
0
0
0.0291
0
0.05918
0
0.08401
0
0
0.16746
0.26517
0
0.07493
0.39712
0
0.33564
0.09572
0
0
0.2511
0
0.54183
0.08742
0
0.05468
0.07547
0.02615
0
0.76047
0.06892
0
0
0.15017
0
0
0.08197
0.25806
0
0.08044
0
0
0
0.52959
0
0.18559
0.5895
0.04951
0
0.02561
0.0845
0
0
0.0806
0
0
0.26143
0.09184
0
0.10771
0.67651
0
0.43185
0
0
0
0.02346
0
0.43655
0.11975
0
0
0.14396
0
0
0
0
0
0
0.10035
0.10148
0.40227
0
0
0
0
0
0.40706
0.29471
0
0.40141
0.09318
0.24006
0.02551
0.07623
0.07074
0
0.52091
0
0
0
0
0.08661
0
0.08885
0
0.29835
0
0.02407
0.08508
0.15957
0
0
0
0
0
0
0
0.08668
0
0.13845
0.07416
0.07827
0.23817
0.3857
0.08891
0.27223
0.38163
0
0
0
0.8178
0.11976
0
0.21923
0
0
0
0.28565
0.05692
0
0
0.38915
0
0.02773
0
0
0
0
0
0
0.14718
0.37435
0.43315
0
0.08193
0
0
0.08434
0.08438
0
0.05842
0.09111
0.2575
0
0
0.15577
0.46058
0.16796
0.15664
0.08202
0.05544
0
0
0.23593
0
0.07301
0.11039
0
0.53097
0
0
0
0
0
0.06228
0.08135
0
0
0
0
0
0.08228
0
0
0
0.38819
0.15699
0
0
0
0
0
0.45301
0
0.07638
0.06856
0
0
0
0
0
0.27976
0.45819
0
0
0
0
0.26777
0
0
0
0
0.10033
0.35214
0
0
0.17834
0.08705
0.46363
0
0.3653
0
0.08382
0
0
0
0.08899
0
0
0.10268
0.08446
0.0812
0.52067
0.06835
0.09116
0
0.55219
0.15729
0.35165
0.06906
0.09208
0
0.10396
0
0
0.17704
0
0.10267
0.08364
0
0
0.2964
0.09475
0.1923
0.12349
0
0
0
0.07124
0
0
0.08823
0
0
0.33901
0.2786
0
0
0
0
0.09553
0
0.09094
0.09348
0
0
0
0.15795
0.32816
0
0.29595
0.03556
0.15727
0.08489
0.10413
0
0
0.09586
0
0.08609
0.08406
0
0
0.29294
0
0
0.0796
0
0
0.10578
0
0.08721
0
0
0
0.07922
0
0
0
0.17781
0
0.32558
0.29549
0
0
0.34498
0
0.51732
0.09597
0
0.5475
0
0
0
0
0
0.07992
0
0
0
0
0
0.18511
0.0809
0
0
0
0
0
0
0
0.07967
0
0
0
0.07355
0
0
0
0
0.19136
0.13573
0.0831
0
0
0
0.10241
0
0.33885
0.45482
0.08922
0.1062
0.04732
0
0.26097
0
0
0
0
0.08137
0
0.08072
0
0
0
0
0
0
0.05567
0
0.32902
0
0
0
0.04734
0
0
0
0.19248
0
0
0
0.02979
0
0
0
0
0.5519
0
0.06866
0
0.0462
0
0
0
0
0.0922
0
0.42704
0
0
0.15851
0.20474
0
0.0272
0.08914
0.0694
0
0.41361
0
0
0.26062
0.25797
0
0
0
0.34421
0
0
0.04981
0
0.72647
0
0
0.69681
0.26017
0
0.27622
0
0
0
0
0
0
0
0
0
0.02764
0.39597
0
0
0
0.43377
0.2566
0.06906
0
0.08222
0
0.06746
0
0
0.45981
0.07632
0
0
0
0
0
0
0.32579
0
0.17675
0
0
0.10369
0
0
0
0.45232
0
0.08104
0.29963
0.07963
0
0
0.08181
0.07958
0
0
0
0
0.18035
0
0.07032
0.15804
0.08396
0.08118
0.10385
0.08258
0.80844
0
0.12134
0
0
0.27169
0.08145
0
0.17451
0
0.08064
0.06384
0
0
0
0
0.07506
0.67769
0
0.07452
0.26463
0
0.17076
0
0
0.18678
0.19337
0
0
0
0.08055
0
0
0
0
0
0.0714
0
0
0.10599
0.28939
0
0
0.33218
0
0
0
0
0
0
0
0
0.1382
0
0
0
0.07543
0
0.17971
0.17924
0.10894
0
0.07161
0
0.07305
0
0
0
0
0.17155
0
0
0.19796
0
0
0.18134
0
0.08231
0.08458
0
0
0
0.06944
0.86039
0.22941
0
0
0
0
0
0
0.23544
0.17737
0.08673
0
0
0
0
0
0.5681
0.0819
0.19043
0
0.13842
0.10302
0
0.16931
0
0
0.35905
0
0.10302
0.53007
0
0
0
0.32992
0.38412
0
0.05578
0.18606
0
0
0
0.2121
0
0.02434
0
0
0.36381
0
0
0.13528
0.37003
0
0.10813
0
0.14285
0.08888
0
0.52573
0
0
0.27259
0
0.16013
0
0
0
0.51596
0
0.10124
0
0
0
0
0.17709
0
0
0
0
0
0.10288
0
0.10503
0.03435
0
0
0.0709
0.14802
0
0.07215
0
0
0
0
0
0
0.25956
0
0
0
0.57518
0
0
0.0796
0
0
0
0
0
0
0
0.1039
0
0
0.17116
0.16014
0
0.09458
0.07281
0
0.28401
0.40669
0.17064
0.17895
0.20683
0
0.26412
0.02541
0
0
0
0.46639
0
0
0.40207
0
0
0
0.29578
0
0
0.09136
0.33762
0
0
0
0
0.40897
0
0
0
0
0
0
0
0
0
0
0
0
0
0
0.55195
0.08482
0
0
0
0
0.27922
0
0
0
0.38079
0
0
0
0.45845
0.18772
0
0.33101
0.03003
0.08572
0
0
0.09564
0
0
0.02521
0
0
0
0
0.08328
0
0.06793
0
0
0
0.08361
0.0801
0
0
0
0.08965
0.03141
0
0
0
0.25775
0
0.24512
0
0.43538
0.06878
0
0
0
0.10118
0
0.06774
0
0
0
0
0
0
0.20306
0.26454
0
0
0
0.16017
0
0
0.2584
0
0.08186
0
0.13923
0
0
0
0
0.07698
0
0
0
0
0
0
0.40187
0.08153
0
0.06708
0.47834
0.07212
0
0
0.59714
0.16168
0
0.25693
0
0.13784
0
0
0
0.35214
0
0.18841
0
0.05463
0
0
0
0
0.06811
0
0.88203
0.7175
0
0.29637
0.19148
0
0.10449
0
0.16582
0
0
0
0
0
0
0
0.04701
0.02781
0
0.07402
0.2827
0
0.09005
0
0.06766
0
0.13597
0.70468
0.36405
0
0
0.09308
0
0.71148
0
0.37347
0
0
0
0
0
0.03052
0
0.10202
0
0
0
0.08092
0
0
0.08051
0.07941
0
0
0
0
0
0.81454
0.03058
0.10268
0.08682
0.15252
0
0.08279
0.51166
0
0
0
0.47206
0.23796
0.09183
0.1303
0
0.08158
0.17573
0.28879
0
0.08007
0.71551
0.76266
0.62621
0
0.03455
0.34822
0.39083
0.25566
0
0
0
0
0.02884
0.0894
0
0
0
0
0.34281
0
0
0
0
0
0
0.06742
0
0.02932
0.30305
0.08553
0.08024
0
0
0
0
0
0.0736
0.45342
0.07124
0.20546
0
0.09804
0
0.87603
0.11933
0
0.11125
0
0
0
0
0.08363
0.08144
0.04677
0
0
0
0
0
0
0
0
0
0.08608
0
0
0
0
0
0.07998
0.19005
0.08576
0
0
0.067
0.02899
0
0
0
0.0913
0
0.1106
0
0.24559
0
0.08224
0.15821
0.18021
0
0
0.09068
0
0
0
0
0.07553
0.29673
0
0
0
0.40006
0
0.0787
0.07914
0.08285
0.07356
0.3102
0
0
0.07103
0
0.07171
0.33046
0
0
0
0
0
0
0
0
0.19068
0
0.41045
0
0.25942
0.42996
0
0
0
0
0
0
0
0.38184
0.06891
0
0.09348
0
0.27545
0.10262
0
0
0
0.37947
0.18664
0
0.20901
0.37845
0
0
0.09828
0
0
0
0
0
0
0
0.32048
0.08674
0
0
0
0.05014
0
0.02725
0.08482
0
0
0
0
0
0.19174
0.26025
0.09367
0
0
0
0
0
0
0
0
0
0.17437
0
0
0
0.26976
0.08402
0
0
0
0
0
0.09407
0
0.06929
0
0.46743
0
0
0.16943
0.29095
0
0
0
0.02867
0
0
0
0
0
0.3898
0
0.26611
0.21099
0
0.10176
0
0
0.08391
0
0
0.32702
0
0.10293
0.20539
0
0.10532
0
0
0
0
0
0
0
0
0
0
0.12735
0.16086
0
0.07164
0
0
0
0.02286
0.09322
0.05849
0
0
0
0
0.17532
0.07442
0.20065
0.08003
0.07077
0.08665
0
0.08079
0.0813
0.54647
0
0.08227
0.77728
0
0.08009
0
0.07849
0.1493
0.06979
0
0
0
0
0
0
0.08374
0.07327
0
0
0.36671
0.17506
0.24
0.08607
0.37767
0.17795
0
0.49184
0
0.0815
0.17357
0.06955
0.08351
0
0
0.26422
0.35348
0
0.14357
0.0672
0.02983
0
0.08097
0
0.08923
0
0
0
0
0.35555
0
0
0
0.09813
0
0
0.50487
0.08411
0
0
0
0
0.20285
0
0
0.17416
0.26081
0.07915
0.14712
0
0.20653
0
0.09432
0.12108
0.19925
0
0.29891
0
0.08023
0
0
0.20877
0
0.11947
0
0
0
0.20354
0
0.06795
0.07567
0.28438
0
0
0.19148
0
0
0
0.0703
0
0
0
0
0
0
0
0.25817
0.33318
0.40249
0.37158
0
0.07482
0.07199
0.16067
0
0.51404
0
0
0.11395
0
0.53742
0
0
0.02842
0
0
0
0
0.46666
0
0
0
0
0.08403
0.20464
0
0
0
0.17547
0.26051
0
0.14332
0
0
0
0
0.1352
0.08652
0
0
0
0.082
0.35776
0
0
0.296
0
0.05292
0
0
0
0
0.20148
0
0.02443
0
0
0
0.31531
0
0.29278
0
0
0.09065
0
0
0
0
0
0.16396
0.18108
0
0
0
0
0
0.06928
0
0.10019
0
0.06931
0
0
0
0.29543
0
0.08635
0
0.07098
0.07463
0
0.08075
0
0
0.37306
0.08204
0
0
0.07436
0.08944
0
0.35034
0.14008
0.16595
0.0805
0.05372
0
0
0.26231
0.07947
0.08169
0.19219
0
0.23493
0
0.07711
0
0
0.1062
0.07432
0.29629
0.29949
0.54742
0
0.30648
0
0
0
0
0.39665
0
0.08467
0
0.14772
0
0
0.39686
0
0.10282
0
0.28941
0
0.07671
0
0
0.14282
0
0
0.28347
0
0
0
0
0
0
0.43103
0.30764
0
0
0
0
0
0
0.03362
0
0.19768
0
0.1918
0.08988
0
0.50296
0.17989
0
0
0.3366
0
0
0
0
0.21318
0
0.35416
0.0808
0
0.15565
0
0
0
0
0.11843
0.08501
0
0
0
0
0
0
0
0.0749
0.20507
0.10306
0.71049
0.09079
0.07375
0
0.40044
0
