0.05637
0.25268
0.22625
0
0
0.05761
0
0
0.32013
0.22882
0
0
0.19207
0.06372
0.0543
0
0
0
0.05558
0.18115
0.24051
0.12353
0.1577
0
0
0.04371
0.29007
0.11465
0.41289
0.12945
0
0
0
0
0.05741
0
0
0.04455
0
0
0
0.07908
0
0
0.01828
0
0.60294
0.60419
0.13318
0
0
0.18921
0.05752
0.03755
0
0
0.30577
0.32612
0.468
0
0
0.34084
0.33818
0
0
0
0
0
0
0.05938
0
0
0
0
0
0
0.33335
0
0.38732
0.04368
0
0
0.37952
0.11698
0.10447
0.03856
0.03888
0
0.14066
0
0.51545
0.15053
0.05533
0
0.1413
0.31686
0
0.16126
0.15796
0.13082
0
0.10198
0.5336
0.43935
0.14631
0.43193
0.27582
0.41034
0.51485
0.0571
0.05807
0.3501
0.51613
0
0
0
0
0
0.05542
0
0.03781
0
0.18743
0.05586
0.04137
0.08418
0.01211
0
0
0
0
0.03998
0.48985
0
0
0
0.04566
0
0
0.01248
0
0
0
0
0
0.57515
0.06457
0.18803
0.02122
0.02122
0.08418
0.40078
0.04774
0.22729
0
0
0
0.68113
0
0
0
0
0
0
0
0
0
0
0.26949
0.44245
0
0
0
0.03949
0
0
0
0.37621
0.05941
0.04285
0
0
0.05444
0.04267
0.5709
0
0
0
0.11903
0
0
0
0
0.26687
0
0.22233
0
0.03862
0.42092
0.74539
0.05756
0.04043
0.11293
0
0.27273
0.09263
0.60678
0
0.03953
0.46339
0
0.27139
0.06055
0.38334
0
0.04411
0.34406
0.01842
0
0
0
0
0
0
0
0.38096
0.42096
0.52926
0.39225
0.12054
0
0
0
0.09135
0.05612
0
0
0
0.01242
0
0.03663
0
0
0
0.20264
0.41905
0.06477
0.05692
0.41737
0
0.09106
0
0.14438
0
0
0
0
0
0.05976
0
0.05904
0.03639
0
0
0
0
0
0
0
0.0613
0
0
0.22404
0
0
0
0.40787
0.11878
0.53596
0
0
0
0
0.46857
0
0
0
0.60428
0.05419
0.05495
0.47881
0.15442
0
0
0.11869
0.57769
0.22679
0.51738
0.05481
0
0.0577
0.1331
0.11622
0.05697
0
0.03618
0.29803
0.14739
0
0
0.06406
0.21564
0.27335
0.31082
0
0.13795
0
0.3779
0
0
0.1548
0
0.13399
0
0.29212
0.03884
0.46723
0.06121
0.04164
0
0
0
0.46501
0.47077
0
0.08151
0.04126
0
0.06446
0
0
0.3555
0
0
0
0
0
0
0
0
0
0.35232
0
0.11922
0.47155
0
0
0
0
0.08233
0.55516
0
0.05596
0.23675
0.41303
0
0
0
0.29817
0.11867
0.15974
0
0
0
0
0
0.22696
0
0
0.4787
0.19713
0.02577
0.03891
0.78318
0.26679
0
0.08519
0
0
0.04154
0.04157
0
0
0
0
0
0
0.22239
0
0.15862
0.67187
0.01286
0.01791
0.27052
0
0
0.05592
0.29833
0.01827
0.352
0.05854
0
0.44086
0.08276
0.25554
0
0.34437
0.06597
0
0.05609
0
0
0.08465
0.34792
0.0392
0.10431
0.24434
0.04431
0.03968
0.06394
0.24809
0.34717
0
0.05467
0.0784
0.54056
0.42378
0.12964
0.46242
0.28989
0
0
0.34814
0.25547
0
0.22252
0.06066
0
0
0
0
0.02962
0.17511
0
0.28689
0
0.42398
0.0401
0.03728
0.24889
0.03727
0.05246
0
0.0652
0.08288
0
0
0.03698
0
0
0
0.30856
0
0.15825
0.60617
0.16256
0.05583
0.31661
0.24946
0
0
0
0.05627
0.26522
0
0
0.29276
0.35053
0.29794
0
0
0
0.1781
0
0
0
0.35086
0
0
0.15702
0.22567
0
0
0
0
0.30007
0.03869
0
0
0.12047
0.41373
0.08382
0
0
0
0
0
0
0
0.04175
0
0
0
0
0.03687
0.15883
0
0.26719
0
0
0
0
0.05485
0.11795
0
0.35189
0.46785
0
0
0.08192
0
0.06448
0.45221
0
0
0
0.40824
0.32271
0.1144
0
0
0.03594
0.05262
0
0
0.24732
0.1727
0
0.1754
0.10056
0
0.25063
0
0.15005
0.01495
0
0
0.08029
0.22095
0.35972
0
0
0.46989
0
0
0
0.22765
0.06154
0.3957
0
0.08435
0.08263
0.03787
0
0
0
0
0.05399
0
0
0
0.03874
0.13204
0.1941
0
0
0.14057
0.04207
0
0.71582
0.48487
0
0.03774
0
0
0
0
0
0
0.01315
0
0
0
0
0
0
0.03908
0
0.13848
0
0
0.28903
0.03899
0
0
0
0
0
0.46899
0
0.03739
0
0
0.47561
0
0.34484
0.15821
0
0
0
0
0
0
0.10146
0.46151
0
0
0
0.04035
0
0.11946
0
0
0.51415
0
0
0.20683
0.14283
0
0
0
0
0.0559
0.05743
0.27202
0.05631
0.46519
0.05704
0.27266
0
0.16586
0.22474
0.24862
0.03672
0
0
0
0
0
0.55365
0.10093
0
0
0.33473
0.23854
0.46143
0.11672
0
0
0
0.1221
0.06017
0.23497
0.60759
0.07516
0
0
0
0.52869
0
0
0.46972
0
0
0.02625
0.11892
0
0
0.06423
0.06405
0.47262
0.03705
0
0
0
0.05417
0.14214
0
0.06482
0.70113
0.0817
0
0
0
0.05864
0
0
0
0
0
0
0.47027
0.056
0.08412
0.04372
0
0
0.40253
0.53286
0.04427
0
0.67031
0.19404
0.04066
0
0
0.15782
0
0.31699
0.18653
0.06023
0
0
0.30238
0
0
0.46233
0.05586
0
0
0.03907
0.03971
0.26179
0
0
0
0
0
0.11942
0.81585
0.51028
0.32346
0
0
0
0
0.05624
0
0
0.22456
0.24683
0
0.42386
0.11456
0.6018
0
0
0
0
0.12053
0.28433
0.082
0
0
0
0
0.42167
0
0
0.53873
0.05649
0
0.47169
0
0
0.0363
0.42557
0.24753
0.14624
0.08415
0.20431
0.12366
0.05836
0.03655
0
0.17469
0
0.01294
0.03904
0.66563
0.47319
0
0
0
0
0
0.03637
0
0.62094
0.1148
0.07809
0.27039
0.22319
0.5962
0.02606
0.46859
0
0.70261
0.38748
0
0
0
0
0
0.05763
0
0
0
0
0.45705
0
0.03785
0.22579
0.20347
0.17241
0
0
0
0.07497
0
0
0.40011
0.12534
0
0.3099
0.06019
0.20768
0.16535
0.40621
0
0
0
0
0
0
0.18036
0
0
0
0
0.46782
0.20434
0
0
0.2468
0.26389
0.26748
0
0
0
0
0
0
0.03907
0.08436
0
0
0
0
0
0.10103
0.31429
0.46125
0.46562
0
0
0.10353
0.06023
0.11833
0
0
0.04476
0.11876
0.03658
0.06456
0.15294
0.77005
0.3073
0.38428
0
0.46601
0.25906
0
0
0.53205
0.83346
0
0.03879
0.04157
0.32859
0.04013
0
0.30717
0.47058
0.0373
0.04655
0
0
0.49996
0.24706
0
0.68025
0
0
0
0.05476
0.06815
0
0.17802
0.05831
0
0
0
0.52016
0.3427
0
0
0
0
0
0.2612
0.27184
0.04017
0
0
0.05428
0
0.05625
0
0.04031
0.15337
0.24723
0.3889
0.04233
0
0
0
0
0
0.22609
0.29556
0.40102
0
0
0.22622
0.11356
0.69912
0.21793
0.53566
0.58468
0.15085
0.2213
0
0
0
0.03867
0.27148
0.29137
0.40053
0
0.11026
0.10175
0.22683
0
0
0
0
0
0
0
0
0
0.28864
0
0
0
0.16202
0
0
0
0
0.04026
0
0
0.01846
0.11781
0.04048
0.04248
0.05526
0
0
0.26193
0
0.97606
0.04177
0.26224
0
0.08433
0.03692
0
0.20055
0.11191
0
0.04037
0.28809
0.80043
0.26933
0.46068
0.2715
0.20129
0.0365
0
0
0
0
0.47035
0
0
0
0.17565
0
0.05578
0
0.05513
0
0.22656
0
0.04027
0.19202
0.22274
0.47082
0.12772
0
0.4664
0.07804
0
0
0.31227
0.04665
0.22721
0.06959
0.05746
0.04161
0
0
0
0.05768
0.04366
0.35228
0.03853
0
0.17446
0
0
0.18833
0.3427
0.04214
0
0.03437
0.42401
0
0
0
0.01929
0
0
0.34172
0
0
0
0.32665
0.27212
0.47292
0
0
0.14514
0
0.28506
0
0
0
0
0.04423
0.06779
0.04402
0
0.05805
0
0.05589
0.19631
0.57517
0.09658
0.14672
0
0
0
0
0.38433
0
0
0
0
0
0
0
0.05618
0.73172
0
0.11816
0
0.45713
0.04638
0
0.05575
0.52037
0
0.38094
0
0
0.43379
0.13236
0
0
0.47101
0.06022
0.03795
0.34632
0.056
0.05595
0
0.04598
0.28638
0
0.22278
0
0
0
0
0
0.05623
0.05607
0
0
0.18259
0
0
0.2161
0.16017
0.06422
0.49466
0
0
0.26907
0.05669
0.20319
0.11138
0.37575
0.18249
0
0
0
0
0.14207
0.10038
0.22446
0
0.05577
0.18799
0.53405
0
0.04437
0
0
0.10468
0
0
0.53538
0.34036
0
0
0.04594
0.35268
0.2676
0.10971
0
0.43926
0.75686
0.04294
0.35406
0.3481
0
0
0
0.60074
0.05421
0.36217
0.48945
0
0
0.05469
0.05409
0
0.06454
0.11887
0.21242
0.32556
0
0
0.11934
0
0
0
0
0
0.15493
0
0
0.03686
0
0
0
0.01796
0.20646
0.14343
0
0
0.54379
0
0
0
0
0.3192
0.08298
0
0.24924
0
0
0
0.05495
0
0.32205
0.0722
0.06613
0.04652
0.18218
0.14454
0.08944
0.29564
0.05598
0.2732
0
0.15896
0
0
0.14227
0
0
0
0
0.33695
0.46349
0.06489
0
0.23436
0.28954
0.20074
0.02973
0.03923
0.03736
0.06052
0
0
0
0
0.2848
0
0
0.06407
0
0.05667
0
0.01254
0
0
0.19708
0
0
0
0.0403
0
0
0.06553
0.73076
0.05557
0.60739
0
0.03629
0
0.05566
0.05833
0.44818
0.40126
0
0
0
0.01828
0.056
0.18236
0
0
0.27692
0.06308
0
0.6046
0.34123
0.05573
0.63203
0.60354
0.5587
0.45764
0.35538
0
0
0
0
0.25776
0.30838
0.4266
0
0.05506
0.3055
0.3793
0
0.6823
0.3115
0
0.24646
0.05579
0.05548
0.05525
0.03901
0
0
0
0
0
0
0
0.05591
0.23218
0
0
0.0557
0.31856
0.05595
0.1413
0
0
0
0
0
0
0.055
0
0
0
0
0
0.05539
0
0
0
0
0
0
0
0
0
0
0.75714
0.53927
0
0
0.54987
0
0.02397
0
0.04263
0.30759
0
0
0
0
0
0
0
0
0
0
0
0
0
0.35614
0.04271
0
0
0
0.23588
0.11793
0
0
0.53954
0
0
0.26624
0.1549
0
0.06409
0
0
0
0
0.08872
0.03624
0
0.47108
0
0.75721
0.05731
0.19408
0
0.34791
0
0.11759
0.10002
0.2668
0.06414
0.22637
0.77859
0.0429
0.53209
0.05608
0
0
0
0
0.0541
0
0.14764
0
0.23227
0
0.03949
0.25047
0
0
0
0
0.03703
0
0
0.51298
0.08251
0
0.06379
0.03918
0.38071
0
0
0.19436
0.48412
0
0
0.15415
0
0
0.11017
0.0647
0
0
0.1829
0.22373
0.01201
0.0795
0
0
0
0.27553
0
0
0
0.04311
0
0
0.2989
0.18863
0
0.03618
0
0.05859
0.16391
0.33644
0.28266
0.22041
0
0.14683
0
0
0
0.06601
0
0
0
0
0
0.03858
0.28896
0
0
0.03697
0
0
0.68892
0.4648
0.03862
0
0.41622
0.05544
0
0.05633
0.70402
0
0.04325
0.31097
0
0
0.17796
0
0.47346
0
0
0.03698
0.05598
0.05562
0.40069
0
0
0
0
0.24833
0.2518
0
0
0
0.04448
0.28392
0.35226
0
0
0.15811
0.14165
0.06446
0
0.24783
0
0.29066
0.28827
0
0
0.45641
0.09181
0
0.04692
0
0
0
0.02123
0
0.1417
0
0.03877
0.08285
0.46525
0
0.60701
0.22318
0
0.06385
0.05724
0.10589
0.3859
0.05554
0
0
0.03726
0.19331
0
0
0.0395
0
0
0.07813
0.0395
0
0
0.10346
0.54495
0
0
0
0
0
0
0.05862
0
0.04584
0
0
0.47541
0
0.38407
0
0.01432
0.04114
0
0.09221
0.76867
0.29043
0.38268
0
0.06082
0
0.0402
0
0
0
0
0
0.65369
0
0.37736
0
0.01214
0.2274
0.06109
0
0
0.06431
0.06445
0.22482
0.05698
0
0
0
0
0
0
0
0
0
0
0.30391
0.5359
0
0.31183
0.08378
0
0
0
0.2081
0
0.58275
0.47484
0.03901
0.38381
0.52308
0
0.2172
0
0.04139
0.03746
0.04113
0
0
0.26844
0.03168
0.53803
0.555
0.04147
0.61265
0
0
0.04752
0.29069
0.05474
0.38254
0
0.05608
0.19805
0
0.29064
0.03687
0
0.04176
0
0
0
0
0
0.75895
0
0
0
0
0.06011
0.06035
0.04321
0
0.26032
0
0.05706
0
0.06033
0.16025
0.04637
0
0.06495
0.05632
0
0
0.22361
0
0
0.05493
0
0
0
0
0
0
0
0
0
0.22467
0.28312
0.08091
0
0.04663
0.0372
0.03684
0.03633
0.04252
0.05622
0.26143
0.06078
0.14681
0.20964
0.0566
0
0
0.3101
0.06534
0.03879
0.05793
0
0.19276
0.0848
0
0
0
0
0.05543
0.04247
0.04006
0
0
0.36713
0
0.05689
0.11852
0.1139
0
0.75882
0.34063
0
0.06009
0.16085
0.11802
0
0
0.02513
0
0.03897
0.03705
0.12982
0
0.73402
0.01282
0
0.01372
0
0.04313
0.34777
0
0
0.15418
0
0.46303
0
0.28898
0.15761
0
0
0.05461
0.15835
0
0.04129
0
0
0.22793
0.04682
0
0
0.20522
0.09974
0
0.18329
0
0
0
0.04472
0
0.03347
0
0.28477
0
0.24701
0
0
0.0842
0
0.08459
0.28442
0.23995
0.05908
0
0.04453
0.13328
0.01291
0.11671
0
0.5162
0.03717
0
0.77945
0.03858
0
0.03907
0.29493
0
0
0
0.15892
0.02416
0.10454
0.08396
0.03876
0.04607
0
0.34002
0.03627
0.04413
0
0
0
0
0
0
0
0.18592
0
0
0.24265
0.03648
0
0
0.28197
0.38372
0.22778
0
0
0
0
0
0.02677
0
0.37122
0.10144
0.05717
0.06451
0
0
0.03946
0.05665
0.03875
0.18823
0
0.05813
0
0.04038
0
0.11751
0
0.03778
0.27616
0.03699
0
0.05627
0.05688
0
0.2956
0.34207
0.496
0
0.06431
0
0.53118
0.05191
0
0
0.0425
0.13954
0
0.21094
0
0.11879
0.05546
0
0.32962
0.01431
0.03647
0.02942
0.41891
0.06746
0.1551
0.27725
0
0.17363
0
0.44549
0
0
0
0
0.05438
0.14924
0
0
0
0.0843
0.16592
0.29505
0.04312
0.04191
0
0
0.06222
0.31738
0.11442
0
0
0.03862
0.24822
0
0
0
0.38735
0
0
0
0.14437
0.04432
0.05539
0.04249
0
0
0.11794
0.03765
0
0.03714
0.37607
0
0
0
0.18315
0.22829
0
0
0.53453
0
0
0.11884
0.04059
0.12973
0
0.01395
0
0
0
0
0
0.55589
0
0
0.03853
0
0.08476
0.15397
0.59906
0
0
0.57951
0.05946
0.67082
0
0.64426
0
0
0.04286
0.30077
0
0.27106
0
0
0
0.34679
0
0
0
0.04179
0.23164
0
0.2157
0
0.0566
0
0
0.20866
0.57006
0
0
0.06088
0
0.17386
0
0
0
0.38798
0.06004
0.46327
0.7341
0.05512
0.11111
0.01342
0.03921
0
0.39324
0.17932
0.11853
0
0.05695
0
0
0
0.49562
0.06105
0
0
0.30108
0.05925
0
0
0
0
0
0
0.5559
0.42961
0
0.06379
0
0.19478
0
0.07793
0.03663
0.04309
0.02699
0.04632
0.12027
0.05968
0.07954
0.05578
0.11729
0.03615
0
0
0
0
0
0
0.03183
0
0
0
0.8068
0
0.21231
0.14386
0
0
0
0
0.18077
0.13004
0.0385
0.37229
0.49279
0.17692
0.41634
0.0986
0
0
0
0
0.06161
0
0.05709
0
0
0.01383
0.26275
0.35713
0.37827
0
0
0.45212
0.10485
0.75877
0.05883
0
0.24385
0
0
0
0
0
0
0
0
0
0.05823
0.03797
0.06157
0.46524
0.06158
0
0
0
0.0682
0.57122
0.19804
0
0.06194
0
0.05974
0
0.15914
0
0.47478
0
0.72191
0.10229
0
0
0.27495
0.73444
0
0
0.27349
0.37176
0
0
0.03038
0.12296
0
0
0
0.04351
0
0
0.17792
0.22442
0
0
0
0
0
0
0.42314
0
0
0
0.80813
0.30745
0.15365
0.01516
0
0.18047
0.05942
0.10107
0.05736
0
0
0.14189
0
0
0
0.06047
0
0
0
0
0
0.04738
0
0.34277
0.12259
0
0
0
0.09966
0.04531
0.0437
0
0
0.26474
0
0
0
0
0.14175
0.05726
0
0.32233
0.10666
0
0.77048
0.07832
0.28147
0.14628
0
0.12532
0.22525
0
0
0.25479
0
0.20935
0.01995
0
0.15378
0.22146
0.05949
0.05815
0.01941
0.26199
0.03719
0
0
0
0
0.15868
0.05973
0
0.21865
0
0
0.3881
0
0.13904
0.06754
0.34284
0.4616
0.48
0.01201
0
0.04691
0.71613
0.20201
0.2059
0.08311
0.15973
0
0
0
0
0
0
0.47194
0.0403
0.37882
0.48628
0
0
0
0.11833
0
0
0
0.03752
0.15498
0
0
0
0
0.03677
0
0.05868
0.47402
0
0
0.0559
0.46426
0
0
0.36999
0.21735
0.05599
0.05747
0
0
0
0.03864
0.48048
0.60833
0.13401
0
0.66585
0
0
0
0.21728
0
0.15703
0
0
0.06096
0.06047
0
0.05895
0
0
0
0.12945
0.06164
0
0.03813
0.04345
0.1315
0.08416
0.08332
0.04451
0
0
0
0
0.26787
0.38816
0
0.0576
0
0.68808
0.16203
0.44838
0.15833
0
0
0
0.27499
0.15351
0.76344
0.3293
0.04409
0.27254
0
0.14582
0.0583
0.11967
0.57445
0.40052
0
0
0.03677
0
0
0
0.1632
0
0
0
0.4395
0
0
0.27002
0.1275
0
0.04647
0.29076
0.76373
0
0
0.19305
0
0
0
0
0
0.18902
0.04141
0.35345
0.08433
0
0.35501
0
0
0
0
0
0
0
0.22773
0.04444
0
0
0
0
0
0
0.01931
0
0
0
0
0
0.05614
0
0.05911
0.26737
0.0366
0
0.05525
0.04562
0
0.15975
0.0556
0
0
0.24758
0
0.08282
0.05444
0.17957
0
0.3652
0
0
0.46765
0.07483
0
0.04562
0.05503
0.01312
0.04004
0
0.26053
0.53448
0
0.03954
0.02798
0.47743
0.22313
0
0
0.22517
0
0
0.11305
0.20267
0.33724
0
0.0838
0
0
0.22881
0.08276
0.08877
0
0
0
0
0.36228
0.03805
0
0
0.14633
0
0
0
0.26802
0.03963
0.05701
0
0
0
0
0
0.16189
0.05985
0.24697
0.52674
0.16007
0
0
0.46426
0.06564
0
0
0
0.06409
0
0.35189
0
0.03884
0
0.04107
0.17817
0.29604
0.06037
0.03936
0.52101
0
0
0
0
0.05627
0.05871
0
0
0
0.04614
0
0
0.06095
0.05885
0.20842
0
0.28547
0
0
0
0
0.01998
0
0.03967
0
0
0.42011
0.06419
0
0
0
0.01282
0
0.05413
0
0.26139
0
0.08441
0.33957
0
0
0.22408
0.42087
0.21515
0.29212
0
0.03696
0
0.38755
0.06095
0
0
0
0
0.0366
0
0.25517
0
0
0
0
0
0
0.43942
0
0
0.39542
0
0
0.30664
0.05588
0.11446
0.08644
0.40919
0
0.08204
0.12023
0.17932
0.0526
0.05869
0
0.08041
0.05615
0.05571
0
0
0
0
0.3543
0.17709
0.02049
0
0
0.05444
0.06737
0
0.15542
0
0.18055
0.04046
0.15854
0
0.10484
0.08309
0.17757
0
0.05657
0
0.28876
0
0
0.22635
0
0
0
0.15894
0
0.22685
0
0
0.03974
0
0.67218
0.26636
0.05828
0
0.08507
0
0
0
0.05551
0
0
0
0.04042
0.06066
0.14258
0.14007
0.2074
0.22227
0.04689
0.0392
0.05448
0
0.1586
0
0.03872
0.20983
0
0.24764
0.0195
0.22493
0
0
0
0.04384
0.02755
0.0369
0.03693
0
0.6076
0
0
0.15388
0.23847
0.31292
0.32095
0.40851
0.0751
0.03924
0.04248
0.15885
0
0
0.03621
0.45725
0
0
0
0
0
0
0.04077
0
0.0417
0
0.04061
0.46514
0
0.54683
0.09673
0
0
0
0
0
0
0
0.05596
0
0.04627
0.1018
0
0
0.05548
0
0
0
0
0.06012
0
0.18289
0.01801
0.25462
0
0
0.05621
0.05922
0.24682
0
0
0.06292
0.34135
0.13824
0.14208
0.72643
0
0
0.18816
0.05763
0.24661
0
0
0
0
0
0.18201
0.02038
0
0.44632
0.22691
0.29499
0.09984
0
0
0.08659
0.03941
0.46107
0
0.2494
0
0
0
0
0
0
0.04308
0.12089
0
0.17882
0.33004
0.28814
0.34343
0.41576
0.05411
0.05497
0
0
0
0.05577
0.46419
0
0.04175
0
0.1312
0.04513
0.24809
0.05569
0.21937
0
0.03863
0
0
0
0
0
0.02569
0.24821
0.3482
0
0.15809
0.07918
0
0.10454
0
0.24011
0.27408
0.03932
0.36343
0.4089
0.06541
0.05747
0.03731
0
0.0373
0.37754
0.29747
0.1272
0.45821
0.05464
0.47148
0.05594
0
0.02708
0
0
0
0
0.35624
0
0.05435
0
0
0
0
0.38127
0
0.2129
0
0.14576
0
0
0
0
0.51603
0
0.03741
0
0.05602
0
0
0
0.20652
0
0.47208
0
0.17576
0
0
0.05564
0
0
0
0.06594
0
0.24716
0
0.47055
0
0
0.05402
0.09395
0
0
0.08381
0.0285
0.21887
0
0.38778
0.03915
0
0.30126
0
0
0
0
0.14793
0
0
0
0
0
0.03974
0
0.05861
0
0
0.05783
0.05822
0
0.38225
0.33736
0.22114
0
0
0.03685
0
0.08339
0
0.17915
0.30781
0.05904
0.05371
0.04443
0.37072
0.33398
0.18086
0.04648
0.03641
0
0
0
0
0.15871
0.08218
0.31148
0
0.23567
0
0.04303
0.05891
0
0
0.32515
0
0
0.40723
0.26719
0.0388
0
0
0.11438
0
0
0
0.0468
0.10934
0.16029
0
0.55318
0.10025
0
0.03071
0.08378
0.13066
0.46636
0.05596
0.11079
0.4651
0.33938
0.35081
0.22555
0.05557
0.05708
0.21863
0.01888
0
0.15885
0
0.05465
0
0
0
0
0
0
0
0
0.46864
0.03994
0
0
0
0.39785
0
0
0.03936
0.16589
0.28835
0
0.45578
0
0.20055
0.12212
0
0.60279
0
0.09602
0.60921
0.46516
0.17597
0.05503
0
0.14395
0.05595
0
0
0.03895
0.03689
0.58056
0
0.47421
0.03662
0.05679
0
0
0
0
0
0.46146
0
0
0.62775
0.17869
0
0.42131
0
0.11819
0.03945
0.06427
0.53723
0
0
0.04172
0
0.10986
0
0.05629
0
0
0
0
0
0
0.03673
0.10682
0.16841
0
0
0
0.40552
0
0.08434
0.07362
0.21519
0
0.35034
0
0.81873
0.31135
0.02122
0
0.63442
0.05434
0.40266
0
0
0
0.13167
0.05749
0
0
0
0
0.05851
0.55236
0.08436
0.28894
0
0
0
0.04055
0
0.05718
0.10596
0.54003
0.14992
0.23118
0
0.6059
0.04318
0.03929
0.06538
0.18293
0.43644
0.02891
0.05624
0
0.25487
0
0.32156
0
0.03758
0
0.12051
0
0.03931
0
0.03979
0
0.64077
0
0.03877
0
0.11543
0.29174
0
0.0545
0
0
0
0
0
0.15859
0
0
0.18346
0.06423
0
0.08347
0.20526
0.56095
0
0
0.20267
0
0.64109
0
0.05846
0.05512
0.41795
0
0.17353
0.25407
0
0.33412
0.39258
0.0388
0
0.60443
0
0
0
0
0.03634
0.04502
0
0.01307
0.05634
0
0.07232
0
0
0
0.06032
0
0.05677
0
0
0.15049
0.1543
0.31675
0
0
0
0
0
0
0
0
0.42068
0.04254
0.62632
0.09778
0.05587
0
0
0
0.11177
0
0
0
0
0
0
0
0.10014
0
0.05907
0
0.16162
0
0.26464
0
0
0.27625
0
0.24855
0
0
0.2914
0.13034
0
0
0
0
0.42407
0
0.24063
0.60868
0.10094
0
0.04402
0.19576
0.57419
0.47926
0
0.09025
0.0562
0.5486
0.34074
0
0.5718
0
0.09986
0
0.04002
0.03899
0.15946
0.22621
0.08361
0
0.53637
0.08496
0
0.14806
0.05547
0.32694
0
0
0.23215
0.16019
0.18119
0
0
0.1332
0.06539
0
0.22659
0
0
0
0
0
0.36532
0.34621
0
0.05885
0.09196
0.05476
0.15442
0.53067
0.43127
0.05634
0
0.14607
0
0.20197
0
0.1599
0
0
0
0
0
0.1207
0.08401
0
0
0
0
0.05872
0
0.04249
0
0.05436
0.08239
0.41137
0
0
0.14554
0
0
0.63136
0.05652
0
0.03712
0.16219
0
0
0.45778
0
0
0.01349
0.13964
0.04422
0
0.18271
0.14092
0.38635
0
0.1
0
0.24505
0
0.17523
0.03724
0.20184
0.39675
0
0
0
0.46727
0.46998
0
0.20797
0.37188
0
0
0
0.53927
0.04323
0
0
0.28671
0.18274
0.05604
0
0
0.15598
0.36715
0.06451
0.53487
0
0
0
0
0.03781
0.04058
0.04192
0.0589
0.07364
0.34885
0
0.15634
0.46173
0
0.4657
0
0.25352
0
0.11482
0
0.08329
0.12601
0.08545
0.22583
0.05672
0.22426
0.25467
0.03902
0.20965
0.49529
0.38031
0.11084
0
0.05549
0
0.04685
0.3091
0.05388
0
0
0.30949
0.24877
0.53275
0.13357
0.12035
0
0
0
0
0
0
0.1876
0.05972
0
0.42535
0.46718
0.04109
0
0
0.05846
0
0.06122
0.18433
0.38463
0
0.03707
0
0
0
0
0.01562
0
0.14544
0.03613
0
0.05651
0
0.42757
0
0
0.12276
0
0.07885
0.12184
0
0.81363
0.33249
0
0.17746
0
0.03878
0
0.08471
0
0.0442
0.43146
0
0.16352
0.04429
0.09473
0
0.25889
0
0
0
0
0
0.05984
0.15844
0.08279
0
0.26928
0.06099
0.43018
0.12433
0.25241
0
0
0.04128
0.43374
0.27358
0.05962
0.06032
0
0
0.15388
0.11457
0.68839
0.83185
0.38797
0
0.44258
0.17731
0.05671
0
0
0.79972
0
0.2475
0.33727
0.26316
0
0
0
0
0.01488
0.04356
0
0.02122
0.35538
0
0.47162
0
0.11731
0.03708
0.49453
0
0.05814
0.15844
0
0
0.08237
0.07107
0.11947
0.05587
0.1423
0
0.05724
0
0
0
0
0
0.76751
0
0
0.06035
0.12221
0
0
0.28181
0
0
0
0.30925
0
0
0.14036
0
0.14356
0.24998
0.22673
0
0.13266
0.6707
0.23665
0.10179
0
0
0
0
0
0
0
0
0.34198
0
0.05693
0
0.52928
0
0.05425
0
0.32573
0
0
0
0
0
0.04383
0.05698
0.41197
0.38212
0.04342
0
0
0
0.06059
0
0
0.78979
0
0
0
0.2469
0
0
0
0
0.06399
0
0
0
0
0.02046
0
0.23147
0.22784
0
0
0
0
0.01915
0
0
0
0.2071
0
0.26698
0.01354
0.04432
0
0
0.13059
0.57599
0.04594
0
0
0
0.05714
0
0.10492
0.25029
0
0.06208
0.03676
0
0
0.66633
0
0
0.51367
0
0
0
0
0.35436
0.47037
0.27379
0
0
0
0
0
0
0.05722
0.07971
0
0
0.3101
0
0.05926
0.04411
0
0.31405
0
0
0.05559
0.09889
0.04329
0.16292
0
0
0
0.10629
0
0.05924
0
0.05611
0.04351
0
0
0
0.46766
0.04543
0
0.05913
0
0.05888
0.20451
0
0.10149
0.79956
0.03923
0
0.18033
0.18072
0
0
0.06813
0.0597
0.37721
0
0
0
0.3868
0
0.02051
0.36519
0
0
0.43289
0.36373
0
0
0.26445
0
0
0
0
0.15418
0.04248
0.06398
0.11804
0
0
0
0.0288
0
0.15815
0
0
0.06405
0.11879
0.07466
0
0
0
0
0.02017
0.23687
0.18656
0
0.28584
0
0.12032
0
0.10466
0.19336
0.79633
0.02779
0
0.03929
0
0.30898
0.12033
0
0
0.08486
0.75653
0.17435
0
0.03739
0
0
0
0.40895
0
0
0.13677
0
0
0
0.05566
0
0
0
0.04619
0
0
0.05654
0
0.05774
0.18185
0
0.1117
0.472
0
0.1485
0.4451
0.13198
0.04286
0.06382
0
0
0
0
0
0
0
0.53464
0
0.15361
0
0
0
0.35051
0.24806
0.32208
0.24998
0.11028
0.07911
0.57565
0
0
0.3424
0
0.3253
0.15925
0
0.18914
0
0.31458
0.33063
0.06382
0
0
0
0.15407
0.54537
0
0
0
0.05725
0
0
0
0
0
0.17628
0.04141
0.19702
0
0.378
0
0
0
0
0
0.0386
0.16182
0
0.26035
0.07663
0.47105
0
0.02769
0.36167
0
0
0
0
0
0.35492
0
0.53732
0
0.05974
0
0.07699
0
0
0.08365
0.08411
0.05566
0
0
0.46127
0.20883
0.01304
0.06086
0
0.02762
0.15944
0.26613
0
0
0.18022
0.04281
0
0.05477
0
0.26295
0.69004
0
0.06013
0.04604
0
0
0.17861
0
0
0
0
0.14795
0
0.05481
0.3567
0
0.07103
0
0.4984
0
0
0.06485
0
0
0
0.21771
0
0.04726
0.39449
0.11017
0.05583
0
0
0.22723
0.6049
0.38397
0
0
0
0
0.48846
0.05559
0.06531
0.33539
0.17741
0
0
0.03659
0.17436
0
0
0
0.03746
0.43306
0
0
0
0
0
0.05705
0.0393
0.05743
0
0.27316
0.46907
0
0.42272
0
0.05622
0
0
0.2863
0.01977
0.40691
0.11612
0.3784
0
0
0.29053
0.18695
0.51278
0.07852
0
0
0.01282
0.03866
0
0.34002
0
0.4724
0.30383
0.28325
0
0.03894
0
0
0.05831
0.42492
0
0
0.34188
0.05631
0
0
0
0.3949
0
0
0.81439
0.03673
0.35304
0
0
0.05595
0
0.22306
0.06384
0.36597
0.03986
0.03942
0
0
0
0
0
0
0.55775
0.37952
0
0.28414
0.12122
0.36976
0.53442
0
0
0
0.05551
0
0
0.0543
0.10085
0
0.04038
0
0.08781
0
0.26683
0
0.058
0
0.66815
0
0
0
0
0.03894
0.30798
0.037
0.79851
0
0.05446
0.05732
0.12669
0
0.22588
0.10684
0.14664
0.08413
0
0.05641
0.24955
0.13184
0.05701
0.03699
0.07844
0.03705
0.46638
0
0.17809
0.0609
0
0.26364
0
0.58209
0
0.15891
0.15899
0.35457
0.0561
0
0.04257
0
0
0
0.2627
0.04528
0.27276
0
0
0.07111
0.30293
0
0.10889
0
0
0
0
0.27854
0
0.40152
0.60583
0
0
0.2046
0.5418
0
0
0
0
0
0.06601
0.22727
0
0
0.0919
0.80108
0.22451
0.0315
0.05521
0
0
0.05736
0
0
0.22285
0.05469
0.34188
0
0
0.04605
0.11507
0.03889
0.16034
0
0
0
0.53643
0.08318
0.05995
0.08756
0.32555
0.04371
0.19239
0.11479
0.19768
0.29991
0
0
0
0.11295
0.05673
0
0
0
0
0
0.53276
0
0
0
0
0
0.06073
0
0.11481
0.03884
0.18387
0.45483
0.23586
0
0.06575
0
0.04133
0.24822
0
0
0.03649
0.05731
0.0518
0
0
0
0.0372
0
0.07853
0.15809
0.56977
0
0
0.04444
0
0.04372
0.05504
0
0.06116
0.1051
0
0
0
0
0.0375
0
0
0.22534
0
0.23819
0
0.01396
0
0
0
0
0.46855
0
0
0
0.53072
0.03924
0
0.05521
0
0
0.10244
0.53086
0
0
0
0.05702
0.04218
0
0.62932
0.01844
0
0
0.04726
0.21484
0
0.16523
0.06458
0
0
0.15873
0.04244
0.41573
0
0.03879
0.46627
0.05558
0
0
0
0.39116
0
0.03763
0.21499
0.28916
0.18307
0
0.03744
0.2758
0.06093
0
0.01895
0.03638
0
0.03875
0.06058
0.0372
0.05501
0
0
0
0.02022
0
0
0.03941
0
0.03705
0
0.11804
0.26751
0
0
0.15786
0.07636
0.60696
0.0389
0.28726
0.53545
0
0.03069
0.05862
0.77457
0.2026
0.05449
0.26591
0
0.07774
0.02467
0.0393
0
0
0.11862
0.12827
0.05706
0
0
0.16034
0.35532
0.06077
0.19368
0
0.05985
0.50987
0.06079
0.32803
0
0
0
0
0
0
0
0.22675
0.05763
0.01339
0.17256
0
0.05728
0.07588
0.16247
0
0
0.03719
0.82582
0
0
0.08119
0.12269
0.18015
0.16674
0
0.05624
0.4909
0
0.0389
0.04408
0.51502
0.04374
0.35019
0.16618
0.11949
0
0
0
0
0
0
0
0
0
0.05572
0
0
0.29558
0.05694
0.2341
0
0.20749
0.19431
0
0.05715
0
0.3115
0.38122
0
0
0
0.14679
0.05494
0
0
0.18792
0.65121
0.0574
0.27521
0
0.08421
0
0.56384
0.61111
0.01252
0.03711
0.03919
0
0.05693
0
0.1046
0
0
0.3323
0.3395
0
0.04608
0.51775
0
0
0
0
0.32727
0.57397
0.04235
0.04149
0
0
0
0.10484
0.16816
0
0
0
0.29057
0
0
0.06397
0.49469
0.22729
0.22858
0.43931
0
0.05806
0.03669
0
0.22398
0
0.33724
0
0.16637
0
0.04252
0.31455
0.03902
0
0.03896
0
0.03653
0.46582
0.03898
0
0.20001
0
0
0
0.04018
0
0.23381
0.32757
0
0
0
0
0.08248
0
0
0
0.463
0.22509
0.64298
0
0.01978
0
0
0.27169
0
0.03602
0
0
0.2756
0.23878
0
0.27609
0.22213
0.10533
0
0
0.22117
0
0
0
0
0.08156
0.08021
0
0.10223
0
0
0.11587
0.10467
0.11796
0
0
0
0.05851
0.2681
0
0
0
0
0.5866
0
0
0
0.22079
0
0.05986
0.12322
0.64351
0.30792
0
0
0.77076
0.04132
0.03889
0
0.13915
0
0
0
0.19732
0.26263
0.08384
0
0
0.06039
0.04379
0.14525
0
0.04377
0.48634
0.15461
0.07828
0.13834
0
0
0.05786
0.38217
0.03929
0
0.47201
0.04296
0
0
0.05941
0
0
0.20053
0
0
0
0
0
0
0.20498
0
0
0
0
0
0
0
0
0
0
0.15904
0
0.13281
0.04359
0
0.11965
0.10363
0.33023
0
0
0.05453
0
0
0
0
0.18195
0
0
0
0
0
0
0.18751
0
0
0
0.04006
0
0
0.3985
0
0.03774
0.16663
0
0.03714
0.18991
0
0
0.15865
0
0
0
0.03998
0.0387
0.0567
0.46359
0
0.03766
0
0
0
0
0
0.53875
0.60326
0
0.5315
0.57066
0
0.05653
0.55735
0.17674
0.60331
0.46104
0.06404
0.4058
0.62459
0.60617
0
0.06378
0.06384
0.46613
0
0.4205
0.48273
0.03672
0.05445
0.6058
0
0.47147
0
0.05565
0.05667
0.05708
0.13448
0
0.05555
0
0.42453
0.03709
0
0.0656
0
0.07763
0.05459
0.46158
0.63039
0
0.06522
0
0.05579
0.036
0
0.21731
0.05495
0.17625
0
0
0.0553
0.11703
0.0364
0.18047
0.05698
0.42422
0
0.11757
0
0.1889
0.09098
0
0.10515
0
0.18251
0.23173
0.18512
0.05811
0
0.0387
0
0.22801
0.11678
0
0
0
0
0
0.06302
0.05859
0
0.60445
0
0
0.05455
0.05608
0.0393
0.05776
0.10491
0.07883
0.6804
0.1027
0.03878
0.38459
0.10378
0.18058
0.18047
0.06326
0.17723
0.23435
0
0
0.03914
0.43482
0
0.84614
0.2977
0.79309
0
0.45825
0
0
0.11897
0
0
0.28896
0
0.37433
0.24999
0.02712
0.22286
0.14413
0.28967
0.03961
0.53481
0.01322
0.11978
0.03911
0.04148
0.04002
0.04518
0.65412
0.21999
0.81046
0.1544
0.04049
0.20492
0.43432
0.1871
0.04046
0.0412
0.07329
0.16761
0.15747
0.07197
0
0.2682
0.07368
0.04679
0.17719
0.04292
0.09624
0.3724
0.37308
0.26805
0.16715
0.09077
0.20562
0
0.04428
0.52127
0
0.04645
0.57525
0
0.15887
0.10198
0
0
0
0
0
0
0
0.07529
0
0.15129
0
0.01877
0
0
0
0.1663
0
0.22611
0.05786
0
0
0
0
0.27551
0
0
0
0.35533
0.34761
0
0
0.10466
0
0
0
0.11977
0
0
0
0
0.15692
0
0
0
0
0
0
0.16252
0
0.15931
0
0
0
0.02961
0
0
0
0
0
0
0
0
0.22587
0
0.24491
0
0
0
0.29017
0
0.32931
0
0
0.3713
0
0
0
0
0
0
0.04278
0
0
0
0
0
0.14152
0
0
0
0
0
0
0
0.14201
0
0
0
0
0
0.2253
0
0
0
0
0
0
0
0
0.15921
0
0
0
0
0
0
0
0
0
0
0
0.02527
0
0
0
0
0
0
0
0
0
0
0
0.03743
0
0
0
0
0
0.19463
0
0
0
0
0
0
0
0
0
0
0
0
0
0
0
0
0
0
0.29468
0
0
0
0
0
0
0
0
0
0
0
0.03998
0.03625
0
0.05749
0
0.41312
0
0
0
0
0.06038
0.03637
0
0.12203
0.03685
0
0
0.35047
0
0
0
0
0
0.18442
0
0.19802
0
0
0
0.04068
0
0
0.46709
0.04182
0.2959
0.04332
0.21219
0.24699
0.04362
0.23852
0.08518
0.46931
0
0
0.29179
0
0
0.21488
0.19457
0.12145
0
0.06025
0.33309
0.33984
0.03714
0.38244
0.25379
0.05959
0
0
0.22977
0
0.26867
0.11976
0.04407
0
0
0
0
0.04411
0
0.22127
0.04688
0
0.26392
0
0
0.14528
0
0.32776
0.06649
0
0.05926
0.04367
0
0
0.35385
0
0.04768
0.15701
0
0.12481
0.10862
0.4313
0.12383
0.05591
0.18699
0.34696
0.28521
0.24823
0.24611
0.08461
0.27349
0.2672
0.24854
0.26137
0.28791
0.22375
0.05812
0.0818
0.396
0.11895
0.08414
0.37181
0
0.38168
0.79612
0.03523
0
0
0
0.49466
0.06741
0
0
0
0.70645
0.11796
0.32946
0
0.06108
0
0
0.04409
0
0.0575
0
0
0
0
0
0
0
0
0
0
0.05728
0
0.08105
0
0.18719
0
0
0.20962
0.3458
0.0589
0.01473
0
0
0.20002
0.08458
0.15318
0.06022
0
0.22258
0
0
0
0.05885
0.043
0
0
0.13306
0.04128
0
0.05817
0
0
0.17765
0.05968
0
0
0
0
0
0
0.11501
0.06002
0.30098
0
0.05946
0.05786
0.31882
0.29115
0
0.12206
0
0
0.05768
0
0
0
0
0.04387
0
0
0
0
0
0
0
0
0
0
0.05988
0.01248
0
0.09985
0
0
0
0.03605
0.36699
0.09791
0
0.18745
0
0
0
0.11711
0
0.35761
0
0.05987
0.12202
0
0
0
0.61413
0
0
0.29927
0
0
0
0
0.46168
0
0
0
0
0
0.22556
0
0
0
0.06025
0.11951
0
0.11699
0.37974
0.04202
0
0.14553
0
0.35095
0
0.11767
0.09102
0
0.02701
0.05757
0.27547
0.2828
0
0
0
0.05476
0.23935
0
0.27561
0.43355
0.27939
0.03982
0
0
0
0.12185
0
0
0.08785
0
0
0
0
0
0.03653
0.15766
0.06054
0.28467
0
0
0.05962
0.31308
0
0.35766
0
0.03866
0.2084
0.2436
0.06001
0.05995
0
0.12179
0
0
0
0
0.06608
0
0
0
0
0
0
0
0.02939
0
0
0.07511
0
0
0.27948
0
0.03728
0
0
0.35407
0.05836
0.20052
0
0
0.08427
0
0.05698
0
0.06042
0
0
0
0
0.39599
0
0.22851
0.57086
0.17098
0
0.34761
0.16492
0
0.03743
0
0.05805
0
0.05918
0.5152
0.36569
0.11879
0.11727
0.06799
0.1043
0
0
0.16488
0.05672
0
0
0.05801
0
0
0.17195
0.03875
0.27906
0.03683
0.11921
0
0
0
0
0.28289
0.0185
0
0
0
0
0.07441
0.16834
0.22538
0
0
0
0
0.58977
0.09436
0
0
0
0.05758
0
0.15811
0
0
0
0.4055
0
0
0.01219
0
0
0
0
0.0429
0.05933
0.06252
0
0.04418
0.05918
0
0.04036
0
0.45451
0
0.04378
0.11474
0
0
0.36804
0
0.12119
0
0.06025
0
0
0
0
0.05933
0.51603
0.49
0.04103
0.08415
0.27175
0
0.04245
0.05712
0.48024
0.05605
0.12272
0.43361
0
0
0.04345
0
0.75814
0.16331
0.48165
0.22383
0
0.03766
0.12262
0.03959
0
0.11475
0
0.0632
0
0.06418
0.04609
0
0.57437
0
0
0.04136
0.03921
0
0
0
0
0
0
0
0.05965
0
0.23598
0
0
0.05887
0.03738
0.30152
0.08877
0.08471
0
0
0
0
0
0
0
0
0.13864
0
0
0
0
0.17427
0
0
0.81978
0
0
0.04037
0.31566
0.04747
0
0
0.49769
0
0
0
0.51561
0
0.04767
0
0.52115
0.22505
0.65428
0.26414
0.03638
0.04433
0.27978
0
0
0
0.17617
0.15758
0
0.03912
0.05813
0.02637
0
0.46876
0.47262
0.14568
0
0.03161
0.0569
0
0.32486
0
0.17943
0.03864
0.05815
0
0
0
0.10943
0.55431
0.01305
0
0
0
0
0
0
0
0
0
0
0
0
0.27526
0.08452
0
0
0
0.08439
0.34174
0.18787
0.0843
0.27573
0.25454
0
0
0
0.07984
0
0.28788
0.04139
0
0.15847
0
0.06848
0
0.14531
0
0
0
0.18171
0.80012
0.30036
0.12181
0
0
0
0
0.04694
0
0.15845
0.1429
0
0.05622
0.38763
0.10971
0
0.15947
0.50417
0
0
0.10536
0.46455
0
0.2279
0.34509
0.16003
0
0.32683
0
0.05664
0.04666
0.05836
0.29886
0
0
0.35911
0.05395
0
0.15431
0
0.15866
0
0
0
0
0.10247
0.05738
0
0.31599
0.04246
0.22648
0
0.18259
0
0
0.10767
0.33217
0.32967
0
0
0
0.22009
0
0.0595
0.48553
0
0.22862
0.16604
0
0.18906
0
0.35631
0.38134
0
0.04321
0
0.0813
0
0
0.05719
0
0.08632
0.0604
0.24974
0.04368
0.09712
0.04328
0.07119
0.05866
0.4312
0
0
0.1641
0
0.05851
0
0.04405
0
0.28209
0.22381
0
0
0
0.12065
0
0
0.03715
0.29298
0
0
0.13243
0.04375
0.06202
0.79883
0.22516
0
0
0.03743
0.34181
0.11979
0.51875
0
0.2499
0
0
0.14936
0.35559
0.05575
0
0.0441
0
0.0366
0.06406
0
0.05938
0
0
0.08453
0
0.06292
0
0.22572
0
0
0.0583
0.19457
0
0.03896
0.31067
0
0.04637
0.17875
0
0.33694
0
0
0.23905
0
0.04153
0
0
0
0
0.11775
0
0.14617
0.23225
0.10529
0
0
0.14297
0
0.31097
0
0
0.38474
0.27747
0
0.05823
0
0
0.04196
0
0
0.05495
0
0
0
0
0.07831
0.11286
0
0.10007
0.08449
0
0
0
0
0
0
0.0944
0.18821
0.04735
0.3192
0
0.15479
0
0
0
0
0.47367
0
0
0
0
0.14364
0
0.07191
0.05767
0
0
0.08866
0.57612
0.05599
0.12231
0.039
0.0368
0
0
0.12474
0
0
0
0
0
0
0
0.392
0.20712
0
0
0
0.57089
0.04314
0.18669
0.11743
0
0
0.04481
0.15459
0
0.2148
0.08332
0.32631
0.05963
0.15324
0.20406
0.03866
0.12578
0.10692
0
0.05808
0
0
0.04429
0.05803
0.03943
0.22755
0.03636
0.24685
0.04336
0
0
0.37784
0.29529
0.01917
0
0.26727
0
0.04043
0.05392
0
0.06002
0.08411
0.06051
0
0.2885
0.38055
0.25987
0.30205
0
0.15756
0.01993
0
0
0.42359
0
0
0.06128
0.06012
0
0.16161
0.24861
0.3291
0
0
0.02707
0
0
0.14021
0.71504
0
0
0
0
0.66777
0.3172
0.15867
0
0
0
0
0.19574
0
0.22767
0.01954
0.32831
0
0
0
0.15816
0.15784
0.04099
0.22161
0.1257
0
0
0
0.0363
0.05522
0
0.03752
0
0.51314
0.3081
0
0.10251
0.18574
0
0.11709
0
0.05812
0
0
0
0
0
0
0.35518
0
0.03834
0
0
0
0
0
0
0
0.2918
0
0.04305
0
0
0.04335
0
0.05933
0.16678
0.05843
0
0
0
0
0
0
0.03824
0
0.11943
0
0
0
0.05571
0
0
0.27422
0.44561
0
0.2122
0.3095
0
0
0
0
0
0.04591
0.037
0.18145
0.0565
0
0.49352
0.05918
0
0.03775
0.04019
0
0
0
0
0.09984
0.17818
0
0.05608
0.39112
0
0.53795
0.2121
0
0
0.11842
0.53034
0
0
0.10238
0
0
0
0
0
0
0
0.0612
0.07333
0
0
0.15936
0.43296
0.05992
0
0
0
0.3611
0
0
0
0.11666
0
0
0.18118
0
0
0
0.03879
0.11909
0
0.05855
0
0.59695
0.07753
0
0
0.19403
0
0.64261
0.26209
0
0
0
0
0
0
0.04389
0.14498
0
0.34138
0
0
0.0373
0.07305
0.10903
0.46692
0
0
0
0
0.05709
0.05553
0.11665
0
0.15496
0.43829
0
0
0.0136
0
0.25931
0
0.23452
0
0
0
0
0.55712
0.06382
0.19388
0.04013
0.33378
0.04558
0.07041
0
0
0.13322
0
0
0.05797
0
0
0.46901
0
0
0.31744
0.12068
0.05869
0.05744
0
0.12073
0.55842
0
0.1048
0
0
0.18595
0.13197
0.57049
0
0.20425
0
0.0612
0
0
0
0
0
0
0.10099
0
0.0603
0.11969
0
0.0556
0
0
0.2957
0.04362
0.04443
0.45191
0.45606
0
0.04459
0.76931
0.05507
0
0
0
0
0
0
0
0
0.268
0
0
0.03651
0
0.15965
0.27659
0
0
0
0
0
0
0.10033
0
0.47029
0.07321
0
0
0
0.0994
0
0
0
0
0.02492
0
0.11009
0
0
0.28864
0.11459
0.51643
0
0
0
0
0
0.41033
0
0
0
0.18
0.60669
0.2754
0
0
0
0.22218
0
0
0
0
0.59329
0
0.49454
0.06015
0.24766
0
0
0.26276
0.24636
0.05691
0.20676
0
0
0
0.03636
0
0.17331
0
0.7432
0
0
0.32662
0.11934
0.05989
0
0
0.64479
0.05514
0.16671
0.1834
0
0.13179
0
0.51741
0.05592
0.29841
0
0.46366
0.43647
0
0
0.04222
0
0.04308
0
0.1193
0
0.17911
0.41304
0
0
0.04288
0
0
0.22588
0.05423
0
0
0
0
0
0
0.29167
0.04453
0
0.23867
0.05558
0.05544
0.17691
0
0
0
0.35488
0.09516
0.75966
0.18371
0
0
0
0
0
0
0
0
0.06241
0.05964
0.06048
0
0.05774
0
0
0.35996
0.21055
0.05169
0.23451
0.05759
0
0.06483
0.22796
0
0
0
0
0
0.11866
0
0
0
0
0
0.12441
0
0
0
0
0.40937
0.05453
0.44444
0
0
0
0
0
0.03639
0.67733
0
0.22781
0.22908
0.05153
0.11785
0.49428
0.118
0.32808
0
0.39871
0
0
0.05646
0
0.15745
0.15929
0
0.03743
0
0
0
0.32896
0.27133
0.04456
0
0.06032
0.57115
0
0
0.0867
0.05714
0
0.14217
0
0
0.22695
0.46489
0.04544
0
0
0.03917
0.05713
0.53453
0
0.04352
0
0
0
0
0.0543
0
0
0.22357
0.44324
0
0
0.11425
0
0.03686
0.22066
0
0
0.46277
0.0587
0.04621
0
0.14562
0.05711
0
0
0.20729
0.22247
0
0.13868
0
0
0
0
0.06228
0
0
0
0.01218
0.04323
0
0
0.57926
0.04265
0.31892
0.1829
0.03943
0.38789
0
0
0
0.48004
0.04386
0.11626
0.04407
0.05575
0
0
0.27593
0.11683
0.05499
0.11037
0
0
0.34608
0.01283
0.02583
0
0
0.03905
0.12121
0
0.06525
0.63191
0
0
0.26915
0
0.11803
0.02527
0
0
0
0.22073
0.4418
0
0.18342
0.05653
0
0.37349
0
0
0.35519
0.05531
0.22841
0.1196
0
0
0.26767
0
0.05829
0.15694
0
0
0
0.22806
0
0
0
0
0.28948
0.36424
0
0
0.47409
0
0.03881
0.01351
0.13102
0
0.11742
0
0.48399
0.03789
0
0
0
0
0
0.03971
0
0
0
0
0
0
0.1865
0.5347
0
0
0
0
0
0.04236
0
0
0.47922
0
0
0
0.04377
0
0.09542
0.04174
0
0.06073
0.54588
0
0.01979
0.05652
0.16002
0.40671
0
0.1586
0
0
0
0.0606
0
0
0.31829
0
0.54023
0.03728
0
0
0.11486
0
0.05617
0
0
0.37015
0.05875
0
0
0
0
0.12197
0.03633
0
0.11818
0.16585
0
0
0
0.35062
0
0
0
0
0.67967
0.15927
0.05988
0.04717
0.06001
0.01446
0.0642
0.43931
0.1049
0.49615
0.05831
0.10499
0.05332
0
0.17506
0.11973
0
0
0.10458
0.47046
0
0
0
0
0.11821
0.05692
0
0.18372
0
0
0
0.06437
0
0
0
0.2463
0.03851
0
0
0
0
0.38782
0
0.11812
0
0
0.04419
0
0
0.17871
0.83454
0.22758
0.46521
0.20909
0.04361
0
0.03943
0.11941
0.17756
0
0
0.18094
0
0
0
0.24323
0
0
0
0.05771
0.18781
0
0.22654
0
0.08305
0
0
0.15367
0.01852
0.11886
0
0.5703
0.17629
0
0
0
0.05649
0
0
0
0
0
0
0.11472
0
0
0.34651
0
0.057
0
0
0
0
0.16006
0.50374
0
0.31782
0.0849
0.02578
0
0
0.14165
0.10481
0
0
0
0.22138
0
0
0
0.09827
0
0.16013
0
0
0
0
0
0
0
0
0
0
0.05701
0
0
0
0
0.24925
0.23327
0
0
0
0
0
0.22186
0.11695
0
0.05677
0
0.26709
0
0
0.05686
0
0
0.03671
0
0.04181
0
0.05544
0.41226
0.0859
0
0.05429
0
0.0371
0
0.11475
0
0.79243
0.60644
0
0
0
0.22483
0.27639
0.05861
0
0
0
0
0.18834
0.24696
0
0
0.76989
0.03889
0
0
0
0.39263
0.39835
0.01296
0.0417
0.01282
0.15947
0.11487
0
0
0.37396
0.17607
0.18143
0.06038
0.02408
0
0
0
0.22596
0.46994
0
0
0.12201
0
0
0.14561
0.04321
0
0
0.20552
0
0
0.19173
0
0.19919
0.0586
0
0
0
0
0.15853
0.01296
0.13993
0.28761
0
0
0
0.78588
0
0
0.35473
0
0
0
0.05865
0
0
0.03983
0.05344
0
0
0
0
0
0.29812
0.05746
0.24577
0
0.52228
0
0
0
0.44302
0
0.11916
0.05846
0.05433
0.04329
0.1016
0.18927
0.03922
0.03899
0
0.04208
0.05612
0.18761
0.11448
0
0
0
0
0.49583
0.04548
0
0
0
0
0
0
0.15884
0.20715
0
0
0
0.26756
0
0
0.12428
0
0
0.08022
0.04368
0.46066
0
0.03652
0
0.13256
0
0
0.22631
0
0.04428
0.05704
0
0
0
0.53838
0
0.35506
0
0.03601
0
0.27406
0.22859
0.32532
0
0
0.32218
0.51857
0.15905
0
0
0.03743
0
0.03917
0.15378
0.11676
0.3117
0.16027
0.05722
0
0
0.2234
0
0.06105
0
0.24442
0
0.22841
0
0
0
0
0
0
0.04435
0.17803
0
0
0
0.04396
0.26725
0
0.18213
0.01907
0.04724
0.15801
0
0.22386
0
0.10094
0.11971
0.43687
0
0.10564
0.35444
0.63026
0
0
0
0
0
0.29947
0
0
0
0.3114
0
0
0.24564
0
0.21323
0.1747
0
0
0
0
0
0
0
0.0651
0.46952
0.05737
0.65445
0.05987
0
0.05582
0
0
0.4933
0
0.05688
0.04386
0.06
0
0
0
0.13883
0.12177
0.35529
0
0.06022
0
0
0.03689
0
0
0.05701
0
0.27984
0.22333
0
0.15418
0.02495
0
0
0.48299
0
0
0.04327
0.11942
0.37937
0
0.53778
0.08037
0
0
0.04559
0.05991
0.15889
0
0
0.12064
0.09281
0
0
0
0
0
0
0
0
0
0
0
0.05535
0.15438
0
0.2697
0.03922
0
0.08254
0.14364
0.01913
0.11949
0.34312
0
0.1718
0
0
0.51569
0
0
0
0.34693
0
0
0
0
0
0.10492
0.26538
0
0.02996
0.02647
0
0.4705
0
0.55452
0.12415
0.03664
0
0
0
0.05721
0.05907
0
0.15916
0.34049
0
0.05504
0.12228
0.04408
0
0.15533
0
0
0
0.16064
0.15496
0
0
0.15862
0.09613
0.16322
0
0.04217
0
0
0
0
0.38804
0
0.14521
0
0.16641
0
0.03756
0.06032
0
0
0.05903
0
0
0
0.17431
0
0
0.04416
0
0.03936
0.13291
0
0
0
0.24083
0.26814
0.27304
0.60027
0
0.0428
0.30816
0.29973
0.12185
0
0
0.22443
0.40519
0
0.13843
0
0.0423
0.12807
0.05773
0
0
0.28393
0
0
0
0.17945
0
0
0
0.34482
0.04453
0
0
0
0.07404
0
0.16266
0.23566
0
0
0
0.37101
0
0
0.22598
0.19985
0.07471
0.09673
0
0.06374
0
0
0.03672
0
0.26737
0
0.67437
0
0.43094
0.05989
0
0
0
0.05747
0.01825
0.49866
0.16218
0
0
0.161
0.03882
0
0
0
0
0
0
0
0
0
0
0
0.73668
0
0.04376
0
0.07082
0.29559
0.5177
0.24726
0.05971
0.0572
0.15461
0.20701
0
0.43703
0
0.20908
0
0
0.71252
0.0136
0
0
0
0
0.34141
0
0.06092
0.16574
0.42952
0.04269
0.05729
0.6037
0
0.03668
0
0
0.26605
0.3434
0.28242
0.05773
0
0.05701
0
0.15338
0.17766
0.05808
0.21635
0.03915
0
0.05989
0.09719
0
0
0
0.03912
0.03861
0
0
0.04356
0.48353
0.07711
0.04397
0
0.48238
0.2132
0
0.11969
0
0.53797
0
0
0
0.0605
0
0
0
0
0
0.43367
0
0.22422
0.21212
0.25023
0.52974
0
0.06025
0.27506
0
0.05948
0.4197
0.46261
0.40007
0
0.11382
0.34306
0.06064
0
0
0
0.10606
0
0
0.1249
0.05505
0
0
0.3193
0
0
0
0
0.11864
0.125
0
0.05491
0.05409
0
0.59073
0
0
0
0.13447
0
0.39399
0.05452
0
0.34282
0.05972
0.07661
0.04538
0
0.07573
0
0
0
0.23856
0.19187
0.28479
0.05577
0.28665
0
0.37273
0
0
0
0.44932
0
0.0197
0
0
0.0432
0
0.0958
0
0
0.05624
0
0.3105
0.54322
0.10477
0
0
0
0.04613
0.03652
0
0.26773
0.39517
0.22558
0.12469
0.22495
0.32244
0
0
0.39152
0.35586
0
0
0
0.03756
0.13417
0.15189
0
0
0.18047
0.03894
0
0
0
0.04592
0
0.12163
0.08396
0.16201
0
0
0
0
0.04655
0
0.04629
0
0
0
0.24759
0.22611
0.0563
0
0.35277
0
0.0441
0.03685
0.04152
0
0
0
0.22339
0
0
0.04627
0.43965
0
0.14426
0.05828
0.57213
0
0
0
0.03898
0
0.20723
0
0
0.24923
0
0
0
0
0
0
0.05903
0
0
0
0
0.01851
0.78256
0.16292
0
0.3377
0.0561
0
0.38715
0
0.66911
0.01851
0
0
0
0
0.24748
0.40979
0.26274
0.06406
0
0.0602
0
0
0.06036
0
0.10441
0.19711
0.63195
0
0.10509
0
0
0.14545
0.17733
0.11463
0.11245
0.53062
0.19391
0.4145
0.22512
0
0
0
0.49401
0.33868
0.03681
0.11905
0
0.12237
0
0
0.53636
0
0
0
0
0.11905
0
0
0
0.04148
0.0433
0
0.1049
0.07817
0.44216
0
0.24765
0.27838
0.26649
0
0.0585
0.0588
0
0
0.49716
0.07867
0.03686
0.08939
0.07968
0
0.055
0
0
0
0
0.51616
0
0.32827
0
0.04347
0.05926
0.04642
0.2069
0.45354
0
0
0
0.11744
0
0
0
0
0
0.28962
0.08227
0.57348
0.40242
0
0.43193
0
0.03139
0.03871
0.22712
0
0
0
0
0.30187
0
0
0.03801
0.61067
0.33402
0
0.52269
0
0.05848
0
0.06002
0
0
0.02406
0.26871
0.0575
0
0
0
0
0.11449
0.46003
0.04343
0.20673
0.33172
0.29275
0.20949
0.04612
0
0
0.0654
0
0.05891
0
0
0
0
0
0
0
0
0.07602
0
0.3288
0
0.10014
0.35109
0.22535
0.46416
0
0
0
0.05893
0.26704
0
0.081
0.05699
0.03133
0.02057
0
0.05573
0.34426
0
0.20051
0
0
0
0
0
0.11351
0.27567
0.46266
0
0.03727
0
0
0.04688
0
0
0
0.19461
0
0.04619
0.41799
0
0.05875
0
0.04342
0
0
0
0.28777
0
0
0.06372
0
0
0.4637
0.0414
0
0.05752
0.05733
0
0.14818
0.03954
0.25532
0
0.51505
0.15911
0.05518
0.11994
0
0
0
0.06431
0
0
0
0
0.04643
0.05993
0
0.0794
0
0
0.04243
0.1325
0.47499
0
0.1205
0.04003
0.13852
0.08263
0
0
0.28502
0
0.08974
0
0
0.28458
0.32563
0
0
0.15965
0.06074
0.13795
0.25136
0
0.43028
0
0.08793
0.17536
0.78994
0
0.05876
0.17313
0
0.17847
0.1203
0.06008
0
0
0
0.22612
0.05565
0
0
0.05897
0.54613
0.01969
0.46955
0
0.05815
0.73642
0
0
0.04748
0.18035
0.24746
0
0.05654
0
0
0
0
0
0.51956
0.57113
0
0
0
0
0
0.05493
0
0.48968
0
0
0
0.05674
0.22012
0.05698
0.05598
0.5159
0
0
0.07844
0
0.52144
0.04122
0
0
0
0.64084
0.03717
0.18251
0
0
0.15838
0.20024
0
0
0.12319
0
0.27619
0.09302
0.12964
0
0.04063
0
0
0.24618
0
0
0.03707
0.04198
0.0445
0
0
0.03933
0.03865
0
0.03993
0.04189
0.09985
0.03741
0.35122
0.19281
0.02947
0.38768
0
0
0
0.12126
0
0.2726
0.03736
0
0
0
0.07213
0.20586
0.12367
0.05404
0
0
0.17372
0.05415
0.0373
0.45059
0.62983
0.11125
0.44206
0.74379
0.36664
0
0
0
0
0
0.31271
0.06431
0
0.35349
0.03919
0
0.04053
0.03963
0.16025
0
0.04381
0
0
0
0
0
0.03935
0
0
0.45977
0.25219
0.05515
0.43955
0.37198
0.18542
0.12196
0.22355
0.01921
0
0.07441
0
0.27385
0
0.04248
0.0446
0.03903
0
0
0
0.67581
0.05525
0
0.03992
0.32756
0.18198
0
0.17517
0
0
0
0.04662
0
0.62645
0.04274
0
0
0.05584
0
0
0.37507
0
0.262
0
0.03105
0.38426
0
0.57938
0.16897
0
0
0.6258
0.38846
0.32647
0
0
0
0
0
0
0.03782
0.22762
0
0.03903
0.30777
0
0
0
0
0.22654
0.33237
0
0
0
0.04704
0
0
0.05762
0
0.05426
0.05673
0.10911
0
0.05578
0
0.05636
0
0
0
0.06058
0.18955
0.12235
0.31657
0.08383
0.12198
0.3547
0
0
0
0
0
0.0605
0
0
0
0
0
0
0.28835
0.18132
0
0
0.0465
0.17685
0
0
0.06959
0
0.15856
0
0.24379
0
0.23874
0.49386
0.62734
0
0
0
0.12338
0.18394
0
0.04066
0.05544
0.03781
0
0.01985
0
0
0
0.10298
0.28146
0
0
0
0.15967
0
0
0
0
0.05611
0
0.53217
0.11475
0.04044
0.05487
0
0
0.11649
0.0586
0.31845
0
0.05693
0.50007
0
0
0
0
0
0.06401
0.54307
0
0
0.09622
0
0
0
0.04305
0
0
0.18473
0.23524
0.38689
0
0.03618
0
0.23595
0
0
0
0
0.44879
0.06034
0.18177
0.09176
0.03664
0.37756
0
0
0
0.1
0
0.11128
0
0
0.43211
0
0.04513
0
0
0.04722
0.22706
0
0.22385
0.04314
0
0.8109
0.07432
0
0
0.24776
0
0.05926
0
0
0
0.22407
0
0.18441
0.21488
0.08496
0.05793
0.01355
0.14742
0.20519
0.22565
0.0606
0.05775
0.1812
0.05864
0.05416
0
0
0.65542
0.03854
0.43119
0.59321
0.60691
0.05711
0.22469
0.04432
0.11787
0.2891
0
0
0.28968
0
0.29156
0
0.25145
0.23674
0
0
0
0.26034
0
0
0
0.06095
0
0.37057
0.4692
0.34276
0.12177
0.20564
0.08435
0
0
0.55396
0
0.06401
0.14334
0.09483
0.05511
0.08354
0.13114
0.35517
0
0
0
0
0
0.76924
0
0.12084
0
0
0
0.14444
0
0.04329
0.05917
0
0
0.27194
0.25571
0.22696
0.09898
0.09412
0.31306
0
0.15845
0
0.55474
0.04429
0.07714
0
0.53892
0.53573
0.11888
0
0.20623
0
0.53995
0.05996
0
0
0.58551
0
0.1593
0.29561
0.16059
0.25451
0.16638
0.05849
0.28399
0
0.11455
0
0
0
0.04304
0.2275
0
0.27758
0
0.15886
0
0
0
0
0
0
0
0
0.24983
0
0.47325
0.46944
0.1547
0.22269
0
0
0.31484
0
0.47533
0.43245
0.16247
0
0.03909
0
0.22067
0
0.38197
0.03697
0
0.35084
0
0
0
0.35635
0.14951
0.05613
0.1184
0
0
0.03686
0
0.0388
0
0.18808
0
0
0.11749
0.15874
0
0.24165
0.08748
0.28408
0
0
0.2056
0.88662
0
0.34055
0
0.06013
0.5364
0.03868
0.17287
0.22633
0
0
0
0.05866
0.07806
0.05544
0
0.11843
0.47313
0.22681
0.08469
0
0
0
0.74303
0
0
0
0
0.01917
0
0.03959
0.05947
0.12038
0.24977
0.26601
0.04323
0
0.05623
0.05634
0.03855
0
0
0.26857
0
0
0
0
0.47177
0.05958
0
0
0.27544
0
0.04662
0.07666
0.27537
0
0
0
0.12042
0
0
0.05356
0
0.31037
0
0
0.15937
0.09685
0.16042
0
0.46644
0.05884
0.43455
0.05863
0
0
0.05708
0.24899
0.07884
0.12342
0.06544
0.30413
0
0.18213
0.60461
0.28381
0.13904
0.78612
0
0
0.4637
0.11722
0
0
0.05812
0.01924
0
0.32734
0
0.05979
0
0.14469
0.3958
0
0.35499
0.35552
0.43125
0.38953
0
0
0.04618
0
0
0
0
0.19451
0.11996
0.17755
0
0
0
0
0.08357
0.60878
0.21201
0.21442
0
0.06478
0
0.1886
0
0.43077
0.05552
0.18318
0.42023
0
0.27525
0
0
0
0
0
0
0.37541
0.43501
0.05902
0.03682
0
0.15497
0
0.12021
0
0
0
0.16242
0.30482
0
0.0588
0.34481
0.04451
0.11941
0
0.19132
0.3018
0.04375
0
0
0
0
0
0.18558
0
0
0
0.15457
0.04187
0
0.33069
0
0
0.12333
0.05808
0
0.2539
0.07751
0
0
0.46409
0.22169
0.15798
0.15912
0
0
0.25297
0
0.12548
0.22191
0.0584
0.74158
0.30777
0
0.13108
0
0.10479
0
0.11922
0
0.03621
0.03709
0
0.49358
0
0
0
0.27479
0
0
0.47311
0.15819
0.34155
0.11657
0
0
0.06188
0
0.05817
0
0.55684
0
0.01854
0
0.24074
0.21943
0.40903
0.35504
0.08012
0.08489
0
0
0.04325
0
0.2475
0.04268
0
0.09886
0.72359
0.02415
0.11734
0
0
0.40125
0
0
0
0
0
0
0.39797
0
0.07203
0
0
0
0.24723
0.10452
0
0
0.05799
0.05857
0
0
0.41035
0.03706
0.06265
0
0.05969
0
0
0.47074
0.22798
0
0.08897
0
0
0
0.03884
0.25839
0.01857
0.22405
0
0.1147
0
0.03677
0
0
0.06378
0
0.45377
0
0.0832
0.15824
0.61129
0.05614
0.55283
0.2853
0
0
0.06041
0.05557
0.4657
0
0.43135
0
0.13008
0
0.18358
0
0
0.01828
0
0
0.48289
0
0.53641
0.09239
0.03943
0
0
0.42725
0
0
0.03696
0.05385
0
0
0
0
0
0.05528
0
0
0.05726
0
0
0
0.1904
0
0.02013
0
0.31783
0.11352
0
0
0
0.0601
0.57064
0
0.46835
0.27333
0
0
0
0
0.18071
0
0.60741
0.1702
0
0.37539
0.03947
0
0
0
0
0
0
0
0.0656
0.04037
0
0
0.24693
0.05394
0
0
0
0
0
0
0.32644
0.04562
0
0
0.02122
0
0.34523
0.14412
0
0
0.0399
0
0
0
0
0
0.03705
0
0.2914
0.57106
0.34801
0.04353
0.0572
0
0
0
0.04426
0.12249
0
0
0.74017
0
0
0.60111
0.04342
0.03632
0
0.03647
0.42943
0.15793
0.06078
0.11065
0
0.24916
0
0.13823
0
0.25059
0
0.05645
0.05608
0.05843
0
0.46044
0.43219
0.03767
0.05991
0
0
0.03991
0
0.06123
0.09964
0.571
0
0
0.2257
0
0.05753
0.35549
0
0
0
0
0.34552
0.04326
0.05698
0
0
0
0.04285
0.32817
0
0
0.03882
0
0.08583
0.32897
0.34044
0.0562
0.13836
0
0
0.33695
0
0.08773
0
0
0
0
0
0.15014
0
0
0.27445
0.14258
0.16191
0
0.22433
0.07919
0.30352
0
0.08227
0
0.04411
0.09246
0.08428
0
0
0.34126
0.60555
0.32592
0.15785
0.23241
0.04607
0.01483
0.05565
0
0.06036
0
0
0.18402
0.0195
0
0.33136
0
0
0
0.35463
0.0565
0
0
0.38758
0.04111
0
0.24814
0.04254
0
0.05504
0
0
0.15815
0.04388
0.04257
0
0
0
0.02565
0.27448
0
0.75685
0
0
0.36895
0
0
0
0.53281
0.21793
0
0.38776
0
0.16693
0
0
0.1543
0
0
0.03981
0.12192
0.04451
0
0.36729
0
0
0.06085
0.05589
0
0
0.74305
0.46986
0.27288
0.03723
0
0.34417
0
0.0315
0.05864
0.47134
0.46219
0
0.4624
0.14413
0
0
0
0
0.1552
0.044
0.04384
0
0.41135
0
0
0
0
0
0.06086
0
0.31352
0
0.23709
0.05997
0
0
0
0.27182
0.08423
0
0.04216
0
0
0.01928
0
0.07991
0
0.42373
0.46274
0.26792
0
0
0.05736
0
0
0
0.47125
0
0
0
0.28443
0
0.03647
0.22333
0.03619
0
0.23491
0
0
0
0
0.26952
0
0
0.69373
0.27698
0.47514
0.27772
0.05737
0
0.04049
0
0.06499
0.27571
0.3105
0
0
0
0.31647
0
0
0.08153
0
0.04334
0
0
0.01199
0
0
0.15939
0
0.01917
0
0
0
0
0.04397
0.05583
0.20152
0.40452
0.19435
0.29698
0
0.07808
0
0.03713
0
0.15839
0.3648
0
0.05623
0
0.03789
0
0.05787
0
0.11831
0
0
0
0.38758
0.50413
0
0
0
0.26598
0
0
0.04443
0.06408
0
0
0.37905
0
0.7298
0.04423
0.27268
0
0
0.18256
0
0
0
0
0.03904
0.22683
0.09331
0.30624
0.02799
0.07726
0.10492
0
0.34701
0.08632
0.51153
0.53159
0
0.03768
0
0.0578
0
0.15971
0.05616
0
0.04613
0.28307
0.07342
0.5045
0
0.74998
0.05616
0.05562
0.08191
0.22271
0.35606
0.12533
0.17761
0
0
0.05687
0
0
0.01258
0
0
0
0
0
0.26819
0.34841
0
0
0
0
0
0
0
0.15735
0.34275
0.16175
0.01475
0.05577
0
0.88639
0.05484
0
0
0
0
0.17388
0
0.53729
0
0.04027
0
0
0.34781
0.03718
0
0.15415
0
0
0
0.06464
0
0.04099
0
0
0
0
0.11995
0
0.18202
0
0
0.18397
0
0.05647
0.09607
0.05642
0
0.29116
0
0.03618
0
0
0.22958
0.10531
0
0.05595
0.38498
0
0
0
0
0.53517
0.22761
0
0.22196
0.21914
0
0
0
0.06066
0
0
0.46388
0.7575
0.02409
0.01399
0
0
0
0.11479
0.03265
0.25244
0
0
0
0
0.05753
0.2675
0
0
0
0
0
0.11091
0
0.47942
0.2843
0
0.27553
0.26351
0
0.08475
0
0.15484
0.06418
0.19059
0
0.03764
0
0.24294
0.18093
0.02005
0
0.15468
0
0.29025
0.04458
0
0
0.11835
0
0.04252
0.24621
0.03666
0
0.01471
0.1222
0
0.43102
0
0.48301
0.19276
0
0
0.08322
0
0
0.22262
0.55485
0
0
0
0
0
0
0.09867
0.05853
0.47298
0.2266
0.04108
0
0
0
0.09995
0.17408
0.05766
0.09949
0.11794
0
0.04089
0
0
0
0.0375
0.15636
0.05651
0
0.33212
0.60711
0.10217
0
0
0
0
0.53695
0
0.08442
0.15442
0
0
0
0
0.67349
0.2691
0.24958
0
0.14418
0.35523
0.24929
0.02122
0.05666
0
0.18318
0
0
0
0.27365
0.53579
0
0.03694
0.07833
0.18877
0.17464
0.40253
0
0.05484
0.24669
0.43696
0
0.0414
0.53193
0
0.28907
0
0.03672
0.24827
0
0
0
0.05898
0.03767
0.1162
0
0
0
0.27164
0.27932
0.03654
0
0.11477
0.02489
0
0.26987
0
0
0
0
0
0
0.53458
0.03975
0
0
0
0.1153
0.33991
0.17766
0.34369
0.29191
0
0
0
0.15883
0
0.0588
0.03615
0.22578
0
0
0.3113
0
0
0.04037
0
0
0.11434
0
0
0.08363
0.24979
0.06052
0.02872
0.05771
0.06002
0.7246
0.28448
0
0.15977
0.01811
0
0.40846
0.07465
0
0
0
0.46723
0
0
0
0
0
0
0
0.05403
0
0.04177
0.35677
0.34337
0.06455
0.04385
0
0
0.466
0.28394
0
0.09603
0.0608
0.17696
0
0.16359
0.08829
0.0566
0
0.44021
0.26238
0.43824
0
0
0
0
0
0.18606
0
0.16887
0.5317
0.53637
0
0
0.11763
0.09691
0
0
0
0.34102
0
0
0.05677
0.16645
0
0
0.13959
0.53268
0
0.12035
0
0.05613
0.16671
0.38774
0.28142
0.13262
0
0.34721
0.08512
0.15603
0.05838
0.09141
0
0
0.05612
0
0
0.03647
0.26914
0.03038
0.26752
0.0442
0.04323
0.5405
0
0
0
0
0
0.08328
0
0
0.60432
0
0
0.23494
0
0
0.25914
0.54994
0.32875
0.46406
0
0
0
0.18214
0.12058
0
0
0.32201
0
0.24755
0.03912
0.4753
0
0.25551
0.11474
0
0
0
0
0.05876
0
0
0
0
0
0.23586
0.21866
0.24934
0.2258
0
0.04123
0
0
0
0
0
0
0.34433
0
0.22976
0
0.01583
0.06025
0.04434
0
0
0.08281
0.05374
0.28386
0
0.05579
0.29798
0.06377
0.10959
0.13852
0.24674
0.28828
0.20739
0
0
0.04255
0.436
0
0.22021
0
0.03724
0.12241
0
0.4352
0.065
0.35184
0
0.05705
0
0.16712
0.05792
0.15762
0.18315
0.0364
0
0
0
0
0
0
0
0
0.06051
0
0.26616
0.2155
0.31654
0.15361
0.0369
0.09468
0
0.43066
0
0.41824
0
0.23569
0.04302
0
0.46833
0.06464
0
0
0.04162
0.03862
0
0.05766
0.11456
0.41733
0.16602
0.08401
0
0.46798
0
0.20613
0.22372
0.3549
0.49321
0.06407
0
0.51657
0
0
0
0.03696
0
0
0.01182
0
0
0
0
0
0
0.12139
0.15509
0.05793
0
0.05447
0
0
0
0.28915
0.15478
0
0
0.53198
0
0.0579
0
0
0.05487
0
0.27807
0.07389
0
0
0.16041
0.6433
0
0
0
0.0568
0.04774
0
0.96591
0.51077
0
0.0719
0
0
0
0.0589
0
0
0.48861
0.01851
0
0.22407
0
0
0
0.43008
0.57112
0
0
0
0
0
0.28921
0.06471
0.18662
0
0.02089
0.38441
0.27353
0
0
0
0.04565
0.4139
0.11437
0.04161
0
0.04319
0.25011
0.08448
0.0594
0.08046
0
0
0
0
0.22778
0
0.1269
0.31526
0
0
0.03929
0
0
0.4751
0
0
0.15904
0
0
0
0.08871
0.07837
0.0579
0
0.36694
0
0.16081
0.24857
0.05796
0
0
0.37752
0
0
0.24784
0
0
0
0.46524
0
0.35571
0.15393
0.42385
0
0
0
0
0.05342
0
0
0.11555
0.05458
0.04307
0.21377
0.17405
0.03912
0
0.17708
0
0.1044
0
0
0
0.28491
0.31131
0.04419
0.0432
0
0
0.13289
0
0.03764
0
0.11289
0
0
0.0397
0.10677
0
0.42755
0
0
0.44063
0
0.04033
0.2264
0.11002
0.24747
0
0.22433
0
0.1872
0.41807
0
0.06039
0.10639
0
0.11844
0
0
0
0.01903
0
0.01442
0
0
0
0
0
0.37059
0
0.05794
0.14739
0.21041
0
0.43836
0.9179
0
0
0.26915
0
0.25371
0
0
0.23909
0
0.05395
0
0
0
0
0.17739
0
0
0
0
0.02943
0
0.21596
0.04188
0.28802
0.47025
0.03973
0
0.04
0
0
0
0.05978
0
0.05594
0
0
0
0
0.12019
0.40132
0
0.12103
0.06233
0
0
0.03658
0
0
0.07224
0.53055
0
0
0
0
0.57704
0
0
0
0.15794
0.08559
0
0
0.37225
0
0.2139
0.22639
0
0
0.43103
0
0
0.07221
0.06055
0.19808
0
0
0
0
0
0.22855
0
0
0.45632
0
0.41281
0
0.06405
0
0
0
0
0
0
0
0.32989
0.18106
0
0
0.24951
0.06565
0.05724
0.06002
0
0.04119
0.35461
0.26797
0.04385
0.06543
0
0.09532
0
0.28276
0.1717
0
0
0.11892
0.15469
0.16824
0.05885
0.39424
0.62418
0
0
0
0.28827
0.04195
0
0.22651
0.62519
0
0.04356
0
0.06439
0
0
0.31635
0.17398
0
0.22096
0
0.26942
0
0
0.04557
0
0.03806
0.41273
0.23694
0.15885
