0.25723
0.04309
0.64371
0.16318
0.4371
0.54051
0.74377
0.21325
0.12761
0.58378
0.11574
0.69957
0.52544
0.37201
0.48353
0.55204
0.13877
0.19502
0.71714
0.3119
0.55198
0.06532
0.14772
0.36903
0.13598
0.46008
0.39944
0.51163
0.0647
0.52745
0.30378
0.47182
0.55216
0.69529
0.48306
0.35532
0.22982
0.5523
0.53601
0.50711
0.52131
0.64185
0.06948
0.3292
0.36602
0.32127
0.43402
0.3103
0.08623
0.24259
0.54687
0.62321
0.67562
0.36264
0.06342
0.39139
0.40094
0.31125
0.41462
0.40128
0.06985
0.26705
0.77853
0.39448
0.82482
0.20025
0.21414
0.45462
0.40084
0.06972
0.50548
0.5527
0.3768
0.24198
0.50752
0.32173
0.35709
0.25253
0.25714
0.18282
0.41569
0.30191
0.23005
0.68243
0.43904
0
0.07093
0.39615
0.32247
0.41411
0.67742
0.69151
0.39962
0.34283
0.38075
0.51135
0.2145
0.64204
0.50429
0.27744
0.25506
0.75961
0.67063
0.3014
0.74436
0.32052
0.3133
0.55283
0.58564
0.70489
0.45679
0.57172
0.44124
0.29194
0.37416
0.8248
0.69665
0.19943
0.51924
0.40059
0.32956
0.43365
0
0.64657
0.48236
0.44842
0.26925
0.7389
0.40085
0.81872
0.59911
0.5229
0.33314
0
0.54099
0.7206
0.32443
0.15049
0.60382
0.28768
0.24492
0.26445
0.21789
0.50557
0.36311
0.70026
0.25697
0.73851
0.07025
0.50599
0.40112
0.39962
0.20062
0.66181
0.19996
0.11953
0.32762
0.79902
0.33738
0.56421
0.25169
0.02206
0.71757
0.32703
0.3071
0.32126
0.06519
0.21211
0
0
0.3479
0.40097
0.56817
0.34277
0.32177
0.47886
0.64066
0.60401
0.22398
0.06388
0.43131
0.55461
0.20075
0.71306
0.2003
0.37643
0.33261
0.61483
0.29654
0.36228
0.7198
0.23848
0.40079
0.32603
0.50166
0.41438
0.32131
0.49006
0.4001
0.38157
0.36431
0.60601
0.61104
0.30961
0.33759
0.32054
0.5532
0.65192
0.43567
0.76866
0.32022
0.39513
0.48295
0.30668
0.53138
0
0.3255
0.35393
0.35463
0.32116
0.32162
0.45236
0.33361
0.46093
0.62376
0.22254
0.74561
0.06538
0.65299
0.49024
0.32855
0.2597
0
0.31929
0.32448
0.59442
0.65305
0.35176
0.52754
0.1922
0.60943
0.64509
0.46254
0.65227
0.65146
0.312
0.71504
0.3284
0.26114
0.46664
0.32195
0.17953
0.50493
0.1137
0.46344
0.42531
0.67216
0.60185
0.46181
0.44426
0.32708
0
0.60261
0.28568
0.34684
0.06515
0.19432
0.29454
0.64524
0.62768
0.42207
0.66338
0.47211
0.76398
0.73627
0.65488
0.60868
0.74234
0.74645
0.2715
0.14919
0.35351
0.57761
0.37644
0.12959
0.49493
0.58398
0.56976
0.75543
0.67639
0.22926
0.3247
0
0.32169
0.48507
0.33134
0.39216
0.6029
0.85013
0.698
0.57963
0.69694
0.61679
0.44531
0.4009
0.5845
0.54494
0
0.74522
0.58306
0.52371
0.7959
0.40443
0.69899
0.39972
0.72771
0.43129
0.69303
0.77945
0.6387
0.04656
0
0.68809
0.376
0
0.49559
0.04337
0.34607
0.50461
0.33288
0
0
0.31284
0
0.62933
0.04651
0.37543
0.19538
0.19642
0
0
0.43728
0.39955
0
0
0.0464
0
0.38086
0.19556
0.32091
0.69841
0.62776
0
0.30095
0
0.36488
0.31711
0.59999
0
0.60036
0
0
0
0.11608
0
0
0
0
0.33302
0
0
0
0.53146
0.07008
0
0.17171
0
0
0
0
0
0.02195
0.05805
0.63645
0
0.55509
0.72544
0.67519
0.29612
0.53357
0.39611
0
0
0
0
0.06478
0
0.28932
0.26747
0.46297
0
0
0
0.04609
0
0.36866
0.42607
0
0.05788
0
0.37331
0.06974
0.3902
0.39836
0
0.38125
0
0
0.06594
0.33066
0
0.18583
0
0.43269
0.54977
0
0
0
0
0.5451
0
0
0
0.49189
0.60672
0
0
0.12742
0
0
0
0
0
0
0
0
0
0
0.60583
0
0
0.5763
0
0.11509
0
0.0669
0
0.32452
0
0
0.47721
0.39998
0
0.04725
0.20316
0
0.35357
0
0
0
0.1175
0.18867
0
0
0.02175
0.76419
0
0
0
0
0.0853
0.40632
0.43685
0
0.15465
0
0.36194
0.4249
0
0
0
0
0
0.46
0
0
0.70433
0
0.32958
0.54551
0.31579
0.20081
0.05738
0
0
0
0.71515
0
0.19915
0
0
0.46101
0
0
0
0.05758
0.32656
0.0578
0
0
0.07049
0.45539
0.26538
0.04358
0
0
0
0.18562
0
0.11701
0
0
0.04639
0
0
0
0.27055
0.26297
0
0
0
0
0.45649
0.40049
0
0.27068
0.12901
0.57089
0
0
0
0
0
0
0
0
0
0
0.26959
0.0168
0.058
0
0
0
0
0.17994
0
0.55021
0
0.15302
0
0
0
0
0
0.05818
0.66116
0
0
0.12786
0
0.20103
0
0.25517
0.20025
0.1982
0
0.11487
0
0.74272
0.42972
0
0.21509
0.48652
0
0.10548
0
0
0.18584
0.0581
0
0
0
0
0.37299
0.40112
0.41575
0.38053
0.0578
0.20943
0.4164
0.01523
0
0.05708
0.05725
0
0.65177
0.06395
0.3289
0.04595
0
0
0
0
0
0
0
0.50311
0.23425
0.18778
0
0.03859
0
0
0
0
0
0.66303
0.68933
0
0
0.38915
0.41009
0
0
0
0
0
0
0
0.42795
0
0
0.13893
0.28831
0
0.19543
0
0
0
0.40949
0
0
0.34816
0.22288
0
0.18691
0.01939
0.4444
0
0.10498
0.20729
0.05774
0
0
0
0
0
0
0.02123
0.40588
0.13758
0.0194
0.11299
0.44925
0.05824
0.04584
0
0
0
0
0
0.51903
0.54708
0.54409
0.2663
0.14349
0
0.0462
0.1169
0.26836
0
0.11308
0
0
0.55132
0.09064
0
0.11445
0.11623
0.33409
0.11518
0
0
0
0
0
0.29675
0
0.05727
0
0
0.06627
0
0
0
0
0.1488
0.04194
0
0
0.25901
0
0
0.18478
0
0
0
0.16985
0.11528
0
0
0
0
0
0.68691
0.13976
0.53966
0
0
0.11629
0
0.06411
0
0.04663
0
0.16503
0
0.18745
0.26106
0.54617
0.27148
0.01935
0
0
0
0
0
0
0.05799
0
0.74329
0.3345
0.43375
0.0769
0
0.26665
0.03945
0.06625
0
0.05829
0.26805
0
0.11606
0
0.57723
0.48122
0.46149
0.05746
0
0.06471
0
0.06261
0
0
0
0.1168
0
0.50103
0.07027
0
0.46438
0.3515
0.19631
0
0.52846
0.11632
0
0.22253
0
0.30868
0
0
0
0
0
0
0.02137
0.0574
0
0.26838
0
0
0.62384
0
0
0.05765
0
0.59965
0
0
0
0
0.05745
0.06397
0.54842
0
0
0.11589
0
0
0
0
0.15696
0
0.11643
0
0.06479
0.34849
0.4631
0
0
0.11594
0
0
0
0
0
0.11485
0
0
0
0
0
0
0
0.46146
0
0
0
0.06129
0.23825
0.20233
0
0
0
0
0
0.1747
0.25623
0.25454
0.06691
0.16338
0
0
0.11614
0
0.13397
0
0
0
0
0.35381
0.41403
0
0
0.32975
0.52359
0
0.27112
0.40073
0
0.06458
0.15635
0.06404
0.40055
0
0
0.07005
0.47904
0
0
0
0.11664
0
0
0.05766
0
0
0
0
0
0
0
0.39543
0.34277
0
0.12117
0
0.15752
0
0.04591
0
0
0.39016
0.11589
0
0.32146
0
0.14441
0.07015
0
0
0.05767
0
0.05453
0
0
0.10369
0
0.11678
0
0
0
0.05788
0.54191
0.38689
0
0.118
0
0.39399
0.06395
0
0
0.4603
0.05719
0.05797
0.41316
0
0.13904
0
0.30235
0.47338
0.27212
0.2648
0
0.06675
0
0
0.11875
0
0.09741
0.11492
0
0.12021
0
0.3141
0
0.37352
0
0
0
0
0.40064
0.05781
0
0
0
0
0
0
0
0
0.0672
0
0
0.11395
0
0
0.16575
0
0
0.20805
0
0
0.05746
0
0
0
0.32165
0.12625
0
0.20445
0
0.32173
0.12391
0
0.22005
0
0
0.05817
0
0
0
0.19607
0
0
0
0.05863
0
0
0.06377
0
0.4784
0
0.18816
0.20966
0.28922
0.43709
0.0441
0
0.10528
0
0.0775
0.05779
0
0.45351
0.07359
0.0657
0
0
0.05764
0
0.05772
0
0.3827
0.50349
0
0.33082
0
0
0.05742
0
0.05824
0
0
0
0
0
0
0.05857
0
0.06993
0
0
0.40918
0.1961
0.30069
0
0.25537
0
0.05847
0
0.02291
0
0.15217
0.01948
0.12851
0
0
0.06283
0.01938
0.32199
0.29461
0.26301
0.11086
0.10383
0
0
0
0
0
0.08107
0
0.12016
0.06732
0
0
0.06109
0
0
0.08402
0.06449
0
0.06433
0
0
0
0
0
0
0
0
0.11528
0.50093
0.11971
0.11543
0.06457
0
0
0
0
0
0
0.01928
0.11632
0.11703
0
0.32867
0.2987
0.05714
0
0
0.11989
0
0
0.19979
0.42613
0
0
0.06452
0
0
0
0.39038
0.13951
0
0
0
0
0
0
0
0
0
0.41858
0
0
0
0.11315
0.31469
0
0
0
0
0.0646
0.59455
0
0.45345
0.33441
0.14701
0.12083
0.30434
0
0.11554
0.0642
0
0.05673
0.11626
0.10474
0.05711
0
0
0
0.03844
0
0.11602
0
0
0
0
0
0.14305
0.04358
0.06395
0.46327
0
0.46394
0.09736
0
0.56776
0.11527
0
0
0.39706
0
0.06591
0
0
0
0
0
0
0
0.13327
0.36991
0
0
0
0.64033
0
0.32317
0
0.08725
0.1113
0
0
0
0
0.1009
0.06436
0
0
0
0.02372
0
0.11303
0
0.04766
0.06481
0
0.46388
0
0.11963
0.07123
0.06425
0
0
0.06068
0.05815
0
0
0.06424
0
0.11494
0
0
0.11575
0.06489
0
0.23221
0.06994
0.32463
0.32428
0
0
0
0
0
0.14675
0.31813
0
0
0
0.03822
0.73872
0
0
0
0
0
0.25609
0.13677
0.28623
0.07089
0
0
0
0
0
0.11447
0.11469
0.06438
0
0
0.06628
0.04932
0.61713
0.39867
0
0
0
0
0
0
0.02349
0.46341
0.27609
0.77848
0.36673
0
0
0
0.07293
0
0
0.27797
0.12754
0.06544
0
0.06442
0.07012
0
0
0.10571
0
0
0
0.06655
0.06541
0.39066
0.67257
0
0.09987
0
0.05506
0.10402
0.2783
0
0.36582
0
0
0
0
0.13783
0.25008
0.11543
0.03915
0.11029
0.04997
0
0.0445
0
0
0.11651
0
0
0.136
0
0.39368
0
0
0
0.38064
0.40837
0
0
0.32182
0.15754
0
0
0
0
0.16602
0.167
0.0392
0.11625
0.05327
0.08974
0.12073
0
0.0498
0
0.18743
0
0
0.11431
0
0.06585
0.11956
0
0
0.06269
0.11831
0
0.11548
0.11822
0.09214
0.73972
0
0.18814
0
0
0.06615
0.40575
0.27928
0
0
0.2327
0.18759
0.59712
0
0.4357
0
0
0.14733
0
0
0
0.13724
0
0.04986
0.28064
0.09758
0.06422
0.10378
0
0
0
0
0
0
0
0
0.14362
0.13546
0.11893
0
0.09764
0
0
0
0
0
0.20983
0.13845
0.05765
0.06642
0
0
0.19977
0
0.06556
0.13876
0
0.55589
0
0
0.17656
0.11684
0
0
0
0.09745
0.13875
0.56481
0.45387
0
0.31125
0
0
0
0
0
0.1187
0
0
0
0
0
0.06989
0.54867
0
0.0949
0
0
0.07739
0
0
0
0
0
0.46291
0
0
0.14622
0
0
0.40438
0.60568
0.07008
0
0
0
0.61947
0.46746
0
0.16327
0
0
0
0
0.06557
0
0
0.12584
0
0.11499
0
0
0
0.06527
0
0
0
0
0
0
0
0
0.06994
0.1884
0.06983
0
0
0
0.06421
0
0.09476
0
0.06417
0.13835
0.2097
0
0
0.20062
0.31225
0.02287
0.43731
0
0
0.06473
0
0.06496
0
0
0
0.43309
0
0
0
0
0
0.08671
0.09626
0
0.10562
0
0.05275
0.11434
0
0
0.33699
0
0
0
0.72501
0.16127
0
0
0
0
0.05014
0.31008
0
0.14641
0
0
0
0
0
0
0.45386
0.11314
0
0
0
0.27733
0.33894
0
0.15572
0
0
0
0
0
0.0965
0.0524
0.20009
0.05754
0
0.10451
0
0
0
0
0.13187
0.04183
0.3985
0.20005
0
0
0
0.16542
0
0
0
0
0
0
0
0
0
0.08179
0
0.48192
0
0.33414
0.05725
0
0.13153
0
0.09713
0.28199
0.13845
0
0
0
0.20145
0.09644
0
0
0
0
0
0.065
0.31781
0.33541
0
0
0.16027
0
0
0
0
0
0
0
0
0
0
0
0
0
0
0.06846
0
0.39153
0
0
0
0
0
0
0
0
0
0
0
0
0
0.06594
0
0
0
0.35313
0.08841
0
0.10552
0.0464
0.14712
0
0
0.46327
0.82402
0
0
0.08244
0
0
0.14815
0
0.57417
0
0.21146
0
0
0
0
0.06477
0
0
0
0
0
0
0.04181
0
0.16522
0
0
0.10465
0
0
0
0.1191
0.13221
0
0.42171
0.52693
0
0
0
0
0
0.04391
0
0
0
0.60694
0
0
0
0
0.12752
0
0
0.27119
0.20158
0
0.374
0
0
0.34994
0
0.06325
0
0.06457
0
0
0.13343
0.39507
0
0
0.13141
0
0
0.13618
0
0
0
0.11535
0
0.15922
0
0
0
0
0
0
0
0.26577
0
0
0
0.14774
0
0.11213
0
0
0
0
0.04914
0
0
0
0.32654
0.02145
0
0.39241
0
0.39053
0.28562
0.25646
0.03086
0.02149
0.10584
0
0
0.16486
0
0.46167
0
0.09371
0
0
0
0
0
0
0.20094
0
0.10617
0
0
0
0
0
0.06359
0
0
0
0
0.41906
0.13592
0
0
0
0
0.46669
0
0
0.13603
0
0.19164
0
0.46245
0.1386
0.43613
0.04468
0
0.31731
0.04739
0
0
0.10552
0
0.30894
0.30659
0
0
0.10428
0.11591
0.1399
0
0
0.06053
0
0
0
0
0
0
0
0
0
0
0.05733
0
0.13655
0
0
0
0
0
0
0.14673
0
0
0.06548
0.36811
0.24282
0
0
0.27761
0
0.06968
0.26069
0
0.11528
0
0
0
0.52654
0.29278
0.31623
0.20139
0
0.06528
0
0
0.01661
0.05496
0.09747
0.067
0.10501
0
0.14751
0
0.12142
0
0
0
0
0.20007
0
0
0
0
0
0
0
0.16478
0
0
0
0.02092
0
0.11843
0.3152
0
0.04495
0.04573
0
0
0
0
0.06065
0
0.11571
0
0
0
0
0
0.32368
0.48418
0.26508
0.19061
0
0
0.07807
0
0
0.0493
0
0
0
0
0.12803
0
0.347
0.43475
0.20108
0
0.07136
0
0
0
0.43262
0
0
0
0
0.04932
0
0.06426
0.04651
0
0
0
0
0
0
0.10544
0
0
0.09479
0
0.04974
0
0
0.87051
0
0
0
0
0.25165
0
0
0
0.13829
0.11028
0
0
0
0
0.0922
0
0
0.06377
0
0.46385
0.20929
0
0
0
0
0
0
0
0
0
0
0
0
0.06433
0
0
0
0
0
0
0.11997
0.11136
0
0
0.0877
0
0
0
0.11124
0
0.06402
0
0
0
0
0.41026
0.1359
0.29166
0.08509
0.26447
0
0
0
0
0
0
0
0
0
0.04168
0.04169
0.06541
0.20036
0
0.06371
0.10829
0
0
0
0
0
0.11679
0.05479
0
0.05018
0.05431
0
0
0
0.04942
0
0
0.06892
0
0
0
0
0
0.07132
0.04663
0.05005
0
0.04176
0
0.10576
0.08152
0
0.16353
0
0.20863
0.28492
0.07095
0
0.11945
0
0.08932
0
0.25182
0
0.07053
0.19702
0
0.59108
0
0
0
0
0
0
0
0
0
0.04998
0
0
0
0
0
0
0.12995
0.05467
0.04309
0.06458
0
0
0
0
0.27203
0
0.81346
0.14264
0.02217
0
0.19719
0.14575
0.0464
0.0496
0
0.42354
0
0.14847
0
0
0
0
0.31798
0
0.26555
0
0
0
0
0.06501
0
0.54466
0.25249
0.27354
0.05071
0
0
0
0
0
0
0
0
0
0
0
0.04356
0.06472
0
0
0
0
0
0
0.12017
0.0627
0
0
0
0
0
0.05873
0.33229
0.06405
0
0.11645
0
0
0
0
0.06893
0
0
0
0.04217
0
0
0.19648
0.21049
0.30905
0.067
0.12924
0
0
0
0.01788
0
0
0.04975
0.06296
0.4321
0.14193
0
0.04982
0
0
0
0
0.04977
0
0
0
0
0
0
0.2799
0.10705
0
0
0.35916
0
0
0
0
0
0.07319
0
0
0.04272
0
0
0.11063
0.18606
0.15516
0
0.07078
0.37648
0.06495
0.19583
0
0.05468
0.09762
0
0
0
0
0.08494
0
0
0.11215
0
0.1671
0
0.08763
0
0.06889
0
0.36869
0.19003
0
0.26142
0.14503
0
0
0.21808
0
0
0
0
0
0
0.10019
0
0
0
0
0
0.11131
0
0
0
0
0
0.13102
0
0
0.02093
0
0.04202
0
0
0.06482
0
0
0
0
0
0
0
0
0
0
0
0
0
0
0
0.136
0
0
0.1488
0.11098
0.17752
0.12693
0.04161
0
0.04191
0.05526
0
0
0
0
0
0.30949
0
0
0
0.32454
0
0.06743
0.0659
0.15606
0
0
0
0
0
0
0.05473
0.04213
0
0
0
0
0
0.05056
0
0
0.02223
0
0
0.04202
0.09761
0
0.06557
0.06831
0
0
0
0.04301
0.02207
0.25659
0
0
0
0
0.17266
0
0.024
0
0.09156
0.02323
0.08484
0.09355
0
0
0.20811
0
0
0.11176
0.06651
0
0
0
0.10655
0.0169
0.06491
0
0
0
0.11956
0
0.11872
0
0
0
0
0.07143
0.04721
0
0.05557
0
0
0.1898
0
0.04207
0.09739
0.09717
0
0.04673
0.05433
0
0
0
0
0.01761
0
0.07034
0.31184
0
0.09094
0.03708
0.41596
0
0
0
0.11204
0
0
0.05346
0.22124
0
0.35307
0
0
0
0
0.10461
0
0.09778
0.04251
0
0
0
0
0.10609
0
0
0
0
0.0537
0
0
0
0.21162
0
0.02239
0.06815
0.0498
0.16278
0
0
0
0
0
0
0
0.04407
0
0
0.19594
0.48145
0
0
0.46346
0
0.0425
0
0.13875
0
0.09163
0
0
0
0
0
0
0
0
0
0
0
0
0.01827
0.0506
0
0
0.097
0
0
0
0
0.22276
0.07013
0.13325
0
0.17404
0
0
0
0
0
0.05413
0
0
0
0
0.46412
0.04839
0.3327
0
0.07065
0.7038
0.19057
0.35201
0.07524
0.11453
0
0.14733
0
0
0.06689
0
0.39632
0
0
0.19575
0.12877
0.06562
0
0
0
0
0.07144
0
0
0
0
0
0
0.06362
0.14819
0.41749
0
0.07014
0.06725
0.05029
0.0503
0
0
0
0.05057
0.04264
0
0
0.09361
0
0
0
0
0
0.05367
0
0
0
0.11863
0
0
0.04173
0
0.04242
0.07057
0
0.04233
0
0
0
0.04245
0
0
0.0534
0
0
0
0
0
0
0
0
0.06513
0.04997
0
0.16769
0
0
0
0
0
0.13305
0
0
0.14677
0
0
0
0
0.08804
0
0
0
0.01773
0
0
0.38162
0
0.42138
0
0
0
0
0
0
0.16737
0.41846
0
0
0
0.06493
0.05008
0
0
0
0
0
0
0.0533
0
0.08869
0
0.09777
0.26948
0.05492
0
0
0
0
0.04223
0
0
0
0
0
0.1882
0
0
0
0.06994
0
0
0
0
0
0
0
0
0
0.04219
0
0.18488
0.19897
0
0
0.05447
0.10707
0.05288
0
0
0.24075
0
0
0
0.04206
0
0.05528
0
0.12918
0.07041
0
0.35229
0.60203
0
0
0
0.65245
0.14176
0
0.37423
0
0
0
0
0
0
0
0
0.37467
0
0
0.1117
0.06567
0.05054
0.13299
0
0
0
0.11226
0
0
0.05311
0.40014
0
0
0
0.12043
0.33282
0.26526
0
0
0
0
0.04274
0
0.09497
0
0
0
0.06476
0.20195
0
0
0
0.35139
0.07083
0
0
0.36845
0
0
0.04271
0
0.03523
0
0
0
0
0
0
0.196
0
0
0
0
0
0.16602
0
0
0
0
0.03383
0
0
0
0
0
0
0
0.11133
0
0.05357
0
0
0
0
0
0.31672
0.04943
0.05312
0
0.06557
0.04245
0
0
0.04268
0
0
0.02183
0.05265
0
0
0.04665
0
0.22047
0.27955
0
0
0
0
0
0
0
0
0.0702
0.04258
0
0
0.04231
0
0
0
0
0
0
0
0
0.04263
0
0
0.05228
0.05455
0
0
0.16033
0.41986
0
0.41495
0
0.40934
0.06126
0.0731
0
0.19933
0.23443
0.3015
0
0
0
0
0
0.25834
0.09298
0.43738
0.21224
0
0
0
0.378
0.40252
0
0
0
0
0
0.54794
0.01393
0
0
0
0
0
0
0
0
0
0.05051
0
0
0
0.04455
0
0.4524
0.07322
0
0.20889
0.06267
0.02383
0.07137
0.0554
0.14683
0.05261
0.04943
0
0
0
0
0
0
0
0
0
0.02065
0.24007
0.12908
0
0.05318
0
0
0
0
0
0
0.14698
0
0.16523
0
0
0
0
0.05441
0
0.05297
0
0
0
0
0
0
0
0
0
0.36471
0.55494
0.5339
0
0
0
0
0.30337
0.18904
0.04202
0
0.17692
0
0
0.02384
0.09738
0.10588
0
0.10623
0
0
0
0
0.19633
0
0
0
0
0.11447
0
0.0529
0.14771
0
0.13651
0.04313
0
0
0
0
0
0
0
0
0.0551
0.08752
0
0.01842
0
0.07005
0
0
0.05487
0
0
0
0.10685
0
0.04568
0.29204
0.04228
0
0.04287
0
0
0
0.66069
0
0.3625
0.14558
0.05404
0.20112
0
0
0
0.37369
0
0.07035
0
0
0.05481
0
0
0
0.10638
0
0
0.09688
0.06404
0
0.06541
0.05304
0.05045
0
0.05445
0
0
0
0
0
0
0.09027
0
0.34424
0.14869
0
0.25473
0
0
0
0.42677
0
0
0.01794
0.0498
0
0
0.44262
0.05498
0
0
0
0
0.23
0.06545
0
0.07038
0.06515
0.44125
0.12632
0
0.07007
0
0
0
0.20806
0.01665
0.05048
0.0417
0
0.04175
0.05448
0.04184
0
0
0
0.04214
0
0
0
0
0.05336
0.22588
0.20269
0
0
0.52672
0.05411
0.23209
0.11268
0.04706
0
0.04783
0.04188
0
0
0.06881
0
0
0
0.02874
0
0
0.05409
0.41487
0.27047
0.11679
0.07131
0.37037
0
0.12618
0.31888
0
0
0.05394
0
0
0.09625
0
0
0.32006
0
0
0.11058
0.31893
0
0
0
0.41952
0
0
0.02208
0.05374
0
0
0
0.05045
0.03659
0
0
0.04678
0
0.08921
0.27448
0
0
0.06991
0
0
0.08482
0
0.06378
0
0.13436
0.04166
0
0
0.05402
0
0
0
0
0
0
0
0.2665
0.06184
0
0
0
0
0
0
0
0
0
0
0.06262
0.09836
0
0
0
0
0
0.05482
0
0.05344
0
0
0
0
0.27572
0
0
0
0.28898
0
0.06937
0
0.06312
0.2198
0
0
0
0
0
0.35289
0.14886
0.05285
0
0
0
0.04478
0.0638
0.20573
0.2058
0.06513
0
0
0
0
0.04426
0
0.04374
0
0
0
0
0.23576
0
0
0
0.04182
0
0
0
0
0
0.05425
0
0
0
0.04195
0.05466
0.05532
0
0.32386
0.0553
0.01597
0
0.09979
0.21737
0.33885
0
0.04284
0
0
0.0314
0
0.04798
0.07078
0
0
0.54614
0
0
0
0
0.05276
0
0
0
0.03045
0
0.13864
0
0.06379
0
0
0
0
0.04959
0
0
0
0.07476
0
0
0.09225
0
0
0
0
0.0711
0
0.26776
0.29148
0
0
0.14784
0.06875
0
0.04256
0.14904
0
0
0
0.05306
0
0
0
0.05394
0.11195
0
0
0.27896
0
0
0
0
0.21392
0
0
0
0
0
0
0.34704
0
0.16578
0.05392
0
0
0
0
0
0
0
0
0
0
0
0.06375
0.33205
0.07287
0.15565
0.26301
0
0
0.04278
0
0
0
0
0
0.01389
0
0.05263
0
0.18796
0
0
0.27896
0
0
0.06349
0
0.02872
0.07916
0
0.06071
0
0.16553
0
0
0
0
0
0
0.05475
0
0
0.0546
0
0.39833
0
0
0
0
0
0.0425
0
0.13232
0.08455
0.11674
0
0
0.20767
0
0
0
0.02766
0
0.28174
0
0
0
0.07058
0.1703
0.06479
0.0419
0
0.33161
0
0
0
0.06306
0.31538
0.0169
0
0
0.05454
0
0
0.18856
0.06874
0
0
0
0
0
0.07961
0
0
0.0453
0.09406
0
0
0
0
0.05414
0
0
0
0.05285
0
0.03597
0.05395
0
0.24619
0
0.04689
0
0.14774
0.13666
0
0
0.17545
0.32018
0
0
0
0
0.04196
0
0
0
0
0
0.28377
0.1065
0
0
0
0.27799
0.13563
0.19608
0.50934
0
0.06384
0.04125
0.20299
0
0.05486
0
0
0
0.04187
0.04279
0
0
0
0
0
0.28305
0
0
0.03629
0
0
0
0.80833
0
0.34891
0.32475
0
0
0
0.09006
0.06513
0
0
0
0.30081
0.03553
0.18798
0
0.02061
0
0.07838
0.31721
0.34483
0
0.04713
0.05302
0
0
0
0
0.1319
0
0
0
0.04177
0
0
0
0
0
0.04598
0
0
0.06391
0
0
0
0
0.68158
0
0.20107
0
0.24969
0
0.73541
0.05374
0.35459
0
0
0.11283
0.44233
0.23198
0
0.14716
0
0.09243
0
0.1075
0
0
0
0.06873
0.38034
0.04771
0.04987
0
0
0
0
0
0
0.0282
0
0
0.04673
0
0
0.06998
0
0
0.04769
0
0
0.0427
0
0.0549
0.10531
0.10516
0
0
0
0.29864
0.3945
0.03145
0.06372
0
0.11856
0
0
0
0.05379
0
0.2349
0.04993
0
0
0
0
0
0
0.052
0
0
0.04714
0
0
0.01442
0.0972
0
0.38168
0
0.06352
0.09755
0
0
0
0
0
0
0.12004
0.09225
0
0
0
0
0.50642
0.30113
0.17099
0.13814
0
0.32384
0.02127
0.30136
0.07137
0
0
0
0.05418
0.05455
0
0.04629
0.04956
0.02131
0
0
0.07051
0
0.36191
0
0
0
0
0
0
0
0
0
0.04274
0
0
0
0.04951
0
0
0
0
0
0.05373
0.01851
0
0.03563
0
0
0.19796
0
0.36223
0.2771
0.12793
0
0.09954
0.31561
0
0.04223
0
0.36787
0
0.05278
0.01848
0
0
0
0
0
0.05459
0.05293
0
0
0.06625
0
0
0.24975
0.05543
0
0.36366
0
0
0
0
0.0829
0.05506
0
0
0
0
0
0.05565
0
0.04239
0
0
0
0
0
0.22741
0.34949
0
0
0
0
0
0
0
0
0.05397
0.06978
0
0.28433
0
0.24486
0
0
0
0
0.01853
0
0
0.07111
0
0.1265
0.0555
0.26549
0.06041
0.02797
0.18841
0.02859
0
0
0.04962
0
0
0
0
0
0
0
0
0.17048
0.06897
0.19109
0
0
0.06524
0.26803
0
0
0
0
0
0
0.05381
0.16156
0.10115
0
0
0.3839
0.05503
0.04722
0
0
0.12726
0
0
0.04673
0.05288
0
0
0
0
0
0.12607
0
0.12674
0.06368
0
0.06869
0
0.04615
0
0.05292
0.03619
0
0.08464
0.04242
0
0
0
0
0.14924
0.0685
0
0.21195
0
0.12065
0
0.11002
0
0.0641
0
0.04169
0.04213
0
0
0
0.05428
0.06374
0.05517
0
0.05013
0.14287
0
0
0.08882
0.10624
0.06547
0
0
0
0.06361
0.35303
0.06367
0.11644
0
0
0
0
0.04183
0.06388
0
0
0.05412
0.01861
0
0.05352
0
0
0
0
0
0
0.01822
0
0.06347
0
0
0
0
0.05319
0
0.05211
0
0
0.3279
0
0.05293
0
0
0
0.0547
0
0
0.31973
0.13697
0
0
0
0.04207
0
0
0.01811
0
0.06986
0
0
0
0
0
0
0
0
0
0
0
0
0
0
0
0.07077
0.01585
0.25969
0.04627
0.07
0.06332
0.04196
0
0.04214
0
0
0
0
0
0
0
0
0
0
0
0
0
0.06416
0
0
0.0967
0
0
0
0
0
0
0.13578
0
0.02339
0.05223
0
0
0
0
0.16149
0
0.06381
0.30976
0.06705
0.04214
0.05507
0
0.34379
0
0
0
0
0
0
0
0.25829
0.12651
0.05177
0
0.35579
0
0.05257
0
0
0
0.05219
0
0
0
0
0
0.06383
0.13056
0
0
0
0.1441
0
0
0
0.04203
0.05188
0
0
0.05435
0
0
0
0
0
0
0.14208
0
0.43721
0.12087
0.11898
0
0
0
0
0.06281
0.04619
0.15971
0
0
0.05255
0
0
0
0
0.04993
0
0
0.05422
0
0
0.05223
0
0.0153
0
0
0.01532
0
0.04231
0
0.30606
0.35334
0
0
0
0
0
0
0
0
0.01811
0
0.05209
0
0
0
0.27008
0
0
0.05345
0.0707
0
0.306
0
0
0
0.04172
0.13701
0
0.05277
0.07003
0
0
0
0
0
0.03565
0
0
0.10206
0
0.25742
0.20211
0.12081
0
0.14254
0
0
0
0
0
0.01838
0.04246
0
0
0
0.06315
0.36901
0
0
0
0
0
0.04186
0
0.05488
0.01765
0
0.09755
0
0.05247
0.05544
0.41991
0
0
0.31618
0.04271
0
0.35215
0
0
0.06219
0
0.04925
0.03129
0
0
0.03504
0.20892
0.05258
0.36124
0.05436
0.14629
0.19343
0
0.07082
0
0
0
0
0
0
0.04605
0
0
0.05187
0
0.05416
0.04662
0.07367
0.06464
0.04645
0.06274
0.0492
0
0
0.06877
0.03484
0
0
0
0.05386
0.01848
0
0.14319
0
0.14512
0.49718
0.0594
0
0
0
0
0
0.22643
0
0.22654
0.06811
0
0.06383
0
0
0.06576
0
0
0.07082
0
0.20177
0
0.05327
0
0
0
0
0
0
0
0.39455
0
0.13889
0
0
0
0
0
0
0
0
0
0
0.14218
0
0
0
0
0.02249
0
0
0.01851
0
0
0.14337
0.20904
0.05411
0
0
0
0.04974
0
0
0
0
0.17437
0.13498
0.18823
0
0
0
0
0
0
0
0.09269
0
0
0.06927
0
0
0.18602
0
0
0
0.04438
0
0
0
0.06231
0
0
0
0
0
0.05374
0.01784
0
0
0
0
0
0
0
0.06263
0.27046
0.07384
0.07479
0
0
0
0.04637
0
0
0.24099
0.22627
0
0
0
0
0
0
0
0.11763
0
0
0
0
0
0
0
0.05426
0
0.19852
0.37393
0
0
0
0
0
0.13841
0.01858
0
0
0
0
0.05407
0
0
0.05181
0
0.10775
0.05489
0
0
0
0.053
0
0.30834
0.04637
0
0
0
0
0.04242
0
0
0
0
0
0
0
0
0
0.05447
0
0.01744
0
0
0
0
0
0
0
0
0
0
0
0.06023
0
0.04205
0
0.26796
0
0.05256
0
0
0
0.04926
0.05386
0
0
0.06363
0
0.03496
0.26993
0.03503
0.09436
0
0.071
0.03058
0.14366
0
0.04607
0.04617
0
0
0
0.16618
0
0.06213
0
0
0.08795
0
0
0
0.0237
0
0.05217
0
0
0.05437
0
0
0
0.02043
0.0517
0
0.12997
0
0
0
0
0.04745
0.13811
0
0
0
0.06555
0.052
0
0
0
0.02072
0
0
0
0
0
0
0
0
0.05415
0
0
0.05451
0.06929
0.0457
0.05296
0
0
0.14359
0
0
0
0
0
0
0
0
0.01751
0
0
0
0
0
0.42075
0.05439
0
0
0
0.24432
0.05241
0
0.01546
0.09955
0.06188
0.40559
0
0
0
0.06977
0
0
0
0.09254
0
0.05229
0
0
0
0
0
0
0
0
0.05471
0.05206
0
0
0.05355
0.05548
0
0.05363
0.02106
0.05257
0.13548
0
0
0
0.04651
0.42154
0.04285
0
0
0.39513
0
0.18913
0.05365
0.23732
0.05288
0
0.04644
0.05438
0
0
0
0.0546
0.05229
0.05227
0.04667
0
0.05507
0.06258
0.06105
0.05393
0.05158
0
0.06582
0
0
0
0
0
0.04638
0
0.01773
0
0
0
0
0.02125
0
0
0.07052
0
0
0
0.05469
0
0.06197
0
0.12694
0
0.04977
0
0.0691
0
0
0
0
0.05331
0
0
0.05222
0
0
0
0
0.04671
0.10721
0
0
0.05414
0
0.04183
0.05316
0
0.14337
0.12682
0
0
0
0
0.06695
0
0
0.05385
0
0
0.0557
0.05502
0
0.0473
0
0
0
0
0.06964
0.05171
0.04674
0.25838
0
0
0.05329
0.21149
0
0.43348
0
0
0.04699
0.0547
0.15435
0.18614
0.10726
0.03694
0
0.03499
0
0.04158
0
0
0.09067
0
0.0871
0
0.03687
0
0
0
0
0.05317
0.27703
0
0
0
0.14077
0.05382
0
0.20794
0.20953
0
0.02207
0.3318
0.29056
0
0
0
0.18561
0
0.06863
0.0542
0.06523
0.25445
0.10627
0
0.05349
0
0
0.07169
0.05167
0.05506
0
0.05381
0
0
0
0
0
0
0.20776
0
0.37418
0
0.30506
0
0
0.06507
0
0
0.06375
0.15113
0
0.05509
0
0
0.05495
0
0
0.05507
0
0
0
0.0528
0.05335
0
0.47261
0
0
0.16149
0.05306
0
0
0.03586
0.25692
0.41267
0
0
0
0
0.05285
0
0
0
0.05335
0
0
0.05216
0
0
0
0.54735
0.07035
0
0
0.04187
0
0
0
0.10772
0
0.01836
0
0
0
0.34455
0
0.06867
0.29447
0.04612
0
0
0
0
0
0
0
0
0
0
0
0
0
0
0
0
0
0.06939
0
0.07155
0
0
0.05428
0
0.04244
0.02128
0.0523
0
0.05221
0
0.10469
0
0.14344
0.06518
0
0
0
0
0.05408
0.05163
0.12023
0
0
0.05513
0
0.05477
0
0.05443
0.05349
0
0.05288
0
0.05271
0
0
0.20079
0
0
0
0.01793
0
0.05192
0
0
0.05151
0.24046
0.2985
0.05199
0.39801
0.39431
0
0.37934
0.06261
0
0.0545
0.08966
0.0546
0.0524
0.08689
0
0
0
0
0
0.05174
0
0
0.06492
0
0
0
0.05355
0
0.08755
0
0
0.05439
0
0
0
0
0.05516
0
0
0
0.04258
0
0
0
0.30893
0
0.07017
0
0.25441
0.05236
0.0703
0
0.05485
0
0
0.05333
0
0.05309
0.0521
0
0
0
0
0
0
0
0.20867
0.2454
0
0.20908
0
0.05528
0
0.05236
0.0542
0
0
0.18501
0.05498
0
0.0462
0.22104
0
0
0
0
0.10357
0.053
0
0.09205
0.06492
0.04689
0.06766
0.05239
0
0.01526
0
0
0.05226
0.03643
0
0
0
0.05459
0
0.20817
0.10633
0.0639
0.06188
0.12679
0.35332
0
0
0
0.07025
0
0.02048
0
0.06408
0
0
0.05309
0
0
0.02281
0
0
0.05355
0.0536
0
0
0
0
0.33372
0.05184
0.18284
0.32459
0
0
0
0.05393
0
0.04104
0
0.0417
0
0.24422
0.0539
0
0
0
0
0.0362
0
0
0
0.06204
0.12413
0.07117
0
0
0.26947
0.39809
0
0.06427
0
0.04748
0
0.06318
0.05328
0
0.05386
0.18421
0
0
0
0
0.12744
0.36083
0.29601
0.14367
0.24573
0.05385
0
0
0.04676
0.06432
0.0566
0
0.14316
0.05229
0.05211
0.0477
0
0
0.05529
0
0
0
0
0
0
0.09014
0.14207
0
0
0.06345
0.06294
0.20528
0.2683
0.1277
0.08497
0
0
0
0
0.04697
0
0
0.06333
0.10691
0.04281
0
0
0.05212
0.10639
0
0.14347
0.05563
0
0
0.05232
0
0.04581
0
0.12417
0.06226
0
0.06765
0
0.05211
0.05221
0
0.10764
0
0.06354
0.06284
0.09485
0.05287
0
0
0.05198
0.04658
0
0.34203
0.05223
0
0
0
0.05495
0
0
0
0
0
0.05168
0.16371
0.39337
0.36239
0
0.2934
0
0
0
0.10642
0
0.04639
0
0
0.06598
0
0.05468
0.08791
0
0
0.10604
0
0.05201
0
0.05159
0.23191
0
0.34537
0
0
0
0.10685
0.21578
0.01776
0.06278
0
0
0
0.04695
0.05297
0.04654
0.08896
0.07088
0
0.04778
0.05204
0.17949
0.05342
0
0
0.05451
0
0
0
0
0.38988
0.05433
0
0.05419
0
0
0.04202
0
0
0
0.25912
0.06261
0.05172
0
0
0
0.20158
0
0.11979
0.07034
0
0
0
0.0369
0
0.06326
0.0884
0.05248
0.06295
0.01529
0
0
0.04664
0
0.06642
0
0.41766
0.1275
0.08311
0.33791
0.04428
0
0.04759
0
0.06357
0
0
0
0
0
0
0.02098
0.0225
0.06264
0
0.01951
0.01818
0
0
0.06296
0.08791
0.05226
0
0.05177
0
0
0.20966
0.0545
0.10687
0.24847
0
0.10591
0
0.06306
0
0
0.06294
0.03064
0.05181
0.06215
0
0.11986
0.05468
0
0.05282
0.05378
0
0.23431
0.1067
0
0
0.06572
0.06309
0
0
0
0
0
0.05589
0
0
0.10595
0
0
0.06322
0
0.10531
0
0
0
0.05343
0
0.20363
0.27451
0
0.23141
0.05412
0.14307
0.18901
0.10624
0
0.05249
0.08314
0
0.05419
0.01786
0.08849
0.05514
0.05356
0.06333
0.05175
0
0.10534
0
0
0
0
0.40208
0.05216
0.18721
0.64834
0.06322
0.42888
0.40038
0.05358
0.06338
0
0
0
0
0.11305
0
0
0
0
0
0.05498
0
0.03721
0.05494
0.24455
0.03514
0
0.0519
0
0.04674
0
0.05221
0.07097
0.05435
0.07338
0
0.07415
0.11458
0.05409
0
0
0.05385
0.06554
0.11979
0
0
0
0.07013
0
0
0
0.05345
0
0
0
0
0
0.15876
0.5467
0.26944
0.27724
0.31336
0
0.05467
0
0
0.05508
0
0.05233
0
0.06271
0
0
0
0.05197
0
0
0.05315
0.05478
0
0
0.15099
0.10252
0
0.05481
0
0.18885
0
0.11981
0
0.07029
0
0
0
0
0
0
0
0
0
0
0.19994
0
0.02262
0.28038
0.37746
0
0
0.0527
0
0.05663
0.05272
0
0.14349
0.11992
0
0
0.03643
0.05475
0
0.01751
0.42965
0.33882
0
0
0.0517
0.05238
0
0.0446
0
0
0
0
0
0.06223
0
0
0
0
0
0.05363
0.05206
0
0.0526
0.05452
0
0
0
0.05342
0
0
0.05291
0.02222
0.06429
0.13772
0.04818
0.35632
0
0
0.06094
0
0
0
0
0.05532
0
0
0
0
0.08042
0
0.05229
0.04267
0.04737
0
0
0.06312
0.41194
0.37073
0.06433
0.07233
0.06947
0.05273
0
0
0
0
0
0
0
0.03479
0
0
0
0
0
0
0.06378
0
0
0.04256
0.05195
0.1761
0
0
0
0.05175
0
0
0
0
0.18825
0.422
0.07298
0.45759
0.13899
0.05268
0
0
0.06235
0
0.0525
0
0
0
0
0
0
0
0
0.05395
0
0
0
0.10683
0
0
0
0.05199
0.12047
0
0.35338
0
0.14275
0
0
0
0.05369
0
0
0.02187
0
0
0
0.05443
0
0.05212
0.06339
0
0
0
0.08348
0
0
0.12055
0.05327
0.12516
0.06143
0
0
0
0.21274
0.03568
0
0
0
0.06315
0.0634
0.05446
0
0
0
0
0.05385
0
0.05315
0
0.05249
0.24474
0
0
0
0.05382
0.08467
0.16281
0.29175
0.13802
0
0
0
0.20923
0.0527
0.0536
0
0.05321
0
0
0.04128
0
0
0.05332
0
0
0
0.06332
0.13438
0.35272
0.17723
0.06216
0
0
0.05516
0
0
0.13022
0.11852
0.05561
0.06244
0.24569
0
0
0.04758
0
0
0
0
0
0.30986
0.07
0.13182
0.0519
0.07046
0
0.20727
0.1635
0
0
0.10601
0.31159
0.06516
0
0
0
0.33825
0.05226
0
0
0
0
0
0.05368
0.05322
0
0.36986
0.16475
0.09312
0.17496
0
0.21265
0
0
0
0
0
0.03527
0.05303
0.02132
0
0
0.01739
0.06591
0
0.05217
0
0
0.04445
0.26025
0.09743
0
0
0
0.06402
0
0.05235
0.0559
0
0
0
0
0.18653
0.25419
0
0
0.12594
0
0.05167
0
0.01536
0
0.06266
0
0
0.11091
0
0.14475
0
0
0
0.05172
0.05487
0
0
0
0
0.05192
0.05221
0
0
0
0
0.05296
0
0.06413
0.13906
0
0
0.05263
0
0
0.05425
0
0.0658
0
0.06492
0.05206
0
0.04207
0
0
0.14418
0.01758
0.01747
0.32924
0.02222
0.11551
0.06415
0.10456
0
0
0.0523
0
0
0
0
0
0
0.05245
0.05361
0.05511
0.41093
0
0
0
0
0.09767
0.06407
0.03517
0.17035
0.23367
0.05376
0.11117
0
0
0.4332
0
0.05205
0
0.19996
0
0.12712
0.05165
0.05598
0
0
0
0.05267
0
0
0
0
0
0
0
0.05485
0.10602
0
0.34766
0.35252
0.11421
0
0.05289
0.05413
0
0
0
0
0.05366
0
0
0.06245
0
0
0
0
0.27118
0
0
0.13901
0
0
0
0
0
0.05204
0
0.01792
0
0
0.06305
0.02199
0
0.05267
0
0
0.05292
0.20963
0.19006
0.26872
0.043
0.05215
0
0
0
0.44844
0
0.02141
0
0.01891
0.04276
0
0
0.05512
0
0
0
0
0.07148
0
0
0
0.3395
0.05164
0.31134
0.12657
0
0.047
0.20953
0
0.2038
0.07891
0
0.0545
0.28721
0.06422
0.06566
0.05198
0.02149
0.05219
0
0.41303
0
0.05534
0.0623
0.06618
0.05344
0.03111
0
0
0
0
0
0.06112
0.05285
0.3271
0.02094
0.34547
0.08883
0
0.06423
0
0.05738
0.05537
0.06295
0
0
0
0
0.05353
0
0
0.14176
0
0
0
0
0
0.05165
0
0.05314
0.0529
0.21152
0
0.05172
0.06138
0
0
0.04381
0
0.05193
0.31596
0.04657
0
0
0
0
0.05283
0.05351
0.03481
0.14615
0.0644
0
0
0
0
0
0.06503
0.07169
0
0
0
0.03689
0.1598
0
0
0
0
0
0
0
0
0.12574
0
0.09038
0
0.05217
0
0
0.05211
0
0.10618
0.0646
0
0
0
0.11232
0.12921
0.04623
0.02152
0.04965
0
0
0
0.34028
0
0
0.01587
0
0
0
0.03073
0
0
0.21722
0
0.18835
0.02153
0
0
0.06235
0.13937
0
0
0
0.05205
0
0.05551
0.05183
0
0
0
0
0
0.07069
0.05852
0.16893
0.24393
0.09199
0.2554
0.30906
0.0615
0
0
0
0
0
0
0
0.12851
0.06611
0.0535
0
0
0.45725
0
0.34617
0
0.05278
0
0
0
0
0
0
0.12922
0.06399
0.04584
0
0
0
0
0
0
0
0
0.05308
0.11545
0
0
0
0
0
0
0.0875
0
0
0
0
0.05211
0
0.11547
0.02422
0.06452
0.27898
0.11819
0
0.02072
0
0
0
0.20892
0.05861
0
0
0
0.06436
0
0
0
0
0
0.05333
0
0
0
0
0.0627
0
0
0.06237
0.04713
0.38385
0.18413
0.39788
0
0
0
0.05303
0
0
0
0
0
0.06414
0
0
0
0
0
0
0.04221
0.22895
0.3745
0.04819
0.32849
0.2552
0.05351
0.16325
0.35453
0
0.36725
0.05331
0
0
0
0
0
0.05545
0
0
0
0.06347
0
0.06678
0.38927
0
0.10458
0
0
0
0
0
0.06578
0
0.14438
0
0
0
0
0
0.03588
0
0.38415
0.31273
0
0
0
0.06386
0
0
0.3974
0.31176
0.06733
0.01791
0
0
0
0
0
0.052
0
0
0
0
0
0
0
0
0
0
0.02414
0.04629
0
0
0
0
0
0.04737
0
0.04975
0
0
0.05216
0.05202
0
0.19973
0
0.16911
0
0
0
0.05495
0
0.09609
0.05257
0.39614
0.40381
0.4567
0
0
0
0.06303
0.10605
0
0
0
0.31154
0.05265
0.06617
0
0.05764
0
0
0
0
0
0
0
0
0.06675
0
0.16242
0
0
0
0
0
0.11191
0
0
0
0
0
0.01759
0
0
0
0
0
0.39318
0.27652
0
0.26921
0.31165
0
0.03632
0.43377
0.1068
0
0
0
0
0
0.10725
0.05458
0
0
0
0
0
0
0.04632
0
0.25509
0.0707
0.14057
0.05568
0.06796
0
0
0
0.06237
0.04589
0
0
0
0.06318
0.06429
0
0.06275
0
0
0
0
0
0
0
0.13048
0
0
0
0.05197
0.04404
0
0.01572
0
0
0.03667
0.10574
0.25694
0.23884
0
0
0
0.05202
0
0
0.44304
0
0
0
0
0
0
0
0.04631
0.37119
0.05517
0.20522
0.34913
0
0.14387
0
0.02019
0
0
0
0
0
0
0
0.11266
0.07585
0
0
0
0
0
0.05215
0
0.06989
0
0
0
0
0
0
0
0
0
0
0.06712
0
0
0
0
0
0.05241
0
0.06612
0
0
0
0.01759
0
0
0.06443
0
0
0
0.13516
0
0.21792
0.0225
0.26005
0.04112
0.08466
0
0.41536
0
0
0.04245
0
0.07022
0
0
0
0
0
0
0
0.06555
0
0.07084
0
0.11221
0.05818
0.0635
0.06385
0
0.05604
0
0
0
0
0.06854
0
0
0.42182
0.35489
0
0.2314
0
0
0
0.16674
0
0.07999
0
0
0.02222
0.01522
0
0
0.05435
0
0.03571
0.05321
0.06269
0
0
0.38292
0.06671
0
0.13104
0
0
0.06394
0
0
0
0
0
0.11268
0.06455
0
0.06386
0.05834
0
0
0
0.04621
0.14267
0
0.05642
0
0
0
0
0.22634
0.25415
0.06147
0
0
0
0
0
0.05432
0
0
0
0
0
0.06421
0.13089
0.06934
0
0.34705
0.28797
0
0
0
0.047
0
0.10644
0
0
0
0
0
0
0
0.04668
0.05843
0.01795
0.0637
0.06605
0.45566
0
0
0
0
0.05543
0.0729
0.42026
0.3403
0.15792
0.25252
0.10667
0
0
0
0
0
0
0
0.05717
0
0
0
0
0.0463
0
0.07195
0.02013
0.32706
0.054
0.06292
0
0.03066
0
0.04234
0
0
0.17143
0
0
0
0
0
0
0
0
0.05258
0
0
0.0519
0
0.16706
0
0.06479
0
0
0
0
0
0.10719
0.02082
0.28328
0.3896
0
0
0
0
0
0
0.05335
0
0.20499
0.40959
0
0.06239
0
0
0
0.15773
0
0
0
0
0
0.0541
0.06225
0.43245
0
0.32769
0.31678
0.36142
0.054
0.10493
0
0.14261
0
0
0
0
0
0.15645
0
0
0.05669
0
0
0
0.05486
0.05237
0
0
0.05271
0
0
0
0
0
0.054
0
0
0.06948
0.06665
0
0.03608
0
0.01541
0.04615
0
0.32825
0
0.04505
0
0
0
0
0.0667
0.13558
0.06638
0
0.06226
0
0
0.0623
0
0
0
0
0
0.11103
0
0.11981
0.29116
0.22687
0.29832
0.02378
0.06617
0.0543
0
0.05255
0
0
0
0
0
0
0
0.16904
0
0
0
0
0
0
0.04911
0.30239
0
0
0
0
0
0.05505
0.0563
0.32994
0.16664
0.36256
0.29506
0
0
0.05214
0
0
0
0.05354
0
0.02499
0.14292
0.05253
0
0
0
0.06287
0.23636
0.28309
0
0
0
0
0.13639
0.1312
0.15705
0.06061
0
0.0687
0
0
0
0.0213
0
0.17034
0
0
0
0
0
0
0
0
0.05897
0
0
0.04557
0.273
0.29526
0
0.04069
0.05252
0
0
0.17901
0.08672
0
0
0.05239
0.18902
0.07994
0
0
0
0.0589
0.11078
0.02149
0
0.17002
0
0
0
0
0.02104
0
0
0.05343
0
0.05316
0
0
0
0.1056
0
0.11341
0.09256
0.49177
0.03511
0.16869
0.20607
0
0
0
0
0
0
0.05512
0
0.0177
0
0.41906
0.22614
0.02248
0.18531
0
0.11133
0.84913
0
0.10578
0.06403
0.19176
0.18892
0
0.02142
0.04392
0.12862
0
0.06908
0
0
0.12822
0
0
0
0.11139
0
0
0
0.06233
0.15067
0.06106
0
0
0
0.06432
0
0
0
0
0.06273
0
0
0.04715
0
0
0.02188
0.18834
0.11446
0
0
0
0
0.05357
0
0.04239
0
0.42058
0.27173
0.12882
0.45379
0
0
0
0
0
0
0.11491
0.04402
0
0
0
0
0.04579
0.06631
0
0.33916
0.1901
0.25427
0.43346
0
0
0.24024
0.1101
0
0
0
0.10542
0
0
0
0
0
0
0
0
0.06345
0
0.05563
0.11132
0
0
0
0
0
0.19483
0.0646
0.16855
0.13189
0.13672
0.31004
0.20048
0
0.04021
0
0
0.03624
0
0.58461
0
0.06543
0.06836
0
0
0
0.05567
0
0.21425
0.23866
0.07177
0.05625
0
0
0
0.13191
0
0
0.06339
0
0.05532
0
0.13909
0
0
0
0
0.57852
0
0
0
0
0
0
0.36416
0.21855
0
0.43229
0
0.06295
0
0
0.01554
0
0
0
0
0
0
0
0
0
0
0
0
0
0
0.77283
0
0
0.47182
0
0
0
0.49737
0.12906
0.06292
0
0
0.05628
0
0
0
0.01803
0
0
0.11175
0
0
0
0
0
0.04258
0.0673
0
0
0
0.39603
0.16715
0.17044
0.04798
0.33269
0.24066
0.86625
0
0.0534
0
0.04622
0.05377
0
0.13213
0
0
0
0
0.05524
0
0.10698
0
0.35053
0
0
0.02017
0
0
0
0.04235
0
0
0
0
0
0.12768
0.1717
0
0
0
0
0
0.06681
0
0
0.14293
0.11749
0
0
0.06358
0
0
0
0
0
0
0.17058
0.23249
0.18773
0
0
0
0
0
0
0
0.16815
0.05362
0
0.05402
0
0
0
0
0
0
0
0
0
0.10614
0.06275
0
0.27763
0.70456
0
0.06346
0
0.12909
0.06142
0
0
0.113
0.11963
0
0.05591
0.43551
0
0
0.09947
0.05622
0.14097
0
0.13857
0.03698
0
0
0.39174
0.41924
0.69595
0.39117
0
0.69193
0.47031
0.13089
0.11329
0
0.03051
0
0
0
0.16812
0
0.13
0
0
0
0
0
0
0
0
0
0.06391
0
0
0.72311
0.04738
0.16973
0.05446
0
0
0.05411
0
0.01767
0
0.0564
0
0.04783
0.35964
0
0
0.12722
0
0
0.14305
0
0
0
0
0
0.06438
0.17001
0.25793
0
0.05515
0
0
0
0.10688
0
0
0.11839
0.16866
0
0
0.13829
0
0
0
0.13659
0
0
0
0.05451
0
0
0
0
0
0
0
0.05339
0
0
0.10938
0.3725
0.17543
0
0.25042
0
0
0.13102
0
0
0.05411
0
0
0
0
0
0
0.13915
0.08827
0.14767
0.11304
0.32406
0.26533
0.21213
0.25386
0
0.06084
0.13262
0
0.39349
0
0.03613
0
0
0.10684
0.03775
0.14298
0.16801
0.33786
0.06327
0
0
0.04614
0
0
0.9304
0.48095
0
0.14268
0.16865
0.36785
0
0.13105
0
0.01742
0
0
0
0.05347
0.11157
0
0.06416
0
0
0.21462
0.2036
0.32727
0.59473
0
0
0
0.44629
0
0.06144
0.11282
0
0
0.11745
0.17997
0
0
0
0.04733
0
0
0
0
0.05521
0.05445
0
0
0.23578
0.20312
0.3023
0
0.52689
0
0
0
0
0
0
0
0
0
0.05332
0
0
0.07038
0
0
0
0
0.18477
0
0
0
0.20321
0.12954
0.07455
0
0.46341
0.02188
0.3341
0.748
0.23545
0.06982
0
0.06035
0
0
0
0
0
0.04246
0.05353
0.05421
0.20038
0
0
0.05419
0.20255
0.76474
0.06332
0
0
0.06612
0
0
0
0.34569
0.10546
0
0
0.10655
0.06183
0
0.67593
0
0
0
0
0.24739
0.22647
0
0
0.06524
0
0.02111
0
0.09333
0
0
0
0
0
0.11878
0
0
0.09079
0
0
0
0
0
0.01544
0.08976
0.05347
0
0.08322
0.04919
0.25854
0.20797
0.78811
0.369
0.29617
0.07499
0
0
0.06945
0
0
0
0
0
0
0
0
0
0
0
0
0
0.04657
0.05382
0
0.2801
0
0
0.18896
0
0.05642
0
0
0
0
0
0.50787
0
0
0.05399
0.05385
0.09318
0.06264
0
0
0
0
0.05912
0.2492
0.26814
0.2841
0
0
0
0
0
0.0544
0.05446
0.09336
0
0.03965
0
0.06139
0.55444
0.30407
0.32954
0
0
0
0.04648
0.11043
0.06486
0
0
0
0
0.0697
0
0.05337
0.05405
0.05377
0
0
0
0.50402
0.24832
0.39682
0.11967
0.41109
0.06628
0
0.26981
0
0
0
0
0.0655
0
0
0.25772
0.30266
0.70247
0.45354
0.15939
0
0.06334
0.12023
0
0
0
0.06151
0
0.06636
0
0
0
0.06119
0
0
0.10665
0
0
0.06302
0.12591
0.05354
0
0.26283
0
0.05652
0
0.48157
0
0
0
0.05895
0
0
0
0.16928
0.14385
0
0
0
0.06382
0
0
0
0
0.25704
0
0.05954
0
0
0.20605
0.30398
0
0
0
0
0
0
0.13205
0.11911
0.17797
0
0.12871
0
0
0.06406
0
0.17049
0.13868
0.16779
0.24967
0
0
0
0
0
0
0
0.12609
0.36812
0.27176
0
0.14954
0.25331
0.0539
0.14398
0
0.05514
0.05836
0
0.12899
0.18911
0
0
0.21107
0.18995
0.21276
0.21357
0.09016
0
0
0
0
0.11605
0.02334
0
0.1774
0
0.12973
0
0
0
0
0
0.18954
0.26293
0.25115
0
0.05413
0
0
0
0.06385
0.33442
0.04757
0.32446
0
0.04302
0
0.16619
0
0
0
0.17068
0.09248
0.31623
0
0
0.05418
0
0.05488
0
0
0.2025
0
0.62516
0.02327
0
0.18799
0
0
0
0.15024
0
0
0
0.30666
0.05842
0.10631
0.04715
0
0.78625
0.59543
0.27821
0
0.05346
0.05503
0.05377
0
0.06918
0.0669
0.45476
0.4513
0.1495
0.32364
0.05421
0
0.0608
0
0
0
0.31898
0
0.06403
0.31645
0.36333
0.32388
0
0.05367
0
0
0
0
0.82657
0.1296
0.18799
0
0
0.10545
0.20858
0.06399
0.21302
0.08739
0.07323
0
0
0.06213
0.0475
0.06387
0.32521
0.30627
0.17405
0.19744
0.04018
0
0
0
0.05509
0
0
0
0.16899
0.12016
0.30207
0
0.26329
0.1402
0
0.16941
0
0.05933
0.06078
0.22197
0
0.02455
0
0.03554
0
0
0.18956
0.30264
0
0
0
0.24327
0.04656
0.8829
0
0.02362
0.86426
0.09509
0.81156
0
0.36165
0
0.16864
0.28214
0.20184
0.14446
0.43031
0.16779
0.14377
0
0.05477
0
0.69896
0.84561
0.44236
0
0.28633
0.85272
0
0
0
0.25179
0
0.30097
0
0.12881
0
0
0.12039
0.1675
0.50306
0.36346
0
0.07773
0.02455
0.20907
0
0.36313
0
0
0.41903
0
0.0562
0.22334
0.81186
0.02269
0.01853
0
0.05446
0
0.09275
0
0
0
0
0.0686
0.42902
0.25078
0
0
0
0
0.38693
0.81876
0.07086
0.31627
0.07498
0.08294
0
0
0.04698
0.06059
0.81252
0.84856
0.85955
0
0.81073
0
0
0.08591
0.25154
0.17792
0.39392
0.05362
0.22315
0.36854
0.6208
0.30306
0.04582
0.19633
0
0.14577
0
0.94289
0.14504
0.14881
0.36323
0.40511
0.35364
0.50077
0
0
0.30423
0
0.35535
0.37041
0
0.06233
0.10716
0.8612
0
0.05368
0
0
0.6549
0.46143
0
0.80789
0
0.75281
0
0.19629
0.14763
0.06575
0.09381
0.53089
0
0.06073
0.93196
0
0.32479
0.06058
0
0
0
0.11107
0.81962
0
0
0
0.37138
0.09359
0.05646
0.04014
0
0.4502
0
0
0.05675
0.86602
0.23857
0.14534
0.12659
0.13883
0
0.05357
0.12995
0
0
0.07146
0.0617
0
0.82538
0.28406
0.12865
0
0
0
0
0.19687
0
0
0
0.79986
0.24087
0.37068
0
0
0
0.84036
0
0.06132
0
0
0
0.20024
0.01835
0
0
0.12801
0
0
0.40499
0
0
0
0
0
0.06285
0
0
0.05516
0.15166
0
0
0.43095
0
0.27164
0
0.27123
0.24071
0
0.20935
0.11726
0.90023
0.05567
0
0
0.14816
0.14315
0.14264
0.05451
0.20351
0
0.91679
0
0.01838
0.22294
0.02009
0
0.18066
0.04702
0.06667
0
0
0.24954
0.2657
0.32207
0
0.06659
0.24051
0
0
0.19128
0
0.66718
0
0.03684
0
0.30429
0
0.03681
0.05474
0
0
0
0
0
0
0.81087
0.06968
0
0.28597
0.06599
0
0
0.02008
0.06068
0.1793
0.12046
0
0.18974
0.44685
0
0
0
0
0.06123
0.30235
0
0
0
0
0.38943
0
0
0.23021
0.07334
0.66838
0.20356
0.06153
0
0.05401
0.13063
0
0
0
0.6274
0.11583
0
0.0639
0.172
0.32676
0.0677
0.06334
0
0
0.06102
0.02276
0.09389
0
0
0.43839
0.16394
0.62468
0.15636
0
0.17519
0
0
0
0
0
0.80838
0.30417
0.22386
0
0.14478
0.02162
0.83373
0.05668
0.3904
0
0.20984
0.32515
0.80278
0
0.32799
0
0.30019
0.05916
0
0
0.74306
0.13574
0
0
0
0
0
0
0.49346
0.13812
0.27826
0.6591
0
0
0
0.64696
0.30141
0.05457
0.04124
0.05951
0
0.21264
0
0.30236
0
0
0.42601
0.80279
0
0.39316
0
0.90444
0
0
0.61212
0
0
0.01878
0.04036
0.92386
0.21423
0
0
0.20513
0
0.84906
0.89748
0.24674
0.07048
0
0
0.06421
0.30448
0.11219
0.05367
0.20883
0.10292
0.05405
0
0
0.10545
0.58304
0.04331
0
0.81128
0.13038
0.05503
0
0.06652
0
0.04019
0.4408
0
0
0.56498
0
0
0
0.42601
0
0
0
0
0
0.18899
0
0
0.04769
0
0
0
0
0
0.28933
0.1202
0.36668
0
0
0.81287
0.0645
0.18919
0.25637
0
0.06034
0.2241
0
0
0
0.06096
0
0
0.06044
0.78643
0.87583
0.14286
0
0
0.05394
0.11995
0
0.05611
0
0.38639
0
0.0659
0
0
0
0.0787
0
0
0.32527
0
0
0
0
0
0.70263
0.1193
0
0
0
0.87521
0.07316
0
0.1671
0
0
0.83975
0
0.36419
0
0.07866
0
0.53744
0.78432
0
0.24039
0
0.48459
0
0.06541
0.57742
0
0.12784
0.2576
0
0.05441
0
0
0
0
0
0.06321
0.70101
0
0
0
0
0
0.17549
0.05881
0
0
0.05461
0.40481
0.1392
0.18986
0.05529
0.05877
0.06644
0
0.05685
0
0
0
0.05443
0
0
0.0546
0
0.1839
0.72885
0.22212
0.41644
0.05478
0.04012
0.05665
0.61366
0
0.0201
0
0
0
0.05503
0
0.19684
0.23446
0.34477
0
0.06277
0
0
0
0.43597
0
0.02005
0
0
0
0.09074
0.7866
0.20859
0.85605
0.05396
0
0.43553
0.6917
0.05435
0
0.80027
0
0.05503
0
0
0.06343
0
0.94334
0
0.25756
0
0.04011
0
0
0.31665
0
0
0.1432
0.7622
0
0
0.01934
0.13443
0
0
0.06588
0.3167
0
0
0.83148
0
0.87435
0.1344
0.23344
0.13898
0
0.38686
0.22701
0.34025
0.50162
0.34129
0.27735
0
0.23476
0.13471
0
0.29168
0.05447
0.25804
0.06041
0.16146
0.73517
0.13481
0.05618
0.25318
0.83733
0.197
0.19264
0
0.54452
0.06067
0.54498
0.20664
0.46377
0.55387
0.35365
0
0.45773
0.13457
0.45209
0.25215
0.36369
0.02169
0
0
0
0.11821
0.44683
0.85276
0.40686
0.3012
0.13837
0.44967
0.40724
0.82272
0.33076
0.36492
0.33675
0.41798
0.05967
0
0
0.1395
0.05335
0.05494
0.20414
0.30613
0.20052
0
0.79933
0.05472
0.05433
0
0.20087
0.25167
0.05881
0.14225
0.18909
0.33006
0.02217
0.55074
0.14001
0.43163
0.20886
0.90131
0.27307
0.1426
0.82492
0.19231
0.14116
0.05572
0
0
0.18669
0.23402
0.31289
0.25399
0.10535
0.33916
0.20401
0.45878
0.30801
0.82619
0
0.0454
0.20306
0.15793
0.20361
0.04759
0
0.64667
0
0.4708
0.25034
0.22645
0.39019
0
0
0
0
0
0
0
0
0
0
0
0.25695
0.13894
0
0.18962
0.05877
0
0
0
0.02017
0
0
0.06187
0.09367
0
0.05467
0
0
0
0
0
0.01774
0.06294
0
0
0
0.03874
0
0
0
0.1071
0
0.16883
0
0
0
0
0.1586
0.2206
0
0
0.05392
0.05375
0.17569
0
0.23879
0
0.06717
0
0
0
0.06593
0.04695
0
0
0
0
0.18833
0.14359
0
0
0
0
0
0.06019
0
0
0
0.06055
0
0.10509
0
0
0
0
0
0
0
0
0.03663
0
0.06315
0
0.06001
0
0.12838
0
0.05838
0
0.05666
0
0
0
0
0.05835
0
0
0
0
0
0
0
0
0
0
0.18846
0
0
0
0
0
0
0.10565
0.05894
0.01824
0.05885
0
0
0
0
0.17943
0
0.05399
0
0
0
0.10477
0
0
0.01945
0.06535
0
0
0.18975
0.17825
0
0
0
0
0.15467
0
0
0
0.11957
0
0
0
0.64862
0
0.05372
0
0
0
0
0
0
0
0.04701
0
0.16776
0.16954
0
0.15897
0
0
0
0.06017
0
0
0.15528
0
0
0
0
0
0
0
0.05446
0.0603
0
0.08636
0
0
0
0
0.05589
0
0
0
0
0.05909
0
0
0
0.05268
0.04764
0.06151
0
0.13065
0
0
0
0.05969
0
0
0.06026
0
0
0.10918
0.1886
0
0.05454
0.10456
0
0
0
0
0.08049
0
0.02068
0
0.08263
0
0.28058
0
0
0.05526
0.06241
0
0
0.06183
0
0
0
0
0.15612
0
0
0
0
0
0
0
0.05527
0
0
0.0894
0
0
0
0
0
0
0.05976
0
0.08847
0.05315
0
0.05312
0.13026
0.0623
0
0
0.02084
0
0.1305
0
0
0.05532
0
0
0.0565
0
0.05534
0
0
0
0.06
0
0
0.18876
0.03657
0.04287
0
0
0
0
0
0
0
0
0
0
0.0586
0.13065
0.15599
0
0
0.04117
0.05922
0.13009
0.02089
0.06599
0
0
0.06378
0
0.059
0.14136
0.12653
0.17582
0.03651
0.05525
0
0
0
0.12737
0.01779
0.02073
0.05522
0
0
0.0557
0
0
0
0
0
0
0.04791
0
0.05473
0.0589
0
0
0
0
0
0.04732
0
0
0.01901
0
0.12129
0
0
0.05538
0
0
0
0.10487
0
0
0
0.01851
0
0
0
0
0
0
0
0
0.05563
0.05489
0
0.06031
0.03765
0
0.03181
0
0.06056
0
0
0.04388
0.06319
0.07341
0.15605
0
0.69846
0
0.10498
0
0.0196
0.13071
0
0
0
0
0.12761
0
0.056
0
0.06036
0
0
0
0
0
0.05753
0.17136
0
0.05639
0
0.05497
0.05442
0
0.19954
0
0.13054
0
0
0
0.05531
0
0.18875
0
0
0
0
0
0
0.10604
0.03732
0
0
0.05501
0.04017
0
0
0
0
0.06275
0.1064
0.03702
0
0
0
0.05482
0
0.06043
0
0
0
0
0.12693
0
0
0
0
0.05274
0
0.05536
0
0.17613
0
0.04142
0
0.05579
0.11972
0
0
0
0
0.05408
0
0.01768
0
0.0524
0
0.1275
0
0
0
0
0
0
0.0546
0.05878
0
0.05868
0.18771
0
0
0
0
0
0
0.03519
0
0.12912
0
0
0
0.05489
0
0
0.05495
0.1051
0
0
0
0
0
0
0.05594
0.05657
0.07392
0.10534
0
0
0.05472
0
0.0367
0
0
0.11972
0.0594
0.0587
0
0
0.11003
0
0.01762
0
0
0.1763
0
0.05245
0
0.03706
0.05204
0.10685
0
0.1423
0
0
0
0.05567
0
0.06003
0
0
0.30268
0.05945
0
0.06527
0
0.0599
0.06027
0
0.01864
0.03943
0.13762
0.05946
0.05352
0
0.08138
0.32476
0.11974
0
0
0
0
0
0.03731
0
0.01814
0
0
0
0
0.05473
0
0.08137
0
0.05474
0.05952
0.05903
0
0.08142
0.01902
0.15691
0
0
0
0
0.05169
0.17671
0
0
0
0.18792
0
0
0
0.15689
0.06006
0
0.04011
0
0
0.06768
0
0
0
0.05977
0
0.18792
0
0
0
0.05164
0
0.07466
0.1757
0.12982
0
0
0.05206
0.11197
0
0.06022
0
0
0
0
0
0.06009
0
0
0.05475
0.05692
0.03796
0
0
0.07466
0.18839
0.05207
0.12784
0
0.05958
0
0.15775
0.05193
0.08767
0
0
0.05485
0
0
0.07218
0
0.05229
0
0.05284
0.05454
0
0.04024
0
0.06566
0.05403
0
0.05486
0.10696
0
0.20212
0.05202
0
0
0
0
0
0.05192
0.177
0.0598
0
0
0.06555
0.17414
0
0
0
0
0
0
0
0
0.05278
0.06022
0.05642
0
0.05391
0
0
0
0
0
0
0.0582
0
0.17791
0
0.17647
0
0.15857
0
0.17724
0.02167
0
0
0
0.06063
0
0
0.05411
0.09122
0.05462
0.05926
0
0
0.05496
0
0.1214
0.28291
0
0.05883
0
0.07489
0
0
0
0
0.17631
0.08801
0
0
0
0.05932
0
0.05594
0
0
0.14234
0.11203
0
0
0
0.16133
0.10924
0
0.0595
0.15801
0
0
0
0.1197
0
0.01763
0.05881
0
0
0.15715
0
0
0
0
0.18752
0
0
0.17414
0
0.10582
0.1757
0.15876
0.05985
0.16013
0.15811
0
0
0
0
0
0.06241
0
0
0
0
0
0
0
0
0.05682
0
0.01899
0
0.05527
0.10603
0.05393
0.05928
0
0
0
0
0.12467
0
0.1032
0.04152
0.0406
0
0
0
0
0
0.03706
0.10581
0.02495
0
0
0
0.11343
0.10506
0
0
0
0.10348
0.05211
0.12885
0.17809
0
0
0
0
0.03555
0
0
0
0
0.06372
0
0
0
0
0
0.05391
0.054
0.07851
0
0.0741
0.05226
0
0
0
0.16765
0
0
0
0.05969
0
0.10672
0
0
0.018
0
0
0.01882
0.0561
0
0.05542
0.12742
0
0
0.05704
0.14989
0.05409
0.05166
0
0.11302
0
0
0
0.15539
0
0.05589
0.10597
0
0.10565
0.14271
0.1058
0
0.05433
0
0
0.1671
0
0
0
0.05503
0.05942
0.15714
0.1536
0
0.10601
0.10503
0
0.05211
0.05278
0
0
0.1583
0.12024
0
0
0.15733
0.10165
0.17505
0.05366
0.07121
0
0
0.05994
0.06006
0
0.06231
0
0
0
0
0
0.04154
0.12472
0.07374
0.10918
0.12043
0
0
0
0.0912
0
0.30227
0.12004
0
0.03815
0.05441
0
0.17679
0
0
0.0589
0.05811
0.11248
0.05517
0.05721
0.05596
0
0
0
0
0.05814
0
0
0
0.05143
0.05497
0
0
0.05724
0
0
0
0.06006
0
0
0
0.05272
0
0.05296
0.05544
0
0.0591
0.05729
0.11222
0
0
0.05255
0
0.09066
0
0.05655
0
0
0
0
0
0
0
0
0
0
0
0.13687
0.06036
0
0
0.10717
0.05623
0.05308
0.10662
0
0.10709
0.05572
0.07502
0
0
0.12642
0.17465
0
0
0
0
0
0.07312
0
0
0
0.11166
0.05944
0
0
0.01859
0.05397
0
0
0
0.08904
0.10745
0.06071
0.01926
0.07575
0.09299
0
0.15948
0.07078
0
0.05569
0
0
0
0.01761
0
0.05956
0.07333
0.05308
0
0.05873
0
0
0
0.05188
0.12771
0
0
0.17004
0.11358
0
0
0.01971
0.10662
0
0.05894
0.17545
0.12769
0.07482
0
0
0
0.11326
0
0
0.05445
0
0
0.05728
0
0
0.05436
0.03504
0.05498
0
0
0
0
0.05593
0
0.05854
0
0
0
0
0
0
0.15832
0
0
0
0
0
0.17597
0.15123
0
0.05525
0.06862
0
0
0
0.07203
0
0.05233
0
0.05626
0
0.08531
0
0.17718
0
0.17735
0.10214
0
0
0
0
0
0
0.01763
0.0585
0.0355
0.10666
0
0
0
0.05638
0
0.10246
0.0887
0.12738
0.05247
0
0
0
0
0
0
0.05568
0
0.10269
0.07149
0
0.05877
0.15562
0
0
0.11232
0.05175
0.03665
0.05267
0.05264
0
0.054
0.05487
0
0
0.15595
0.05858
0.05657
0
0
0
0.11092
0
0.05868
0
0.13692
0
0
0
0
0
0
0.05419
0
0.05154
0
0
0
0
0
0
0
0
0.01973
0
0
0.0557
0
0.09357
0.15407
0.1562
0
0.05886
0.05403
0.05222
0
0
0
0.15519
0.05636
0.05258
0.05995
0.10633
0
0.05224
0.05472
0.10124
0.03974
0.05379
0.05264
0
0.11291
0.05579
0
0.05298
0.05471
0.10147
0.15499
0
0
0
0
0
0.05497
0.05235
0
0.05568
0.0551
0
0.05676
0.05889
0.07586
0.10252
0
0
0
0.10112
0.05387
0
0
0
0
0.05499
0
0.15631
0.17407
0.05212
0
0
0
0
0
0
0
0.05258
0.12051
0
0
0
0
0.05445
0
0
0
0
0
0.12124
0.12875
0.05463
0
0
0.05363
0.15601
0
0.10298
0.05125
0.0544
0.05354
0
0.0591
0
0.17822
0
0
0
0
0
0.05918
0
0
0.15566
0.15689
0
0.11088
0.07518
0.15763
0
0
0.0351
0
0
0.05209
0.06966
0.11079
0
0
0.07469
0.10175
0.05694
0
0
0.15839
0
0.05572
0.05369
0
0.07543
0
0
0.06008
0
0
0
0.15978
0.11049
0
0
0
0.10183
0.07486
0
0.15496
0
0.05397
0
0
0.09283
0
0
0.0513
0
0
0
0.05333
0
0.10241
0.0552
0
0.05242
0
0
0.05226
0
0.15283
0.05609
0
0
0
0.10666
0
0
0
0.1374
0
0
0.10322
0.10183
0.11079
0.10612
0
0
0.15381
0.15818
0.05399
0
0.05627
0
0
0.01887
0.10149
0
0.05243
0
0.10252
0
0
0
0
0.10312
0.05198
0.11123
0
0
0.10213
0
0.05413
0
0
0
0.08636
0.05241
0
0
0.10745
0
0.05254
0
0.10166
0.05206
0.15701
0
0.01754
0
0.14037
0
0.05575
0.06784
0.11145
0.12225
0.15653
0.10229
0
0
0
0
0.05562
0
0.15441
0
0
0.05194
0
0
0.11217
0.03551
