0
0
0
0
0
0
0
0.28278
0
0
0
0
0.62901
0
0.05134
0
0.09944
0.04432
0.04528
0
0
0
0
0
0
0
0
0
0
0
0
0.04976
0
0
0
0.05628
0
0
0
0
0
0
0
0.04606
0
0.20085
0
0
0.11675
0.18265
0.07305
0
0
0
0.17179
0
0
0
0
0
0.02904
0
0
0
0
0.05943
0.23863
0.06221
0
0
0
0
0
0
0
0
0
0
0
0
0
0.01638
0
0
0
0.1888
0
0
0
0.04611
0
0.04406
0
0
0.6774
0
0.15955
0
0
0
0.13402
0
0.01445
0
0
0.66369
0
0
0.54792
0
0
0
0
0
0
0
0.2907
0
0.54058
0.53996
0.35067
0
0
0
0
0
0
0.05736
0.16524
0
0
0
0
0
0
0.09933
0
0.41635
0
0.05079
0
0
0.07221
0.0653
0
0
0.20661
0
0
0
0
0.03312
0
0
0
0
0
0.31214
0
0
0
0
0
0
0
0
0.0736
0
0
0
0
0
0
0
0
0
0
0
0
0
0
0
0.10923
0
0.04745
0
0
0
0
0
0
0
0
0
0
0
0
0.04511
0.04521
0
0
0
0
0
0.20363
0
0.04963
0
0
0
0
0.384
0
0.04485
0
0
0
0
0.05596
0
0
0.06383
0
0
0
0.28973
0
0
0
0.05031
0
0.36499
0
0
0
0
0
0
0
0
0.01461
0
0.36791
0
0
0
0.11273
0
0.33112
0
0
0
0
0
0
0
0
0
0
0.05606
0.14044
0.06722
0.53451
0
0
0.07875
0.08058
0
0.89188
0
0
0
0
0
0.06163
0.05026
0
0.01785
0
0
0
0
0.06789
0
0.04421
0.05244
0
0
0
0
0
0.04827
0.0568
0
0
0.05063
0
0.01881
0
0
0
0
0
0.03809
0
0.02952
0
0
0
0
0.06163
0.25372
0
0.18944
0.05832
0
0.08469
0
0
0
0
0
0
0.35228
0
0
0.27985
0.01639
0
0
0.05142
0
0
0
0
0
0.14069
0.02236
0
0
0
0
0
0
0
0
0
0
0
0
0
0.13819
0
0
0.2987
0
0
0
0
0
0
0
0
0
0
0
0.12378
0
0.0504
0
0
0
0
0
0.08649
0
0
0.13317
0
0.70014
0.6475
0
0
0
0.19046
0
0
0
0
0
0
0
0
0
0
0
0.3051
0
0
0
0.01703
0
0.02115
0.05906
0.20997
0
0
0
0.45823
0.05522
0
0
0.28508
0
0.5972
0
0
0
0
0.04939
0
0
0
0
0
0
0.0555
0
0
0
0.04061
0
0
0
0
0
0
0
0.70489
0.06092
0
0
0
0
0.066
0
0
0
0
0
0.27756
0.05172
0
0
0
0
0
0
0
0.01526
0.06379
0.04499
0
0
0.04611
0
0
0
0
0.29216
0
0
0
0.36085
0
0
0
0
0.11854
0
0
0
0
0
0
0.03202
0
0
0
0
0.07184
0.23932
0
0.04372
0
0
0.18171
0
0
0.30194
0
0
0
0
0.08884
0.06243
0.04769
0
0
0
0
0
0.04276
0
0
0
0
0
0
0.05572
0
0
0
0
0
0
0
0
0
0
0
0
0.62911
0
0
0.0522
0.12674
0
0
0
0
0.04366
0
0
0.05964
0
0.01634
0
0
0
0
0
0
0
0
0
0.10992
0
0
0.40283
0
0
0
0.0949
0.13038
0.2038
0
0
0
0
0
0
0
0
0
0
0
0
0
0
0
0
0
0.01598
0
0
0
0.27928
0
0
0
0
0
0.17574
0
0
0.82628
0.28966
0
0
0
0.05053
0
0
0
0.21006
0.30071
0
0
0
0
0
0
0
0
0
0
0
0
0.04996
0
0
0
0
0.05677
0
0
0
0
0.44786
0
0.07213
0
0
0
0
0
0.12677
0
0
0.06689
0
0
0.01784
0
0
0
0
0
0
0
0
0
0
0.04015
0.06557
0
0.05408
0
0
0.06386
0
0
0
0
0
0.12689
0
0
0
0
0
0
0
0
0
0
0
0
0.07169
0
0
0.04712
0.15177
0
0
0
0
0
0
0.06171
0
0
0.35536
0
0
0
0
0
0.07499
0
0
0
0
0.31434
0
0
0
0.20909
0
0.3804
0.42759
0
0.78121
0
0.36938
0
0
0
0
0
0
0
0
0.62803
0
0.09348
0
0
0
0
0.04344
0
0
0
0.17159
0
0
0.28948
0
0.20957
0
0
0
0
0
0
0
0
0
0.3028
0
0.04535
0
0
0
0
0
0
0
0
0
0
0
0
0
0
0.04299
0.05408
0
0
0
0
0
0
0.0713
0
0
0.06675
0.0156
0
0
0.01985
0
0
0
0.28894
0
0.0344
0
0.01506
0.04417
0
0
0
0
0.05061
0
0
0
0
0
0.10621
0
0
0
0.0618
0
0
0
0
0
0.14295
0
0
0
0
0
0
0
0
0
0.23725
0.044
0
0
0
0
0.18981
0
0.08338
0.18152
0
0
0
0
0
0
0
0
0
0
0
0
0
0.4381
0
0.05407
0
0
0.06184
0
0.2642
0.3515
0
0.05515
0.3291
0
0.13448
0
0
0.01462
0.03258
0.04474
0.3135
0
0.05625
0
0
0.05027
0
0
0
0
0
0.18924
0
0
0
0
0
0.05002
0
0.04454
0
0
0
0
0.04483
0
0.32613
0
0.19123
0
0.15164
0.04293
0.76418
0.05431
0
0
0.04206
0
0
0
0
0
0
0
0
0
0
0.0482
0
0
0.02078
0
0
0.01495
0.115
0
0
0
0
0.02122
0
0.0502
0
0.04273
0
0.05085
0.04439
0
0
0
0
0
0
0.25387
0.06303
0.04871
0
0
0
0
0
0
0
0
0
0.19231
0
0
0
0
0
0
0
0
0
0
0.01598
0
0
0
0
0
0.16201
0.01595
0
0.01659
0
0.09335
0
0
0
0.06136
0.01527
0.17067
0.26748
0
0.01711
0
0
0.40957
0
0.06598
0
0
0
0
0
0
0.02239
0
0.1034
0
0.04516
0.05902
0
0.07151
0
0
0
0
0.17112
0
0
0
0
0
0.05608
0
0
0
0.04326
0
0
0
0
0.20101
0
0
0.06061
0
0
0
0
0
0
0.65563
0
0
0
0
0
0
0
0
0
0
0
0
0
0
0
0
0
0
0
0
0
0
0
0.24953
0
0
0
0
0
0
0
0.04387
0
0
0
0.09664
0.05301
0
0.02334
0
0
0
0
0
0
0.07228
0.04045
0
0
0
0.23746
0
0
0
0
0.05068
0
0
0
0
0.52493
0
0
0.05641
0
0
0
0
0
0
0.01769
0
0
0
0
0
0.20252
0
0
0
0
0.04243
0.05825
0.09186
0.04386
0
0
0
0
0
0
0
0.15972
0.16708
0
0
0
0
0.56342
0
0
0
0
0
0
0
0
0.06717
0.06383
0
0.25789
0
0.48982
0
0.19558
0.10776
0
0
0
0
0
0
0
0.05082
0
0
0
0
0
0
0
0
0
0
0
0
0.01541
0.37107
0
0
0.05202
0
0
0
0
0
0
0.06177
0.06147
0.06829
0
0.03661
0.05653
0
0
0.01706
0
0
0.01951
0.05402
0
0
0.05077
0
0
0
0
0
0
0
0
0
0
0
0
0
0
0
0
0.12239
0.12749
0
0
0
0
0.25315
0
0
0.14024
0
0
0
0
0.01863
0
0
0
0.35197
0.019
0
0
0.05515
0
0
0
0.07619
0
0
0.08021
0
0
0
0
0
0
0.05065
0.0657
0
0
0
0
0
0
0
0
0.06185
0
0.16286
0
0
0.20686
0
0
0
0.08095
0.1684
0
0
0
0.15192
0
0
0
0.05847
0.81455
0
0
0
0
0
0
0
0
0
0
0.05861
0.01612
0
0.13305
0
0.04905
0
0.05684
0
0
0.06542
0.2982
0
0
0.05913
0
0
0.04756
0
0.07508
0
0
0.25585
0.59477
0.04736
0
0.05209
0.11184
0
0
0.68168
0
0
0.03039
0
0
0
0
0
0
0
0.0526
0
0
0
0.18077
0
0.04542
0
0
0
0
0
0
0
0
0
0
0
0
0.35444
0.10075
0
0
0
0
0
0
0
0
0
0.82683
0
0
0
0.15872
0
0
0
0
0
0
0.04458
0.01586
0
0.04731
0
0.01993
0
0
0
0
0
0.01763
0.07109
0.30495
0
0
0
0.30931
0
0.13338
0
0
0
0
0.30215
0
0
0.35603
0
0
0
0
0
0
0
0.72608
0
0
0
0
0
0
0.11524
0
0
0.05012
0.25726
0
0
0
0
0
0.01562
0
0.3857
0.01708
0
0
0
0
0
0
0
0
0
0
0
0
0
0.42375
0
0
0.11732
0.23364
0
0
0.03985
0.02172
0
0
0
0
0.01947
0
0
0
0
0
0
0
0
0
0
0.04461
0
0
0
0
0
0
0.20111
0
0
0
0
0
0.19492
0.03384
0
0.10574
0
0
0.05128
0
0
0
0.49646
0
0
0
0.03834
0
0.04504
0.80998
0
0
0.04751
0
0
0
0
0
0.05002
0
0
0
0
0.05691
0
0.27268
0
0
0
0.1157
0
0
0
0
0
0
0.04826
0
0
0
0
0
0
0.05007
0
0
0
0
0.05288
0
0.05676
0.19297
0.19573
0
0.03562
0.04316
0.65594
0
0.05664
0
0
0
0.23863
0
0
0.22286
0
0
0
0
0
0
0.0511
0
0.4022
0
0
0
0
0.30041
0
0
0.13729
0
0
0
0
0.2514
0.06744
0
0.05892
0
0
0
0
0
0
0
0
0
0
0
0
0
0
0
0
0.18656
0
0
0
0
0
0
0
0
0
0
0.17247
0
0
0
0
0.04317
0
0
0.16371
0
0.02159
0
0.05112
0.03428
0
0
0
0.0466
0.0499
0
0
0.04533
0.33314
0.64731
0
0.05618
0
0.7176
0.06075
0
0
0
0.30293
0
0
0.1363
0
0.02934
0
0.09228
0
0
0
0.06508
0
0
0
0
0
0
0.05948
0.05226
0
0.09362
0
0.04548
0.04449
0
0
0
0.05176
0.3471
0.04847
0
0.89416
0.10527
0
0.11075
0
0.0429
0
0
0
0.03418
0
0
0
0
0
0.05453
0.10904
0.0453
0
0
0.04996
0.12886
0
0
0
0.25248
0.07492
0
0.30438
0
0
0
0.23829
0
0
0
0
0
0.16649
0
0
0
0
0
0.0339
0
0
0
0
0
0.20661
0
0
0
0
0
0
0
0.4068
0.48797
0
0
0
0
0
0.05193
0
0
0
0
0
0
0
0
0
0
0
0
0
0
0
0
0
0
0
0
0.41225
0
0.24219
0
0
0.03212
0
0.03392
0
0
0
0
0.20972
0
0
0
0.12182
0.05999
0.28518
0
0
0
0
0
0
0
0
0.23576
0
0.33127
0.04923
0
0
0
0.30283
0
0
0
0
0
0
0.0464
0.04472
0
0
0
0
0.41001
0
0
0.35961
0
0
0
0
0
0.18842
0
0.05126
0
0.0449
0
0
0
0
0
0
0
0
0
0
0.06
0.12869
0.11261
0.05205
0.05982
0
0.03372
0
0
0
0.01673
0
0
0.22558
0
0
0
0
0
0.15766
0
0
0
0
0.12203
0
0
0
0
0.47385
0
0
0
0
0
0
0
0
0
0
0.05613
0
0
0
0
0
0
0
0.04683
0
0
0
0
0
0
0
0.07088
0
0
0.02375
0
0
0
0.17567
0
0
0.06138
0.0856
0.41375
0.04486
0
0
0
0.42425
0
0.023
0
0.01508
0
0
0.01521
0
0
0
0
0
0
0
0.21518
0
0.12135
0
0.23268
0
0
0
0
0
0
0
0.45872
0
0
0
0
0
0
0
0
0.04513
0
0.31771
0.04983
0
0.09016
0
0
0
0
0
0
0
0
0.05847
0.03344
0
0
0
0
0
0
0
0.04774
0.03012
0
0
0
0
0
0.05895
0
0.0689
0.3169
0
0.1163
0
0
0
0
0
0.05747
0
0
0
0.15116
0
0
0
0
0
0
0
0
0
0
0
0.04946
0.06617
0
0
0
0
0
0
0
0
0
0
0.58812
0.39104
0
0
0
0.11351
0.0605
0
0.04303
0
0
0
0
0
0
0
0.19673
0.06421
0
0
0
0.08538
0
0
0
0
0
0
0
0
0
0
0
0
0
0
0.13868
0
0
0
0
0
0
0
0.13281
0
0
0.04089
0
0
0.17143
0
0
0
0
0
0
0
0
0
0.05463
0
0.46158
0.52268
0
0.07398
0.16967
0
0
0
0.14972
0.01977
0.02323
0
0
0
0
0
0
0
0
0.04529
0.06476
0.13625
0
0
0
0
0
0.443
0.14611
0
0
0.1225
0
0
0
0
0
0.34796
0
0
0.1728
0
0
0
0
0.37202
0
0
0
0
0
0
0.7257
0
0
0.12111
0.04434
0
0
0
0
0
0
0.18949
0.46153
0
0
0.03158
0
0
0.38702
0.20294
0.23557
0
0
0
0
0
0
0
0
0
0
0
0
0.32515
0
0
0
0.04688
0
0.56337
0
0
0
0
0
0
0
0.38622
0
0
0.04746
0
0
0.04493
0
0.28998
0.37833
0
0.14068
0.30858
0
0
0
0
0.37578
0
0.26705
0.0324
0
0.04524
0
0
0
0
0
0
0
0.02336
0
0
0.23459
0
0
0.15127
0
0
0
0.11102
0
0
0.04448
0.05223
0.33293
0.13919
0
0
0
0.25234
0.06298
0
0
0
0
0.0548
0
0
0.06685
0.04572
0.35161
0
0.34234
0
0
0.04966
0
0
0
0
0.28352
0
0
0
0
0
0.07152
0
0
0
0
0
0
0
0.11212
0.18773
0
0.49392
0.04408
0
0
0
0
0
0.06337
0.03912
0
0
0
0
0
0
0
0
0
0
0
0
0
0
0.1219
0
0
0
0
0
0
0.2534
0
0
0
0.06388
0
0
0.05101
0
0
0.20993
0.25055
0
0
0
0.02192
0.01723
0
0
0.10216
0
0
0
0
0.58527
0
0
0
0
0
0
0.2922
0
0.35364
0.04783
0
0
0
0
0
0
0.0548
0.05497
0
0
0.0197
0
0.04291
0.05615
0
0
0
0
0
0
0
0
0
0
0.20819
0
0
0.05423
0.29465
0
0
0.41588
0
0
0.07201
0
0
0
0
0.17763
0.28963
0.04516
0.01645
0
0
0.20822
0
0
0
0.42437
0.75689
0.05686
0
0.67983
0
0
0
0
0
0
0
0
0
0
0
0
0
0.43962
0
0.05457
0
0
0
0
0
0.35397
0
0
0
0
0
0.04487
0
0.04985
0
0
0
0.91289
0
0.056
0
0
0.41185
0.24132
0
0
0
0
0
0
0.32778
0.04449
0
0
0.06714
0
0.05342
0.66883
0.1341
0
0
0
0
0.12293
0
0.40511
0
0
0
0
0
0.04376
0
0
0
0.05152
0
0.0219
0
0
0
0
0.15358
0
0
0
0
0.18411
0.43556
0.02285
0.01714
0
0.07712
0.10416
0
0.35936
0.04766
0
0.12019
0
0
0
0.06322
0
0
0
0
0
0
0
0
0
0
0
0
0
0
0
0
0
0
0
0
0
0
0
0.10103
0
0.03827
0.58881
0
0
0
0
0
0
0.24716
0
0.11361
0
0
0
0
0.04217
0
0
0
0
0
0.0192
0
0.26851
0
0
0.63409
0
0
0
0
0
0
0
0
0.11994
0
0.2103
0.1351
0
0
0.31669
0.05685
0
0.15146
0
0.01521
0.1678
0
0
0
0
0
0.05873
0
0.11494
0.09027
0
0
0
0
0
0
0
0
0
0.05732
0
0
0.06024
0
0
0
0
0.0713
0.05395
0
0
0
0
0
0
0
0
0
0
0
0
0.26244
0.01608
0.47563
0
0
0.10931
0
0.07384
0
0
0
0
0.20846
0
0.06335
0
0.04649
0
0
0
0
0
0
0
0
0
0
0
0.01625
0
0
0
0
0
0
0
0
0
0
0.05916
0
0
0
0
0
0
0
0
0
0
0
0
0
0
0
0.06754
0
0
0
0.06375
0
0
0.08657
0
0
0
0
0.04038
0
0.76949
0.06861
0
0
0.13918
0.75101
0
0
0
0.06256
0
0
0
0
0
0
0.14138
0
0
0
0
0
0
0
0.67563
0.20654
0
0
0
0
0
0.0386
0
0
0
0.0688
0
0.11132
0
0.21786
0
0
0
0.04605
0
0.04386
0.04316
0
0
0
0
0.40978
0
0
0
0.29531
0
0.01451
0.04218
0.19338
0
0.05334
0
0
0
0.08473
0.04523
0
0
0
0
0.05167
0
0.29109
0.28967
0.21603
0.05195
0
0
0
0
0
0.01671
0
0
0
0.7957
0
0
0
0.06156
0
0.06886
0
0
0.01478
0
0.06136
0
0
0.04715
0
0
0
0
0.4246
0.05296
0
0
0.72679
0
0
0
0.28987
0
0
0
0.20151
0.07177
0
0
0
0
0.03805
0.40015
0
0
0
0
0
0
0.03893
0
0
0
0
0
0
0.05395
0
0
0.05876
0.14788
0
0
0
0.22907
0
0.05303
0
0
0
0.21444
0
0
0.1556
0.06202
0
0
0.04749
0
0
0
0
0
0
0
0.30544
0.06802
0
0.1138
0
0.04516
0.07153
0.06927
0
0.10064
0.03018
0
0
0
0
0
0.12276
0.06948
0
0.72451
0.06361
0
0
0.06094
0.12492
0
0.05341
0
0
0.04936
0.41786
0.07181
0.05796
0
0.15138
0
0
0
0
0
0.03762
0
0
0.51769
0
0
0
0.04521
0.16386
0.06467
0
0.05961
0.42792
0.19716
0
0
0.04843
0
0.76802
0
0
0
0.22575
0
0
0
0
0.05978
0.11089
0.09346
0
0
0
0.06095
0
0.13555
0
0.17044
0.26069
0
0
0.2052
0
0
0
0
0
0.38063
0
0
0
0
0
0
0
0.0301
0.07189
0
0
0.12993
0
0
0
0
0
0
0.35298
0
0
0
0
0
0.32626
0
0.56776
0
0
0
0
0.47791
0.66648
0
0.09096
0.27809
0.03229
0.62668
0
0
0
0
0.27332
0.43268
0
0
0
0
0
0
0.09776
0
0
0.16994
0.05182
0.10692
0
0
0.05839
0
0.70742
0
0
0
0
0
0
0
0.29044
0
0.10938
0.01789
0
0.20836
0
0
0
0.06343
0
0
0.03522
0
0.26609
0
0.17275
0
0
0
0.05428
0.24866
0.06131
0
0
0
0.05259
0
0
0
0.04941
0
0
0
0
0
0
0.05444
0
0
0
0.1345
0
0
0.25449
0
0
0.04526
0
0.43776
0
0.0587
0
0
0.04957
0
0.18005
0
0
0.13846
0
0
0
0.42102
0
0
0.15529
0
0.05054
0.27733
0.16766
0
0
0.09056
0
0
0
0
0
0
0
0
0
0.05911
0
0.14949
0
0
0
0
0
0
0
0.06265
0
0.01856
0
0
0.10161
0
0
0
0
0
0
0
0
0
0.81466
0
0
0.06066
0
0.19529
0.05891
0
0
0
0
0
0
0
0
0
0
0
0
0
0
0
0
0
0
0
0
0
0
0
0
0
0
0
0.19412
0
0.6432
0
0
0.06491
0.11216
0
0
0
0
0.53521
0
0
0
0
0
0
0
0.40634
0.05041
0
0.04129
0
0.20878
0.4575
0
0.10628
0.07433
0.17576
0.19182
0
0
0
0
0
0
0.19238
0
0.17563
0.06877
0
0
0
0
0
0
0.29081
0
0
0
0
0
0
0
0
0
0.15627
0.21889
0
0
0.25447
0.05925
0
0
0
0.05233
0
0.0922
0
0
0.243
0
0
0.10332
0.05505
0
0
0
0
0
0.10062
0
0
0
0.04756
0.41119
0
0
0
0.25121
0.42006
0.04347
0.04624
0
0.05873
0.05235
0
0
0
0.07978
0
0
0
0.05797
0
0
0
0
0.19054
0
0.03862
0.2399
0
0
0
0
0
0
0
0
0
0
0.23079
0
0
0
0
0
0.13658
0
0.19133
0
0
0
0
0.21875
0
0.05552
0
0
0
0
0.03651
0.02082
0
0.30897
0.1189
0
0
0
0
0.09079
0
0
0.04682
0
0
0.22922
0.02032
0
0
0.21339
0.19689
0.09701
0
0.05744
0
0
0
0
0.80635
0.04692
0
0
0.05675
0.05625
0
0
0.28161
0
0
0
0
0
0
0
0.30262
0.11237
0
0
0
0.29102
0.40373
0
0
0.05647
0.16659
0
0.04669
0
0
0.02369
0.04323
0
0
0.48921
0
0.49715
0
0
0
0.04494
0
0
0
0
0
0
0.40455
0.05041
0
0.95118
0
0.2216
0
0
0
0.22406
0
0.03007
0
0
0
0
0
0
0
0.01508
0
0.37806
0
0
0
0
0
0
0
0
0.05182
0.05909
0
0.01672
0.06265
0
0.69092
0
0
0
0.04531
0
0.07332
0.19072
0
0.1542
0
0.07223
0.01671
0
0.06448
0
0
0
0
0
0
0
0.40445
0
0.30759
0
0
0
0.20088
0.30075
0.10782
0
0.42516
0.76827
0
0
0.04222
0
0.14412
0
0.05893
0.10953
0
0.05195
0
0
0.28854
0
0
0
0
0.06231
0.06087
0
0
0
0
0.46667
0.04812
0
0
0.06245
0.4295
0
0
0.36981
0
0.04921
0.32293
0
0
0
0
0
0
0
0
0
0
0.23482
0.32867
0
0.72347
0
0.03953
0
0
0
0
0
0
0
0
0
0
0.04561
0.28114
0
0.02154
0
0
0
0
0
0.05034
0
0.6192
0
0.5362
0
0.04727
0.60843
0
0.06889
0
0.04607
0
0
0.02314
0
0
0.08412
0
0
0
0.26708
0
0
0.07393
0
0
0
0.06437
0
0
0.05661
0
0.04968
0
0
0.19371
0.10439
0
0.10105
0
0
0
0.34012
0
0.28555
0.03765
0
0
0
0
0
0
0
0
0.05608
0
0.26986
0
0
0
0.0671
0
0
0.10816
0
0
0
0
0.59389
0
0
0.04637
0
0
0
0
0.51706
0
0
0.27637
0
0
0.04881
0
0.06072
0
0
0
0
0.04468
0
0
0
0.21636
0.20899
0
0
0.04687
0
0
0
0
0.03316
0
0.17485
0
0.05599
0
0.06588
0
0
0
0.23853
0
0
0
0.03046
0.2203
0
0
0
0
0
0.37417
0.19845
0
0
0
0.2016
0.06089
0
0.04858
0
0.05875
0
0.22154
0
0.05925
0
0.06686
0.14566
0
0
0
0
0.02026
0
0.04986
0.04245
0
0
0
0.31954
0.04531
0.16075
0.0531
0
0
0
0.05611
0.06217
0
0
0.04904
0.10542
0.01476
0
0
0.04747
0.62067
0.09131
0
0
0.01447
0
0.26993
0.50016
0.02454
0.47718
0.15475
0.05117
0
0.01494
0
0
0
0
0
0
0
0
0
0.09241
0
0
0.05693
0
0.22617
0
0
0.16199
0
0
0
0
0.20001
0.01526
0
0.04334
0
0.01936
0.05195
0.05221
0
0.06496
0
0
0
0
0
0
0
0
0.10939
0
0
0.26878
0
0
0
0
0
0.17991
0
0.04544
0.20906
0
0
0
0
0.16674
0
0.04766
0.37972
0
0
0.61088
0
0.2056
0
0.03637
0
0
0.02076
0
0
0
0.04491
0.09109
0
0.04306
0
0.01893
0
0
0.1583
0
0.35416
0
0.13575
0
0
0
0.01695
0
0
0
0.37577
0.04531
0.03818
0
0
0
0
0.20612
0.43153
0
0
0
0
0
0
0
0
0.4881
0.04695
0
0
0.38543
0.19742
0
0
0
0.09589
0
0.23607
0
0
0
0.05902
0
0.05587
0
0.16357
0.04848
0.09173
0.30954
0
0
0.05504
0.24897
0.12213
0
0
0.05078
0
0.06086
0.03051
0
0.07701
0
0
0
0
0
0.14672
0.37528
0
0
0
0
0
0
0
0
0
0
0.05065
0
0.27659
0
0.05071
0
0
0
0
0
0.23756
0
0
0.35502
0.22599
0.29327
0.05084
0.44789
0
0.02082
0.06557
0
0
0.12763
0
0.01871
0.06691
0
0.04906
0
0
0.32935
0.03643
0
0.12207
0
0
0
0
0.04864
0
0.01521
0
0
0.05045
0
0
0
0.04198
0
0
0.08717
0
0.10168
0.10412
0
0
0.06294
0
0
0.10966
0
0
0.03217
0
0
0
0
0
0
0
0
0.27576
0.31019
0
0
0.07321
0.05284
0
0
0.17664
0
0.13453
0
0
0.04685
0.2439
0
0.40532
0
0.06138
0.18485
0
0
0
0.0322
0
0.13566
0.46503
0
0
0
0.02956
0
0.12551
0.29297
0
0.25868
0.04777
0
0.37046
0.1492
0.05505
0.20522
0.20089
0.01448
0.43611
0.05473
0.13122
0.05032
0
0
0.15631
0
0
0
0.01655
0.08402
0
0.48437
0
0.07085
0
0
0
0
0.29068
0
0
0
0
0
0
0
0
0.06056
0
0.04707
0
0
0
0.06674
0
0
0
0
0.05601
0
0.04481
0
0.29411
0
0
0
0
0
0
0.1949
0
0.04765
0
0
0
0.15644
0.28651
0.40317
0
0
0.57519
0
0.39755
0.10507
0.03217
0.52842
0
0.01848
0
0
0.07915
0
0
0
0
0
0
0
0
0.34622
0.18222
0.34065
0
0
0
0.25495
0
0.09156
0.24367
0
0.0518
0
0
0.6273
0
0
0
0.09272
0.04342
0
0
0.21597
0
0
0
0.28223
0
0
0
0.28315
0
0
0
0
0
0
0
0
0.0433
0.20763
0
0.06124
0
0.0556
0
0
0.12204
0
0
0.26569
0
0.05062
0
0
0.017
0.24014
0.08504
0.06128
0
0
0
0
0.04937
0.05031
0.1274
0
0
0
0
0
0.30303
0.18383
0.06384
0
0.08314
0
0
0.13517
0
0
0.34774
0
0
0
0.05624
0.05867
0
0.02117
0
0
0.46332
0
0
0
0.04524
0
0.17527
0
0
0
0.16722
0
0.13861
0
0.51835
0
0
0
0
0.51161
0
0.13728
0
0
0.36136
0
0
0
0
0.05129
0.32883
0.47939
0
0.08422
0
0.15878
0.04929
0
0.08515
0
0
0.23159
0
0
0
0
0.05886
0.12182
0.05038
0
0
0.13519
0.01702
0
0.06341
0
0
0.05034
0.05881
0.07389
0
0.01618
0
0.4286
0
0
0
0
0
0
0
0
0.04726
0
0
0.16791
0.17447
0
0
0.02432
0.20515
0.09332
0.13877
0
0
0
0
0
0
0
0.02977
0.30209
0.22261
0.05041
0.01719
0.05112
0.30967
0.44383
0.04287
0.04187
0.05124
0
0
0.24058
0.23937
0.30961
0.20888
0.20941
0
0
0
0
0.11212
0
0.03402
0
0.49139
0
0
0
0
0.04952
0
0
0
0
0.21913
0
0.44383
0.05105
0.09697
0.06213
0
0
0
0
0
0
0
0
0
0
0
0
0
0.10186
0
0
0.22024
0.05491
0.02982
0.04502
0
0
0
0
0.21772
0.18521
0
0
0.1489
0.35863
0.14095
0.10608
0
0
0.02107
0.15975
0
0
0.17461
0.15829
0.10046
0
0.15835
0.58983
0.21287
0.0606
0.04507
0.15946
0
0.17348
0.13075
0
0
0.09226
0
0
0.20813
0.18721
0
0
0
0
0
0
0
0
0
0
0
0
0
0
0
0
0
0
0
0
0
0
0
0
0
0
0
0
0
0
0
0
0
0
0
0
0
0
0
0
0
0
0
0
0
0
0
0
0
0
0
0
0
0
0
0
0
0
0
0
0
0
0
0
0
0
0
0
0
0
0
0
0
0
0
0
0
0
0
0
0
0
0
0
0
0
0
0
0
0.23454
0
0
0
0
0
0
0
0
0
0
0
0
0
0
0
0
0
0
0
0
0
0
0
0
0
0
0
0
0
0
0
0
0
0.03973
0
0
0
0
0
0
0
0
0
0
0
0
0
0
0
0
0.27391
0
0
0
0.27423
0
0
0
0
0
0
0
0
0
0
0
0
0
0
0
0
0
0
0
0
0
0
0
0
0
0
0
0
0
0
0
0
0
0
0
0
0
0
0
0
0
0
0
0
0
0
0
0.03949
0
0
0
0
0
0.10305
0
0
0
0
0
0
0
0.01977
0
0
0
0
0
0.08873
0
0
0
0
0
0
0
0
0
0
0
0
0
0
0
0
0
0
0.23404
0
0
0
0
0
0
0
0
0
0.05874
0
0
0
0
0
0
0
0
0
0
0
0
0
0
0
0
0
0
0
0
0
0
0
0
0
0
0
0
0
0
0
0
0
0
0
0
0
0
0
0
0.01993
0
0
0
0
0.08877
0.01988
0
0
0
0
0
0
0
0
0
0
0
0
0
0
0
0
0
0
0
0.04828
0
0
0
0
0
0
0.11251
0
0
0
0
0
0
0
0
0
0
0
0
0
0.38643
0
0.15157
0
0
0.33209
0.15159
0
0
0
0.03215
0
0
0
0
0
0
0
0
0
0
0
0
0.07971
0
0
0
0
0
0
0
0
0
0
0
0
0
0
0
0
0
0
0
0
0
0
0
0.09589
0
0
0.21527
0.03217
0
0.37154
0
0.35206
0
0
0
0
0
0
0
0
0
0
0
0.0161
0
0
0
0
0
0
0.03276
0
0
0
0
0
0
0
0
0
0.04743
0
0
0
0
0
0
0
0
0.04964
0
0
0
0
0
0
0
0
0.03961
0
0
0
0
0
0
0
0
0
0
0
0
0
0
0
0
0
0.04753
0
0
0
0
0
0
0
0.04828
0
0
0
0
0
0
0
0
0.04828
0
0
0
0
0.37754
0
0.37005
0
0
0
0
0
0
0
0.08097
0
0
0
0
0
0
0
0
0
0
0
0
0
0
0
0
0.04838
0.23402
0
0
0.20231
0
0
0
0
0
0
0.31218
0
0
0
0.04836
0
0.16582
0
0
0
0.01946
0
0
0
0
0
0
0
0.11682
0.1776
0
0.06195
0.17567
0.16636
0.02025
0
0
0
0
0.06098
0.04766
0
0
0
0
0
0
0
0.06165
0.06155
0
0
0
0
0
0
0
0
0
0
0
0
0
0
0.06144
0
0.06256
0
0
0
0
0.21517
0
0
0
0
0
0
0.18175
0.59542
0
0
0
0
0
0
0
0
0
0
0
0.01587
0.06091
0
0
0
0
0
0
0
0
0
0
0.07389
0
0
0
0.04849
0
0
0.13881
0
0
0
0
0
0
0.52568
0
0.20689
0
0
0
0
0
0
0
0
0
0
0
0
0
0
0
0
0.0736
0.52837
0.07298
0.04754
0.07383
0
0.06147
0
0
0.0613
0
0
0.07359
0
0
0
0
0.07363
0
0
0.37164
0.06356
0
0
0
0.08022
0
0.05971
0
0
0.11752
0
0.04767
0
0
0.25388
0.13543
0
0
0.04848
0
0
0.11339
0.4723
0
0.116
0
0
0
0
0
0
0
0
0
0
0.07366
0
0.14068
0.07375
0.04457
0
0
0.09817
0
0
0
0
0
0.04774
0
0
0.12738
0
0
0
0.06103
0
0.12952
0.02007
0
0
0
0
0
0.16527
0
0
0
0
0
0
0
0
0
0
0
0.53242
0.11155
0.11057
0
0
0
0
0
0.06055
0
0.20733
0
0
0.06077
0
0.04837
0
0
0
0
0
0
0
0
0.35504
0.20335
0
0.17416
0
0
0
0.0247
0.09678
0
0
0
0.062
0
0.04901
0.13348
0.66441
0.16789
0
0.23509
0
0
0.04833
0
0
0
0.06156
0
0
0
0
0
0.59607
0.01744
0
0.05272
0.06237
0
0.12488
0
0
0.2348
0
0.09708
0
0
0.72985
0
0.04846
0
0.04872
0
0.02117
0
0
0
0
0
0.07387
0.13768
0
0.03263
0
0.11636
0.39592
0.06221
0.06133
0
0
0
0.06124
0
0
0
0
0
0
0
0
0
0
0.63273
0
0
0
0.17317
0
0.04898
0.13818
0
0
0
0.23879
0
0.04857
0
0.0971
0
0.44758
0
0.11862
0
0
0
0
0
0
0
0.06396
0
0.14062
0
0
0
0
0
0.18179
0
0.06117
0
0
0
0
0.13877
0
0
0
0
0
0
0
0
0
0.18753
0.0634
0
0
0.02035
0
0.04088
0.0605
0.25621
0
0
0
0
0
0
0.08072
0
0
0
0.12813
0.04868
0.06058
0
0.06068
0
0
0.75919
0.06207
0.06251
0
0
0.14022
0.21402
0.20597
0
0.15155
0.06112
0.04197
0
0
0.39453
0
0.2212
0
0.46456
0
0
0.07747
0
0
0
0
0
0
0.15817
0.0403
0.19011
0
0
0
0.04941
0.67778
0.14137
0.03319
0
0.68612
0.06124
0.0574
0
0
0.15111
0
0.55419
0.08487
0
0
0
0
0
0
0.54757
0
0.16267
0.09848
0
0
0.23617
0.01653
0.06329
0
0
0
0
0
0
0
0.06231
0
0
0.70009
0
0
0
0
0.75019
0
0.16165
0.16361
0.04894
0
0.09632
0
0
0.06133
0.20688
0
0.09728
0.28346
0
0
0
0.13973
0.04943
0.20966
0
0.20822
0
0
0.02124
0.06598
0
0.0638
0
0
0.06207
0.1284
0
0
0
0
0
0
0.18061
0.18452
0
0
0
0
0
0.20849
0
0
0
0
0.64855
0.06314
0
0.41034
0.06302
0
0
0
0
0.20905
0.23009
0.7251
0
0.74581
0
0
0.24885
0
0
0
0.05005
0
0.25197
0
0.49457
0
0
0
0
0
0
0
0
0.1119
0
0.20674
0.05042
0.15819
0
0.11328
0.18505
0.16412
0.32538
0
0.53707
0
0.09764
0.20862
0
0
0.22583
0
0
0
0
0
0
0
0
0.25338
0
0
0.0612
0
0
0
0
0
0
0
0.02452
0
0.09541
0
0
0.0895
0
0
0
0
0
0
0.09535
0
0.07871
0
0
0
0
0
0
0
0
0.11173
0
0
0
0
0
0.03331
0.06305
0.18102
0
0
0
0
0
0
0
0.05074
0.19035
0
0
0.08032
0
0
0
0
0
0
0
0
0
0.56541
0
0.22964
0
0.11319
0.23011
0
0
0
0
0.15748
0.05005
0.22113
0.06135
0
0.11065
0.05111
0
0.11172
0.11336
0
0.21882
0
0.1129
0
0.11199
0
0
0.4433
0.06153
0
0.01699
0
0.05712
0
0
0
0.20772
0
0
0
0
0
0
0.16654
0
0
0.2449
0
0
0
0
0.09354
0
0
0
0
0
0.04931
0
0
0.05035
0
0.23501
0.6183
0.05062
0.56271
0
0.06401
0.27275
0
0.06203
0
0
0.06325
0
0
0.15057
0
0
0
0
0.19147
0
0
0
0
0.19284
0.0352
0
0
0
0.0639
0
0
0
0.18932
0.05127
0.24311
0
0.06555
0
0
0.16449
0
0.65843
0
0
0
0.21247
0
0
0
0
0
0
0.0929
0
0
0.03557
0
0
0
0.02148
0
0
0.0165
0
0.06281
0
0
0.11046
0
0.1129
0
0.01918
0
0
0
0
0
0.20681
0.3574
0
0
0
0
0.02042
0
0.03409
0
0.04986
0.09254
0.14196
0.06
0.05089
0
0
0
0
0
0
0
0.11039
0
0
0
0
0
0
0
0
0
0
0
0
0
0
0
0
0
0
0.01778
0.04999
0
0
0.05712
0
0.05729
0
0.18544
0
0
0
0
0
0
0
0
0.05654
0
0
0
0
0
0
0
0
0
0.08439
0
0
0
0
0
0
0
0
0
0
0
0
0
0
0
0
0
0.0623
0
0
0
0.10042
0
0.39341
0
0
0.05591
0
0
0
0
0
0
0
0
0.42404
0.02122
0
0
0
0
0
0.06279
0
0.06208
0
0
0
0
0.23099
0
0
0
0
0
0
0
0.04328
0
0.05016
0
0
0
0
0
0
0
0
0
0
0
0
0.03547
0.10905
0
0
0
0
0.05656
0
0
0
0.06769
0.03807
0
0
0
0
0
0.05635
0
0
0
0
0
0.05078
0
0
0
0
0
0
0
0
0
0
0
0
0
0
0.05755
0
0
0
0.0563
0
0
0.1008
0
0.05697
0
0
0
0.05075
0
0
0
0
0
0
0
0
0
0
0
0
0
0
0
0
0
0
0.0327
0
0.03793
0
0
0
0
0.05097
0
0
0
0
0
0
0.01453
0
0.2212
0
0
0
0
0
0
0
0
0
0
0
0.0931
0
0
0.11164
0
0
0
0
0
0.14527
0.04368
0
0
0.05097
0.01698
0.07384
0
0
0
0
0
0
0
0
0
0
0
0
0
0
0
0
0.0145
0
0
0.05593
0
0
0
0
0
0
0
0
0
0
0
0.05027
0
0
0
0
0
0
0
0.01864
0.01864
0
0
0
0
0.01898
0
0
0
0
0
0
0
0
0.05692
0.05643
0
0
0
0
0
0.05609
0
0
0
0.05594
0
0
0
0
0
0
0.15028
0
0
0
0
0
0
0
0
0
0
0
0
0
0
0
0
0
0
0
0
0
0
0
0.12827
0
0
0
0
0
0
0
0
0
0
0
0
0
0
0
0
0.04502
0
0
0
0
0
0
0
0
0
0
0.11044
0
0
0
0
0
0
0
0
0
0
0
0
0.14515
0
0
0
0
0
0
0
0
0
0
0
0
0
0
0
0
0
0
0
0
0
0
0
0.05122
0
0
0
0
0.0564
0
0
0
0.01721
0
0.04356
0
0
0
0
0
0
0
0
0
0
0
0
0.05646
0
0
0
0
0
0
0
0
0
0
0.03433
0
0
0
0
0
0
0
0.04464
0
0
0
0
0
0
0.03417
0
0
0
0
0
0
0
0
0
0
0
0
0
0
0
0
0
0
0
0
0
0
0
0
0
0
0
0
0
0
0
0
0
0.01634
0
0
0.0447
0
0
0
0
0
0
0
0
0
0
0
0
0
0
0
0
0.04409
0
0
0
0
0
0
0.04451
0.04941
0
0
0
0
0
0
0
0
0.04979
0
0
0
0
0
0
0
0
0
0
0
0
0
0
0
0
0
0
0
0.0165
0.04426
0
0
0
0
0
0
0
0
0.04932
0
0
0
0
0
0
0
0
0
0
0
0
0
0
0.04928
0.03435
0
0.04963
0
0
0
0
0.05074
0
0.05052
0
0
0
0.04929
0.04429
0
0
0
0
0
0
0
0
0
0
0
0
0
0
0
0
0
0
0
0
0
0
0.04412
0.03044
0.01653
0
0
0
0.04909
0
0
0
0
0
0
0
0
0
0
0
0
0
0.04466
0
0
0
0.0445
0
0
0
0.03306
0.07728
0
0
0
0.04421
0
0
0
0
0
0
0
0
0
0
0
0
0
0
0.04921
0
0
0
0
0
0
0
0
0
0
0
0
0
0
0
0
0
0
0
0
0
0
0
0
0
0
0
0
0
0
0
0
0
0
0
0
0
0
0.04469
0
0
0
0
0
0
0
0.04562
0
0.03286
0
0
0
0
0
0.04439
0
0
0
0
0
0.0504
0
0
0
0
0
0
0
0.04547
0
0
0
0
0
0
0
0
0
0
0
0
0
0
0
0.0496
0
0
0.04944
0
0
0
0
0
0
0
0.04977
0
0
0
0
0
0
0
0
0
0
0
0.04446
0
0
0
0
0
0
0
0
0
0
0
0
0.0509
0.04477
0
0
0
0
0
0.04979
0
0
0.045
0
0
0
0
0
0
0
0
0
0
0
0.04515
0
0
0
0
0
0.04923
0
0
0
0
0
0.01507
0
0.04513
0
0
0.04546
0
0
0
0.05034
0
0.04494
0
0
0
0
0
0
0
0
0
0.03061
0
0
0
0.04451
0.04559
0
0
0
0.01511
0
0.05002
0
0.04438
0
0
0
0
0
0
0.04519
0
0
0
0.07723
0
0
0.04938
0.05063
0
0.04654
0
0
0
0
0
0.04488
0
0.05022
0
0
0
0
0
0
0
0
0
0
0.01665
0
0
0
0
0.06339
0
0.04537
0
0
0
0
0
0
0
0
0
0
0.04538
0
0.0463
0.01711
0
0
0.04479
0
0
0
0
0
0
0
0
0
0
0
0
0
0
0.05077
0
0
0
0
0
0.05096
0
0
0
0.04687
0
0
0
0
0
0
0
0
0
0
0
0
0.04544
0
0
0.05128
0
0
0.0168
0
0
0.05046
0
0
0
0
0
0
0
0
0
0
0
0
0.01566
0
0
0
0
0
0
0
0.01552
0
0
0
0.051
0
0.04973
0
0
0
0.03408
0.31045
0
0
0
0.04584
0
0.15913
0
0
0.04773
0.04659
0.01694
0
0
0
0.05007
0
0
0
0
0
0.38041
0
0
0
0
0
0
0
0
0
0
0
0.05112
0.04662
0
0
0.04755
0
0
0.06341
0.01534
0
0.06357
0
0
0.02135
0.05049
0
0
0
0
0
0.06371
0
0
0
0
0
0.07998
0
0.03431
0
0
0.04714
0
0
0
0
0
0.05136
0
0
0.1659
0
0
0
0
0
0
0
0.24893
0
0
0
0
0
0
0.03429
0
0
0.04724
0
0
0
0.03063
0.0467
0.01554
0
0
0
0.11114
0
0
0.04616
0.06362
0
0
0.04642
0
0
0
0.01519
0
0
0
0.04659
0
0
0.04745
0
0
0
0
0.05126
0
0
0.51378
0
0
0
0.0821
0
0.04588
0
0
0
0
0
0
0
0
0
0
0
0
0
0
0
0
0
0
0
0
0
0
0.04603
0
0
0.04624
0.04634
0.04635
0
0
0.11926
0
0
0
0
0
0
0
0
0
0
0
0
0.47866
0
0
0
0.19209
0
0.046
0
0
0
0
0
0
0
0
0
0
0.11916
0
0
0
0
0
0
0.25762
0
0
0
0.04652
0
0
0
0
0
0
0
0
0.07479
0
0
0
0.15031
0
0
0
0
0
0
0
0
0
0
0.49266
0
0.05016
0.01665
0
0
0
0
0
0
0
0
0.23753
0
0.4006
0
0
0.04673
0
0
0
0
0
0
0
0
0.21881
0
0.14225
0
0
0
0.07322
0
0.03706
0
0.04826
0.30263
0
0
0
0.09169
0
0.33368
0
0
0
0
0
0
0.16671
0
0
0
0
0
0
0
0
0
0.07304
0
0.03169
0.39804
0
0
0
0
0.35707
0.33526
0
0
0.07627
0
0.36862
0
0
0.26639
0
0.04781
0.23758
0
0
0
0
0
0
0
0
0
0.29566
0
0.07174
0
0
0.10949
0.32611
0
0
0.1489
0.07343
0
0
0
0.04779
0
0
0
0
0.28365
0
0
0
0
0
0
0
0.65397
0
0
0.32341
0
0
0.43915
0
0
0
0.55891
0
0.06738
0.35062
0
0
0.04736
0
0
0
0
0
0
0
0.53675
0.41673
0
0
0
0
0
0
0
0.01572
0.10356
0
0
0
0
0
0.16757
0.53163
0
0
0
0.02387
0.43034
0
0
0.07325
0
0
0
0.20023
0
0.10363
0
0
0.49123
0
0
0
0.57516
0
0
0
0
0
0
0
0
0
0
0.35614
0
0
0
0.30676
0
0.07117
0
0
0.04803
0
0
0
0
0
0
0
0
0.52014
0
0
0
0
0
0
0
0
0.31383
0
0
0
0
0
0
0
0
0
0.44038
0
0
0
0
0
0.33818
0
0
0
0
0
0
0
0
0.28614
0.26576
0
0.04788
0
0.1346
0.36887
0
0
0.16714
0.39049
0
0
0
0.69862
0
0
0
0
0
0
0.05495
0
0
0
0
0
0
0
0.04789
0.06634
0
0.04766
0
0.12694
0
0.35757
0
0.22426
0.04724
0.244
0
0
0
0
0
0
0
0
0
0
0
0.19951
0
0.24686
0.05504
0.49065
0
0
0
0
0.6579
0
0.01595
0
0
0.39055
0
0
0
0
0
0
0
0
0
0
0.10408
0
0
0
0
0.07143
0
0
0
0
0
0
0.05518
0
0.5459
0
0.34657
0
0.03707
0.15739
0
0
0.2174
0
0.27595
0
0
0
0
0.10417
0
0
0
0
0.66008
0
0
0
0
0
0
0.22615
0
0
0
0.3149
0.12689
0
0
0
0.0556
0
0
0.01845
0.63287
0
0
0
0
0.56365
0
0
0
0.27888
0.42418
0
0
0
0
0
0
0
0.63452
0
0
0
0
0
0.01606
0
0
0
0
0.38597
0
0
0.26078
0.17325
0
0.62543
0
0.05331
0
0
0
0
0
0
0
0
0.01852
0.2783
0.18359
0
0
0.05365
0
0
0
0.10386
0
0.45581
0
0
0
0
0
0.53655
0.49399
0
0
0
0
0
0.24254
0
0
0
0
0
0.58677
0
0
0
0
0.45759
0
0.35119
0
0
0
0
0.22628
0.44024
0
0
0
0.15006
0
0
0
0.55404
0.17669
0
0
0.47365
0
0
0
0
0.15714
0
0.43795
0.07144
0
0.05881
0.6799
0
0
0.30961
0
0
0.4001
0
0.39029
0
0
0
0
0
0
0
0.07115
0
0
0.07156
0
0
0.07162
0
0
0.38442
0
0.20277
0
0.10431
0
0
0.05415
0
0
0.30962
0
0
0
0
0.19984
0
0.07099
0
0
0
0
0
0
0
0
0
0
0
0
0
0
0
0.65216
0
0
0
0
0
0.07199
0
0
0.19305
0.01984
0
0
0
0.02028
0.27398
0.15697
0.59316
0.17203
0
0
0.05399
0
0
0
0
0
0
0.19019
0
0
0
0
0
0
0
0.12752
0
0
0
0.05349
0
0
0
0
0
0.22014
0
0
0
0.06127
0
0.05344
0
0.20841
0
0
0
0
0.23994
0
0
0.08926
0.16634
0.05355
0.01798
0.12662
0
0.48207
0
0
0
0
0
0.06826
0
0
0.4649
0
0
0
0
0
0
0.45726
0
0
0
0
0
0.05941
0
0
0
0
0
0.11703
0
0.05963
0
0
0
0
0
0
0.17351
0.10644
0
0
0
0
0
0
0
0
0
0
0
0
0
0.50811
0.15148
0.12755
0
0.12753
0
0
0.17285
0
0
0
0
0
0
0
0
0
0.145
0.10548
0.20243
0
0
0
0
0
0
0
0.06982
0
0.05912
0
0.08535
0
0.2263
0
0
0
0.19379
0
0
0
0.12845
0
0
0
0.19617
0
0
0
0
0
0.17048
0
0
0
0.17234
0
0
0
0
0.03986
0
0.46876
0
0
0
0
0.07005
0
0
0
0
0
0.02241
0
0
0
0
0
0
0.05908
0
0
0
0
0
0
0
0.06715
0.0602
0.04304
0
0
0
0
0.05029
0
0.05866
0
0
0
0
0
0
0.04304
0.12665
0
0
0
0
0
0
0
0.06439
0.08401
0
0
0
0
0
0
0.0518
0
0
0
0
0.05166
0.04146
0.03356
0
0.05204
0
0
0
0
0
0
0
0.03941
0
0.19522
0
0
0
0
0
0.17645
0
0
0
0
0
0.0852
0
0
0
0
0.06319
0
0
0
0
0
0
0
0
0
0
0
0
0
0.04764
0
0.10829
0.06075
0
0
0
0
0.03547
0.16768
0
0
0
0
0
0
0
0
0
0.15184
0
0.0615
0
0
0.06099
0
0.05195
0.03468
0
0
0
0.06696
0.13408
0.12898
0.16034
0.1495
0
0
0
0
0
0
0
0.01683
0.14782
0.0366
0
0
0
0
0
0
0.0391
0.06118
0
0
0
0
0
0
0
0
0
0.06016
0
0
0
0
0
0
0
0
0
0.05185
0.18842
0
0
0
0
0
0
0
0
0
0
0
0
0
0.12838
0
0
0.03444
0
0
0
0.06366
0
0
0
0
0.02299
0
0.01723
0
0.12999
0
0
0.05933
0
0
0
0.1291
0
0
0
0
0
0
0
0
0
0.15856
0
0.04602
0
0
0
0.05985
0
0
0
0
0
0.0517
0
0
0
0
0
0.13247
0
0
0
0
0
0
0.01807
0
0
0
0
0
0
0
0
0
0
0
0
0
0
0.13496
0
0.08134
0
0.12977
0
0
0
0.0605
0
0
0
0
0.10934
0
0.05471
0
0.13004
0
0.1294
0.05334
0.13154
0.06135
0
0.05373
0.0545
0
0
0.05479
0
0
0.05515
0
0
0
0
0
0.12946
0
0
0
0
0
0
0
0
0
0.05488
0
0
0
0
0
0
0
0.08895
0
0
0
0
0
0.05941
0
0.1311
0
0
0
0
0.05485
0
0
0.0621
0
0
0
0
0
0
0.05501
0
0
0
0.0613
0
0
0
0.061
0
0
0
0
0
0
0.10295
0.05431
0
0
0
0
0
0
0.05376
0
0
0
0
0
0
0
0
0.05371
0
0
0
0
0
0.05967
0
0
0.05368
0
0
0
0
0
0
0
0
0
0
0
0.15889
0
0
0
0
0.06206
0
0
0.13456
0
0
0.19201
0
0
0
0
0
0
0
0
0
0
0.11012
0
0
0
0
0
0
0
0.05433
0
0
0
0
0
0.05645
0
0
0
0
0
0.13076
0
0
0
0.0548
0
0
0
0.05571
0.13025
0.05394
0.05401
0
0
0
0
0
0
0
0
0
0.10899
0
0
0.05414
0
0
0
0.10919
0
0
0.05298
0
0
0.05409
0
0.05381
0
0
0
0
0
0
0.05493
0.04886
0
0
0
0
0
0.13333
0.0628
0
0
0.05272
0
0
0
0
0
0
0
0
0
0
0
0.04774
0.13157
0
0
0.13242
0
0
0.05397
0.10894
0
0.0721
0.0558
0
0
0
0.1318
0.05473
0
0
0
0.0555
0
0.1336
0
0
0.0549
0.13283
0.05508
0
0.05669
0
0
0.0549
0.03716
0
0.05525
0
0
0
0.03697
0
0
0.135
0
0.13401
0.01867
0
0
0
0.13458
0
0.05445
0
0
0.05587
0
0
0
0
0.17074
0
0
0
0
0
0
0
0
0
0
0
0
0
0
0.10898
0
0.0544
0.05698
0
0
0
0
0
0.05576
0
0.05628
0.05527
0
0
0
0.10913
0
0
0
0
0.05437
0
0
0
0.07158
0
0
0
0
0
0
0
0
0
0
0
0
0
0
0
0
0
0
0
0
0
0.09047
0.0567
0
0
0
0
0
0
0
0
0.01838
0
0
0
0
0
0.10959
0
0
0
0.07246
0
0.02215
0
0
0
0.05694
0
0
0
0
0
0
0
0
0.05746
0.1093
0.05345
0
0.05525
0
0
0
0
0
0
0
0.05206
0
0.05606
0.0834
0.05788
0
0
0
0
0.05561
0
0
0
0.05267
0.05637
0
0.05567
0
0
0
0
0
0.05694
0
0
0
0.01864
0.0247
0
0
0
0
0
0
0.05717
0
0
0
0
0
0
0.05634
0
0
0
0.05666
0
0
0
0
0
0
0
0
0
0.03845
0
0
0
0
0
0
0
0
0
0
0
0
0.05165
0.06804
0
0
0
0
0.04307
0
0.06619
0
0
0
0.1095
0
0
0
0
0
0
0.05318
0
0.05776
0
0.05742
0.10947
0
0
0
0
0.03873
0.05726
0.05262
0
0
0
0
0
0
0
0
0.10964
0
0
0
0
0
0
0.05309
0
0.06589
0.06533
0
0
0
0
0
0.05273
0.05262
0
0
0
0
0
0
0
0
0
0
0
0.06537
0
0
0
0.05171
0.04472
0
0
0.05187
0.01923
0
0
0
0
0
0.03489
0
0
0
0
0
0
0.06593
0.05189
0
0.05735
0
0
0
0
0
0
0
0
0
0
0.05161
0
0
0.06703
0
0
0.03851
0
0
0
0.06764
0
0.05228
0.0649
0
0
0
0
0.06623
0
0
0.06596
0.0342
0
0.06789
0
0
0.0664
0
0
0
0
0
0
0
0
0
0.05769
0
0.06644
0.01922
0
0
0
0
0
0.06562
0
0
0
0
0
0.06469
0.0518
0
0.06638
0
0
0
0.06652
0.06633
0.01907
0
0.09438
0.06834
0
0.05751
0
0
0
0
0
0
0
0
0
0
0
0
0.09432
0.0514
0.05795
0
0
0
0
0.06709
0
0
0
0
0
0.06535
0
0
0
0
0.02312
0.06797
0
0
0
0
0
0.06908
0
0
0
0.06677
0
0
0
0
0
0
0.38576
0
0
0
0
0.04352
0.05208
0
0
0
0
0
0
0.02333
0
0
0
0
0
0
0
0
0.05795
0
0
0.09666
0
0
0
0
0.24362
0
0
0.06924
0
0
0.06616
0
0.06813
0
0
0
0
0
0
0
0.44403
0
0
0
0.47106
0
0
0
0
0
0
0
0.05572
0
0
0
0
0
0
0
0.06598
0
0
0
0.06915
0
0.06561
0.05682
0
0
0.06823
0
0
0
0
0.14078
0
0
0
0
0
0
0
0
0
0
0
0
0
0
0.0571
0.0343
0
0.07608
0
0
0
0
0
0
0
0
0
0
0.42341
0
0
0
0
0.13716
0
0
0
0
0
0
0
0
0.08851
0.06863
0.0679
0
0
0.15666
0
0.06779
0
0.64952
0.0682
0
0.0466
0
0
0
0
0
0
0
0.03724
0
0.0375
0.25877
0
0
0
0
0
0
0.2205
0
0
0
0.58262
0
0
0
0
0
0.69947
0
0.83724
0.08798
0.0697
0
0
0
0
0
0
0
0
0
0.27841
0
0
0
0
0
0
0
0.15021
0
0
0
0
0
0
0.08143
0
0.02149
0
0.35211
0
0
0.46263
0
0
0.2326
0
0
0.38608
0
0.50516
0
0.23408
0
0
0
0
0
0
0
0
0
0
0
0
0
0.30998
0
0
0
0.65881
0.93512
0
0
0
0
0
0.53084
0.17622
0
0
0
0
0
0.29423
0.59972
0
0.0398
0.06745
0.7053
0
0
0
0.56696
0.50823
0.83352
0
0.69144
0.438
0
0
0
0.26712
0.07047
0
0
0
0
0
0
0
0
0.20102
0
0
0.3561
0.01857
0
0
0
0
0
0
0
0
0
0
0.5709
0
0
0
0.14837
0
0
0
0
0
0
0
0
0
0
0.07873
0
0.2886
0
0.21769
0.02005
0
0
0
0
0
0
0.71749
0
0
0
0
0
0
0
0
0
0
0
0
0
0
0.54792
0.10509
0.12888
0
0.37194
0
0
0
0.26388
0
0.29655
0
0.01965
0
0
0
0
0
0.7777
0
0.78051
0.21282
0
0.16149
0
0
0
0
0
0.52297
0
0.41377
0.35461
0.29212
0.92251
0
0
0
0.31085
0
0
0.35078
0
0
0
0
0
0
0
0.51419
0
0
0.2878
0
0.31448
0
0
0.28866
0.67924
0
0.02014
0
0
0
0.35475
0.29066
0.33421
0
0
0.06095
0.31807
0.19736
0
0
0
0.67822
0
0
0
0.05962
0.20892
0.37185
0.4833
0.40637
0.24937
0.36639
0.04857
0.21693
0.30464
0
0
0
0
0
0
0
0.28873
0
0
0.05969
0
0
0
0
0.04843
0
0.28876
0
0
0.35943
0
0
0
0.52336
0.71614
0.91882
0.14902
0.35525
0.87026
0
0
0.33372
0
0
0
0
0
0
0.91411
0
0
0.03207
0.66246
0.46967
0.26451
0
0
0
0
0.45804
0
0.12806
0
0
0
0
0
0.36878
0.01965
0.28715
0
0.34465
0.01598
0
0.43867
0
0
0
0
0.32192
0
0
0
0
0
0.01965
0.0839
0.0588
0.13082
0
0
0
0
0.10939
0
0.47482
0.05903
0
0.21879
0.05894
0.23402
0.35263
0
0
0.73126
0
0
0.30259
0
0.34126
0
0.04845
0
0.47736
0
0
0.3417
0
0
0.22216
0
0
0
0
0.33044
0.35149
0.28979
0
0.3035
0.31011
0
0
0
0.29001
0
0
0
0.21816
0.33799
0
0
0
0
0
0
0.2672
0.66493
0.87385
0.04768
0
0
0
0
0.24098
0.3519
0.35265
0
0
0
0.45868
0
0
0
0
0
0.24373
0.70166
0
0.27056
0.06864
0.28123
0
0.30406
0.27364
0.05842
0
0
0.27512
0
0.15265
0
0.32423
0.04718
0
0.35551
0
0
0.30631
0
0
0
0
0
0.04763
0.78095
0
0.25854
0
0
0
0
0.23825
0.12219
0
0.28899
0
0.35206
0
0
0.28958
0
0
0
0.31935
0.26948
0
0.09163
0
0
0.34779
0
0.34356
0
0
0
0
0
0
0.19673
0
0
0.28987
0.33836
0
0
0.23484
0.32643
0.30587
0
0
0.36286
0.03834
0.04818
0
0
0
0
0.2885
0
0
0
0.14852
0
0.04674
0.17109
0.03121
0.40287
0.37724
0.0438
0.01914
0
0.28969
0.30668
0
0
0.30805
0.12204
0.05822
0.34982
0
0
0.42243
0.0845
0.28872
0.15454
0
0
0
0
0.06916
0
0
0
0
0
0
0
0.2914
0
0.2072
0
0
0.29081
0
0
0
0.10405
0.04388
0.30681
0.1488
0
0
0
0
0
0.05788
0
0
0
0.263
0
0
0
0
0.15156
0
0.32107
0
0
0
0
0
0
0
0.14913
0.05304
0
0.01899
0
0
0
0.11071
0
0.01566
0
0
0.3479
0
0.05748
0
0
0.06563
0
0
0
0
0
0
0
0.12227
0
0
0
0.13329
0
0
0
0
0
0
0
0
0.06533
0
0
0
0.10333
0
0
0
0
0
0.05776
0
0
0.17277
0
0
0.26791
0
0
0
0
0
0
0
0
0
0
0
0.02185
0
0
0
0
0
0
0
0
0
0
0
0
0.14966
0
0
0
0
0
0
0
0
0
0
0
0.0629
0
0.05758
0
0
0
0
0
0
0
0
0
0
0
0
0
0
0
0
0
0
0.04528
0
0
0
0.04522
0
0
0
0
0
0
0
0
0
0
0
0
0.01481
0
0.04534
0
0
0.05719
0
0
0
0
0
0
0.04524
0
0.04525
0.04518
0
0.04515
0.01509
0
0
0
0
0
0
0
0
0.05895
0
0.04511
0
0
0
0
0
0
0
0
0
0.04459
0
0
0.04528
0
0
0.0451
0.04528
0.03014
0.04521
0.04531
0
0
0
0
0
0.04518
0
0
0
0
0
0
0
0
0.04515
0
0
0.04529
0
0.04519
0
0
0
0.04466
0
0
0
0
0
0
0
0
0
0
0.045
0
0
0
0.04535
0
0.04534
0
0
0.04511
0
0.04527
0.01499
0
0
0
0
0
0
0
0
0
0
0
0.11957
0
0
0
0
0
0
0
0
0.0451
0
0
0
0.04532
0
0
0.04498
0
0
0
0
0
0
0.04533
0
0
0
0
0
0
0
0
0
0
0
0.01499
0
0
0
0
0.01482
0
0
0
0
0.14337
0
0
0
0
0
0.0448
0
0
0
0.04458
0
0
0
0
0
0
0
0
0
0
0
0
0
0
0
0
0.05857
0.04455
0
0
0
0
0
0.0447
0
0
0
0.07829
0.0299
0
0.05912
0
0
0.03947
0
0
0
0.04532
0
0
0
0
0
0
0.11292
0
0
0
0
0.04341
0
0
0.04439
0
0
0
0
0
0
0.03541
0
0.0434
0.03951
0
0.31685
0.06109
0
0
0
0.01685
0.05062
0.04347
0.40216
0
0
0
0
0
0.46298
0
0
0.07954
0.01978
0.0498
0.02898
0
0.04458
0
0
0.05889
0
0.04282
0
0
0
0.09618
0.03296
0
0.05048
0
0
0.04919
0
0.04997
0
0.05036
0
0.01767
0.23265
0.01773
0.0145
0.0494
0
0
0.04893
0
0.05921
0
0.04889
0
0.04334
0.21208
0
0.05906
0.01628
0.05879
0.07164
0.4282
0
0
0.44416
0.04946
0
0.05862
0.11954
0.05885
0
0
0.05022
0.07144
0.16716
0.04304
0
0.03938
0.16054
0.24382
0.40463
0.05033
0
0.49657
0.04309
0
0.04773
0.1916
0
0
0.07658
0.46105
0.01978
0
0.04958
0.04294
0.04945
0.24907
0.0493
0.07826
0
0
0
0.05908
0.06364
0.39572
0.03381
0.04809
0.48057
0.01445
0
0.38655
0.3522
0.02086
0.12092
0.31286
0.21799
0
0.09692
0.0585
0.04985
0
0.0501
0
0.11391
0
0.05824
0.04973
0.12013
0.04922
0.04955
0.04948
0.02427
0.01968
0.46542
0.05006
0.04301
0.40381
0
0.44166
0.16385
0.05844
0.29438
0.04986
0.05
0.06215
0.0488
0.06119
0
0.04869
0.11086
0.05867
0.12051
0.38717
0.24086
0.07131
0.31624
0.03254
0.05869
0.15828
0.34252
0.05836
0.09417
0.07234
0.01433
0.04933
0.04904
0.04159
0.28225
0.04856
0.05847
0.35745
0.06584
0.0686
0.04882
0.07206
0.05308
0.04853
0.09338
0.06193
0.38819
0.06206
0.10339
0.05232
0.31272
0.16124
0.06207
0.07134
0.06214
0.26375
0.23167
0.47521
0.15139
0.19103
0.04887
0.05229
0.08435
0.10132
0.2215
0.0479
0.05873
0.40377
0.09166
0.29462
0.22402
0.07124
0.07247
0.20571
0.58856
0.43052
0.21594
0.04237
0.12135
0.23966
0.1534
0.15138
0.16092
0.11934
0.3213
0.16271
0.05853
0.06183
0.05298
0.36053
0.42333
0.05278
0.13433
0.52987
0.47357
0.06874
0.19035
0.16305
0.60031
0.22391
0.04841
0.52261
0.24972
0.04276
0.26723
0.39021
0.23275
0.40273
0.22912
0.09904
0.23135
0.10328
0.05845
0.27672
0.2941
0.17344
0.14752
0.04211
0.07154
0.25335
0.05832
0.07812
0.34229
0.28538
0.11994
0.2177
0.05839
0.27978
0.22855
0.28434
0.11874
0.17177
0.29572
0.28537
0.38632
0.09107
0.16334
0.16274
0.27485
0.32884
0.38686
0.16261
0.10418
0.2783
0.40287
0.36581
0.44975
0.25036
0.32171
0.18257
0.41201
0.23023
0.33075
0.41746
0.0717
0.32965
0.32781
0.06253
0.23034
0.32295
0.17014
0.33007
0.24453
0.13558
0.09912
0.33823
0.26784
0.33724
0.16736
0.37864
0.29528
0.28712
0.39729
0.4752
0.19013
0.32719
0.25503
0.25893
0.26901
0.1656
0.27864
0.30827
0.04245
0.31244
0.36863
0.30308
0.28501
0.3289
0.34235
0.24923
0.17584
0.49541
0.32714
0.12314
0.2015
0.22824
0.3098
0.30283
0.21529
0.32402
0.19662
0.39314
0.17571
0.26703
0.26745
0.16071
0.39716
0.30232
0.24636
0.24
0.24109
0.30228
0.35544
0.33948
0.13892
0.24926
0.36977
0.24886
0.35353
0.23508
0.43728
0.44217
0.26754
0.35417
0.39693
0.24321
0.24218
0.06613
0.35663
0.26273
0.23583
0.30402
0.44257
0.35476
0.41089
0.16076
0.28641
0.26921
0.20189
0.16069
0.22873
0.137
0.45027
0.15577
0.34469
0.15104
0.35505
0.22199
0.26785
0.34004
0.3545
0.15134
0.19569
0.25253
0.46382
0.42633
0
