0.06458
0.32513
0.3249
0.39028
0.36529
0.10392
0.0689
0.06881
0.08735
0.25974
0
0.06898
0.32637
0.1304
0.33472
0.10506
0.1185
0
0.06956
0
0.1709
0
0.06441
0
0.1744
0.06938
0.17107
0
0
0
0
0
0
0
0
0
0
0
0
0
0
0
0
0
0
0
0
0
0
0.15021
0.13317
0
0
0
0.39156
0
0
0
0.12
0
0.06815
0
0
0
0
0
0
0
0
0
0
0
0
0
0
0
0
0
0
0
0.02688
0
0
0
0
0.08505
0.06883
0
0
0.08528
0.08473
0
0
0
0
0
0
0
0
0
0
0
0
0
0
0
0
0
0
0
0
0
0
0
0
0
0
0
0
0.05936
0.30582
0
0
0
0
0
0
0.10726
0.08294
0.05985
0
0
0.05981
0
0
0
0
0
0
0
0
0
0
0
0
0
0
0
0
0
0.08677
0
0
0
0
0
0.08705
0
0
0
0
0
0
0
0
0
0
0
0
0
0
0
0
0
0
0
0
0.02903
0
0
0
0
0
0
0
0
0
0
0
0
0
0
0
0
0.08514
0
0
0.02865
0.08514
0
0
0
0.08594
0
0
0
0
0
0
0.08979
0.08246
0
0
0
0
0
0
0.09064
0
0
0
0
0
0
0
0
0
0
0
0
0
0
0
0
0
0
0
0
0
0
0
0
0
0.28253
0
0
0
0.21191
0
0
0.08705
0
0.08727
0.08677
0.14985
0
0
0
0
0
0
0
0.02926
0.02753
0
0.14923
0.07244
0.0994
0.38331
0
0.16583
0
0
0
0
0
0
0
0
0.0704
0.07027
0
0.07043
0
0
0
0
0
0
0
0
0
0
0
0.07967
0.07798
0
0.07919
0
0
0
0
0
0
0
0
0
0
0
0
0
0
0
0
0
0.0229
0.06739
0
0.14809
0.02284
0.02289
0
0
0
0.06962
0.12474
0
0
0
0
0
0
0
0
0
0
0
0
0
0
0
0
0
0
0
0
0
0
0
0
0
0.07764
0
0
0
0
0
0.0514
0.07755
0
0
0
0
0
0
0.02609
0
0
0
0
0
0.07841
0.07869
0
0
0.0784
0.07779
0
0
0
0
0
0
0.07755
0
0
0
0
0
0.071
0
0
0
0.07926
0
0
0.07403
0.07376
0
0
0
0
0.07092
0
0.07015
0
0
0.07032
0.14766
0
0.14756
0
0.0705
0
0
0
0.07052
0
0
0
0
0
0
0
0
0
0
0
0
0
0
0
0
0.08129
0
0
0
0
0.07508
0.02527
0.41715
0
0.53452
0
0.09746
0.38292
0.30694
0
0
0
0.07231
0
0
0
0.02885
0
0
0
0
0
0
0
0
0.06942
0.07199
0.85176
0.31314
0.27779
0.37787
0.37055
0.32369
0.81992
0.9217
0.1047
0.26908
0.10414
0.2624
0.34621
0.31413
0.31357
0.24397
0.89065
0.48974
0.53872
0.35212
0.1045
0.04912
0.31298
0.37168
0.27726
0.28481
0.37479
0.25558
0.37117
0.40841
0.37156
0.45104
0.17685
0.12265
0.14223
0.19575
0.11131
0.31329
0
0.1259
0.07901
0.20944
0.17572
0.1921
0.16975
0.61282
0.03515
0.31322
0.41748
0.38124
0.91951
0.24348
0.3005
0.07957
0.44505
0.27787
0.88465
0.14059
0.23089
0.24457
0.10612
0.12918
0.38792
0.82799
0
0.41192
0.44341
0.32279
0.31267
0.7825
0.2656
0.10349
0
0
0
0
0
0.18115
0
0
0
0
0.15785
0
0.15868
0.08246
0
0
0
0
0
0
0
0
0.23534
0
0
0
0
0
0.14167
0.09336
0.43255
0.08931
0.32217
0
0
0
0
0
0
0.07198
0.07274
0
0
0
0
0.07348
0
0.09495
0
0.09435
0
0
0
0
0
0.10867
0
0
0.04949
0
0
0
0
0.45718
0
0.07097
0
0
0.07025
0.39392
0.41031
0
0
0
0
0
0
0
0
0
0
0
0.07015
0
0
0
0
0
0
0
0
0
0
0
0.08158
0.08032
0
0
0
0
0
0
0
0
0
0
0
0
0.07068
0
0.29741
0
0.06973
0.29744
0.07082
0
0
0.07042
0
0.06995
0
0
0
0.06957
0
0
0
0
0
0
0
0
0
0
0
0
0
0
0
0
0
0.08222
0
0
0
0
0.40651
0
0
0
0
0.45919
0
0
0
0.40251
0
0
0
0
0
0.0697
0.06961
0.06991
0
0
0
0
0
0
0
0
0
0
0
0
0.04656
0
0.02308
0
0
0
0
0
0
0
0
0
0
0
0
0
0
0
0
0
0
0
0
0
0
0
0.08064
0
0
0
0.08084
0
0
0.04661
0
0.04649
0
0
0
0
0
0
0.07061
0
0
0.07116
0
0
0
0
0
0
0
0
0
0
0
0
0
0.07162
0
0.06995
0.07007
0
0.07074
0.02319
0.06965
0.55836
0.09049
0.33778
0
0
0
0
0
0.06136
0
0
0.44318
0.39675
0
0.32963
0
0
0
0.39545
0.06786
0
0
0
0
0
0
0
0
0
0
0.27532
0
0
0
0
0
0
0
0.02533
0
0
0
0.20661
0.29992
0
0.39431
0.07095
0.06971
0
0
0
0.06983
0.22264
0
0
0.33648
0.35464
0.09645
0.29901
0.36472
0
0.2985
0.07034
0
0
0.25002
0
0
0
0.0231
0
0
0.04666
0
0.38477
0
0
0.09501
0
0
0
0
0
0.03064
0.09944
0.07091
0
0
0
0.40701
0.02383
0
0
0.07426
0
0
0
0
0
0
0.07433
0
0
0
0.07435
0
0
0
0
0
0.15515
0
0.23944
0
0
0
0.23812
0
0
0
0
0
0.07447
0
0
0
0
0
0
0
0
0
0
0
0
0
0
0.07446
0
0.15828
0.08394
0.35646
0.08981
0.08872
0.08838
0.08839
0.0727
0.08258
0.08272
0
0.08294
0.14096
0.11491
0
0.45821
0.23523
0
0
0.08742
0.08851
0
0
0
0
0
0.02742
0.10398
0.07307
0
0.48512
0
0
0
0.30391
0.16089
0.07487
0
0.23679
0.32204
0
0.18336
0
0.02437
0.07336
0
0.47507
0.42935
0.08985
0.30603
0.2984
0.29656
0
0.30591
0.25439
0.20049
0
0.22968
0.13255
0.08408
0.25755
0
0
0.22407
0
0
0
0.22477
0.29374
0
0
0.20278
0
0
0
0.34146
0.36356
0.07266
0
0.30129
0.08793
0.3553
0.201
0.35579
0
0.08936
0
0
0.33015
0.29431
0.38099
0.29139
0.02427
0.07229
0.06954
0
0
0
0
0
0.13147
0
0.5276
0
0.5613
0
0
0
0
0
0
0
0
0
0.11034
0
0
0
0
0
0
0
0
0
0
0
0
0
0
0.29312
0.29993
0.29579
0
0
0
0
0.29939
0
0
0.29883
0
0
0.07218
0
0
0.29772
0.29735
0.09359
0
0
0.17272
0.25722
0.08401
0.02805
0.21115
0.26172
0.29618
0.23995
0.04024
0
0
0
0.35858
0.27796
0.24328
0
0
0
0
0
0
0
0
0
0
0
0
0
0
0
0.19738
0.08078
0.09268
0.09261
0
0
0.0706
0.16021
0
0
0
0.20836
0.29331
0.0905
0.1143
0
0.09112
0.16136
0
0.15777
0.15841
0.15747
0.15732
0
0.07113
0
0
0
0
0
0
0.0236
0
0
0
0.12905
0.15747
0
0
0.12562
0
0
0
0
0.12278
0
0
0
0
0
0
0.33755
0
0
0.08958
0.05603
0.2568
0.02762
0
0
0
0.08337
0
0.07235
0.12536
0
0.29511
0.17252
0
0
0.05162
0.21383
0.21441
0.07252
0.26519
0.05562
0
0.38589
0
0.41042
0
0.29477
0.13936
0.14448
0.17554
0
0.29585
0
0
0
0
0
0
0
0
0.27303
0
0
0
0
0
0.02023
0
0
0
0
0
0.08098
0.15669
0
0
0
0.29515
0
0.1229
0.12269
0.29206
0
0
0
0
0
0
0.13647
0.06995
0
0
0.05372
0
0
0
0
0
0.29419
0
0
0
0.18215
0
0.1821
0.0894
0.18176
0
0.09111
0
0
0
0
0.08845
0
0
0.30521
0.30562
0.08348
0
0.20242
0.30601
0.21485
0.13609
0.14949
0.08863
0.1553
0.08353
0.13342
0.15712
0
0
0.21097
0.02433
0
0
0.0981
0.4161
0
0
0
0.09809
0
0
0.07354
0.38342
0.3837
0
0.08991
0
0.14928
0.22759
0.12591
0.09059
0
0
0.07361
0
0
0
0.15074
0.22736
0
0.1008
0.09363
0.04871
0.07356
0.07353
0.22682
0.19565
0.19219
0
0
0.32917
0
0.10475
0.16001
0
0.40284
0.37673
0.2275
0.22746
0.44754
0.06021
0.30696
0
0
0.08335
0.16119
0.08411
0
0
0.53642
0.53606
0.08782
0
0.08818
0.40707
0.30535
0.30555
0.30597
0
0.22761
0.23628
0.07225
0.07219
0
0
0
0
0.23621
0
0
0
0
0
0
0
0
0.08776
0.3266
0.29803
0
0
0
0
0
0
0
0
0.07284
0.07284
0.04801
0
0
0
0
0
0
0.08307
0
0.08248
0
0
0
0
0
0
0.07471
0
0
0
0
0
0
0
0
0
0
0
0
0
0
0
0
0
0.0751
0
0
0
0
0
0
0
0
0
0
0
0
0
0.09424
0.07386
0
0
0
0
0
0
0.0275
0
0
0
0
0
0.09482
0.10677
0.16631
0.16833
0
0.16625
0
0
0
0
0
0
0
0
0.16938
0
0
0.08284
0
0
0
0.15984
0
0
0
0.07449
0
0
0
0
0.07448
0.089
0
0
0
0
0
0
0
0
0
0.02387
0.14891
0.07257
0
0.16623
0
0.22604
0.07338
0.07396
0.08576
0
0
0
0
0
0
0.17601
0
0
0
0
0.07266
0.0737
0.07403
0.02423
0.02454
0
0.04838
0
0
0.04854
0.07225
0.0737
0
0
0
0.02924
0.08786
0.08649
0
0.07237
0
0
0
0
0
0.07466
0.07258
0
0
0.16574
0.05812
0
0.07386
0.07311
0.07309
0.07314
0
0
0
0.07313
0.07305
0.07289
0
0.07274
0.04859
0
0
0
0
0
0
0
0
0
0
0
0
0
0
0
0
0
0.14945
0
0.09804
0.0735
0.07551
0
0.0747
0.07511
0.49381
0.50916
0.38235
0.38206
0.15006
0.07484
0.0745
0
0.07253
0
0
0.07379
0.02433
0.30802
0
0.15039
0.07556
0.14942
0
0.04974
0.09058
0
0
0
0
0
0
0
0.08679
0
0
0
0
0
0.23709
0.08298
0
0
0.08648
0
0.02492
0
0.39702
0
0
0
0
0
0
0
0.08985
0
0.08734
0
0
0
0
0
0
0
0
0
0
0
0.04557
0.02811
0
0
0
0
0
0
0
0
0
0
0
0
0
0
0
0
0
0
0
0
0.08912
0.08894
0
0
0
0
0.08738
0
0
0
0
0
0
0
0.06583
0.0597
0.03561
0.07868
0.05974
0.05949
0
0.09774
0
0
0.05937
0.05928
0.21851
0.06034
0.06026
0
0
0
0
0
0
0
0
0
0
0
0
0
0
0
0
0
0
0
0
0
0
0
0
0
0
0
0
0
0
0
0
0
0
0
0
0
0
0
0
0
0
0
0
0
0
0
0
0.08543
0
0
0
0.08616
0
0
0
0
0
0.0464
0
0
0
0
0
0.05572
0.30163
0.31276
0
0
0
0.29817
0.16273
0.11373
0.1847
0
0
0
0.16268
0.05429
0.08138
0.44663
0
0.07036
0
0
0.36301
0.13289
0
0
0.06514
0
0.2185
0
0
0
0
0
0
0
0.28031
0.18696
0.18582
0
0.1384
0
0.06541
0
0
0.06516
0.16972
0.16967
0.16962
0
0.20745
0
0
0.06975
0
0
0
0.30545
0.36476
0
0
0
0.06838
0.15401
0
0.06832
0.17497
0.08537
0.06923
0.06483
0.06983
0
0
0.02188
0
0
0
0.06931
0
0
0.16945
0.32845
0.09995
0
0.0676
0.06732
0
0
0
0
0
0
0
0
0
0
0
0.0689
0.10675
0
0.06904
0
0.04651
0.17138
0.10809
0
0
0
0
0
0
0
0
0
0
0
0
0
0
0
0
0
0
0
0
0
0
0
0
0
0
0
0.4574
0
0
0.17496
0
0.02598
0
0
0
0
0
0
0.07868
0.05247
0
0
0
0
0
0.07877
0
0
0
0
0
0
0
0
0
0
0
0
0
0
0
0
0
0
0
0
0
0
0
0
0
0
0
0
0
0
0
0
0
0
0
0
0
0
0
0
0
0
0
0
0
0
0
0
0
0
0.07868
0
0.07799
0
0
0
0
0
0
0.07853
0
0.0257
0
0
0
0
0.16841
0
0
0
0
0
0
0
0
0
0
0
0
0
0
0
0
0
0
0
0
0
0
0
0
0
0
0
0
0
0
0
0
0
0
0
0
0
0
0
0
0
0
0
0
0
0
0
0
0
0
0
0
0
0
0
0
0
0
0
0
0
0
0
0
0
0
0
0
0
0
0
0
0
0
0
0
0
0
0
0
0
0
0
0
0
0
0
0
0
0
0
0
0
0
0.17075
0
0
0.08573
0.10754
0.08588
0
0.06858
0
0
0
0
0.06536
0
0.03662
0
0
0
0
0.1306
0
0
0
0
0
0
0
0
0
0
0
0.16846
0.17891
0.16883
0.14938
0.14711
0.12929
0.22558
0.17695
0.06862
0
0
0.33934
0.12896
0.18148
0.08774
0.32144
0.24051
0.12918
0.3408
0
0.08749
0.01828
0
0.10614
0.13729
0
0
0.06864
0.19081
0.29597
0.1365
0.17614
0.17037
0
0
0.06467
0.356
0.23835
0.08793
0.10572
0.12967
0.12936
0.06517
0.10781
0.1034
0.08815
0.17713
0
0.17024
0.06972
0.06737
0.09047
0.06953
0.06938
0.10509
0
0.06854
0.06947
0.0696
0.19009
0.29378
0.19077
0.30721
0.36406
0
0.12686
0.10594
0.10603
0.1301
0.2073
0.06803
0.17738
0.11551
0.05194
0.06808
0.15208
0.15811
0.16389
0.16939
0.22236
0.18705
0.05477
0.06918
0.20124
0.19545
0.27215
0
0.38861
0.22157
0.1914
0.0678
0.23918
0
0.32314
0.32722
0.25648
0.13115
0.15132
0.12818
0.22138
0.17036
0
0.20208
0.17182
0.15865
0.17598
0.19848
0
0.17371
0.13806
0
0
0
0.20048
0.2559
0.19719
0.36546
0.28948
0.12971
0.17989
0.23909
0.15416
0.19874
0
0.12923
0.19286
0.23681
0.06826
0.17646
0.13177
0
0.13132
0.28181
0.33507
0.13027
0
0.08942
0.06807
0.3705
0.01832
0.12435
0.11635
0.17196
0.02008
0
0.05911
0.02442
0.07833
0
0.19487
0
0
0.05645
0
0.06772
0.0679
0
0
0.04559
0.07496
0
0
0
0.04033
0.21351
0.11933
0.11916
0.05642
0.17571
0.06032
0
0
0
0.28119
0.28234
0.05991
0.07021
0.10914
0.09096
0.01721
0.27891
0.22856
0.11636
0.09714
0.05222
0.055
0.15133
0.05215
0.12853
0.0602
0.3207
0.28006
0.28279
0.10652
0.05205
0.28296
0.22985
0.23127
0.12571
0.16256
0.05188
0.05193
0.2816
0.16213
0.05218
0.28158
0.08812
0.28171
0.22979
0.228
0.27904
0.27967
0.05283
0.32421
0.23696
0
0
0.32543
0.13233
0.13885
0.3655
0.33059
0.16722
0.19605
0.32226
0.21631
0.17454
0.32384
0.26107
0.34435
0.01958
0.17019
0.01843
0
0.05993
0.06015
0
0.12244
0.10568
0
0.19723
0.06584
0
0
0
0.05935
0.06461
0.08321
0
0
0.14298
0.06592
0.06824
0.06725
0.02343
0.06717
0
0
0
0
0
0
0
0
0
0
0
0
0
0
0
0.04498
0
0
0
0
0
0
0
0
0
0
0
0
0
0
0
0
0
0
0
0
0
0
0
0
0
0
0
0
0
0
0
0
0
0
0
0
0
0.05626
0
0
0
0
0.12851
0.10686
0
0
0.12801
0.06827
0
0.06081
0
0
0.08826
0.19867
0.10847
0.19821
0.26518
0.14237
0.0693
0
0
0.07838
0.14884
0.19796
0
0.06045
0.05957
0
0.06816
0.05936
0
0.06821
0.19741
0
0
0
0
0
0
0
0.02037
0
0.06837
0.05658
0.26549
0
0
0.06889
0.06896
0.05627
0.06103
0.04565
0.06806
0.06824
0.12913
0
0.06867
0.08354
0.06818
0
0.06846
0.0684
0
0
0.12877
0
0
0
0
0.06788
0
0
0
0.06861
0
0.08846
0
0
0
0.06779
0.05956
0.19969
0.12688
0.06835
0
0
0.05982
0.12923
0.07471
0.05367
0.16201
0.05913
0.05535
0.07447
0.10902
0
0.05221
0
0.23235
0.01952
0
0
0.15112
0.28531
0.11139
0
0.05923
0
0
0
0.23167
0
0.02003
0.06025
0
0.05937
0.22784
0.11203
0
0
0
0.05987
0
0.05975
0.06007
0
0
0
0.06765
0.06798
0.06832
0.11659
0.05879
0.17004
0.05567
0.16311
0.05972
0.2844
0.13316
0.22988
0.13404
0.28247
0.28032
0
0.08235
0.06849
0.01958
0.04566
0.0457
0.06823
0.16192
0.0712
0.05171
0.2282
0.05541
0.05983
0.0596
0
0.12733
0.23036
0.22803
0.2319
0.12787
0.23109
0.32314
0.22494
0.26844
0.34796
0.15726
0.22243
0.30242
0.10014
0.05179
0
0.05184
0.22571
0.03443
0.17535
0.17367
0.28024
0.15717
0.08245
0.0995
0.27931
0.27849
0.05999
0.15466
0.04342
0
0.05589
0
0.05557
0.05938
0.06816
0
0
0
0.11761
0.09365
0.0748
0
0
0
0.05327
0.06025
0.14415
0.22855
0.2246
0.22913
0.07285
0.22831
0.09109
0.05992
0.22902
0.12719
0.28454
0.06994
0.11833
0.11819
0.22193
0.06825
0.28262
0
0.05924
0.11136
0.11094
0.06862
0
0.08729
0.05936
0.04399
0.06603
0.03557
0.33749
0.05881
0.15166
0.10421
0.22015
0.03742
0.23134
0.17119
0.02169
0.05897
0.23058
0.03918
0
0.05898
0
0.23801
0.18811
0.17522
0.20347
0.05928
0.14433
0.03958
0.20532
0.16994
0.05251
0.13375
0.06793
0
0.32335
0.27281
0
0
0
0
0
0
0
0
0
0
0
0
0
0
0
0
0
0
0
0
0
0
0
0
0
0
0
0
0.10813
0
0.15409
0.30099
0
0
0
0
0
0
0
0.20684
0
0
0.15522
0
0.16965
0.2805
0
0
0
0
0
0
0
0
0
0
0
0
0
0
0
0.13053
0.13016
0
0
0
0
0
0
0
0
0
0
0
0.06534
0
0.06521
0
0
0
0
0
0
0
0
0
0.17132
0
0.15468
0.06524
0.11858
0.05429
0
0
0.01804
0
0
0
0
0
0.06526
0
0
0
0
0
0
0
0
0
0
0
0
0
0
0
0
0
0
0
0
0
0
0
0
0
0
0
0
0
0
0
0
0
0
0
0
0
0
0
0
0
0
0
0
0
0
0
0
0
0
0
0
0
0
0
0
0
0
0
0
0
0
0
0
0
0
0
0
0
0
0
0
0
0
0
0
0
0
0
0
0
0
0
0
0
0
0
0
0
0
0
0
0
0
0
0
0
0
0
0
0
0
0
0
0
0
0
0
0
0
0
0
0
0
0
0
0
0
0
0
0
0
0
0
0
0
0
0
0
0
0
0
0
0
0
0
0
0.21997
0.28473
0
0
0
0
0
0
0.10662
0
0.17109
0
0
0
0
0
0
0
0
0
0
0
0
0
0
0
0
0
0
0
0
0
0
0
0
0
0
0
0
0
0
0
0
0
0
0
0
0
0
0
0
0
0
0
0
0
0
0
0
0
0
0
0
0
0.01819
0
0.03627
0
0
0
0.04361
0
0
0
0
0
0
0
0
0
0
0
0.05413
0
0.06539
0.15887
0
0.1078
0
0
0
0
0
0
0.12941
0
0.10545
0
0
0
0
0
0
0
0
0
0
0
0
0
0.09509
0.20547
0
0
0
0.06487
0
0
0
0
0.22255
0.0524
0.17232
0
0
0
0
0.13917
0.12992
0.10726
0
0.10127
0
0
0
0
0
0
0.32746
0.15475
0
0.12963
0.29129
0.23984
0.36219
0.29629
0.06797
0
0.13085
0
0
0.0183
0
0
0
0
0
0
0
0
0
0.19438
0
0
0
0
0
0
0
0
0
0
0
0
0
0
0
0
0
0.10751
0.16285
0
0
0
0.04579
0.06706
0
0
0.0667
0.06694
0.05624
0.06835
0.1271
0
0
0.06643
0
0.22046
0.10788
0.06828
0.06807
0.06807
0
0.11111
0.19725
0.06767
0.06818
0.06827
0
0.10496
0.26676
0
0.0684
0
0
0.12237
0.06625
0
0.06619
0.05577
0.06617
0
0
0.12168
0
0.0393
0
0
0
0
0
0
0.02189
0.04373
0.02172
0
0
0
0
0
0
0
0
0
0
0.06609
0
0
0.05928
0
0
0.0673
0
0
0
0
0
0
0
0
0
0
0
0
0
0
0
0
0
0
0
0
0
0
0
0
0
0
0
0
0
0
0
0
0
0
0
0
0
0
0.15681
0
0.22798
0
0
0
0
0
0
0.05634
0
0
0.06627
0.06742
0.05991
0
0
0
0
0
0
0
0
0
0
0
0
0
0
0
0
0
0
0
0
0
0
0
0
0
0
0
0
0
0
0
0
0
0
0
0
0.08874
0
0
0
0
0
0
0
0.06972
0.32381
0.32409
0.28165
0.25781
0
0.06839
0
0.1437
0
0
0
0
0
0
0
0
0
0
0
0
0
0
0
0
0
0
0
0
0
0
0
0
0
0
0
0
0
0
0
0
0
0
0
0
0
0.05584
0
0.05564
0
0.05539
0.06675
0
0.05577
0
0
0
0
0
0
0.0677
0
0.10508
0.08657
0.14342
0.02434
0.05555
0.06782
0
0.06061
0.0598
0.08386
0.02263
0.0452
0.10675
0
0
0.0408
0.05564
0.06827
0.05973
0.02247
0
0.05984
0.10444
0
0
0
0.12788
0
0.06028
0.06001
0
0.11036
0.06829
0
0
0.06707
0.06745
0
0
0.05463
0
0
0
0.19598
0
0.26628
0.17054
0
0.132
0.15426
0
0.22486
0
0.28506
0.16854
0.1542
0.20109
0.27972
0.05181
0.23011
0.14509
0
0
0.05587
0.06899
0
0.06684
0
0
0
0
0
0
0
0
0
0
0
0
0
0
0
0
0
0
0
0
0
0
0
0
0
0
0
0
0
0
0
0
0
0
0
0
0
0
0
0
0
0
0
0
0
0
0
0
0
0
0
0
0
0
0
0
0
0
0
0
0
0
0
0
0
0
0
0
0
0
0
0
0
0
0
0
0
0
0
0
0
0
0
0
0
0
0
0
0
0
0
0
0
0
0
0
0
0
0
0
0
0
0
0.16898
0
0
0
0
0
0
0
0
0
0.02718
0
0
0
0
0.16641
0.16711
0
0
0.05436
0
0
0
0.08043
0
0
0
0
0
0
0
0
0
0
0
0
0
0
0
0
0
0
0
0
0
0
0
0
0
0
0
0
0
0
0
0
0
0
0
0
0
0
0
0
0
0
0
0
0
0
0
0
0
0
0
0
0
0
0
0
0
0
0
0
0
0
0.07976
0
0.16706
0
0
0
0
0
0
0
0.07932
0.05236
0.07913
0.0792
0.07907
0.07949
0
0.02589
0.05253
0
0
0
0
0
0
0.08105
0
0
0.0657
0
0
0
0
0.09151
0
0
0
0
0
0
0
0
0
0
0.28701
0
0.12985
0
0
0
0
0.02143
0
0
0
0
0
0.30124
0
0
0
0
0
0
0
0.13486
0.06539
0.05235
0.0662
0
0
0
0
0
0
0
0
0
0
0
0
0
0
0
0
0
0
0
0
0
0
0
0
0
0
0
0
0
0
0
0
0
0
0
0
0
0
0
0
0
0
0
0
0
0
0
0
0
0
0
0
0
0
0
0
0
0
0.26317
0
0.17713
0
0
0
0.09049
0
0.15458
0.13033
0.06689
0
0
0
0
0
0
0
0
0
0
0.04336
0
0
0
0
0.11471
0.11906
0.10098
0.13675
0.15465
0
0
0
0.05957
0
0.0682
0.0678
0
0
0.06712
0.26766
0
0
0
0
0
0
0
0
0
0
0
0.06765
0
0.06734
0.06774
0
0
0
0
0
0
0
0
0.12319
0.06743
0.0683
0.06661
0
0
0
0
0
0.02184
0
0
0
0
0.0525
0
0
0
0
0
0
0
0
0
0
0
0
0
0
0
0
0
0
0
0
0
0
0
0
0
0
0
0
0.06722
0.19856
0
0
0
0
0
0
0
0
0
0
0
0
0.21112
0
0
0
0
0
0
0
0
0
0
0
0
0
0
0.06766
0
0
0
0
0
0
0
0.20737
0
0
0
0
0
0
0
0
0
0
0
0
0
0
0
0
0
0
0
0
0
0
0
0
0
0
0
0
0.06711
0
0
0
0
0
0.14138
0
0
0
0
0
0
0
0
0
0
0
0
0
0
0
0
0
0
0
0
0
0
0
0
0
0
0
0
0
0
0
0
0
0
0.05542
0
0
0
0
0
0
0.14098
0
0.14286
0
0.06937
0
0
0
0
0
0
0.02417
0
0
0
0
0
0
0
0
0
0
0
0
0.14217
0
0
0
0.16033
0.07774
0
0
0.07757
0.0257
0
0
0
0
0
0.13879
0
0
0
0.05252
0.08025
0
0
0
0
0
0.0233
0
0
0
0
0
0
0
0.06936
0
0
0.02516
0.07442
0
0
0.16601
0
0.02914
0
0
0
0
0
0.1688
0
0
0.20535
0
0
0
0
0
0
0.08039
0
0
0
0
0
0
0.07988
0.08114
0
0
0
0
0
0
0
0
0
0
0
0
0
0
0
0
0
0
0
0
0
0
0
0.07882
0.08756
0
0
0
0
0
0.13854
0
0
0.16448
0.07264
0.07532
0.11311
0.13522
0.16458
0
0.1644
0.1647
0.1683
0.08755
0
0
0
0.17052
0.16822
0.08049
0
0.16987
0.16865
0
0
0
0
0.07927
0
0
0
0
0
0
0
0
0
0
0
0
0
0
0
0
0
0
0
0
0
0
0
0
0
0
0
0
0
0
0
0
0
0
0
0
0
0
0
0
0
0
0
0
0.07891
0
0
0
0
0
0.0778
0
0
0
0
0
0
0
0
0
0
0
0
0
0
0
0
0.07943
0
0
0
0
0
0.16769
0.07868
0
0.16975
0
0.16746
0.14006
0
0.10943
0
0
0
0
0.17044
0.16765
0
0
0
0
0
0.04871
0
0
0
0
0.16436
0
0.05832
0
0
0.0559
0
0.08578
0.07475
0
0
0
0
0
0
0
0
0
0
0
0.07257
0
0
0
0
0
0
0
0
0
0
0
0
0.07187
0
0
0
0.02568
0.05135
0
0
0
0
0
0
0.07449
0.07378
0
0
0
0
0.07303
0.08542
0
0
0.08549
0
0
0
0.02771
0
0
0
0.08329
0
0
0
0
0
0
0
0
0.05371
0.11074
0
0.16935
0
0
0
0
0
0
0.16447
0
0.08704
0.16661
0
0
0.0778
0
0
0
0
0.07782
0
0.14092
0
0.07737
0.08448
0
0.05769
0.08466
0
0.05818
0
0
0
0
0
0.08633
0
0
0.07947
0
0
0
0
0
0
0
0
0
0
0
0.02669
0.08022
0
0
0
0
0
0
0
0.02645
0
0
0
0.07946
0.05298
0
0.16747
0
0
0.08814
0
0
0.08849
0
0
0.08948
0
0
0
0
0.08917
0.16726
0
0
0
0.07824
0
0
0.1169
0.08058
0
0
0
0
0
0
0
0
0
0
0
0
0
0
0
0
0
0.16841
0.16808
0.16585
0
0.16553
0.07918
0
0
0
0
0
0
0
0
0.07838
0.07893
0.07825
0.05195
0
0.0304
0
0.07822
0.07992
0.05272
0.07908
0
0.16904
0.07805
0
0
0
0
0.10188
0
0
0
0
0
0
0
0
0.06684
0.05933
0.04558
0
0
0
0.07817
0
0
0
0
0
0.15677
0
0.26787
0
0
0
0
0
0.06739
0
0.24544
0
0.06696
0.26756
0
0
0
0
0
0
0
0
0
0
0.10729
0.16902
0.07836
0.05669
0
0
0
0
0
0
0
0
0
0
0
0.06665
0
0.06613
0
0
0
0
0
0
0
0
0
0
0
0
0
0
0
0
0
0.06738
0
0
0
0
0
0
0
0
0
0
0
0
0
0
0
0
0
0
0
0
0
0
0
0
0
0
0
0
0
0
0
0
0
0
0
0
0
0
0
0
0
0
0
0
0
0
0
0
0
0
0
0
0
0
0
0
0.1061
0.02255
0
0.16759
0.02945
0.07894
0.06787
0.04574
0.04569
0
0
0
0.07893
0
0.08034
0
0
0
0
0
0
0
0
0
0
0
0
0
0.10005
0.04578
0
0
0.17052
0
0
0.10777
0.10739
0
0.10724
0.05485
0.06929
0
0
0
0
0
0.13814
0.06737
0
0.14757
0.12227
0
0
0
0.14356
0
0
0
0
0
0
0
0
0
0.18781
0
0
0
0.10699
0.10776
0.1756
0.12987
0
0
0
0.2229
0
0
0
0
0
0
0
0
0
0
0
0
0
0
0
0
0
0
0
0
0
0
0
0
0
0.06705
0.0669
0
0.19859
0.14138
0
0.056
0.05604
0
0.06993
0.06044
0.05955
0.0595
0.06018
0.05922
0.06097
0.04468
0
0
0
0
0
0
0
0
0
0
0
0
0
0
0
0
0
0
0
0
0
0
0
0
0
0
0
0
0.10749
0
0.07035
0
0
0
0
0.07837
0
0
0
0
0
0
0
0
0
0
0
0
0
0
0
0
0
0.07664
0
0
0
0
0
0
0
0.07567
0
0.07557
0.02523
0
0
0
0
0
0.07713
0
0
0
0
0
0
0
0
0
0
0
0
0
0
0
0
0
0
0
0
0
0
0
0
0
0
0
0
0
0
0
0
0
0.05137
0
0
0
0
0
0
0
0
0
0
0
0
0
0
0
0
0.06802
0
0
0
0.38363
0
0
0
0
0
0
0.06923
0.06886
0
0
0
0
0
0.04573
0.06846
0
0
0
0
0
0
0
0
0
0
0
0
0
0
0
0
0
0
0
0
0.0689
0
0
0
0
0
0
0
0.02811
0
0
0
0
0
0
0
0
0
0
0
0
0
0
0
0
0.0755
0.07576
0
0
0
0.07532
0.05027
0.07513
0
0.07727
0
0
0
0
0
0
0
0.05016
0.07627
0
0.07578
0.07486
0
0.05177
0
0
0
0
0
0.06799
0
0
0
0
0.22261
0.19809
0
0
0
0
0
0.06964
0.04919
0
0.14377
0.09452
0.07654
0
0.07785
0.02522
0.07511
0.0758
0
0
0
0.07494
0
0.07506
0.07484
0
0.07473
0
0.02501
0.07507
0
0
0
0.06318
0
0.10787
0.02581
0
0
0.07516
0.07685
0
0
0.11287
0.07473
0.07651
0.07469
0.07468
0
0.07569
0.04972
0
0
0.07565
0.07676
0
0.07514
0.07641
0.07537
0
0
0
0.07665
0
0
0
0
0
0.07615
0
0.07568
0
0
0.07556
0
0
0.07676
0
0.0756
0.07755
0
0.07495
0.07508
0.07459
0.07575
0
0.0748
0
0
0.07651
0
0
0.07542
0
0
0
0
0
0
0.14108
0
0
0
0
0
0
0
0
0.06689
0
0
0
0
0
0
0
0
0
0
0
0
0
0
0
0.08628
0.08631
0.0862
0
0
0
0
0
0
0.05151
0
0.08409
0
0
0
0
0
0
0
0
0
0
0
0
0
0
0
0
0
0
0
0
0
0
0.05078
0
0
0
0
0
0
0.0766
0
0
0
0
0
0
0.07613
0
0
0
0
0
0
0
0
0
0
0
0
0
0
0
0
0
0
0
0
0
0
0
0
0
0
0
0
0
0
0
0
0
0
0
0
0
0
0
0
0
0
0
0
0
0
0
0
0
0
0
0.07545
0
0
0
0.07858
0
0
0
0.19964
0.24359
0
0.19797
0
0.14023
0.14182
0.11662
0.16414
0.20981
0.26811
0.2103
0.1411
0.14183
0.06845
0
0
0.24977
0
0
0
0.18734
0
0.09094
0
0.16667
0.16882
0
0.02648
0.08497
0.08546
0.16953
0
0.12724
0.19895
0.14316
0.16043
0
0.20934
0.18152
0
0.14081
0
0
0
0
0
0
0
0
0
0
0
0
0
0
0
0
0
0
0
0
0
0
0
0
0
0
0.07889
0
0
0
0
0
0
0
0
0
0
0
0
0
0
0
0
0
0
0
0
0
0
0
0
0
0
0
0.12061
0
0.23639
0.24461
0
0
0
0
0
0
0
0
0
0.19822
0.19802
0.11758
0
0
0
0
0
0
0
0
0
0
0
0
0
0
0
0
0
0
0
0
0.08565
0
0
0
0
0
0
0
0
0
0
0
0
0
0.0861
0
0
0
0
0
0
0
0
0
0
0
0
0
0
0
0
0
0
0
0
0
0
0
0
0
0
0
0
0
0
0
0
0
0
0
0
0
0
0
0.14084
0.22226
0
0
0.02704
0
0
0
0
0
0.03003
0
0.08108
0.07847
0.16677
0.06029
0
0
0
0
0
0
0
0
0
0
0
0
0
0
0
0.05241
0
0
0
0
0
0
0
0
0
0
0
0
0
0
0
0
0
0
0
0
0
0
0
0
0
0
0
0
0
0
0
0
0
0
0
0
0
0
0
0
0.08368
0
0
0
0
0
0
0
0
0
0
0
0
0
0
0
0
0
0
0
0
0
0
0
0
0
0
0
0
0.05561
0
0.28004
0
0
0
0.3307
0
0
0.02785
0
0.08633
0.08626
0.08561
0
0
0
0.02874
0
0.08629
0.16593
0.16582
0.08654
0.08467
0.05544
0.07161
0.17021
0
0
0
0.08637
0.08614
0
0.05664
0
0
0
0
0
0
0
0.30905
0.3096
0.0848
0
0.08441
0
0
0
0.08669
0
0
0
0
0
0
0
0.07333
0
0
0.02529
0
0
0
0
0
0.07988
0
0.16919
0.02615
0.05222
0
0
0.07529
0.02515
0
0.07525
0
0
0
0
0
0
0.08068
0
0
0
0
0
0
0
0
0
0
0
0
0
0
0
0.09875
0
0
0
0
0
0
0
0
0
0
0
0
0
0
0
0
0
0
0
0
0
0
0
0
0
0
0.0253
0
0
0
0
0
0.06966
0
0
0
0
0
0
0
0
0
0
0
0
0
0
0
0
0
0
0.07453
0
0
0
0
0
0
0
0
0
0
0
0
0.09699
0.05968
0
0
0.17479
0.13114
0.44515
0.05962
0
0.05946
0.1537
0.06615
0.38855
0
0.16665
0.13849
0.07991
0.08517
0.05994
0.05985
0.08407
0
0.06875
0.19353
0.27378
0
0
0
0.02286
0.19367
0.10862
0
0.10725
0
0.19228
0
0.27824
0.11942
0.09405
0.06815
0.25485
0.07878
0.05947
0
0
0.46493
0.38723
0
0.16687
0
0
0.18241
0.16564
0.34065
0
0.27874
0.12016
0.19175
0.14123
0.08426
0
0
0
0.02708
0.2907
0.33787
0.12324
0.10135
0.18274
0.10722
0.10733
0.16847
0
0.07972
0.16579
0.13254
0.24352
0.19537
0.20266
0.27453
0.22672
0
0
0.1587
0.19532
0
0.13338
0.22312
0.24735
0
0
0
0.13345
0.14153
0
0.13928
0.1532
0.16811
0.21882
0.1802
0
0
0.05544
0.1009
0.13752
0
0
0.07992
0
0.18094
0.34999
0.0279
0.07948
0.13988
0.0336
0.41718
0.13797
0.38159
0.05823
0.21883
0.1559
0.12822
0
0.16999
0.27298
0.05971
0
0.05998
0.07792
0.43988
0
0.07977
0.10704
0
0
0
0
0.10799
0.15605
0.19594
0.16622
0.16505
0.277
0
0
0.16827
0.27804
0.19817
0.19734
0.19892
0.27733
0.27861
0.05952
0.38522
0.21823
0.06788
0.10965
0.06066
0.38667
0.38618
0
0.07872
0.16488
0.05954
0.27606
0.10876
0.14873
0.05986
0.06006
0.05977
0
0
0.03956
0
0.09959
0
0.31387
0
0.05998
0.45188
0.25479
0
0
0
0
0
0
0
0
0
0
0
0
0
0
0
0
0
0
0
0
0
0
0
0
0
0
0
0
0
0
0
0
0
0
0
0
0
0
0
0
0
0
0
0
0
0.16798
0
0.02294
0
0.1006
0
0
0
0
0
0
0
0
0
0.06472
0.21793
0.1389
0
0
0.14539
0
0
0.05971
0
0
0.05984
0
0.19746
0.05929
0
0.05981
0.07923
0.07884
0.02629
0.05988
0.06005
0.07928
0.07916
0.06001
0.0885
0.07139
0.02012
0
0
0
0
0.27601
0.19062
0.10766
0.46787
0
0
0
0
0
0
0.10712
0.13724
0.13765
0
0
0.27502
0
0
0
0
0
0
0
0.05952
0.15586
0
0
0.34484
0.34107
0.06002
0.09777
0.1085
0
0.27811
0.11977
0.17695
0.21538
0.08253
0.10454
0.34371
0.21449
0.09947
0.08362
0.29685
0.06031
0.18301
0
0
0.30242
0.28351
0.20475
0.16843
0
0.39505
0
0.45007
0
0.46466
0
0
0.35471
0.07964
0.08036
0
0.02197
0.06658
0.06684
0.40915
0
0
0.08276
0.18333
0.13842
0.05862
0.05932
0.20063
0.13914
0
0.05879
0.18253
0.13815
0
0
0.05931
0.26379
0.21281
0
0.26212
0.16336
0.13819
0.05921
0
0
0.21537
0.2381
0.06618
0.06614
0.06645
0.05947
0.0791
0
0.16066
0
0.05875
0.18052
0.06732
0.13602
0
0.13341
0.20305
0.06612
0.1606
0
0
0
0.1673
0.19451
0.0264
0.03562
0.10785
0.26908
0
0.19121
0.06704
0.174
0.34927
0.31665
0.38958
0
0.28843
0.04394
0.05896
0.11024
0.06013
0.05818
0.20667
0.0581
0.15904
0.24167
0.09178
0.05999
0.06016
0
0
0
0.27464
0.1822
0.16718
0.18268
0.12185
0
0.23296
0.29696
0.02008
0.08255
0
0.4393
0.4198
0.44175
0.09675
0.06626
0.08401
0.252
0.05427
0.07554
0
0.15884
0.01979
0.33596
0.07559
0.39253
0.05865
0.03895
0.14618
0.46524
0.23524
0.38292
0.05896
0.33778
0.4676
0
0.05899
0
0.02217
0.47657
0.47641
0.47568
0.23648
0.06666
0.11685
0
0.13351
0
0
0.46531
0.17026
0.1133
0.43673
0.06029
0.13747
0.29002
0.13344
0.19575
0.42223
0.51156
0.05954
0.2964
0.03548
0.0607
0.1157
0.06034
0.20372
0.39077
0.11901
0.19873
0.46779
0
0.06042
0.27673
0.15638
0.06041
0
0
0.1334
0.2893
0.33524
0.20855
0.34423
0.32092
0.229
0.4774
0
0.28741
0.15897
0.31939
0.0599
0.05983
0.38849
0.13725
0
0.19521
0.11758
0.09783
0.05973
0.18184
0.31241
0.47319
0.31013
0.10131
0.05305
0.05881
0.06012
0.13752
0.13716
0.05915
0
0.31569
0.2927
0
0.13602
0.27589
0
0.37208
0
0
0
0
0
0
0.13575
0.04023
0.27911
0.2527
0.13781
0.1114
0.0855
0.39095
0.35247
0.28523
0.13437
0.27674
0.39012
0.27768
0.11732
0.06779
0.06829
0
0
0.06817
0.11951
0.17169
0.165
0.38794
0.31262
0.19338
0
0.0785
0.06071
0
0.2066
0.18287
0.23183
0.19172
0.09988
0.11235
0.36692
0.05977
0.05947
0.05914
0.05915
0.11936
0
0.07987
0
0.0797
0.07803
0.06022
0.31069
0.10901
0.05921
0
0.05941
0.27609
0.05944
0.05971
0.05977
0.11894
0.25624
0.11946
0.05981
0.05972
0
0.11893
0
0.0995
0.11885
0
0.1953
0
0.0595
0
0
0.05906
0.02243
0
0.05919
0.05932
0.11897
0
0.05915
0
0.05924
0
0
0
0
0
0.02825
0.08684
0
0
0
0
0
0
0.08594
0.08671
0
0
0
0.08718
0
0
0
0
0
0
0
0
0
0
0
0
0
0
0
0
0
0.11873
0.07921
0
0
0
0
0
0
0
0
0
0
0
0
0
0
0
0
0
0
0
0
0
0
0
0
0
0.07403
0
0
0
0
0
0
0
0
0
0
0.07281
0
0
0
0
0
0
0
0
0
0
0
0
0.04979
0
0.02486
0.07484
0
0
0
0
0.07568
0
0
0
0
0
0.05196
0.07466
0
0
0
0.44086
0.31598
0.20466
0
0
0
0
0.06984
0
0
0
0.46511
0.07724
0.22421
0.20963
0.1972
0.46246
0
0
0
0
0
0
0
0
0
0.07337
0
0.07555
0
0.07252
0
0
0
0
0
0
0.0356
0
0
0
0
0.02303
0.12989
0
0.05878
0.11736
0.05942
0
0.1366
0.05939
0.06005
0
0
0.07767
0
0
0.07743
0
0
0.07746
0
0
0.09723
0.05973
0.04001
0
0
0
0
0.02405
0
0
0.0721
0.07217
0
0
0
0
0.16559
0.08626
0
0
0
0
0
0
0
0
0
0
0
0.07365
0
0
0
0.07337
0
0.07418
0.05917
0
0
0.16833
0.16616
0.02884
0
0.09143
0
0
0
0
0
0
0
0.48925
0
0
0
0
0.41167
0
0.38423
0.46086
0
0
0
0
0.42236
0
0
0
0
0.13019
0
0
0
0
0
0
0
0
0.48694
0
0
0
0
0
0
0
0
0
0
0
0.22388
0
0.16723
0.16757
0
0
0.07547
0
0.05927
0.05908
0.13328
0.02031
0.11791
0.04057
0.48478
0.18148
0.18843
0.18164
0.11421
0.25784
0.2162
0.1291
0.34806
0.27675
0.28809
0.16841
0
0.20207
0.38559
0.1979
0
0.18267
0.05898
0.24149
0.1227
0
0.38889
0.1981
0
0.11813
0.28724
0.28777
0.14503
0.24063
0.11959
0.07817
0.30477
0.06643
0.05617
0
0
0
0
0
0
0.13388
0.15086
0
0.07198
0.05987
0
0.14859
0
0
0
0
0
0.0725
0
0
0
0
0
0
0.07331
0
0.0741
0
0
0
0
0
0
0
0
0.07395
0
0
0
0
0
0
0
0
0
0
0.07302
0
0
0.0631
0
0.07761
0.07527
0
0.44483
0.38987
0
0
0
0
0.07869
0.03915
0.36585
0.10166
0.05195
0.07556
0.07531
0.07516
0
0.07627
0
0
0
0
0
0
0.08626
0.08645
0.08675
0
0
0
0
0.07361
0
0.07365
0.07393
0.07322
0
0
0
0.07288
0
0.0732
0
0
0
0
0
0.14913
0.07388
0
0.07351
0.14975
0
0
0
0
0
0.06961
0
0
0
0
0
0
0
0.08993
0
0
0.09096
0
0.08959
0.09164
0
0
0.16011
0.09264
0.0923
0.0919
0.33557
0.09189
0.0912
0.09045
0.0902
0
0.0909
0.09111
0
0
0.09207
0.09221
0
0.0617
0
0
0
0
0
0
0
0
0
0
0
0
0
0
0
0
0
0.08953
0.08894
0
0
0.08775
0.09214
0
0.02424
0.08389
0
0
0
0
0
0
0
0
0.08331
0
0
0
0
0
0
0
0
0
0
0
0
0
0.07426
0
0
0
0
0
0
0
0
0
0
0.13343
0
0
0.05645
0.07384
0
0.0275
0
0.15892
0
0
0
0
0
0
0
0
0.07352
0
0.08306
0.08378
0
0
0
0.08293
0
0.28055
0
0.215
0
0
0.02478
0
0.28165
0
0
0
0.08435
0
0
0.14672
0
0.07438
0.07446
0.07451
0
0.07444
0
0
0.10926
0
0
0.0275
0
0.04902
0.07418
0
0
0
0
0
0
0
0
0
0
0
0.08461
0
0
0
0
0
0
0.07432
0
0
0
0.33928
0.07332
0.43755
0
0.45129
0
0
0.05045
0.31255
0.07457
0
0
0
0
0
0.07235
0.09401
0.16604
0.16661
0.15951
0.08432
0
0.09406
0
0.04846
0.40383
0.0727
0.07334
0.07273
0
0
0
0.30973
0
0
0
0
0.10869
0
0
0
0.04055
0
0.11636
0
0
0.04965
0
0.15601
0.0743
0
0
0.07452
0
0
0
0.07335
0
0
0.27976
0.07306
0
0
0
0
0
0
0
0
0
0
0
0
0
0.20946
0.20957
0
0
0.15893
0
0
0
0
0
0
0.07541
0.23797
0.31223
0
0.2316
0.08171
0
0.16903
0
0
0
0
0.04965
0.07442
0.16054
0
0
0
0
0.07447
0.1118
0
0
0
0
0
0
0
0
0.06831
0
0
0.08615
0
0
0.0844
0.08495
0.0684
0
0
0
0
0
0
0
0
0
0
0
0
0
0
0
0
0
0
0
0.07286
0.32598
0.03173
0
0
0.07442
0
0
0
0
0
0.10306
0
0
0
0.05173
0.22802
0.26568
0
0
0
0
0
0
0
0
0
0
0
0
0
0
0
0
0
0
0.08252
0
0
0
0
0
0
0
0
0
0
0
0
0
0
0.08388
0.05508
0
0
0.07585
0.07585
0
0
0
0
0
0
0
0
0.19428
0
0
0
0.16742
0
0
0
0
0.19558
0
0
0
0.06888
0
0
0
0
0
0
0
0
0
0
0
0
0
0
0
0
0
0.27512
0
0.49142
0
0
0
0.40253
0
0
0
0
0
0
0
0
0
0
0
0
0
0
0
0.13424
0
0
0
0
0
0
0
0
0
0
0
0
0
0
0
0
0
0.0694
0.07433
0
0
0
0
0
0
0.0701
0
0
0
0
0.06992
0.39635
0.13581
0.25493
0.39096
0
0.45852
0.07579
0
0.46232
0.06025
0
0
0.10499
0.08187
0.13086
0.15026
0
0
0.38866
0
0.07356
0.28222
0.20174
0
0
0.07412
0.23874
0
0.0729
0.1766
0.09855
0.16395
0
0.41508
0
0
0.08695
0.06018
0.27932
0
0.22192
0.29726
0
0.33899
0
0
0.07431
0.04044
0.10064
0.21697
0.2379
0
0.33898
0
0.41319
0.15392
0
0
0.40716
0
0.41225
0.34998
0
0
0
0
0.0687
0.05546
0
0
0
0
0
0
0
0
0
0
0
0
0
0
0
0
0
0
0
0
0
0
0
0
0
0.08585
0
0
0
0
0
0.08265
0.07027
0
0.0696
0
0.23735
0
0
0
0.30724
0
0
0.14377
0.30725
0.07004
0.15441
0.4358
0.42706
0.45052
0.30758
0
0
0.08314
0.08392
0
0
0
0.0827
0.07383
0.08338
0.04717
0.2557
0.33711
0.07866
0.30913
0
0.53447
0
0
0
0.31688
0
0.51123
0
0.23824
0.30992
0.21421
0.3098
0.26911
0.51053
0.23831
0.30654
0.43395
0.21364
0.21258
0.21304
0.3925
0.34927
0.31902
0.50721
0.23709
0
0
0.04052
0.25285
0.44009
0.23729
0
0
0.06996
0.31142
0
0
0
0
0
0
0
0
0
0
0
0
0.02341
0
0.29852
0
0
0.07447
0
0.0826
0.07385
0
0
0.07448
0.08255
0
0
0.08281
0
0.02769
0
0
0.05502
0
0.08253
0
0
0.08263
0.08252
0.08252
0.06976
0.321
0
0
0
0
0
0
0
0.0962
0
0
0.04937
0
0
0.06994
0
0
0
0.30912
0.18441
0
0.37152
0
0.43638
0
0.09695
0
0.38043
0
0
0.36857
0
0.21434
0.21474
0.37958
0.30825
0.17396
0
0.30774
0.07074
0.21714
0.32488
0.44984
0.30598
0.53224
0.0696
0.1164
0.38233
0.48435
0.32967
0.34288
0.09793
0.30612
0.14131
0.30804
0
0
0
0.37968
0.38996
0.50522
0.30997
0.35484
0.30672
0
0.30799
0.03887
0.30807
0
0.16564
0
0.09299
0
0
0
0.19042
0
0.1159
0
0.15601
0
0
0
0.46104
0
0
0.02334
0
0.4598
0.0474
0.41
0.14539
0.31987
0
0.14496
0
0.37186
0.38885
0.57826
0.06903
0.30623
0.14521
0.30827
0.50778
0.11598
0.42485
0.30589
0.22256
0.07924
0.55671
0
0
0
0
0
0
0
0.09757
0
0
0
0
0
0
0
0
0
0
0
0
0
0
0
0
0
0.06696
0
0
0
0
0
0
0
0
0.02792
0
0
0.03324
0
0
0
0
0.08383
0
0
0
0
0
0
0
0
0
0.07036
0
0
0
0.10453
0
0.08281
0.07028
0
0
0
0.35033
0
0.07008
0.06897
0
0
0.07429
0.07036
0
0
0
0
0.10108
0
0
0
0
0
0
0.33911
0
0.30038
0.14537
0
0
0.54522
0
0
0.16042
0.07453
0
0.07399
0
0.07452
0.07381
0
0.07406
0.23779
0.3405
0.30935
0.17568
0.19668
0
0.09666
0.21644
0.33925
0
0.48945
0.10837
0.39502
0
0.10465
0.10463
0.10535
0.35132
0
0
0
0.23418
0
0.0891
0.07176
0
0
0.07344
0
0
0
0
0
0
0
0.05943
0.38968
0.11017
0
0
0.05988
0.16308
0.46548
0.19889
0.3196
0.47588
0.12479
0.08354
0.23989
0.28768
0.0598
0.41357
0.20232
0.11835
0.31275
0
0
0
0.30421
0.07351
0.41131
0
0
0
0.07408
0
0
0
0
0.14118
0
0
0.04636
0
0
0
0
0.13462
0
0.14707
0.16926
0.02787
0
0.07337
0
0.07412
0.16851
0.07448
0
0
0
0
0.08387
0.1098
0.1152
0
0.13594
0
0.04918
0
0.02462
0
0.07391
0.07417
0
0.15851
0
0.15973
0
0.07428
0.15951
0.07418
0.02371
0.07089
0
0
0
0
0
0
0
0
0
0
0.30356
0
0
0
0.36955
0
0
0.50812
0.0699
0.30489
0.33593
0.40447
0
0.16025
0
0.06994
0.06976
0
0
0.19121
0
0
0
0
0
0
0
0
0.08461
0
0
0.18915
0.08399
0.08352
0
0
0
0
0.02113
0
0
0
0
0
0
0
0
0.02574
0
0
0
0
0
0
0
0
0
0
0
0.36017
0.35664
0
0
0.07411
0
0
0
0.02816
0.07375
0.44646
0
0.47616
0
0
0
0
0
0
0
0
0
0
0
0
0
0
0
0
0.08274
0
0
0.08268
0.08285
0
0
0
0
0
0
0.06991
0.08322
0
0.34225
0.06984
0
0
0
0.03
0
0
0
0
0.05502
0.08213
0
0
0.0275
0
0.30929
0
0
0.38245
0
0
0.14785
0
0
0
0.07129
0.07133
0
0
0
0
0
0
0
0.07583
0
0
0.02453
0
0
0.02747
0.07031
0.39458
0.42765
0.06996
0
0
0
0
0
0
0.43701
0
0.27693
0
0.02755
0
0
0
0
0
0
0
0.08261
0.15572
0.03995
0.35348
0
0
0
0
0.5196
0.12779
0.33531
0.08307
0.06994
0.42142
0.07031
0
0.29777
0.07445
0
0.02761
0.08324
0
0
0
0
0
0
0.16823
0.1945
0.19727
0.1167
0
0.05893
0
0.10026
0.27476
0.10086
0
0
0
0
0
0
0.13564
0
0
0
0.32946
0
0
0
0
0
0
0
0
0
0
0
0
0
0
0
0
0
0
0
0
0
0
0
0
0
0
0
0.10793
0
0
0
0
0
0
0
0
0
0
0
0
0
0
0
0
0
0
0
0
0
0.4353
0
0.07468
0
0
0
0
0
0
0
0
0.08987
0.02366
0
0.0678
0.06765
0.02835
0.31243
0
0
0
0
0
0
0
0
0.31143
0
0
0
0
0
0
0
0
0
0
0
0
0
0
0
0
0.08269
0
0.08298
0.1206
0
0
0.08258
0
0
0
0.08398
0
0.08328
0.08367
0
0
0
0
0
0.12371
0.02504
0
0
0
0
0.06916
0.38682
0
0
0
0
0
0
0
0
0
0
0
0
0
0
0
0
0
0
0.28507
0
0
0
0
0.14832
0.19231
0
0
0.10725
0.05832
0.03888
0
0
0.05573
0
0
0
0
0
0.07328
0
0
0
0.07335
0.07426
0
0.07264
0.04678
0.07232
0
0
0
0.09657
0.15896
0
0
0
0.16118
0.07195
0
0
0
0.0707
0
0
0
0.05893
0
0
0
0
0
0
0
0
0
0
0.07216
0
0.0739
0
0.07326
0
0
0.13072
0
0.0727
0.06108
0
0
0
0
0
0
0
0
0
0
0
0
0.07287
0
0
0
0
0.07228
0
0.12099
0.07246
0.11676
0
0
0
0
0.07245
0
0
0.07215
0
0
0
0
0
0
0.04805
0
0
0
0
0.07263
0
0.07266
0
0
0
0
0.08858
0
0
0
0
0
0.07237
0
0
0
0
0
0
0
0
0.16484
0.0248
0
0
0.07548
0
0.07311
0
0
0.07746
0.07321
0
0
0
0
0
0.07206
0.07253
0.07196
0
0
0
0
0
0
0
0
0.07204
0
0.04781
0
0
0
0.02442
0
0.07224
0
0.07213
0
0.07217
0.0721
0.07205
0.04796
0
0
0
0
0
0
0.14234
0.07212
0
0
0.14287
0.1667
0.13525
0
0.15949
0
0
0.02398
0
0
0
0
0
0
0
0.07254
0
0.07231
0.04794
0
0.07233
0
0
0
0
0.07239
0
0
0
0
0
0
0
0
0
0
0
0
0
0
0
0
0
0.43404
0
0
0.34194
0
0.18932
0
0.07291
0.07257
0
0
0
0
0
0.10185
0
0
0.04696
0
0
0
0
0
0
0.51148
0.09511
0
0.16756
0
0.18089
0.28933
0
0.22432
0.19712
0.40084
0.26796
0
0.253
0
0.5082
0.28956
0.07098
0.28494
0.09719
0.07873
0
0
0.13452
0
0
0.28872
0.06664
0
0
0.06911
0.06953
0.43746
0
0
0
0
0
0
0
0
0.31322
0.31242
0
0
0
0
0
0.04606
0.19857
0
0.27783
0.36461
0.13851
0.07935
0
0.19596
0.3994
0.43587
0.60889
0.41863
0
0.43403
0
0
0.26155
0.2369
0.45067
0.31898
0
0.25353
0.32645
0.04901
0.11888
0
0.34643
0
0.07406
0
0.2914
0.46295
0
0
0.29215
0.285
0.31025
0
0.3064
0
0
0
0.26798
0
0
0.07426
0.07439
0.07439
0
0
0
0
0.07429
0.13903
0.09077
0
0
0
0
0
0.07103
0.38386
0.38417
0
0
0
0.07082
0
0
0
0
0
0
0.07425
0
0
0
0.07438
0
0
0.14202
0
0
0
0.02506
0
0.31822
0
0
0
0
0
0
0
0
0
0
0.14231
0
0
0
0.34621
0
0.30652
0
0.25494
0.37732
0.39
0.35396
0.33086
0.48279
0.32807
0
0.36564
0
0
0
0.16697
0.44048
0
0.1336
0
0.2692
0
0
0.06948
0
0
0.08461
0
0
0.07441
0.08434
0
0
0
0
0.24491
0
0.0673
0
0.25847
0.46251
0.47778
0.50395
0.40856
0.39008
0.55256
0
0.02326
0.02326
0
0
0
0
0
0
0
0
0
0
0
0
0
0
0
0
0
0
0
0
0.23675
0.15978
0
0
0
0.0497
0
0
0
0
0
0
0.3805
0
0.09239
0.06779
0
0
0.06839
0.08152
0.39526
0
0
0.22603
0.17807
0
0
0.17206
0
0
0.38127
0
0
0.22455
0.19257
0.0491
0.32235
0.30486
0.3638
0
0.08371
0.0838
0
0
0.10732
0.18028
0.10043
0.12054
0.18048
0
0.19858
0
0
0
0
0
0
0
0.2255
0.07012
0
0.14132
0.09754
0.16747
0
0
0.50767
0.31446
0.05999
0.06953
0.29072
0.38528
0
0
0.36096
0.16309
0.31984
0.32004
0.54513
0.1478
0.46258
0
0.33059
0
0
0.02416
0
0.39401
0.21282
0
0.21657
0.07046
0.07065
0.06821
0
0.06799
0
0
0
0
0.30739
0
0
0
0
0
0
0
0
0
0
0
0
0
0
0
0
0
0
0
0
0
0
0
0
0
0
0
0
0
0
0
0
0
0
0
0
0
0.16034
0
0
0
0
0
0
0
0.25212
0
0
0
0
0.16208
0
0.39981
0.12025
0.18143
0.35053
0
0.04917
0.07472
0
0
0
0
0.06966
0.3373
0.2487
0.23977
0.3465
0.25116
0
0.06931
0.22589
0
0.17431
0
0
0.30047
0.22275
0
0
0.22319
0.25999
0
0.39219
0.3192
0.39409
0
0
0
0.27338
0.10974
0
0.43481
0.35473
0.51604
0.43173
0.39503
0
0.20074
0
0.22291
0.39153
0.02353
0
0
0
0
0
0.02469
0.17285
0
0
0
0
0.16297
0
0.26458
0.38502
0.34554
0.06977
0.3069
0.36996
0.35641
0.43957
0
0
0.39322
0.13873
0.0914
0
0.09154
0
0.09079
0.09058
0.1633
0.09153
0.09068
0
0
0
0
0
0.18465
0.09038
0
0.09747
0.12598
0.18064
0.09118
0.20602
0.18077
0
0.07036
0.02296
0
0.37668
0.24132
0.13599
0
0
0.05381
0
0.09077
0
0
0
0
0
0
0.06955
0.15957
0
0
0
0.15976
0
0
0.07352
0
0
0
0
0.16005
0
0
0.13528
0.16058
0.15898
0
0.1593
0.16012
0.15677
0.15921
0.15938
0.19568
0.1588
0.15986
0.09646
0.08292
0.08353
0.15711
0
0.15738
0.08222
0.15765
0.15769
0.15792
0
0
0.15852
0.07373
0.13283
0
0
0
0.02446
0.16006
0
0
0
0
0
0
0
0
0
0
0
0
0.09115
0
0
0
0.08955
0.05418
0
0.15964
0
0
0
0
0
0.15721
0
0.02857
0.07082
0
0.16043
0.16046
0.15893
0.15939
0.15866
0.16001
0.15831
0.15808
0.15732
0.15669
0.06907
0
0.06999
0.16089
0.15741
0.1606
0
0
0
0
0
0
0
0
0
0
0
0.08375
0
0.09457
0.09569
0
0
0
0
0
0
0
0
0
0
0
0.02441
0
0
0
0
0
0
0
0
0
0
0
0
0
0
0
0.0515
0
0
0
0
0
0.03054
0
0
0
0
0
0
0.0741
0
0
0
0
0
0
0
0
0
0.13169
0.16349
0.05435
0
0.13207
0.13229
0
0
0
0
0
0
0
0
0
0
0
0
0
0
0
0
0
0
0
0
0
0.0961
0
0
0.08324
0
0
0.08337
0
0
0
0.08395
0.0708
0
0
0
0.23395
0
0.4199
0.33005
0.34147
0.46963
0
0.3382
0.21365
0.23507
0.32083
0.21436
0.1901
0.30709
0.30735
0.30352
0
0
0
0.04752
0
0
0
0.24298
0.13937
0.23468
0.18889
0.39978
0
0
0
0.38579
0
0.32931
0
0.05018
0.06919
0.14785
0
0.39334
0
0.07281
0.22256
0
0
0.24746
0.41605
0
0
0
0.40866
0
0
0.09486
0
0.17299
0
0.084
0
0
0.17287
0
0.17288
0.25671
0.27569
0.11045
0.0941
0.09371
0
0
0.09509
0.14638
0.07196
0.09362
0.09347
0
0.0823
0.0947
0
0.07218
0
0
0.04887
0.07183
0
0
0.02368
0
0
0
0
0
0
0.04811
0
0
0
0
0.15857
0.07338
0.10154
0.29939
0
0
0
0
0
0.02426
0
0
0.13
0
0
0.22356
0.06725
0
0
0.09135
0
0
0
0
0
0.04786
0
0
0.09155
0
0.16308
0.22351
0.14809
0
0
0.20989
0.29918
0.39516
0
0
0
0.0993
0.07412
0
0
0.48817
0
0.38532
0.02497
0.07086
0
0.06706
0
0.0493
0
0
0
0.37112
0.09084
0
0
0
0
0.09216
0
0.04887
0
0
0.0694
0
0
0
0
0.20092
0
0.1309
0
0
0
0
0
0
0
0
0
0
0.09409
0
0
0.07226
0.14017
0.0729
0.07283
0.40786
0
0.25503
0.24349
0.09772
0.38049
0.16441
0.09037
0.09097
0
0
0
0.29508
0
0
0
0
0
0
0.07067
0.07245
0
0
0
0.07141
0.13433
0.07043
0
0.07276
0
0.04789
0
0.09578
0
0
0
0.07188
0.07194
0
0.29511
0.08853
0
0
0.36924
0
0
0.30148
0
0
0
0.08297
0
0
0.09912
0
0.29301
0.21432
0
0
0
0.07307
0.27604
0.29203
0
0
0
0
0
0
0
0
0
0
0
0.0725
0
0.14099
0
0
0
0
0
0
0
0
0.08876
0
0
0.08411
0.24016
0
0
0.07251
0
0
0.15664
0
0
0
0
0
0
0.10685
0
0
0
0
0
0
0
0.24121
0
0
0
0
0
0
0
0.03309
0
0
0
0
0
0.09577
0.09651
0.09588
0
0
0
0
0
0
0
0
0
0
0
0
0
0
0
0
0.53554
0
0
0
0
0
0
0
0
0
0
0
0.2086
0.20869
0
0
0
0
0
0
0
0
0.29357
0
0
0.29627
0
0
0
0
0
0
0
0
0
0
0
0
0
0.07244
0.06931
0
0
0
0.51529
0.45192
0.73529
0
0.0691
0
0.06846
0
0
0
0.54676
0
0
0
0.07251
0
0
0
0
0
0
0.0794
0
0.07946
0
0
0
0
0
0
0.11988
0
0
0
0
0
0
0
0
0
0
0
0.05665
0
0
0
0
0
0
0.15217
0
0.07914
0.15334
0.06952
0.06936
0
0
0
0.0687
0.1522
0.04786
0.15696
0
0
0
0.33694
0
0.07031
0
0
0
0
0
0.02672
0.07018
0.25434
0
0
0
0
0
0
0
0
0.27986
0
0
0
0
0
0
0
0
0
0
0
0.12703
0.10341
0.0713
0.07103
0
0
0
0
0
0
0.07284
0.07158
0.0712
0.07104
0.05447
0
0
0.0227
0
0
0
0.08286
0
0
0
0
0
0
0
0
0
0
0
0
0.07009
0
0.07286
0.07161
0.27824
0
0.42345
0
0.07827
0.3493
0
0.07137
0
0.0736
0.07446
0.0704
0.06861
0
0
0.06883
0.07829
0.12697
0.24476
0.15255
0
0
0
0
0
0
0
0
0.44916
0.42462
0.27263
0
0.24937
0.35822
0.2778
0
0
0.04744
0
0
0
0
0
0.07098
0
0
0
0
0
0
0.07017
0.07045
0.02351
0
0
0
0
0
0
0
0.07189
0.07014
0.15114
0.21373
0.07296
0.07848
0.06953
0
0
0.10974
0
0.04531
0
0.07088
0.10451
0.15409
0.06868
0.06841
0
0.15355
0.15155
0.07289
0.07886
0.07884
0.06936
0.0809
0.07076
0.10457
0.07908
0
0
0.07956
0.15162
0.1252
0.07207
0
0.07073
0.07248
0.0227
0.06945
0.07205
0.07075
0.06929
0.07065
0.07115
0
0.06954
0.07313
0.07273
0.07247
0.07313
0.32039
0
0
0.15241
0
0
0
0.32019
0
0.04542
0.02659
0.07255
0.08035
0.08038
0
0.44921
0.06879
0
0.06883
0.06858
0.15349
0
0.07116
0
0.47373
0.0714
0.07069
0.07303
0
0
0
0
0.09775
0
0.04586
0
0
0.04641
0.04793
0
0
0
0.15142
0.06995
0.07808
0
0
0.07796
0.07034
0.17505
0.06955
0.15245
0.12793
0
0.0534
0
0
0
0.07314
0
0.069
0.02265
0
0.07846
0.04543
0
0
0
0.06845
0
0.06924
0.15176
0.15088
0.04858
0.06981
0
0
0.07841
0
0
0
0.07823
0
0.07817
0
0.1098
0.44798
0
0.12691
0.07832
0.07809
0.07808
0
0.08
0.11202
0.09833
0.31296
0.15196
0.15216
0.07892
0
0
0
0.0246
0
0
0
0.07031
0.07254
0.05309
0.07259
0.02302
0
0.07111
0.07239
0
0
0
0.07134
0
0
0.09203
0
0
0.1592
0.15875
0
0
0
0
0.07005
0.07018
0
0
0
0
0.1538
0
0
0
0
0.07168
0.02406
0
0
0.07147
0
0
0
0
0.30917
0
0
0
0.04701
0.0527
0.08023
0
0.20938
0.08054
0.60479
0.20937
0.35701
0.25094
0.10477
0.10381
0.28406
0.03541
0.20454
0.10559
0.07253
0.12884
0.23567
0.27751
0.31138
0.34665
0.0995
0.07302
0.21283
0.07312
0.32512
0
0.47506
0.46754
0.25692
0.25778
0.18849
0.20968
0.92042
0.419
0.19806
0.17815
0
0.74817
0.15244
0.08041
0.06869
0.07857
0.07326
0.07347
0
0.06986
0.07076
0.07026
0
0.06843
0.0246
0.07364
0.07382
0.15187
0
0.8247
0.10456
0.41385
0.62989
0
0.72854
0.64269
0.53744
0.4664
0.11058
0.19707
0
0.07984
0.2339
0.03502
0.20861
0.61753
0.69405
0.40788
0
0.56141
0
0.2125
0.32672
0.66508
0
0.25982
0.87885
0.85118
0.37024
0.44196
0.03496
0
0.52706
0.84703
0.92572
0.43975
0.76604
0.57567
0.58202
0.55701
0.60808
0.75638
0.52612
0.73708
0.53962
0.44172
0.15307
0.02668
0.37693
0.27724
0
0.29016
0.14527
0.85886
0.55919
0.31118
0.3679
0.63429
0.69117
0.222
0.86992
0.29738
0.21615
0.07935
0.11234
0.40785
0.50881
0.08029
0.4895
0
0
0.15353
0.07193
0.15424
0
0.32889
0.02453
0.1608
0
0.48869
0.66524
0.79599
0.08014
0.36857
0.31231
0
0.27721
0.39812
0.88957
0.07219
0.28294
0.26707
0.32924
0.10561
0.37736
0.18341
0.26306
0.26322
0.02422
0.23579
0.278
0.40364
0.31401
0.10547
0.35747
0.81623
0.39696
0.37662
0.23126
0.33215
0.36725
0.36786
0.45526
0.96151
0.48923
0.37004
0.41702
0.40488
0.50699
0.48964
0.35616
0.33399
0.32931
0.40308
0.63496
0.64808
0.53165
0.89274
0.33957
0.07848
0.43437
0.33022
0.23981
0.4053
0.87538
0.39291
0.27837
0.38573
0.4541
0.27982
0.66344
0.77697
0.39033
0.54126
0.51721
0.51611
0.44587
0.44438
0.19818
0.26711
0.36906
0.32257
0.36654
0.8539
0.89
0.53566
0.38975
0.31764
0
0.3689
0.36995
0
0.35677
0.36944
0.36936
0.29389
0.46763
0.84738
0.28553
0.39895
0.31384
0.20977
0.37143
0
0
0
0
0
0.07014
0
0
0
0
0.09622
0.05039
0
0
0
0.05761
0
0
0
0.17142
0
0
0
0.12943
0.14138
0
0
0.0564
0.09125
0.03666
0
0.28383
0.06509
0.15573
0.0559
0.17136
0
0
0
0
0
0
0
0
0.12412
0.10756
0
0
0.06608
0.05976
0.0669
0
0
0
0
0
0
0
0
0
0
0
0
0
0
0.0689
0
0
0
0
0
0
0
0
0
0.4424
0.30877
0.22519
0.3111
0
0.07652
0
0
0
0.05901
0
0.02404
0.07366
0
0.30232
0
0
0
0.39544
0
0.33372
0
0
0
0
0
0
0
0.4142
0
0.3034
0.1599
0
0
0.0295
0
0
0
0.07885
0
0.28441
0.89205
