0.23667
0
0
0
0.60492
0.6023
0.02042
0.0383
0.04523
0.03857
0.03777
0.04585
0.0194
0.03841
0.37323
0.03898
0.27763
0.01913
0.03815
0.23557
0.03856
0.06487
0.00713
0.06883
0.02574
0
0
0
0.02046
0.29451
0.10006
0
0
0.01906
0
0
0.03867
0
0.01857
0.0191
0
0
0.01857
0
0.01881
0
0.01855
0
0.03777
0
0
0.01849
0
0.03828
0.00623
0.03823
0.0378
0.03779
0.01858
0
0.03779
0.03777
0
0.01984
0
0.03781
0
0
0.03788
0.01872
0
0.03778
0
0.03784
0.05698
0
0
0.01943
0.03788
0.05074
0.02548
0
0
0.03781
0.03786
0.05077
0
0.01248
0
0
0.02502
0
0.01944
0.01943
0
0.03777
0.0378
0
0
0.0194
0.01854
0
0.03785
0
0.0194
0.01854
0.01909
0
0
0
0
0
0.038
0
0
0
0.03128
0.01943
0.01946
0
0.038
0
0.01942
0
0.01905
0
0
0.0185
0.01908
0
0.01853
0.00648
0
0
0
0
0.03878
0
0
0.00623
0
0
0
0.01958
0.01246
0.03832
0.05724
0.01949
0
0
0
0.03778
0.01869
0
0
0.03779
0
0.03777
0.05703
0.05686
0
0.00623
0.03191
0
0
0.01321
0
0
0.03774
0.03897
0
0.01944
0.0187
0.01844
0
0.05704
0
0
0.0571
0
0
0
0
0.03854
0.03782
0
0.05776
0.01854
0
0.0379
0.03854
0.01965
0.01918
0.01955
0.05678
0.05733
0
0.01941
0
0
0
0
0
0.03955
0.0571
0.01944
0.0195
0
0
0.03787
0
0
0.01842
0.01956
0
0.0574
0.01916
0
0.03894
0
0.01848
0
0
0.0124
0.038
0.05708
0.01871
0.05713
0.04473
0.01953
0.01947
0
0
0.01873
0.02556
0.05722
0
0
0
0.03789
0.01946
0.01945
0.01944
0.01871
0.01949
0.03786
0.01873
0.02508
0
0
0.01943
0.01951
0.03827
0.01239
0
0
0.01853
0
0
0.03817
0
0.0194
0.0194
0.01236
0.03786
0
0.03773
0
0
0.0187
0
0.05692
0.01296
0.01942
0.03774
0.03835
0.05777
0
0.0381
0.0195
0.01849
0
0
0
0
0
0
0
0
0.05696
0.01915
0.05727
0.05682
0.01867
0.03838
0.0195
0.0185
0.01849
0.01848
0
0
0
0
0
0.0187
0.05696
0
0.05755
0.05674
0
0
0.0195
0.03782
0.01841
0.01847
0.0378
0
0.05687
0.05699
0.05732
0.05691
0.01909
0
0.01952
0.01953
0.01847
0.0195
0.01841
0
0
0.01849
0
0.01867
0
0.01958
0.03885
0
0.01846
0.01943
0
0
0.05057
0.05764
0.03185
0.03788
0.03879
0
0
0.0185
0
0
0.05697
0.05073
0.0571
0.05705
0.05707
0.05676
0.05685
0
0.05681
0.05695
0.01995
0
0
0.01845
0.02511
0.05709
0
0.01974
0.03776
0.0065
0.03811
0
0.03784
0.01963
0.05227
0.03786
0.05702
0
0.05815
0
0
0
0.01844
0
0
0.03775
0
0.00648
0.05752
0
0
0.05672
0.02587
0.05055
0.03817
0.02587
0.01944
0.01981
0
0
0
0
0.01944
0.03814
0
0.0385
0.01978
0
0.01842
0.01842
0
0.0378
0
0
0.03877
0.01295
0
0.03814
0
0.01942
0
0
0.03894
0.01858
0.0185
0
0
0
0.01948
0.01997
0.01944
0.01941
0.0319
0.05695
0.05696
0.03223
0.01849
0.0195
0.0385
0.01848
0.01851
0.01852
0
0
0
0
0.01946
0.05068
0.02616
0.01983
0.01997
0
0.02622
0.01957
0.01874
0.05711
0.05693
0.05679
0.05726
0.03819
0.01268
0
0.03841
0.038
0
0.01852
0
0
0.01945
0.01951
0
0.01943
0.03219
0.00614
0.05743
0.05704
0.05841
0.03878
0.01845
0
0.03777
0.01853
0.02486
0
0
0
0
0
0.01949
0.01946
0.01951
0.01871
0.01873
0.0383
0
0.05838
0.05765
0.03244
0.03888
0.03789
0.03852
0
0.01845
0
0
0
0.01943
0.03931
0
0.0571
0.05702
0.05766
0.059
0.01984
0.01985
0.01847
0.03831
0
0
0.01945
0
0.0195
0.05702
0.01941
0
0.04522
0.04506
0.05815
0.01946
0.03874
0.03884
0.03858
0.0378
0.03922
0
0
0
0
0
0.0195
0.01948
0.01955
0.03782
0
0.01874
0
0.03856
0.05752
0.01996
0.05879
0
0.0379
0.03788
0.03895
0.0392
0
0
0
0
0.01845
0
0.03946
0.01946
0
0
0.03149
0.05797
0.01276
0.0586
0
0.03791
0
0
0
0
0.03782
0.01872
0.03822
0.03818
0.01947
0.01948
0.03791
0
0
0
0.01943
0.01942
0
0.03167
0
0.05834
0.03822
0.03828
0.05896
0.01859
0.03785
0.03861
0.03788
0.03792
0
0
0
0
0
0.01954
0
0
0
0.0252
0.01872
0.05886
0.05706
0.03889
0.03862
0.03922
0.03794
0
0.01842
0
0
0
0
0
0
0
0.05069
0.01944
0.01299
0
0.03838
0
0.0195
0.03787
0.03816
0.03849
0
0
0.01229
0
0.02564
0.01945
0.01945
0
0
0.03194
0.0572
0.05699
0.02556
0.01856
0.03864
0
0.00617
0
0
0
0.01954
0.01942
0.01941
0.0195
0.03843
0.03881
0.01874
0.05711
0.05723
0.05763
0.02509
0.05739
0.05676
0.03827
0.0384
0.01991
0.01945
0.03785
0.03866
0
0
0.03924
0.03832
0
0.05717
0
0.05823
0.05709
0.0578
0.02562
0.03821
0.01952
0.0385
0.03862
0.03834
0.03795
0.03783
0.05696
0
0
0
0.0196
0.01947
0.03856
0
0
0.02006
0.05766
0.05714
0.05736
0.0382
0.03787
0.01945
0.03822
0.03801
0.03786
0.03786
0.03849
0
0
0.01949
0.01946
0.01948
0.01986
0.0196
0.01942
0
0.05071
0
0.01921
0.05761
0.01274
0.03887
0.01933
0.01949
0.01987
0
0.01866
0
0.01962
0.01943
0.01959
0.01962
0.03788
0
0
0.05748
0.01997
0.03845
0.03788
0.03789
0
0.03856
0.03816
0.03791
0.03809
0
0
0
0
0.038
0
0
0
0.0394
0.01952
0.01912
0.05882
0.05893
0.05745
0
0.05714
0.05782
0.03852
0.01996
0.038
0
0.03812
0
0.05695
0.01942
0.01961
0.01966
0.03817
0.01901
0.02645
0.05751
0.05855
0.05854
0.03823
0.01949
0.01947
0.03777
0.03847
0.03794
0.01303
0
0.01854
0.03832
0.01948
0.01945
0
0
0.01872
0.01872
0.01943
0.05727
0.05177
0.03192
0.01952
0.01945
0
0.03906
0.01284
0.00615
0.01854
0.01881
0.03815
0.05744
0.03906
0.05808
0.03817
0.01945
0.03779
0.0378
0
0
0
0
0.01942
0.03946
0.01981
0.02585
0.01944
0.01949
0.01943
0.05768
0.05864
0.05787
0.03861
0.01949
0.01947
0.0384
0.0387
0.03858
0.01843
0
0
0.02566
0.03862
0
0.02629
0.01949
0.01977
0.01906
0.05868
0.05716
0.05707
0.05797
0.05798
0.03809
0.01998
0.03847
0.0378
0.03787
0
0.01894
0
0
0.01949
0.01986
0.03813
0.05811
0.0577
0.01953
0.01986
0.0378
0.03786
0.03785
0
0
0
0.01948
0.0198
0.0195
0
0.01875
0.00649
0.05748
0.0195
0.03794
0.03837
0.01933
0.0381
0.0187
0
0.03823
0.0188
0.01947
0.01974
0.01953
0.03814
0.05776
0.05805
0.05809
0.05741
0.05708
0
0.01984
0.01986
0.03864
0.03783
0
0
0
0
0
0.01948
0.01951
0.03846
0.03782
0
0.03911
0.03834
0
0
0
0.02517
0.01944
0
0.01857
0.01944
0.01979
0.0195
0.01942
0.0252
0.03898
0.03916
0.05907
0.03795
0.03785
0.0188
0.03824
0
0
0.0378
0
0.05771
0
0.03819
0.01941
0.03973
0.01962
0.01947
0.01893
0.02567
0
0.05779
0.03906
0.05785
0.05778
0.02606
0.01991
0
0.03898
0.02584
0.03823
0.01853
0.05882
0.01977
0
0.05768
0.0584
0.05832
0.0387
0.05717
0
0.0579
0.01985
0.03812
0.01232
0
0.03978
0.03857
0.01888
0.03191
0.058
0.01947
0.03781
0.03778
0.03853
0.01973
0.03832
0
0
0
0
0.01955
0.01943
0.01946
0.01892
0.03191
0.03814
0
0.03786
0
0.01962
0
0
0.03823
0.03824
0.03962
0.01953
0.05788
0.01889
0
0.03931
0.0571
0
0.03795
0.01952
0.01856
0
0
0.01866
0.0382
0.04444
0.05785
0.0197
0.03835
0.01946
0.05905
0.058
0
0.01952
0.03879
0.01926
0.0185
0.01857
0.03847
0
0.01922
0.02542
0.01886
0.03817
0.05786
0.01948
0.03796
0.03802
0
0
0
0
0.01863
0.01944
0.01944
0.01958
0.01237
0.0196
0.0194
0.01874
0.05787
0.05836
0.03903
0.03262
0
0.01951
0.03813
0.0389
0.03851
0
0.00616
0
0
0.05698
0
0.05254
0.05793
0.05678
0.02002
0.03846
0.03817
0
0
0
0.01857
0.01866
0
0.01948
0.01962
0.03795
0.01945
0.01965
0.01954
0.05714
0.05777
0.05698
0
0.01949
0.03895
0.03784
0.03792
0.01858
0
0
0
0
0.01856
0.01962
0.0397
0.03825
0
0.0579
0.03933
0.03809
0.03819
0.03816
0.03295
0
0
0
0
0.0189
0.01946
0.01856
0.01973
0.02016
0.03891
0.03897
0.05796
0.05838
0.01956
0.01949
0.01953
0.03837
0.01992
0.03901
0.03783
0.01966
0
0.01984
0
0.03837
0
0.01954
0.01977
0.05866
0
0.05778
0.05872
0.03899
0.03792
0.01961
0.01944
0
0
0.05776
0.05929
0.01964
0.01953
0.03803
0.01873
0.0387
0.01954
0
0.0579
0.03324
0.01979
0.03806
0.03912
0.01872
0.05781
0.06683
0.03912
0.03776
0.02635
0
0
0
0.01977
0.01964
0.05813
0.05822
0.04543
0.05799
0.01938
0.01965
0.03776
0.0379
0.03783
0
0.01874
0
0.01971
0.01966
0.01898
0.01979
0.05781
0.05667
0.01299
0.03807
0.02596
0.03868
0.03794
0.01979
0
0.01971
0.03956
0.05713
0.01288
0.00644
0.03842
0.03895
0.03839
0.03816
0.03812
0
0
0.02017
0.0196
0.02556
0.02551
0
0.03821
0.01882
0.05792
0.05907
0.03807
0.01975
0
0
0.01896
0.01895
0
0.03964
0.01875
0.05899
0.05673
0.01956
0.03822
0
0
0.0662
0.03788
0.05691
0.05686
0
0
0.05829
0.05916
0
0.03183
0.0581
0.05804
0.02005
0.03861
0.01979
0.0198
0.03787
0.02552
0
0.03819
0
0.05087
0.01965
0.02536
0.03236
0.0593
0.01956
0.00653
0
0.03784
0.03862
0.03856
0.03788
0
0.01886
0
0.0569
0
0
0.01974
0
0.05771
0.05716
0.0578
0
0.03847
0.03844
0.01876
0.03897
0.01862
0.00625
0.03863
0.01959
0.01978
0
0.01875
0.0578
0
0.0386
0.01974
0
0.0062
0
0.05815
0
0.04453
0
0.01947
0.01941
0.01908
0.02581
0.05752
0.05728
0.05941
0.01933
0.03802
0
0
0.01948
0
0
0.01948
0.05868
0
0.01995
0.03859
0.01979
0.03826
0.01871
0.01972
0
0.01977
0.01961
0.05908
0.0569
0.03141
0.01973
0.01988
0.01969
0.03898
0
0.01912
0.01918
0
0.0186
0
0
0
0.01978
0.0261
0
0.05794
0.05785
0.05785
0.05691
0.03916
0.05921
0.03853
0.01972
0.01976
0.03827
0.01952
0.01909
0
0
0.01978
0.01962
0.02498
0.03832
0.03796
0
0.05686
0.03874
0.05066
0.03799
0.05828
0.03885
0
0.03829
0.03839
0.01878
0.03867
0.03823
0
0.03926
0
0.01979
0.01965
0
0.01979
0.01879
0.0393
0.05793
0.05761
0.05834
0
0
0.03788
0.03848
0.03783
0.03791
0.03783
0
0.03859
0.01935
0.0194
0.05692
0.05868
0
0.01985
0.03782
0.01302
0
0.01994
0
0
0.01916
0.0193
0.01985
0.05266
0.0396
0
0.0574
0.05821
0.05806
0
0.01853
0.01993
0.03782
0.0386
0
0.0385
0
0
0.03837
0.01971
0
0.05733
0.05702
0.05828
0.02634
0.05674
0.05685
0
0.0199
0.01988
0.03861
0.03267
0.03834
0.05707
0.01988
0
0.0201
0.02591
0.01942
0.0586
0.0584
0.03157
0.05826
0.05811
0.05889
0.01951
0.05915
0.05749
0
0.03854
0.03838
0.01878
0.01914
0.0383
0
0
0.05711
0.01965
0.01967
0
0.05685
0.01945
0.03831
0.0379
0
0.05128
0
0
0.01952
0.03841
0.01942
0.01968
0.03934
0.03872
0.03932
0.01294
0.05754
0.0198
0
0
0
0
0.03849
0
0.03874
0.01958
0.01974
0.01945
0.05881
0.05711
0.01948
0.03142
0.03857
0.03846
0.01885
0
0.01975
0.01954
0
0.03857
0.03869
0.03829
0
0.03862
0.01961
0
0.05686
0.05673
0.01993
0.03805
0.03929
0.03871
0
0.03859
0.03838
0
0.0197
0.05885
0
0.0202
0.01964
0.02003
0.01876
0.05904
0.03927
0.01855
0.03852
0
0
0.05903
0.05925
0.0193
0
0
0
0.01947
0.03811
0.01881
0.01944
0.05863
0.05764
0.03262
0.03879
0
0.01961
0.03925
0
0
0
0.03823
0.04585
0.05829
0.03907
0.03833
0
0
0
0.03943
0.03898
0.0195
0.05734
0.03813
0.05839
0.05857
0.03833
0.03866
0.03814
0.03866
0.03856
0.0189
0.01976
0.0382
0.05746
0.05831
0.06691
0.05762
0.02001
0
0
0.01952
0
0
0.01974
0.01984
0.01977
0
0.05688
0.02003
0.01951
0.03792
0.03869
0.03821
0.03877
0
0
0
0
0.01966
0.03813
0
0.01932
0.05677
0.05894
0.00641
0.01948
0.03891
0.03871
0.03791
0.03848
0
0.03896
0.01945
0.01989
0.03839
0
0.03953
0.05763
0.01948
0.038
0.03822
0.03878
0.00649
0
0.02001
0.01946
0.01955
0.01975
0.01968
0.01989
0.03836
0.01981
0.01982
0.0383
0.03899
0.05853
0.05879
0.02003
0.01949
0.03865
0.01942
0.03815
0.01947
0.01964
0.01971
0
0.03879
0.02512
0.03973
0.03977
0
0.03306
0
0.03781
0.0385
0.03789
0.00661
0.01982
0.03844
0.05941
0.03822
0.05854
0.01996
0
0
0
0.03783
0.03803
0
0.05669
0.01342
0.03841
0.03886
0.03907
0.05884
0.0201
0.03912
0.03842
0
0.01984
0
0
0.01996
0.04433
0.01957
0.01997
0.0592
0
0.01859
0
0.02017
0.03975
0
0.01995
0.03894
0.00615
0.02008
0.02012
0.0193
0
0.00655
0.05696
0.05837
0.03906
0.01999
0
0
0.03883
0.039
0.02004
0
0.01942
0.05876
0.0394
0.03935
0.03889
0.03878
0.01899
0.03856
0.03854
0.03793
0
0
0.01986
0.03865
0.02009
0
0.02626
0.03879
0.03893
0.01899
0
0
0.01977
0.01977
0.03903
0.0567
0
0.05903
0
0.03913
0.0385
0
0
0
0
0
0.02012
0.05739
0.01965
0.05837
0.05747
0.05901
0.05779
0.05892
0
0.03956
0.03886
0.01943
0.03887
0.03917
0
0.01941
0.01969
0.05671
0.01892
0.01948
0.01935
0
0
0
0.03811
0.05807
0.05904
0
0.01942
0.03903
0.00666
0.03921
0.00673
0
0
0.01927
0.03938
0
0
0.05884
0
0.03878
0
0
0
0
0
0
0
0.01981
0
0.05131
0.05909
0.03885
0.03883
0
0
0
0.00675
0.01994
0.03234
0
0.02009
0.01987
0.05806
0.05908
0.02004
0
0.02018
0.01346
0
0.02002
0.0387
0.01959
0.05674
0.03898
0.03791
0
0
0
0.02019
0.01951
0.01998
0.03903
0
0.03793
0
0.01998
0.01994
0.03888
0
0.03919
0.03936
0.0568
0
0.01932
0.03902
0.01952
0
0
0
0.00656
0.03859
0.0394
0.02005
0.05927
0.01904
0.03909
0.01951
0.01906
0
0.03288
0.03956
0.05775
0.03914
0
0
0.01951
0.03858
0.01846
0.01992
0
0
0
0
0.02009
0
0.03238
0.02008
0.059
0.05873
0.0319
0.03845
0.00633
0.01981
0.02016
0
0
0.02018
0.03881
0.03932
0
0.01298
0
0
0.05721
0.05858
0
0.03885
0.01914
0
0
0.02009
0.00673
0.05851
0.05859
0.05747
0.03861
0.01951
0.03926
0.03894
0
0
0.01971
0.05939
0.0325
0.05925
0.0379
0.01898
0.03941
0.05837
0.01934
0.03783
0.01923
0
0.01992
0
0.03865
0.03946
0.03902
0.0392
0.0195
0.01844
0
0
0
0.03841
0.01925
0.05901
0.01962
0
0
0
0
0.01981
0.02006
0.02596
0
0
0
0
0.03873
0.03932
0
0.03241
0.03912
0.03915
0
0.0386
0.03924
0
0
0.03825
0
0.01925
0
0
0
0.01972
0.03966
0.03926
0
0.03826
0
0.03266
0.01846
0
0.03862
0.046
0.03272
0
0.03932
0.01964
0
0
0.03892
0.02606
0.03931
0.01843
0
0
0
0.00675
0.01944
0.0194
0.03946
0.0387
0.05862
0.03902
0.03833
0
0
0.03825
0
0.03934
0
0
0.02006
0.03932
0
0.03274
0.05867
0
0
0.01921
0.0381
0
0
0
0
0.02023
0.01923
0
0
0
0
0.03902
0.02005
0.0198
0.01995
0.0202
0.03909
0.01948
0.05693
0.05899
0.05277
0
0.03878
0
0.00648
0
0
0.03845
0
0.02016
0.03929
0
0.03955
0
0.03852
0
0
0.01908
0
0.01928
0.02018
0
0.02613
0.01993
0.03896
0.01899
0
0
0
0.03842
0.02008
0.01948
0
0
0.03842
0.01909
0.019
0
0.05755
0.01949
0
0
0
0
0.03932
0
0.01339
0
0
0.03938
0
0
0
0
0
0.05158
0
0.03869
0.03818
0.01912
0.02002
0
0
0.03934
0
0.01929
0.02
0
0.01972
0.03852
0
0
0
0
0
0
0
0
0.01929
0.03951
0
0
0
0
0.00644
0.03917
0.02648
0.01979
0.0198
0
0
0.03949
0
0.01902
0
0.05924
0
0
0.03956
0
0.00673
0
0
0.01301
0
0
0.0191
0
0
0
0
0
0.05739
0
0.05751
0.01904
0.01343
0
0
0.05929
0
0.01934
0.03259
0.03961
0
0
0
0.05927
0
0
0
0
0.01937
0
0.03923
0
0
0
0
0
0
0
0
0
0.0186
0
0
0
0
0.02007
0.03963
0
0.03856
0.03283
0
0
0
0
0.01925
0
0
0.03963
0
0
0
0
0
0
0.02005
0
0
0
0
0
0
0
0
0
0
0
0
0.01256
0
0
0
0.01304
0.00654
0
0
0
0
0
0
0
0
0
0
0
0
0
0
0.01937
0.03924
0
0
0
0
0
0
0.05722
0
0
0.00647
0
0
0
0
0
0
0.02099
0
0
0.02087
0
0
0.01978
0.01924
0
0
0
0
0
0
0
0
0
0
0
0
0.02013
0
0
0.01976
0
0
0
0
0
0
0
0
0.01989
0
0
0.01979
0
0
0
0.00668
0.00647
0
0.0194
0
0
0
0
0
0
0.01924
0
0
0
0.01956
0
0
0
0
0.02008
0.01934
0
0.01967
0
0
0
0.01934
0
0
0.03915
0
0
0
0
0
0
0
0.02011
0
0
0
0.01986
0
0
0
0
0
0
0.01923
0
0
0
0
0
0
0.02004
0
0
0.0199
0
0
0
0
0
0.01933
0
0.00647
0.01968
0
0
0
0
0.00674
0
0
0
0
0
0
0
0
0
0
0
0
0
0.00672
0
0
0
0
0
0
0
0
0
0
0.01931
0
0
0
0
0
0.01997
0.03936
0
0
0
0
0
0.01289
0
0.03929
0
0
0
0
0
0
0
0
0
0.03893
0
0
0
0
0
0
0
0
0
0
0
0
0
0
0
0
0
0
0
0
0.02102
0
0
0
0
0
0
0
0
0
0.02103
0.01993
0
0
0
0.02003
0
0
0
0
0
0
0
0
0
0
0
0
0.02078
0
0.02015
0
0
0
0.02008
0.03941
0
0
0
0
0
0
0
0.02094
0.026
0
0
0
0
0
0
0
0
0
0
0
0
0
0
0
0
0.03903
0
0
0
0
0
0
0
0
0
0.02149
0
0.01992
0
0
0
0
0
0.02093
0
0
0
0
0
0.00674
0
0
0.02085
0
0.02091
0
0
0
0
0
0
0.01291
0
0
0
0
0
0
0.01975
0
0
0
0
0
0.03978
0
0
0.02098
0
0
0
0
0
0
0.02135
0
0
0
0
0.02119
0
0
0
0.02147
0
0.01982
0
0.02082
0
0
0
0
0
0
0
0
0
0
0
0
0
0
0
0
0
0.02071
0
0
0.02116
0
0
0
0
0
0
0
0.02122
0
0
0
0.0207
0
0
0
0
0
0
0
0
0
0
0
0
0
0
0
0
0.02096
0
0
0
0
0
0
0
0
0.02113
0
0
0.01392
0
0.02076
0
0
0
0
0
0
0
0
0
0
0
0
0
0
0
0
0
0
0
0
0
0
0.02108
0
0
0
0
0
0
0
0
0.02108
0
0
0
0
0
0
0
0
0
0
0
0
0
0
0
0
0
0
0
0
0
0
0
0.03906
0
0.02078
0
0
0
0
0
0
0
0
0
0
0
0
0
0
0.0853
0
0
0
0
0
0
0
0
0
0
0
0
0
0
0.02072
0
0
0
0
0
0
0
0
0
0
0
0
0
0
0
0
0
0
0
0
0
0
0
0
0
0
0
0
0
0
0
0
0
0
0
0.01402
0
0
0
0
0
0
0
0
0
0
0
0
0
0
0
0
0
0
0
0
0
0
0
0
0
0
0
0
0
0
0
0
0
0
0
0
0
0
0
0
0
0
0
0
0
0
0
0
0
0
0
0
0
0
0
0
0
0
0.00695
0.02091
0
0
0
0
0
0
0
0
0
0
0
0
0
0
0
0
0.02142
0
0.01376
0
0
0.0209
0.02087
0
0
0
0
0
0
0
0
0
0
0
0.02115
0
0
0
0
0
0
0
0
0.021
0
0
0
0
0
0
0
0
0
0
0
0
0
0
0
0
0
0
0
0
0
0
0
0
0
0
0
0
0
0
0.04119
0
0
0
0
0.02088
0
0.02101
0
0
0
0
0
0
0
0
0
0
0
0.02041
0
0
0
0
0
0
0
0
0
0
0
0.02092
0
0
0.0852
0
0
0
0
0
0
0
0
0
0
0
0
0
0
0
0
0
0
0
0
0
0
0
0
0
0
0
0
0
0.02082
0
0
0.02009
0
0
0
0
0
0
0
0
0
0
0.02086
0.021
0
0
0
0.04112
0
0
0
0
0
0
0.04077
0
0
0
0
0.02091
0
0
0
0
0
0
0
0
0
0
0.02033
0
0
0.02046
0
0
0
0
0
0
0
0
0.04282
0.04198
0
0
0.04071
0.06475
0
0
0
0
0
0
0
0.0138
0
0
0
0
0
0.02084
0
0.03458
0
0
0
0
0
0.04164
0
0.00692
0.01378
0.00689
0.02099
0.03951
0
0
0
0
0
0
0
0
0.04066
0
0
0
0
0.03944
0
0
0
0
0
0
0
0.04098
0
0
0
0
0
0
0
0
0
0.04075
0
0.02097
0
0
0
0
0.02052
0
0
0
0.02037
0.02041
0.0408
0
0.05687
0
0
0
0
0
0
0
0.02031
0
0
0
0
0
0.02095
0
0
0
0
0
0
0.04054
0.04067
0.04053
0
0
0
0
0
0.02067
0
0.0406
0
0
0
0
0
0
0
0
0
0
0
0
0
0
0
0
0
0
0.00695
0.02059
0.02092
0.02085
0
0
0
0
0
0.02164
0
0
0
0.06457
0
0
0
0
0
0.00688
0
0
0.02078
0
0
0
0
0
0
0
0
0
0
0
0
0
0.02096
0
0.02096
0
0.02098
0
0.02041
0
0
0
0.02018
0
0
0.01398
0.02109
0.03939
0
0.04062
0
0
0
0
0
0
0
0
0
0
0
0.02144
0.02093
0.0216
0.02082
0
0.00693
0.04602
0.02871
0.02041
0.04072
0
0
0
0
0
0
0
0
0
0
0.04089
0.02016
0.0406
0
0
0
0
0
0
0
0
0.02021
0.02135
0
0
0
0.04067
0
0.08504
0
0
0
0
0
0
0
0.02079
0
0
0
0.02048
0
0
0
0.04223
0.04064
0.02084
0
0.04059
0.02073
0
0
0
0
0
0.02083
0.02073
0.02087
0
0
0
0
0
0.01345
0.02085
0
0
0
0
0
0
0
0
0.02106
0.02081
0.04342
0
0
0
0
0
0
0
0
0
0
0
0.06381
0.02025
0
0
0
0
0
0.02022
0.04056
0
0.04056
0.0415
0.02078
0
0
0
0
0.04159
0
0
0
0
0
0
0.02069
0.02132
0.02082
0.02065
0
0.0208
0
0
0.02015
0
0.04178
0.04184
0
0
0
0
0.0202
0
0.0214
0
0.02076
0.10791
0
0.02025
0
0
0
0
0
0
0
0
0
0
0
0
0
0
0
0.08517
0
0
0
0
0
0
0.02077
0.02058
0
0
0
0
0
0
0
0
0.07986
0
0
0.02109
0.02065
0.06433
0.0203
0
0.02026
0
0
0
0
0
0
0.02016
0.02119
0
0.02124
0.0416
0.08472
0
0
0.02128
0.02016
0.04208
0
0
0.10789
0
0
0
0.0416
0.08468
0.01425
0.02094
0
0.04234
0
0
0
0.04162
0
0.02055
0.02141
0
0.02789
0.04165
0
0
0
0
0
0.04059
0.0208
0.08565
0
0.02094
0.04212
0
0
0
0
0
0
0.02019
0.04077
0.04073
0
0
0.08545
0
0
0
0
0.04077
0
0.02223
0.0637
0
0
0.05692
0
0
0.10807
0
0
0
0
0
0
0.03622
0.02087
0.02176
0
0
0.02018
0.04986
0
0
0
0
0
0
0
0
0
0.07095
0.0817
0.01384
0
0.02086
0
0.02064
0
0.0415
0
0
0.05616
0.02135
0.10864
0
0
0
0
0
0.02105
0.08566
0.02078
0.04075
0
0.02066
0.04106
0.02234
0.0854
0
0.02165
0
0
0.02229
0.04174
0.04194
0
0.02093
0.02089
0
0
0
0
0.02014
0.02036
0.02134
0.0144
0.02217
0.02221
0
0
0
0.04172
0.02071
0.05911
0.06579
0.10808
0.07795
0.08567
0.04359
0.02029
0.02013
0.02068
0
0
0
0
0.00704
0
0
0
0
0.04072
0.04052
0
0.02112
0
0.04155
0.02242
0
0
0
0
0
0.02103
0
0.04082
0.02084
0.02142
0
0
0.02219
0
0
0
0.05131
0.02078
0.108
0.02082
0
0.02076
0.04076
0
0.10893
0.09428
0.00737
0
0
0
0
0.03381
0.0211
0.021
0
0.00713
0.10842
0.04179
0.06292
0
0.04226
0
0.02084
0
0
0
0
0
0
0
0
0
0
0
0.03636
0.0785
0
0
0
0
0.02098
0.00688
0.02167
0
0.02014
0
0.0271
0
0.109
0
0
0
0
0
0.02098
0.02126
0.02172
0.04087
0
0
0
0
0.02107
0.08503
0.08692
0.0222
0.04169
0
0
0
0.04082
0
0.02093
0.02017
0
0.04075
0
0
0
0
0
0
0
0
0.02016
0.08511
0
0.02108
0.057
0.02099
0.04154
0
0
0.04155
0.02174
0
0.02827
0.0418
0.0411
0
0
0
0.01412
0
0
0
0
0.04083
0
0.10832
0
0
0.0211
0
0
0.02169
0
0.04142
0
0
0
0
0
0
0
0
0.04055
0.05579
0.02151
0.10877
0.109
0.00689
0
0.03476
0.02058
0
0.04053
0.02691
0.02161
0.04127
0
0
0
0
0.04071
0.04046
0.02843
0.02143
0.1083
0.108
0.02071
0.0211
0
0
0
0.0283
0.02079
0.02053
0
0.00699
0
0
0.02178
0.0223
0.08491
0.02217
0
0
0
0
0
0
0.05578
0
0
0.02047
0.04101
0.08498
0.02217
0.02221
0.00737
0
0.01444
0
0
0.04087
0.0203
0
0.02236
0.02073
0
0.0417
0
0.03487
0
0.0211
0.01343
0.03396
0.02054
0.04128
0.02219
0
0
0
0
0
0.04054
0.0205
0.06292
0.08498
0.0502
0.08565
0.10886
0.17572
0
0.0209
0.04167
0
0.04116
0.041
0
0
0.0222
0.02226
0.02227
0
0.0597
0.02231
0
0
0.02034
0.04074
0.02036
0
0.0214
0.04336
0
0
0.03465
0
0
0
0
0.02046
0.02025
0
0
0
0.04532
0
0
0
0
0
0
0.04072
0.21285
0.04485
0.01494
0
0.0218
0
0
0
0
0.04462
0
0.02236
0
0.04081
0.04096
0
0
0.02235
0.04159
0.0409
0
0
0
0.04052
0
0.04121
0
0
0
0
0
0
0
0.02108
0.0274
0
0
0.21045
0.22344
0
0.06366
0.02112
0.04208
0.02029
0.04116
0.0412
0
0
0
0
0
0
0
0
0
0
0
0
0
0
0.02084
0.04098
0.02185
0.0447
0.021
0.02792
0.04154
0.04145
0.04076
0.00693
0
0.02035
0.04121
0
0.04084
0.21064
0
0.43271
0
0
0
0
0
0
0.02136
0
0.06644
0.06547
0.07011
0.02178
0
0.00738
0.08583
0.0446
0.10838
0.233
0.02081
0.04157
0
0
0.04148
0.04124
0.04505
0
0.02229
0.2107
0.22913
0.02228
0
0
0.07812
0.30795
0.08822
0.04326
0.07756
0.0209
0.0138
0.02091
0.04161
0.04151
0
0.02171
0.0416
0.07279
0.04404
0
0
0
0.01377
0.04505
0.04483
0.0217
0.08691
0.02106
0.021
0
0.01457
0
0.06429
0
0.04079
0
0
0
0
0.02233
0.23553
0.02166
0
0
0.04125
0.02083
0.18755
0
0.08528
0.00747
0.09912
0.06655
0.02101
0
0
0
0.02125
0.02013
0.02157
0.02098
0
0
0.00697
0.04208
0
0.02166
0.02238
0.04452
0
0
0
0.28308
0.10786
0.06583
0.0224
0
0.04091
0.0411
0.03471
0.0208
0
0.02125
0.02087
0
0.09448
0
0
0.04079
0
0.04084
0
0.08816
0.02169
0.04479
0.04486
0.06652
0
0.02104
0.02104
0.04172
0.0416
0
0.02157
0
0.04131
0.06961
0.0696
0
0.55099
0
0.28109
0.0206
0.04063
0
0.02087
0.04434
0.02164
0.14398
0
0
0.00693
0.03391
0
0
0.02098
0
0
0.02087
0.04075
0.04131
0.06953
0.02237
0.28107
0
0
0
0
0
0
0
0
0.02044
0
0.29847
0.02181
0
0.02237
0.02103
0.0208
0.02099
0.01386
0.0409
0.0213
0.02121
0
0.02018
0
0
0.04196
0
0
0
0.09447
0
0.02242
0.10133
0.02222
0
0.02226
0
0
0
0.02056
0.099
0.02253
0.02185
0.02241
0.02074
0.10927
0.08489
0.04189
0.04053
0
0
0.04046
0.04094
0
0
0
0.02239
0.05235
0.02974
0
0
0
0
0
0.00722
0
0
0.02085
0.06568
0.08488
0
0.02091
0.04082
0
0
0.02088
0.06322
0.02228
0
0.08027
0.04451
0
0
0
0
0
0.06293
0.08508
0.01467
0.24797
0
0
0.04122
0.04165
0
0.04139
0.07002
0.02239
0.0224
0
0
0
0.04091
0.02117
0
0
0.04201
0.02095
0.04178
0
0.04093
0
0.04085
0.02791
0
0
0
0
0.06669
0.04484
0
0.0217
0
0
0
0
0.29208
0.10024
0.03779
0.02103
0
0.02079
0
0.04092
0.02123
0
0.04051
0.02072
0.02234
0.21277
0.21029
0.0223
0
0
0
0
0.08436
0.08801
0
0.08476
0.07027
0.01496
0.00722
0.04068
0.04066
0.02081
0
0.02039
0.01398
0
0
0.01398
0.02082
0.04089
0
0.0411
0
0
0.55538
0.22038
0.03497
0.06626
0
0.08556
0.02221
0.02095
0.02106
0
0.02116
0.04092
0
0.02126
0.06318
0.0414
0
0.08067
0
0
0
0.04546
0.05908
0.05799
0.02085
0.02069
0
0.041
0.04184
0
0.02086
0.04144
0
0.01452
0.02241
0.03771
0.21112
0.36812
0.60031
0
0
0
0
0
0.04108
0.02256
0.10804
0
0.04467
0.1091
0.23416
0.02071
0.02112
0.04089
0.04185
0.0412
0.02073
0.02026
0.04102
0.02771
0
0.02228
0.53206
0.02256
0
0
0
0
0
0
0
0.02259
0.02187
0.10854
0.0223
0.02242
0.04433
0.04497
0.04098
0.02061
0
0.30246
0
0
0
0
0
0
0
0.04199
0
0.04082
0
0.0534
0.10863
0.04466
0.06639
0.16612
0.02188
0.05108
0.02798
0.03484
0.02074
0.03466
0.02132
0
0
0
0
0.02064
0.04049
0.00726
0
0.00739
0.0223
0.02224
0.23311
0.26353
0
0.04084
0.04116
0.02079
0
0
0.21297
0.02112
0.10139
0.10882
0.06601
0.04169
0.0223
0.02226
0.04428
0.02232
0.25624
0
0
0.04101
0
0.04479
0.08456
0.21211
0.06589
0.06315
0.0208
0
0.04091
0.02037
0.04152
0
0
0
0.56155
0.02239
0
0.06618
0
0
0.1414
0.06724
0.0871
0
0.24129
0.02081
0
0.04082
0.04149
0.04188
0.04157
0
0.06382
0
0
0
0.00679
0
0.02228
0.74082
0.19526
0
0
0
0.02115
0
0.06633
0.10798
0.04413
0.045
0.06667
0.23379
0.021
0.042
0.0421
0.02066
0.02084
0
0.02077
0
0
0.1081
0.28042
0.06624
0
0
0
0
0
0
0.03393
0
0
0.09423
0.08523
0.06695
0.02236
0.05828
0.02128
0.07234
0
0.0209
0
0
0.04064
0
0.0781
0.05336
0.04491
0.08776
0
0
0
0.06716
0.09195
0.06713
0.10857
0.22943
0.22965
0.08479
0.08479
0.0668
0.10854
0.02242
0.02231
0.04197
0
0.02054
0.02081
0
0
0.02081
0
0.06598
0
0.02233
0.21098
0.02225
0
0
0
0
0
0
0
0.02097
0.23496
0.10851
0.08512
0.0733
0.04131
0.04065
0.04166
0.02106
0.03469
0.02076
0
0.02034
0.04076
0
0.02233
0
0.0694
0.55381
0.0226
0.30217
0
0.01406
0
0.0407
0
0
0
0
0.08534
0.04431
0
0.04147
0.02088
0.02094
0.04152
0
0.02092
0.02075
0.02139
0
0.3021
0.32591
0
0.02239
0.02243
0
0
0
0.04056
0
0.04086
0.06305
0.21224
0.08536
0.0854
0.08515
0.08531
0.10991
0.10134
0.07484
0
0.02113
0.02086
0.04169
0.042
0.04104
0
0.02228
0
0.02237
0
0
0.02094
0
0
0
0
0
0.10095
0.21158
0.04199
0.06619
0.04087
0.04168
0.04106
0
0.02053
0.0208
0.02176
0.02236
0
0
0.02228
0
0
0.04102
0
0
0.02079
0
0.07252
0.05338
0
0.0204
0.04194
0.02098
0.02078
0.04144
0
0.0223
0.31966
0.47172
0.02253
0.02236
0
0.04192
0
0.02105
0
0
0.08491
0.02121
0.07013
0.099
0.04495
0
0.08539
0.02228
0.08349
0.01377
0.02114
0.04084
0.04124
0.02058
0.04102
0.04083
0.02083
0.02054
0.04187
0
0.02141
0
0.05331
0.21854
0.02214
0
0
0
0
0
0.04132
0
0.26428
0.10918
0.04518
0.0929
0.06705
0.02094
0.02082
0.02773
0.04092
0.02133
0.02138
0.04175
0.04524
0
0.21261
0.0766
0.02195
0
0
0
0.06703
0
0
0.021
0
0
0
0.02068
0.02094
0.04086
0.04161
0.0207
0.06596
0.02235
0.65697
0.04426
0
0
0
0
0.04124
0.68086
0.08447
0.2346
0.08543
0.08509
0.12303
0
0.21162
0
0
0.02148
0.02076
0.02076
0.02241
0.01462
0.65798
0.4674
0
0
0
0
0
0
0
0.02091
0.04112
0.00715
0.02094
0
0.08475
0.07126
0.02254
0.10968
0.06653
0.02115
0.02094
0.02066
0.042
0
0.02788
0.02774
0.0144
0.04094
0
0
0
0.33406
0.0513
0.02187
0
0.02152
0
0
0
0
0
0.02106
0.08459
0.06671
0.02093
0.08672
0.02082
0.0424
0.04093
0.04224
0.0206
0.02088
0
0
0.1009
0.06979
0.02237
0.02156
0
0.04087
0.19339
0.06919
0.02124
0.08465
0.04174
0.04154
0.02101
0.04155
0
0.02078
0.06116
0
0.02229
0
0.04124
0
0
0.06918
0.14152
0.23428
0.00729
0
0.02153
0
0.02218
0
0.26252
0
0
0
0.04102
0.08556
0.1947
0.21117
0.36935
0.02809
0.10863
0.13821
0.10972
0
0.04122
0.04061
0
0.042
0
0.02231
0.26867
0.42937
0
0
0
0.04542
0.08746
0.08516
0.02107
0.02109
0.02112
0
0.02053
0.02049
0.03425
0
0
0.02255
0.02255
0.01487
0
0
0
0
0.307
0
0.06733
0.0432
0.04145
0.02116
0
0.04201
0.02047
0.02062
0.02061
0.02145
0
0.04407
0
0
0
0
0.02093
0.08679
0
0.16367
0.08552
0.02125
0.08581
0.00753
0.24975
0.01392
0
0.0417
0.04064
0.04139
0.066
0.396
0
0
0
0
0
0.02045
0
0.04144
0.5418
0.21386
0.0207
0.0352
0.10913
0.10799
0.10912
0.46914
0.07782
0.08652
0.04173
0.02084
0.02122
0.04215
0.04049
0
0
0.02095
0.04213
0.06594
0
0
0.02224
0.02235
0.03974
0.0698
0.02239
0.02086
0
0
0.02096
0.08685
0.09388
0.02122
0.02152
0.10845
0.10908
0.04543
0.04509
0
0.04102
0.02107
0.01493
0
0
0
0.02242
0.02234
0
0
0
0
0.04147
0
0.24488
0.06288
0.19378
0.02148
0.10796
0.04524
0.02102
0
0.02147
0.0408
0.02235
0.24478
0.56999
0
0.03054
0.02236
0
0
0
0
0.02735
0.72579
0.71212
0.04664
0.33163
0.10839
0.04544
0.60023
0.02091
0.02096
0.04248
0
0.041
0.04192
0
0.02052
0
0.02222
0.02236
0.07099
0.35352
0
0.02071
0
0
0.09514
0
0.29967
0.03523
0.0215
0.70522
0.68924
0.04122
0.02058
0
0.02105
0.01442
0.02144
0.02223
0.02248
0.10148
0.23392
0
0
0.04084
0
0.03404
0
0.56947
0.23013
0.02121
0.07311
0.10885
0.08703
0
0.04256
0.04096
0.04057
0.03009
0.2127
0.02253
0.06919
0.02233
0
0
0.01369
0.66224
0.21057
0.21384
0.10781
0
0.64999
0.01437
0.04136
0.04145
0.01391
0
0.02236
0.72411
0.02241
0.02259
0.02244
0.04599
0.04515
0.06928
0
0
0
0
0
0.66462
0.30593
0.21075
0.34606
0.04927
0.02246
0
0.06726
0.0915
0.04528
0.232
0.04182
0.02107
0
0
0
0.04079
0.0216
0.04105
0.02056
0
0.02236
0.2834
0.18655
0.02245
0
0
0
0
0.57417
0.67788
0.21309
0.19397
0.02249
0.08769
0.10851
0
0.04199
0.02114
0
0.0422
0
0.23126
0.63763
0.11716
0
0
0
0.02097
0.02103
0.62588
0.21801
0.10913
0.67871
0.04235
0.02152
0.04119
0.02085
0.00744
0.02235
0.02221
0.28353
0.00756
0.01493
0.0415
0.04095
0.64048
0.29678
0.76076
0.83177
0.23607
0.36372
0
0.59702
0.63142
0.05109
0.02117
0.04188
0
0.02072
0.02015
0.02072
0.02167
0.02241
0
0
0.68646
0
0.02244
0.02228
0.02234
0
0.62466
0.46996
0.66405
0.7619
0.42849
0.32216
0.0859
0.08618
0.08567
0.1907
0.02156
0.02102
0.04233
0.03464
0.04063
0.02163
0.0411
0.04522
0.02229
0.0223
0.49107
0
0
0
0.04146
0.04136
0.5362
0.62383
0.16091
0.20965
0.10257
0.02249
0.02131
0.04148
0
0.02104
0
0
0.16177
0.33899
0.02242
0.23256
0
0.06906
0
0
0
0
0
0
0.26024
0.58674
0.29684
0.1098
0.10825
0.06711
0.02063
0.02148
0.02061
0
0.02015
0.04127
0.04499
0
0.23635
0
0.09951
0
0
0.40766
0.2114
0.08782
0.70836
0.19031
0.21346
0.02236
0.24391
0.02092
0
0.02089
0.0208
0.04144
0
0.04498
0.33255
0.14886
0.2896
0.24299
0.67321
0.0704
0
0
0
0
0
0.04052
0
0.02109
0.02129
0.59241
0.53776
0.02262
0.08621
0.61058
0.08773
0
0
0.04231
0
0.0208
0.02083
0.02806
0.02198
0
0.71599
0.08437
0.02241
0
0.20072
0
0
0.04126
0
0.48847
0.4078
0.23476
0.46081
0
0.30084
0.21344
0.08596
0.02249
0.02231
0.23445
0.61036
0.02122
0.0212
0.04212
0
0
0.04157
0
0.02248
0.63522
0.23557
0
0.07276
0
0
0
0.02116
0.04135
0.86394
0.86744
0.84709
0.65128
0.18215
0.02022
0.02242
0
0.64143
0.09162
0
0.06561
0.06132
0.02247
0
0
0.0405
0
0.6776
0.47798
0.66373
0.65694
0.17187
0.23299
0.39184
0.17401
0.08578
0.03024
0.68612
0
0.02102
0.02134
0.02208
0.02112
0.02093
0
0
0.02073
0.02152
0.02157
0
0.02226
0.09161
0.06915
0.02257
0.13096
0
0
0
0.02068
0.49373
0.2116
0.0434
0.05647
0.02147
0.0216
0.02037
0.0207
0.04217
0.23442
0.23403
0
0
0
0
0
0
0
0.0209
0.74776
0.69041
0.76443
0.23676
0.06316
0.14151
0.14141
0.08809
0.1539
0.05633
0.02091
0.04206
0
0
0.0208
0.00743
0.62933
0.43875
0
0
0
0
0
0.04065
0.69561
0.30833
0.41884
0.10798
0.37706
0
0.3017
0.10839
0.2129
0.13051
0.64596
0.76311
0
0.04094
0.04242
0.04062
0.69414
0.0076
0.41174
0.10805
0
0
0
0.1878
0.53622
0.558
0.61652
0.22692
0.4609
0.40808
0.06928
0.06714
0.02088
0.08565
0.21307
0.08545
0.08722
0.08797
0.05418
0.18302
0
0.02147
0.03378
0.02079
0.02094
0.24854
0.14649
0.00744
0.06919
0
0
0.04154
0.04173
0.19577
0.9457
0.03594
0.41311
0.2419
0.08536
0.10866
0.08564
0.13815
0
0
0
0.04173
0.02154
0.02016
0
0.01503
0.06834
0.02233
0.0664
0.06645
0
0.23304
0.04093
0.02134
0.02123
0.02119
0.56704
0.58885
0.47785
0.52164
0.33587
0.0633
0.1796
0.41359
0.28315
0.39298
0.19434
0.10152
0.02131
0.08855
0.40798
0.41641
0.30222
0.02062
0.02156
0.75368
0.68164
0.23443
0.59209
0.02239
0
0.0456
0.02227
0.04129
0.04101
0.50144
0.62427
0.79931
0.35992
0.44139
0.0225
0.21115
0.04515
0.0668
0.06066
0.0397
0.02145
0
0.04251
0.02064
0.02198
0.02217
0
0.20949
0.18056
0.26472
0
0
0.01434
0.44771
0.51612
0.02867
0.46508
0.02232
0.0982
0.3014
0.08823
0.08779
0.28991
0.0283
0.02076
0.02109
0.02161
0
0
0.00739
0.0939
0.19288
0.03818
0
0.04076
0.63119
0.58786
0.32822
0.02081
0.52223
0.21943
0.06684
0.23461
0.30154
0.41107
0.27645
0.02823
0.0406
0.02096
0
0.02163
0.02242
0.04538
0.06948
0.04441
0.0223
0
0
0.0226
0
0
0
0
0.57176
0.94522
0.7068
0.53943
0.04327
0.49626
0.2357
0.54047
0.10033
0.02227
0.02261
0.08525
0.08782
0
0.02043
0
0.02145
0.04182
0.36162
0.23427
0.06173
0.04541
0.03009
0
0.02054
0.00718
0.55354
0.08596
0.08582
0.4078
0.50966
0.52429
0.11523
0.14115
0.1414
0.0206
0.02078
0
0
0
0.04175
0.00755
0.5776
0.18842
0.16796
0.03195
0.02261
0.00737
0
0
0.04069
0.45636
0.95489
0.72317
0.83188
0.08596
0.42184
0.55993
0.51091
0.62721
0.04514
0.0572
0.04063
0
0
0.23638
0.48646
0.31717
0.03022
0
0
0.02254
0
0.00738
0.04059
0.32258
0.60362
0.75542
0.32886
0.40015
0.54603
0.04525
0.22299
0.21172
0.63077
0
0.04258
0
0.04169
0
0.02089
0.61013
0.0151
0.07665
0.04536
0.02249
0.0205
0.02089
0
0.42414
0.55803
0.53337
0.01485
0.0667
0.06714
0.08912
0.08815
0.29483
0.04069
0
0.00755
0.07858
0.02237
0.06613
0.0988
0.02247
0
0.04149
0.04163
0.04144
0.04092
0.02051
0.26607
0.46975
0.57359
0.47442
0.49038
0.23106
0.08835
0.24861
0.61671
0
0.00711
0
0
0
0
0
0.01475
0.59317
0.37038
0
0.05284
0.26641
0.15232
0.02228
0
0
0.04076
0
0.8292
0.69862
0.67886
0.71205
0.85163
0.07671
0.04495
0.23484
0.0881
0
0.04116
0
0.02129
0.04197
0.04182
0
0.23488
0.09876
0.02265
0
0
0.04089
0.50259
0.77767
0.50291
0.2686
0.44
0.0674
0.08593
0.23645
0.06407
0
0.02096
0
0
0.2005
0.02254
0
0.04513
0
0.00711
0.01415
0.6125
0.6001
0.16387
0.64144
0.06735
0.02169
0.10919
0
0.04149
0.02112
0
0.04515
0.02231
0.26267
0.28561
0.25856
0.28212
0.04452
0.02227
0.04183
0
0
0.02146
0.03485
0.30612
0.63384
0.62074
0.71427
0.10856
0.63291
0.5335
0.4071
0.55345
0.08598
0.04506
0
0.02124
0.04118
0.04188
0.04212
0
0
0.17032
0.12896
0.17689
0.02267
0.0226
0
0
0
0.0205
0.54513
0.52524
0.71867
0.74856
0.36763
0.67244
0.37585
0.76138
0.22143
0.57375
0.19096
0
0.55314
0.02108
0.01398
0.02065
0
0.02231
0
0.2831
0.23622
0.28301
0.04501
0
0
0
0
0.04153
0.02103
0
0.56532
0.50356
0.55376
0.90881
0.29171
0.26849
0.58194
0.22997
0.10282
0.04539
0.40816
0.23644
0.02106
0.02824
0
0.01394
0.02095
0
0
0
0.04181
0
0.02237
0.02269
0.04554
0
0.16649
0.26011
0.26701
0.48045
0.25127
0.89067
0.82145
0.81193
0.4248
0.53308
0.81095
0.38279
0.04529
0.23174
0.76115
0.08686
0.10888
0.08794
0
0.02106
0.0212
0.04053
0.02241
0.36198
0.17712
0.02227
0
0
0.23458
0.29856
0.25923
0.66197
0.83957
0.70547
0.44888
0.32859
0.80341
0.79565
0.47147
0.19304
0.05963
0.13937
0.08793
0.47885
0.04128
0.04059
0
0
0.02067
0.26317
0.02261
0.04505
0.02223
0.02074
0.0417
0
0
0
0.35337
0.3677
0.54486
0.95724
0.50151
0.83757
0.75851
0.21387
0.87766
0.38948
0.23954
0.23536
0.045
0.06405
0.0214
0.02144
0
0.02109
0.2367
0.27636
0.02264
0.02258
0.04555
0
0.72535
0.41547
0.21346
0.23647
0.07092
0.10895
0.06696
0.23017
0.41894
0.29761
0.02106
0.02136
0.04131
0.04201
0.03004
0.36081
0
0
0.04419
0.43755
0.705
0.10815
0.2134
0.23889
0.23745
0.01398
0.28036
0.02227
0.02228
0.39655
0.1103
0.02251
0.14413
0.0223
0
0
0
0
0.021
0.66268
0.82927
0.32864
0.82771
0.70298
0.39802
0.04528
0.21296
0.07745
0.08863
0.21938
0
0.02146
0.04187
0.02137
0.02062
0.02142
0.02273
0.35131
0.0224
0
0.02073
0
0.38496
0.6579
0.57723
0.68432
0.88189
0.08822
0
0.33141
0.04268
0
0
0.02163
0
0.02228
0.27092
0.36172
0.19468
0.11026
0.02263
0.0223
0
0.79604
0.62878
0.10949
0.66463
0.39203
0.21302
0.89083
0.06691
0.10977
0.08018
0.09384
0
0
0.10826
0.02224
0.36812
0.18457
0.05394
0.02263
0.01385
0
0.04163
0.38415
0.45529
0.46222
0.38468
0.87558
0.29873
0.29016
0.87541
0.23659
0.02108
0.12805
0.08823
0.23656
0
0.0208
0.02156
0.02147
0
0.02267
0.02228
0.23595
0.06927
0
0.04173
0
0
0.51944
0.55144
0.21398
0.21325
0.04517
0.14614
0.09888
0.23364
0.02152
0.02161
0.02148
0
0
0.02226
0.02226
0
0.02247
0.04525
0.04525
0.11349
0.04581
0.02223
0
0
0
0.88347
0.21337
0.06673
0.24823
0
0.29946
0.04304
0.24602
0.04134
0.04115
0.00717
0
0
0.72516
0.73768
0.02237
0.02248
0.01489
0
0
0.39418
0.59701
0.55139
0.84565
0.90107
0.7172
0.57296
0.21312
0.0453
0.06726
0.32452
0.09335
0.02144
0
0.04132
0
0.00699
0
0.02151
0.68906
0.6836
0.17053
0.04579
0
0
0
0.41501
0.58588
0.87937
0.10913
0.22218
0.42096
0.65909
0.10901
0.06375
0.02184
0.08739
0.02088
0.02265
0.36796
0.12053
0.02266
0.04504
0.03745
0
0
0
0
0
0.42291
0.5586
0.78541
0.42008
0.06726
0.27361
0.06652
0.06689
0.08806
0.22405
0.76785
0
0
0
0.0224
0.76191
0.60916
0.19802
0.15927
0.00747
0
0
0
0.04074
0
0.42156
0.89127
0.23879
0.58398
0.16288
0.18507
0.1095
0.19837
0.10881
0.05409
0.25071
0.04125
0
0.04166
0.02238
0
0
0
0.04124
0.8876
0.45665
0.1086
0.21524
0.03144
0.23695
0.10989
0.02133
0
0.24415
0.02223
0.73542
0.18651
0.02253
0.04522
0
0.02234
0
0
0
0.57399
0.7722
0.76187
0.56742
0.89636
0.55271
0.24611
0.1972
0.23698
0.21506
0
0.10884
0.02144
0.71744
0.22375
0.22747
0.32744
0.15948
0.02279
0
0
0.45926
0.66377
0.10895
0.21529
0.06425
0.08878
0.0878
0.13548
0.02091
0.02072
0.04051
0.02248
0.02238
0
0.04149
0.26701
0.47923
0.70736
0.89888
0.26863
0.35287
0.71013
0.22209
0.02121
0.04287
0.04489
0.23809
0.04192
0.04055
0
0
0
0.02239
0
0.74245
0.04475
0.02236
0
0
0.0407
0
0.52831
0.95979
0.61713
0.51782
0.41292
0.08738
0.23405
0
0.02139
0.02163
0
0.5992
0.07102
0.2246
0.00742
0
0
0
0.51527
0.53883
0.69148
0.71204
0.77616
0.94483
0.53382
0.04467
0.06682
0.44564
0.31532
0.26064
0.0214
0.08735
0.01392
0.04185
0
0
0
0.58984
0.02262
0.04508
0.02222
0.0224
0.02244
0
0
0.04183
0
0.14546
0.47572
0.74361
0.36633
0.23696
0.21312
0.08799
0.05975
0.08712
0.09385
0.02129
0
0.02133
0.02072
0.02235
0.0373
0.67318
0.04532
0
0.02133
0.50853
0.90284
0.21409
0.16725
0.06688
0.07297
0.25271
0.44062
0.04176
0.00717
0
0.02226
0.02235
0.24148
0.22559
0.25132
0.02235
0
0
0.45976
0.50232
0.29386
0.70635
0.75986
0.86744
0.89356
0.28294
0.70503
0.08867
0.2134
0.20543
0
0.32287
0.37033
0
0
0.77561
0.25261
0.02275
0.02234
0
0
0
0
0.34554
0.30254
0.66146
0.36091
0.92496
0.89816
0.22248
0
0.19096
0.16864
0
0.31038
0.02121
0
0
0.02078
0.02086
0
0.70215
0.26801
0.06893
0.25591
0.26411
0.02268
0.06867
0.02239
0.04565
0
0
0
0.47117
0.50113
0.48939
0.75956
0.50825
0.53344
0.54662
0.38327
0.24015
0.06691
0.08834
0.17616
0.2412
0.06408
0.02132
0
0
0.02161
0
0.06992
0.47619
0.19005
0.04205
0.04094
0.34616
0.46867
0.88617
0.88446
0.90327
0.21524
0.23102
0.07267
0.44203
0
0.09134
0
0
0.04096
0.47884
0.94884
0.73591
0.85108
0.62521
0.35292
0.51991
0.29002
0.64278
0.24604
0.02847
0
0.15317
0.14491
0
0.02182
0.01457
0
0
0
0
0.30917
0.06101
0.04537
0.30451
0
0.04162
0.02234
0.02241
0
0.50832
0.93627
0.75177
0.08246
0.31682
0.25748
0.27536
0.71554
0.06481
0.05321
0
0
0.04499
0
0
0
0.04139
0.21408
0.46316
0
0.07638
0.36236
0.12899
0.53101
0.04567
0.50891
0.70976
0.73627
0.65057
0.91635
0.51184
0.34485
0.36767
0.39007
0.37529
0.55777
0.25639
0.45931
0.08776
0.08817
0.23015
0
0.04506
0.68083
0.23639
0.0224
0.02232
0
0
0.16723
0
0.08846
0.32555
0.08846
0.19434
0.21378
0.04515
0.08631
0.22312
0.24769
0.10933
0.05406
0.00711
0.0215
0.1194
0
0.02172
0.03536
0.04509
0.2609
0.06918
0.04446
0.18307
0.02231
0
0
0
0.30533
0.92246
0.44931
0.19347
0.2368
0.04298
0.31513
0.31178
0.29948
0
0
0.02241
0.02231
0.0448
0.04531
0.25841
0
0
0
0.46336
0.02847
0
0.02275
0.94949
0.89397
0.02154
0.22111
0.10963
0.06681
0.05818
0.53128
0.30596
0.30924
0.21162
0.15656
0.23662
0
0
0.1767
0.01515
0.06942
0
0.02115
0.09392
0.48569
0.79815
0.31187
0.02117
0.02152
0.04162
0
0
0.16878
0.06889
0.23548
0.06795
0.02238
0.04561
0
0.46304
0.46248
0.33036
0.45548
0.84611
0.77656
0.4205
0.76211
0.67867
0.45255
0.45027
0.35252
0.21375
0
0.33253
0.29766
0
0.72327
0.23512
0.02246
0.06106
0.3031
0.27995
0
0
0.03591
0.0227
0
0
0.74665
0.87055
0.61786
0.36791
0.03145
0.25023
0.07143
0.11352
0.17976
0
0
0.03565
0
0.02132
0.02069
0.02245
0.14156
0.03032
0.0691
0
0
0
0
0.10178
0.49545
0.85592
0.99147
0.05004
0.70479
0.55405
0.08889
0.04646
0.25479
0
0.21158
0.15627
0.21233
0.29447
0
0.20738
0.28073
0
0.02132
0.04174
0.45486
0.53602
0.03615
0.47938
0.31479
0.45539
0.36313
0.43342
0.89463
0.53359
0.35156
0.08823
0.73134
0
0
0
0.04519
0.3207
0.02232
0.04551
0
0
0.14064
0.48683
0.64598
0.87634
0.85996
0.95639
0.96386
0.42867
0.17438
0.23041
0.0644
0.43891
0.23575
0.21941
0
0
0
0.06986
0.02271
0
0.32578
0
0
0.15894
0
0.11737
0.41533
0.04632
0.18207
0
0
0
0.44108
0.41471
0.79821
0.07115
0.66595
0.41457
0.06715
0.06464
0.08644
0.22364
0
0.16821
0
0.02812
0
0.0135
0
0
0.06968
0.06978
0.06902
0.04541
0.04517
0.04502
0.11227
0.45725
0.77323
0.79749
0.70394
0.2609
0.54131
0.78159
0.13688
0.07011
0
0.04298
0.00676
0
0
0
0.02179
0
0.02158
0.06908
0.21673
0.04526
0
0.19687
0.47715
0.25695
0.0875
0.08567
0.23171
0.49945
0.02009
0
0
0.04213
0.20895
0.12178
0.02269
0.05282
0.23904
0.0223
0
0.0227
0.79896
0.83453
0.84343
0.85815
0.63389
0.16037
0.16433
0.06486
0.22284
0.14482
0
0
0
0.26409
0.06484
0.02235
0.04505
0
0.13438
0.21104
0.46167
0.70885
0.89582
0.68392
0.32222
0.25697
0.08783
0.14078
0.26586
0.23596
0.04294
0
0.26666
0.04512
0.0695
0.04512
0.04525
0
0.15945
0.10233
0.48228
0.16406
0.41466
0.55513
0.77916
0.54997
0.1991
0.24002
0.06481
0.06399
0.08664
0.08328
0
0
0.40881
0.36803
0.02231
0.07678
0.14609
0
0.02119
0
0.15898
0.12485
0
0.18743
0.02103
0.02097
0.56539
0.80469
0.53065
0.29646
0.65721
0.49428
0.27985
0.15753
0.20742
0.0417
0
0.19442
0.02169
0.31968
0.02251
0.04512
0.04536
0.02993
0.05165
0.51736
0.0776
0.02096
0.45525
0.46243
0.91036
0.96937
0.24983
0.05273
0.06029
0
0
0
0
0
0.04218
0.02241
0
0.41955
0.16397
0
0.02265
0.41549
0.5578
0.02094
0.02103
0.81558
0.6574
0.0888
0.24912
0
0.26051
0.15258
0.23601
0.30202
0.298
0
0
0.28184
0.04519
0.06094
0.02237
0
0.13443
0.47755
0.02092
0
0.75859
0.21338
0.28281
0
0.29567
0.10119
0.08485
0
0
0.2095
0.04511
0.0223
0.28835
0.06043
0.04512
0
0.11427
0
0.02239
0.5836
0.41678
0.91997
0.92106
0.67096
0.68727
0.95975
0.8981
0.32681
0.46589
0.22388
0.41437
0.71829
0.75382
0
0.14226
0.04522
0.28007
0
0
0.02099
0.03037
0.76979
0.8144
0.79791
0.84449
0.02118
0.2467
0.42528
0.83608
0.23689
0.79572
0.23389
0.39425
0.38333
0
0.04506
0.36787
0.28171
0.04515
0.02214
0.04513
0.02245
0.50746
0.39319
0.80726
0.51616
0.63601
0.81928
0.21029
0.31501
0.08845
0.02856
0.13634
0.04535
0.25279
0.71731
0
0
0
0
0.02237
0.04508
0.06901
0
0.15288
0.08922
0.5735
0.61609
0.54744
0.96986
0.92303
0.53833
0.02956
0.16586
0.21108
0
0
0.03532
0.32169
0.03771
0.02241
0
0
0.07006
0.16089
0
0.02007
0.41677
0.85975
0.28834
0.24507
0.06349
0
0.23487
0.21241
0
0.05315
0
0
0.50951
0.48548
0.43913
0.80617
0.79777
0.97628
0.71503
0.02123
0.5068
0.23001
0.08469
0.04299
0.09398
0
0.04423
0.16787
0.21207
0.04522
0.30207
0.04523
0
0
0.09422
0.03675
0.14373
0.46745
0.30093
0.23534
0.18892
0.04297
0.22654
0.05231
0
0.18183
0.0423
0
0
0.27139
0.02245
0.04519
0.04516
0
0.15884
0.02121
0
0
0
0
0
0
0.33126
0.4551
0.50037
0.89085
0.39892
0.46572
0.36825
0.83775
0.08876
0.23718
0.39138
0.20859
0.23489
0.08492
0
0
0
0.12099
0.08402
0
0.06886
0.13913
0.01515
0.30086
0.78602
0.92021
0.57047
0.74271
0.48302
0.05281
0.23548
0.07469
0.06683
0.76221
0.55468
0.08597
0.02153
0
0
0.05325
0
0
0
0
0.05438
0.34133
0.50069
0.4855
0.30226
0.21524
0
0.09949
0
0.52052
0.04528
0.17805
0.15096
0
0.12684
0.50025
0.08199
0.38589
0.0211
0.31317
0.6976
0.71126
0.36851
0.64281
0.32467
0.82097
0.51858
0.28356
0.16963
0.18881
0.2194
0
0.06927
0.06904
0.09966
0.23126
0.22752
0.01459
0.46975
0.66223
0.85324
0.75891
0.25738
0.65936
0.28899
0.21526
0.07574
0.30081
0
0
0
0.04536
0.14361
0.29722
0.04524
0
0.03017
0.09422
0.31435
0.32569
0.37846
0.45429
0.34597
0.02166
0.53911
0.5063
0.83772
0.2138
0.08792
0.18947
0.06303
0.02175
0.06343
0.11731
0.3222
0
0
0
0
0
0
0.16158
0
0.0692
0.28421
0.02239
0.02238
0.26209
0
0.21897
0
0.04695
0.10516
0.79231
0.65609
0.86005
0.14162
0.23886
0.06377
0.55627
0.56412
0.6127
0.069
0
0
0
0
0
0.02246
0
0.25851
0.27987
0.06095
0.04504
0
0.07997
0.08797
0
0.52622
0.33166
0.27282
0.8187
0.68813
0
0.29765
0.38298
0
0.09373
0.34671
0.06675
0.32137
0.33694
0
0
0.04479
0.02236
0.03003
0.04528
0.07668
0.04635
0
0
0.2113
0.53323
0.72801
0.71965
0.7036
0.79561
0.30218
0.61793
0.39031
0.35049
0.08841
0.21128
0.69475
0.38756
0.02112
0.04223
0.10629
0.069
0
0.32377
0.30974
0.90013
0.21146
0.50906
0.36074
0.58971
0.62328
0.18088
0.23309
0.06342
0.0643
0.03627
0.38292
0.064
0.06359
0.02904
0.64888
0.53833
0
0.33148
0.04528
0
0
0
0
0.20999
0
0
0.7196
0.56541
0.61783
0.61456
0.24037
0.22597
0.32359
0.34551
0
0
0.06897
0.06876
0.25216
0.30879
0.35274
0.15905
0.08943
0.45444
0.52513
0.7044
0.60315
0.70177
0.56512
0.25736
0.53245
0.14125
0.04639
0
0.1413
0.02229
0.07683
0.05207
0
0
0.19537
0.03076
0.00755
0.40758
0.45379
0.07506
0.25025
0.50086
0.52908
0.50275
0.08851
0.06288
0.21387
0
0.25799
0.32329
0.37978
0
0.20865
0.02236
0
0
0.0774
0.0544
0.02266
0.04534
0.54311
0.08942
0.57822
0.4992
0.7172
0.21119
0.21511
0.14166
0
0
0
0.06682
0.3213
0.04228
0
0
0
0.06882
0.06901
0.315
0.06901
0
0
0.10452
0.85902
0.37791
0.24224
0.50326
0.17262
0.06331
0.26626
0.1489
0.02216
0.02237
0.23497
0
0
0.80657
0.5268
0.02113
0.77571
0.45048
0.2816
0.23462
0.55719
0.65217
0.58727
0.20631
0.36713
0.10957
0.25717
0
0.2809
0.50659
0.0224
0
0
0
0.14004
0.5035
0.25739
0.18761
0.0227
0.68307
0.02106
0.25739
0
0
0.28778
0.02248
0.02238
0
0.00728
0
0
0.20313
0
0
0.04697
0
0.41422
0.47809
0.91683
0.13255
0.21524
0.63055
0.46052
0.25786
0
0.09378
0.31551
0
0
0.2259
0
0
0.5079
0.0894
0.57838
0.85603
0.12427
0.30118
0
0.1569
0
0
0
0.2883
0.02241
0.07585
0.15893
0
0.04566
0.3777
0.29639
0.02114
0.03618
0.49483
0.51004
0.65228
0
0.61983
0.28976
0.5687
0.23567
0.02269
0.32416
0.34552
0
0
0
0.04516
0.06912
0.11639
0.02231
0.13248
0.00757
0
0.04692
0.02106
0.06687
0.02266
0.52417
0.00703
0.05325
0.32933
0.39821
0.20575
0
0.02269
0.2353
0.34532
0
0
0
0.02182
0.12219
0.04529
0
0
0
0.15668
0
0.02267
0.00793
0.81898
0.18884
0
0.10106
0.09371
0.30887
0
0.02186
0
0
0.23677
0.07639
0.04513
0.03781
0.02239
0
0
0
0.03618
0.04526
0.84108
0.66683
0.71947
0.32585
0.56958
0.23205
0.32856
0
0
0.07691
0.24127
0.30836
0.02181
0
0
0.04518
0.02269
0.11137
0.11131
0.07438
0.56175
0.02101
0.62236
0.24652
0
0.27547
0.23628
0.25233
0
0.32307
0.0679
0
0.10301
0.21139
0.26797
0.38571
0.14452
0.4381
0.04375
0.52354
0.57908
0.53265
0.3574
0.45513
0
0.11354
0.02252
0.14444
0.12308
0.47351
0.20929
0
0.08943
0.09351
0.60366
0.39956
0.18467
0.02176
0
0
0
0.06954
0.2906
0.11546
0.02268
0
0.46035
0
0.06057
0.66537
0.25661
0.62231
0.2266
0.25668
0
0.02266
0.13292
0.37477
0.21349
0.15415
0.06116
0.32207
0.02229
0
0
0.2262
0.0591
0
0.36169
0.6227
0.4146
0.06066
0.04516
0.26503
0.25473
0.18875
0
0
0.50713
0.1388
0
0
0.02263
0.15936
0.0377
0.29145
0.06917
0
0
0
0.08191
0.23004
0.46818
0.01404
0
0.09237
0.8271
0.12529
0.21816
0.23051
0
0.07004
0.02268
0.02142
0.21945
0.1683
0
0.02996
0.02233
0
0
0
0.24611
0.02261
0.10679
0.57659
0.54833
0.06143
0.06829
0.35535
0.27915
0.18256
0.15568
0.07
0.45992
0.2776
0.26217
0
0.32015
0.03608
0
0.29676
0.5095
0.5095
0.55591
0.6664
0.02104
0.26771
0.1412
0
0.14578
0
0.02239
0.27039
0.02237
0
0.06674
0.25661
0.85304
0.02878
0.37461
0.52904
0.36814
0.12538
0.12543
0.23459
0.30565
0.23265
0.52066
0.04503
0.46289
0.17948
0.56868
0.30033
0
0.63241
0.32909
0.19588
0.14879
0.3275
0.26162
0
0
0.32168
0.0224
0.05057
0.07179
0.17946
0
0
0.23033
0.5548
0.80498
0.71455
0.20408
0.22044
0.21839
0.32855
0.23671
0.00743
0
0.09154
0
0
0.15894
0
0
0.02212
0.57354
0.73808
0.02104
0.06971
0.42162
0.27221
0
0
0.23675
0.29576
0.37763
0.55466
0.86526
0.42446
0.2815
0.38244
0.33857
0.16474
0.35233
0.06273
0.20863
0.31672
0
0.32311
0.46292
0.09541
0.25707
0.38654
0.56971
0.25703
0.30215
0.0697
0.27706
0.24245
0.21527
0.14905
0.28283
0.06908
0
0.21248
0.04509
0.11513
0.21051
0
0
0
0
0.25692
0.15617
0.22081
0.02448
0.20719
0.4609
0.14072
0.1924
0.06259
0.32753
0.02969
0.29014
0.33216
0.32186
0.18962
0.28826
0.11392
0
0.03734
0.444
0.3934
0.21269
0.2328
0.2574
0.02178
0.09005
0.02259
0.21874
0.27535
0.26184
0
0
0.32736
0.03025
0
0
0.04525
0.08411
0.3268
0.29551
0.23437
0.88961
0.42579
0.23497
0.36761
0.59005
0.58188
0.1626
0.26185
0.23517
0.0702
0.29975
0
0
0.11539
0.11608
0.02855
0.01497
0.14363
0
0
0
0
0.02266
0.08097
0.52294
0.3287
0.49022
0.16585
0.02265
0.16471
0.20906
0
0.13118
0.30254
0.31631
0.33203
0
0
0
0.22194
0.14205
0
0.0777
0.12765
0
0
0
0.18603
0.02443
0.25985
0.30663
0.33256
0.23304
0
0
0
0.30398
0.23778
0.27956
0
0.34743
0.06977
0.61282
0
0.5835
0.31108
0.34852
0.30914
0
0.21269
0.08081
0.45895
0.10023
0
0.47793
0.06704
0.13559
0.52374
0.32595
0.30199
0.02114
0.68245
0.84103
0.07111
0.20329
0.18878
0.23263
0.02452
0.02443
0
0
0.22753
0
0.02222
0.04514
0.02228
0.29505
0.56868
0
0
0.37099
0.19349
0.3152
0.55477
0.65126
0.32826
0.25722
0.24265
0.37741
0.36861
0.31172
0.30512
0
0
0.2197
0.32885
0.45454
0.12953
0.27228
0.24648
0.37211
0.38783
0.6608
0.00671
0.34639
0.50202
0.02102
0.26952
0.32044
0.3691
0.18308
0.2419
0.08231
0.11568
0.14082
0.24421
0.25896
0.02237
0
0.32031
0.28966
0.32332
0.24203
0
0.28344
0
0.27704
0.60905
0.65994
0.50966
0.8588
0.35409
0.23325
0.02271
0.36421
0.28296
0.14917
0
0.33257
0.32172
0.1784
0.54372
0.09272
0
0.09406
0
0.32422
0.01469
0.50124
0.27927
0.02115
0.17504
0.4607
0.09392
0
0.23633
0.50815
0.17491
0.66756
0.13831
0.78084
0.71809
0.23384
0.23348
0.21309
0.21031
0.06174
0.06272
0.00701
0.02099
0
0.02984
0.47294
0.07679
0.20262
0.21148
0.17044
0.02101
0.62266
0
0.3528
0.2388
0.2754
0
0
0.33702
0.15457
0.45018
0
0.05466
0.09374
0
0.13149
0.69899
0.06978
0.32574
0.38805
0.50748
0.21172
0.85846
0.23368
0.28277
0.23354
0.00754
0.1095
0
0.04425
0.13323
0.29124
0.15937
0.15429
0.30177
0.09374
0.26871
0.29567
0.2653
0
0.45878
0.45999
0.2341
0.27653
0.30805
0.506
0.21136
0
0.27681
0.31317
0.28821
0.0221
0.40956
0.13306
0.36142
0.39402
0.59302
0.06821
0.29084
0.23674
0.12373
0.04724
0.32719
0.11758
0.3082
0.20415
0.25193
0
0.26104
0.27367
0.22457
0.32098
0
0.02211
0.29572
0.32276
0.18583
0.52329
0.50929
0.02112
0.29502
0.2021
0.21525
0
0
0.0223
0.28072
0.58238
0.04693
0.34754
0.02103
0.48876
0.68828
0.34662
0.09191
0.11819
0.19641
0.20338
0.13901
0.4609
0.02263
0.06286
0.23977
0
0.62166
0.32941
0.2428
0.14159
0.09427
0.11742
0.30812
0.02951
0
0.3207
0.32221
0.11857
0.46272
0.49912
0
0.39414
0.317
0.28302
0.23461
0.04738
0.50612
0.31113
0.30778
0
0.33686
0.146
0
0.26036
0
0
0
0.84014
0.2562
0.68961
0.2498
0.25892
0.25304
0.0446
0.01509
0.02262
0.31647
0.33535
0.37328
0.46081
0
0.11704
0.02865
0.5167
0.86319
0.45864
0.34047
0.50722
0.49102
0.32097
0.20998
0.00741
0.26724
0.04478
0.02961
0
0.4614
0.39429
0.4559
0.90153
0.25767
0.87418
0.83368
0.8058
0.09215
0.17101
0.02263
0.32758
0.32429
0.32669
0.31976
0
0.23681
0.33233
0
0
0.31647
0
0.08946
0.27711
0.29299
0.28133
0.37439
0.07606
0.25506
0.3601
0.58537
0.26087
0.19416
0.46227
0.00755
0.24051
0.39315
0.11836
0.46868
0.44532
0.11637
0.3486
0.26235
0.0775
0.3645
0.04483
0.0445
0
0.16178
0.23648
0.25242
0.20128
0
0.39485
0.09353
0.94281
0.44525
0.36902
0.42168
0.45898
0.3626
0.04464
0.48572
0.41725
0.21567
0
0.02107
0
0.04689
0.669
0.87123
0.36114
0.04441
0.79889
0.1648
0.23595
0.07027
0.16304
0.45427
0.21215
0.02213
0.23587
0.36661
0.30649
0
0.15769
0.3948
0.46149
0.12463
0.81292
0.30129
0.21527
0.15721
0.36264
0
0.34603
0.193
0.23649
0
0.33084
0.23202
0
0.07012
0.48431
0.45966
0.2259
0.02107
0.43323
0.19015
0.28921
0.47672
0.36077
0.23036
0.38593
0.88426
0.48027
0.30087
0.23664
0.04457
0.07029
0.28372
0.35747
0.18282
0.38095
0.2445
0.1628
0.39397
0.23633
0
0
0
0.06925
0.28778
0.09195
0.2828
0.30102
0.23084
0.14041
0.35625
0.08573
0.31984
0.30289
0.21983
0
0.36966
0
0.46292
0.46779
0.19221
0.04417
0.22329
0.35494
0.73962
0.52587
0.27511
0.28803
0.04741
0.07024
0.31208
0.25978
0.23549
0.26081
0.32036
0.08403
0.14591
0
0.4637
0.09404
0.67643
0.11745
0.07
0.54622
0.26238
0.31169
0.2588
0.10214
0.29622
0.03924
0.45897
0.44436
0.28866
0
0.23221
0.24157
0.25755
0.32122
0.45543
0.46164
0.36298
0.45939
0.46304
0.23029
0.23115
0.46296
0.21916
0.25532
0.06841
0.18086
0.23595
0.4518
0.02247
0.37228
0.21192
0.24415
0.46166
0.15757
0.16334
0.60621
0.44803
0.30107
0.98317
0.26598
0.34193
0.30505
0.04463
0.30061
0.22088
0.11692
0.45912
0.22884
0
0.32037
0.24198
0
0.4594
0.45975
0.37965
0.45983
0.4605
0.1734
0.10151
0.06922
0.62482
0.26553
0.18992
0.13636
0.14111
0
0.32052
0.32165
0
0.46346
0.54543
0.16761
0.46206
0.48291
0.50694
0.10928
0.33521
0.26105
0
0.29543
0.42509
0.09737
0.23147
0.3271
0.21192
0.3448
0.28566
0
0.26171
0.29307
0.04418
0.44821
0.09708
0.06004
0
0
0.04415
0
0
0.44546
0.09196
0.77177
0.045
0.19773
0.30372
0.17723
0.21376
0.01536
0.2115
0.38195
0.48373
0.33173
0.26017
0.02228
0.30289
0.29555
0.23427
0.18498
0
0.27294
0
0.0452
0.02265
0.02097
0.25719
0.46102
0.17706
0.27663
0.40227
0.16429
0.04742
0.48382
0.34225
0.0224
0
0.46097
0.46333
0.46137
0.45904
0.45963
0.06146
0.45859
0.54777
0.50783
0.41804
0.15989
0.0148
0.14929
0.08521
0.16433
0.38225
0.33425
0.45961
0.45883
0.82466
0.77082
0.20351
0.37505
0.0753
0.41569
0.31872
0.12586
0.02224
0.3428
0.34748
0.3202
0.19253
0.45999
0.45968
0.62653
0.45906
0.24563
0.46948
0.46359
0.46139
0.13274
0
0.95771
0.06925
0.09326
0.02268
0.49283
0.10097
0.12276
0.27952
0.00739
0.21576
0
0
0.04484
0.20023
0.4604
0.4595
0.54167
0.3543
0.32881
0.32758
0.38286
0.27561
0.04445
0.41893
0.2257
0.30644
0.34786
0.26628
0.461
0.23019
0.06995
0.49202
0.50777
0.55088
0.25647
0.04489
0.47054
0.28825
0.37151
0.3282
0.35611
0.23657
0.46031
0.46339
0.29767
0.11673
0.35099
0.55613
0.03059
0.06961
0.29752
0.28926
0.17079
0.33667
0.17101
0.10964
0.32049
0.09686
0.02248
0.20941
0.4592
0.74534
0.46176
0
0.04374
0.46212
0.38608
0.01511
0.52304
0.86196
0.51881
0.23542
0.25807
0.31169
0.023
0.33644
0.25294
0
0.46147
0.46099
0.32466
0.4605
0.45941
0
0.50347
0.12438
0.96674
0.021
0.3589
0.955
0.25769
0.35214
0.09308
0.30562
0.04461
0.13954
0.04487
0.5064
0.45982
0.46088
0.46121
0.30903
0.45957
0.20688
0.19136
0.50662
0.06056
0.13968
0.07804
0.86368
0.16552
0.36722
0.02225
0.27345
0.04461
0.34167
0.22526
0.11572
0.23616
0.20064
0.03648
0.21341
0.45959
0
0.0441
0.59114
0.02537
0.31992
0.08179
0.46227
0.45872
0.49375
0.45994
0.45936
0.45992
0
0.10005
0.48588
0.39218
0.81057
0.15565
0.04745
0.23617
0.44583
0.39214
0.50132
0.45467
0.45996
0.86695
0.22336
0.23883
0.58116
0.45852
0.45989
0.46293
0.26724
0
0.2311
0.21182
0.2031
0.33461
0.25684
0.03726
0.05914
0.50806
0.03923
0.22679
0.25721
0.48351
0.20976
0.11582
0.22573
0.27654
0.3249
0.46295
0.88598
0.45859
0.46279
0.45949
0.2089
0.12438
0.86759
0.25669
0.25696
0.32078
0.1516
0.04444
0.47791
0.45952
0.47682
0.38978
0.45998
0.0908
0.37771
0.4605
0.4618
0.46113
0.46364
0.18575
0.05459
0.14932
0.32115
0.39094
0.28124
0.33522
0.32258
0.28742
0.17479
0.06999
0.30823
0.22812
0.32027
0.29751
0
0.09034
0.3291
0
0.46103
0.25361
0.46101
0
0.46205
0.18444
0.0362
0
0.71174
0.14715
0.4778
0.12564
0.25679
0.18028
0.36599
0.27755
0.20159
0.22872
0.46074
0.48802
0.51032
0.2569
0.11528
0.32185
0.32076
0.2568
0.10977
0.22549
0.31936
0.23551
0.29851
0.29385
0.46822
0.16257
0.45876
0.38757
0
0.04692
0.02266
0.43069
0.31942
0.22283
0.49784
0.32742
0.25976
0.23507
0.34885
0.27242
0.4594
0.46033
0.37378
0.07802
0
0.02963
0.30082
0.04694
0.36216
0.24687
0.08953
0.25122
0.15684
0.23582
0.35998
0.2351
0.46773
0.45291
0.46137
0.13782
0.06811
0.46071
0.45984
0.4765
0.27587
0.0453
0.33228
0.6677
0.25897
0.1078
0.21869
0.07396
0.3274
0.2178
0.27267
0.24222
0.46445
0.46072
0.45957
0.48797
0.26131
0.02263
0.48816
0.11526
0.5368
0.1639
0.15208
0.31978
0.18798
0.19873
0.3411
0.32055
0.47616
0.02104
0.46039
0.67025
0.46196
0.10228
0.46338
0.17898
0
0.52775
0.30897
0.21078
0.09404
0.0211
0.04692
0.25053
0.31159
0.34007
0.6358
0.32065
0.35851
0.27381
0.09418
0.20129
0.28855
0.27285
0.46112
0.22993
0.09429
0.11038
0.43897
0.03216
0.06141
0.04694
0.16756
0.44044
0.68306
0.33343
0.05225
0.28833
0.37364
0.31913
0.31031
0.11534
0.90011
0.92372
0.40134
0.46116
0.08603
0.07012
0.35856
0.1928
0.22906
0.11634
0.09338
0.25805
0.28381
0.37146
0.46104
0.08359
0.4628
0.02095
0.20328
0.32685
0.10859
0.28149
0.34964
0.29759
0.03885
0.22028
0.40746
0.3472
0.3239
0.28388
0.28624
0.22588
0.14992
0.19204
0.46291
0.46153
0.38791
0.46123
0.10096
0.05888
0.05246
0.49041
0.41843
0.34022
0.41688
0.45318
0.07599
0.25677
0.2664
0.2768
0.22598
0.0225
0.3828
0.32226
0.47997
0.46219
0.46041
0.49534
0.50711
0.26099
0.15334
0.28029
0.34986
0.34984
0.11535
0.27334
0.2904
0.47675
0.46114
0.46176
0.07809
0.50699
0.10044
0
0.08955
0.04525
0.34979
0.24874
0.03919
0.19703
0.17988
0.3839
0.36121
0.31415
0
0.1749
0.46137
0
0.46001
0.50627
0.09395
0.14123
0.3636
0.25672
0.30111
0.09127
0.25673
0.28364
0.19708
0.31941
0.2699
0.28019
0.21874
0.46124
0.45491
0.46209
0.30779
0.45978
0.46351
0.46298
0.15747
0.0451
0.02116
0.06664
0.02118
0.02116
0.02094
0.50659
0.27492
0.32113
0.12926
0.32165
0
0.21313
0.04075
0.46284
0.04513
0.02103
0.46863
0.07018
0.4622
0.37779
0.02111
0.20287
0.25131
0.28035
0.30481
0.29596
0.2791
0.50543
0.39564
0.44691
0.02096
0.49924
0.11843
0.31225
0.32236
0.22331
0.45932
0.46156
0.46144
0.46124
0.05646
0.14747
0.21992
0.28414
0.29518
0.1828
0.28078
0.50569
0.0211
0.17667
0.04498
0.03601
0.37769
0.15703
0.48355
0.27409
0.31938
0.07029
0.30803
0.3447
0.36555
0.0857
0.29863
0.46299
0.4625
0.11463
0.06075
0.47052
0.02101
0.46788
0.46085
0.15489
0.4631
0.21145
0.70925
0.31957
0.03689
0.34583
0.30384
0.48094
0.21478
0.06484
0.24939
0.24963
0.23112
0.46276
0.46303
0.31914
0.17634
0.04445
0.28879
0.2423
0.32
0.4664
0.30514
0.4627
0.30433
0.26449
0.26138
0.30022
0.3069
0.29738
0.37348
0.47184
0
0.45934
0.02099
0.45919
0.02101
0.04505
0.19658
0.13443
0.54647
0.5034
0.29769
0.19699
0.32033
0.18271
0.29865
0.23383
0.46047
0.46264
0.23486
0.46309
0.15607
0
0.21301
0.02443
0.14849
0.32709
0.11988
0.29478
0.25369
0.27667
0.32081
0.33524
0.29211
0.23432
0.33483
0.10508
0.32982
0.32043
0.04536
0.22521
0.49076
0.46114
0.48824
0.46089
0.46107
0.2109
0.50643
0.12602
0.25083
0.18723
0.06981
0.32038
0.12583
0
0.50568
0.3264
0.03078
0.461
0.04539
0.24271
0.0535
0.25083
0.48518
0.34987
0.28451
0.33528
0.14233
0.31889
0.28409
0.02268
0.47028
0.19992
0.46086
0.50594
0.49204
0.46174
0.31653
0.31619
0.34192
0
0.3352
0.46638
0.48905
0.31909
0.28883
0.26645
0.22609
0
0.37074
0.06938
0.04536
0.22685
0.05319
0.18036
0.0939
0.17088
0.03961
0.18919
0.97925
0.27411
0.27445
0.0147
0.29118
0.27434
0.46231
0.26905
0.34585
0.15609
0.26328
0.30459
0.04447
0.4683
0.30306
0.11535
0.31808
0.48775
0.2989
0.4475
0.29806
0.11207
0.03711
0.30426
0.02952
0.04438
0.2331
0.25212
0.24416
0.18748
0.31117
0.3
0.02253
0.26964
0.46088
0.0842
0.47679
0.04889
0.04718
0.02099
0.02109
0.09268
0.46372
0.27643
0.02253
0.15963
0.07303
0.50574
0.4618
0.4586
0.46199
0.08179
0.26875
0.29226
0.45878
0.13162
0.46234
0.02101
0.02099
0.50626
0.04483
0.20674
0.4623
0.08475
0.02106
0.50599
0.0445
0.33628
0.22966
0.1342
0.21585
0.28855
0.09376
0.49795
0.25337
0.20893
0.06463
0.20406
0.02095
0.75928
0.03692
0.30065
0.36602
0.27437
0.50605
0.32815
0.06965
0.11714
0.15575
0.35214
0.29001
0.0697
0.48802
0.45869
0.45922
0.12324
0.06944
0.28275
0.29242
0.40742
0.3934
0.11854
0.31096
0.32622
0.45864
0.45867
0.2826
0.28284
0.32807
0.32816
0.28346
0.25209
0.46101
0.25414
0.45928
0.03071
0.37919
0.02847
0.25283
0.25733
0.04473
0.48782
0.29971
0.26743
0.31366
0.31957
0.45877
0.46018
0.06979
0.23449
0.0694
0.49284
0.03654
0.02096
0.07828
0.02208
0.31203
0.04482
0.46935
0.35948
0.34934
0.34506
0.32283
0.29812
0.04607
0.18438
0.02093
0.24584
0.17104
0.23552
0.40176
0.24614
0.06653
0.31224
0
0.13925
0.06978
0.23761
0.35849
0.34376
0.32022
0.02515
0.34274
0.2767
0.31173
0.3354
0.05122
0.45906
0.46176
0.24312
0.07195
0.11851
0.30107
0.17904
0.48539
0.46162
0.11879
0.50154
0.2095
0.35032
0.23669
0.25718
0.47352
0.48103
0.27048
0.24745
0.25028
0.46041
0.07786
0.16383
0.29658
0.30376
0.26378
0.10124
0.46049
0.25923
0.27735
0.11639
0.16574
0.04462
0.51102
0.20308
0.49049
0.35291
0.45955
0.23565
0.45983
0.06989
0.50131
0.50713
0.36526
0.16563
0.32593
0.09101
0.04471
0.07016
0.40069
0.32075
0.3447
0.19591
0.18432
0.07774
0.02094
0.12446
0.09404
0.03603
0.36467
0.39565
0.38019
0.11472
0.33846
0.25088
0.46318
0.11878
0.17212
0.021
0.02101
0.2074
0.27518
0.30015
0.17207
0.38817
0.24404
0.46007
0.21384
0.16576
0.48725
0.02099
0.06901
0
0.39803
0.17101
0.146
0.18821
0.0469
0.00735
0.60324
0.04457
0.28107
0.09249
0.12509
0.16333
0.34637
0.25985
0.39008
0.16797
0.24423
0.2356
0.48595
0.22808
0.47722
0.46975
0.34423
0.07433
0.11539
0.04474
0.25098
0.48289
0.2838
0.40291
0.16306
0.24006
0.27516
0.25007
0.07228
0.46283
0.06314
0.26703
0.28967
0.2515
0.46056
0.37542
0.15368
0.02911
0.48703
0.23672
0.24308
0.20336
0.32365
0.32503
0.10351
0.26863
0.02267
0.06957
0.37054
0.39023
0.14543
0.34433
0.2654
0.2748
0.2747
0.32112
0.07231
0.45852
0.16246
0.23325
0.28141
0.29777
0.30437
0.17903
0.24787
0.22913
0.09404
0.01512
0.09385
0.00735
0.08528
0.29522
0.46144
0.07219
0.15773
0.18743
0.38046
0.47659
0.23359
0.0895
0.0939
0.1484
0.35408
0.32698
0.3578
0.30731
0.45987
0.10121
0.17982
0.01471
0.04451
0.29955
0.30024
0.17905
0.22699
0.02113
0.4604
0.1066
0.24226
0.26614
0.25856
0.06392
0.23337
0.2335
0.34194
0.02211
0.187
0.29942
0.2439
0.48578
0.31273
0.06412
0.47013
0.11446
0.20198
0.34007
0.02105
0.04573
0.2819
0.28928
0.09132
0.33643
0.31609
0.34808
0.17964
0.07198
0.39466
0.37475
0.37014
0.277
0.33609
0.32115
0.07203
0.47638
0.3853
0.2812
0.27491
0.21935
0.17859
0.22645
0.02099
0.48682
0.28105
0.42191
0.08727
0.45895
0.483
0.30843
0.25597
0.34397
0.33473
0.4759
0.35914
0.2147
0.29036
0.39434
0.40408
0.06958
0.1796
0.02111
0.48312
0.17919
0.20328
0.34338
0.28385
0.327
0.07231
0.46897
0.19535
0.12226
0.05409
0.01395
0.0211
0.35289
0.4608
0.46115
0.46045
0.02105
0.48673
0.30001
0.29009
0.45996
0.0211
0.02105
0.20325
0.26636
0.27489
0.02106
0.34757
0.06956
0.09074
0.47319
0.32358
0.02107
0.09083
0.46114
0.30544
0.3507
0.36384
0.30102
0.32201
0.34244
0.349
0.48572
0.3004
0.4686
0.10616
0.48622
0.26999
0.36364
0.23448
0.46082
0.46096
0.14597
0.16314
0.25031
0.30633
0.22648
0.29814
0.28192
0.30885
0.02117
0.29617
0.24233
0.28191
0.36728
0.25708
0.37738
0.21059
0.02112
0.08451
0.44651
0.38705
0.37146
0.3571
0.17217
0.30001
0.34115
0.35121
0.40221
0.28387
0.32826
0.06958
0.22668
0.26003
0.38467
0.34277
0.29996
0.17131
0.31263
0.348
0.29023
0.3615
0.4785
0.46091
0.32093
0.46939
0.22911
0.08645
0.31526
0.41522
0.35953
0.23399
0.48549
0.37815
0.1872
0.29146
0.29817
0.07013
0.39992
0.2961
0.34602
0.29175
0.21041
0.0725
0.04534
0.26937
0.25238
0.02527
0.07243
0.14758
0.29836
0.10914
0.31881
0.09579
0.31676
0.30723
0.07001
0.31138
0.02527
0.0692
0.16547
0.02531
0.06956
0.27553
0.28933
0.33434
0.07219
0.34303
0.34772
0.29932
0.29948
0.35339
0.07017
0.28483
0.38403
0.36243
0.07243
0.18761
0.14979
0.47797
0.2845
0.06989
0.09444
0.48623
0.24165
0.15533
0.26576
0.25786
0.27372
0.10848
0.07009
0.27346
0.32209
0.21126
0.072
0.0639
0.06949
0.08485
0.31566
0.087
0.2283
0.26532
0.29236
0.48629
0.05371
0.16595
0.34817
0.25821
0.22194
0.31326
0.28984
0.07143
0.32011
0.06993
0.32923
0.46068
0.46125
0.43872
0.11886
0.29015
0.29811
0.46195
0.23708
0.34079
0.34599
0.41628
0.18127
0.23588
0.36426
0.48638
0.47344
0.28175
0.48695
0.46796
0.25816
0.41646
0.06104
0.29854
0.48653
0.22642
0.05647
0.06168
0.22954
0.35613
0.04563
0.29083
0.18755
0.25133
0.4606
0.28315
0.3472
0.48015
0.2424
0.06979
0.32817
0.07242
0.28165
0.46193
0.26816
0.38472
0.29979
0.29178
0.36991
0.32315
0.18805
0.11761
0.18861
0.30328
0.46133
0.46159
0.31473
0.07145
0.25241
0.29512
0.25879
0.31307
0.21327
0.09545
0.15783
0.37246
0.31996
