0.1048
0.2364
0.01255
0
0
0.04467
0.13015
0
0
0.09804
0
0
0.16725
0.08621
0.09377
0.1431
0.61355
0
0.02941
0.14733
0
0
0
0.11536
0.20698
0.04825
0.04366
0
0
0
0
0.30388
0.09454
0.09887
0.14173
0.20483
0
0
0
0.03749
0
0.12659
0
0.06075
0
0.09691
0
0
0
0
0
0.0898
0.12797
0.05702
0.15168
0
0.04009
0
0.40135
0.09049
0.01549
0.04698
0
0.03775
0.22346
0
0.09371
0
0.04673
0.03181
0
0
0.04863
0.04945
0.15257
0
0.14608
0
0
0.10581
0.19696
0.04733
0.11128
0.30159
0
0
0.05651
0.04458
0.03904
0.11812
0.18691
0
0
0
0.15651
0.16578
0
0.16004
0
0.24651
0
0.23297
0.09223
0
0
0.14474
0
0.13995
0.05883
0.09478
0.09923
0.18591
0
0.07281
0.12587
0
0.06635
0.04743
0.08082
0.16818
0
0.39274
0
0
0.04493
0.16472
0
0.01552
0
0.1084
0
0.18431
0
0.41226
0.06008
0.09479
0.16819
0.03873
0.04477
0.05334
0
0.06874
0
0.58945
0
0.03579
0
0
0.15762
0.09499
0
0.06092
0
0.01738
0.01359
0.23393
0
0.40913
0.72038
0.0431
0.05381
0
0.04872
0.10174
0.14639
0
0.04315
0.5718
0.15898
0.09319
0.04834
0.04684
0
0.14136
0
0.10451
0.15247
0.14038
0.04347
0.18852
0
0.1851
0.62634
0.6122
0
0
0.05951
0.01501
0.04714
0.62195
0.0471
0.09811
0.03122
0
0.04062
0.04777
0
0.05292
0
0.06514
0
0.12194
0
0.04975
0.09756
0
0.09158
0.19224
0.05453
0.75454
0.37544
0
0
0.05389
0.08584
0
0.10745
0.01549
0.15553
0.16869
0
0.11748
0.18718
0.10798
0
0
0.14437
0
0
0
0
0
0
0
0
0.09819
0.09806
0.09913
0
0
0.13987
0
0.06248
0.05404
0
0
0.10016
0.04925
0.20185
0
0.05932
0.06417
0.20507
0.06049
0
0.88771
0
0.14612
0.28531
0
0
0.03977
0.14628
0.39331
0.09433
0.14049
0.03755
0
0.14513
0.08382
0
0
0.06106
0.77373
0.04918
0.23909
0
0.05903
0.059
0.04781
0.0597
0.09381
0
0
0
0.14537
0.24591
0.0572
0.16278
0.11815
0
0
0
0.04864
0.45116
0
0.03999
0.04053
0.07505
0.04864
0.03794
0
0
0
0.09364
0.09688
0.11217
0
0.09872
0.15637
0
0
0
0.05403
0
0.22071
0.09362
0
0.14096
0.05936
0.05194
0.26253
0.14393
0.15587
0
0.82378
0
0.05037
0.50714
0
0.09781
0
0
0.05233
0.05227
0.06062
0.10765
0
0.11411
0
0
0
0
0.04465
0
0
0.04669
0.64851
0.77487
0.6352
0.14267
0.1047
0.14676
0
0
0
0
0.11471
0.20163
0
0.60169
0
0
0
0
0.07623
0.19087
0.09467
0.12801
0.11455
0.76516
0.14188
0.12788
0.0414
0.04814
0
0
0.09479
0.06692
0.1542
0.19562
0.04332
0
0
0.33911
0.14429
0
0
0.21152
0.20019
0.05624
0.04817
0.24385
0.04463
0
0
0.20512
0.14136
0.20986
0
0
0
0
0.0435
0
0.14652
0
0
0
0.04442
0.01651
0.17763
0.31475
0.14626
0.09971
0.04384
0
0.03756
0.15754
0
0.04308
0.09975
0.13743
0.06878
0
0.22767
0.12383
0
0.14485
0.13994
0
0.34537
0
0.04814
0.1769
0.14049
0
0.05049
0.04746
0.02001
0.18676
0.06649
0.15808
0.14625
0.69161
0.19647
0
0.14118
0
0.14027
0.05155
0.20031
0.05364
0
0.04433
0.10504
0.05973
0.04717
0
0.01733
0.21226
0
0.05228
0.10672
0.10519
0
0.15907
0
0.10664
0.0575
0
0.15905
0.3933
0
0.10028
0.04315
0.05449
0.16159
0.01587
0.09129
0.0439
0.11429
0.04989
0.04535
0
0.06209
0.05196
0
0.18168
0.05198
0
0
0.12847
0.09971
0.09899
0.07894
0
0.02058
0
0
0.10348
0.14517
0
0
0.05385
0.60843
0.05988
0
0.20032
0
0.14614
0.13721
0.0173
0
0
0.50596
0.0733
0.09382
0.05168
0.06292
0.10879
0.10509
0
0.2393
0.64184
0.09168
0.04468
0.3947
0
0
0.16055
0.04273
0.06087
0.213
0.10672
0
0.29845
0
0.15517
0.05587
0.1918
0
0
0
0
0.05644
0.16056
0.22281
0
0.55987
0.16955
0.09489
0.05901
0.14671
0.11524
0.05492
0
0
0.0186
0
0.06122
0
0.05323
0
0.02033
0
0.10796
0.17126
0
0
0
0.13583
0.13873
0.0784
0.13992
0
0
0.10647
0.16926
0
0.15959
0.184
0
0.06222
0
0.037
0
0
0
0
0
0.48983
0.07481
0.65926
0.09072
0
0
0
0
0.03739
0.04812
0
0.14742
0
0.14028
0.04935
0.10665
0
0.16009
0.03524
0.22381
0.1454
0.04851
0
0
0
0
0.34333
0.09652
0.15781
0
0.09764
0.1872
0
0
0.06033
0.04807
0.05201
0.23815
0
0
0.06123
0
0
0
0.15815
0.19758
0.10727
0.06352
0.23955
0.11183
0
0
0
0.55809
0
0
0
0.14717
0
0.14729
0
0.04709
0.62053
0.16332
0.05889
0.14182
0.10065
0
0
0.17437
0
0.14502
0
0
0.04017
0.08484
0.51761
0
0.12018
0.23831
0.1061
0.6748
0.14813
0
0
0.12045
0.05824
0.14951
0.17834
0
0
0.03804
0.0566
0.19215
0
0.0589
0.05986
0.05754
0.39274
0.10498
0.04771
0
0.0123
0.09405
0
0.07783
0
0
0.09659
0.13856
0
0.06134
0
0
0.05958
0
0
0
0.15728
0.04846
0
0
0.04974
0.04815
0.12014
0.04799
0.10879
0.05239
0.01646
0.10623
0.05389
0.16437
0
0.05726
0
0.0943
0
0
0.24093
0
0
0.11284
0
0.04869
0
0
0
0.09878
0.18538
0
0.15903
0.06053
0
0.06407
0.19723
0.05789
0.14083
0.09356
0.04897
0.1063
0
0.06932
0.09928
0.07135
0.04807
0.02992
0
0.09261
0
0
0.25346
0.20356
0
0
0.09407
0
0.10542
0
0
0.0983
0
0
0.01759
0
0.05167
0.05473
0.04737
0
0
0.08089
0
0.05624
0.05229
0.14663
0.51586
0
0.06298
0.05376
0.03918
0.05956
0.11177
0.42114
0
0
0
0.14741
0.14198
0.07328
0
0.14653
0
0.09487
0
0.06186
0.05448
0
0.22029
0
0
0.10813
0.09155
0.11905
0.21009
0.10972
0
0
0
0
0.05536
0.33556
0
0
0.0981
0.05399
0.0528
0.05199
0.16126
0.04713
0.19322
0
0
0.09956
0.03911
0.18661
0
0
0.01786
0.21242
0.04851
0
0
0
0.16181
0
0.21179
0
0.09978
0.42115
0.04965
0.11911
0.10339
0.08891
0
0.05592
0.05567
0.20295
0.04404
0.10039
0.44435
0
0.13765
0.0483
0.03502
0
0.04896
0
0
0.0988
0.09886
0.1381
0.04893
0.0521
0.05584
0.04901
0
0
0
0.14479
0.14473
0
0.064
0.04716
0.20615
0.68696
0.52556
0.23621
0.47386
0.14272
0.15704
0.0156
0
0.18909
0.14638
0.09809
0
0.09402
0.06286
0.05378
0
0.20627
0.16089
0
0.22424
0
0.65362
0.14238
0.09135
0.04667
0.03597
0
0.21776
0
0.14763
0
0.05547
0.0536
0.0125
0
0
0.03724
0.05759
0.09251
0.0319
0.18753
0.08623
0
0.22776
0.20342
0
0.05898
0
0.04714
0.01849
0.95248
0.14715
0
0.10984
0.06076
0.15788
0.15882
0.16058
0.09629
0.04742
0.09789
0
0
0
0.1886
0.3832
0
0.04886
0
0.0617
0.05708
0
0
0.13891
0.11878
0.19645
0
0
0.90006
0.05164
0
0.42165
0.42656
0.48063
0.10514
0.07515
0.11345
0
0.14073
0.21845
0.04888
0.1582
0
0
0
0.21316
0.11799
0.09198
0
0.05499
0
0.10901
0
0.21302
0
0.07755
0.11578
0.05178
0.11555
0.05348
0
0
0
0.03792
0
0.59647
0.15758
0.10117
0.05045
0.01955
0.05485
0.1524
0
0
0
0.04142
0
0.11475
0
0
0
0.14993
0.09752
0.05567
0
0.0157
0
0.05887
0.42128
0.05298
0
0.14151
0
0
0
0
0.10574
0
0
0
0.13386
0.17649
0.0812
0.10038
0.05307
0.04895
0
0
0.06978
0.20714
0.20689
0.09675
0
0.05588
0.05528
0.13955
0.11631
0
0.10519
0.14523
0
0.19506
0.13096
0.09399
0.05923
0
0.0541
0
0.04181
0.59981
0.23822
0
0.48086
0
0.06062
0
0
0.15401
0.16951
0.27031
0.04474
0.0184
0
0
0
0
0.05362
0.09953
0.59161
0.15776
0
0
0.0938
0.10687
0.14218
0
0.38232
0
0.05288
0.05649
0.10976
0
0.05439
0.08987
0.04726
0
0.08965
0
0.10889
0
0.05222
0.05388
0.14636
0
0.05368
0.10473
0.05951
0.05206
0
0
0.07624
0
0
0
0.10915
0.05412
0.1584
0.11386
0.10456
0
0
0
0
0.07716
0.06364
0.16967
0.09875
0
0.09159
0.04786
0.04344
0
0.24124
0.05884
0
0.01862
0
0.16529
0.14579
0
0
0
0.09633
0.0472
0.04739
0
0.15816
0
0.08838
0.01734
0.10636
0
0.16463
0.13516
0.20965
0
0.08167
0
0.03751
0
0
0.05967
0.18634
0.05252
0.09023
0
0.5913
0
0
0
0.01344
0.13385
0.05877
0
0
0.06257
0.04689
0
0
0.07644
0.19817
0
0.48165
0
0.06105
0
0.05938
0.21048
0.20479
0.15601
0
0
0
0.47414
0.03976
0.14463
0
0.04438
0.15812
0
0.36348
0.22726
0
0.18348
0
0.10363
0.01936
0.01752
0
0.05633
0.03734
0
0
0.1869
0
0.09163
0.54864
0.18713
0.14481
0
0.05601
0.08388
0
0
0
0.11059
0
0.09781
0.5171
0
0.20415
0
0
0
0
0.20621
0.03467
0.01992
0.42117
0.34526
0.20572
0
0.09302
0.15822
0
0.1543
0.48197
0.05457
0.21776
0.21846
0
0
0
0.12888
0.08999
0
0.1451
0.1049
0.41513
0.13234
0.09909
0
0.1578
0.08946
0.11524
0.06436
0.06441
0
0.10774
0.10564
0.09739
0
0
0
0.06113
0
0
0.14654
0.09047
0.15368
0
0.09752
0.06076
0
0.37402
0.06091
0
0.15751
0.05663
0.14053
0.23665
0.3062
0.0623
0.06033
0.07835
0
0
0.10337
0
0
0.07891
0
0
0.15829
0.09794
0.09704
0
0.06206
0.09868
0.0388
0.1821
0.18674
0
0.15647
0
0.05926
0.08839
0.14671
0.11859
0.09808
0
0.18814
0.03876
0
0.6581
0.05317
0.24882
0
0.04025
0.12132
0
0.05427
0
0.20622
0
0.58244
0.06098
0
0.04773
0.05174
0.10553
0
0
0
0
0.44409
0.05009
0.13827
0
0.08983
0
0
0
0.03873
0.11041
0.10618
0
0.20485
0.20552
0
0.06075
0.14522
0.13384
0.05218
0
0.24594
0.11938
0
0
0
0.15606
0.21166
0.06067
0.05248
0.04399
0.04985
0.09421
0.14964
0
0.15214
0.14998
0.11057
0
0
0.18825
0
0.09771
0
0.26678
0.15046
0
0.04971
0
0
0.04678
0.0607
0.05758
0.20167
0
0
0.06088
0
0.11455
0.09774
0
0
0.154
0.78696
0.09361
0.06208
0.21262
0.04896
0.09848
0.21118
0
0.14507
0
0.03811
0
0
0.05211
0.15761
0.11272
0.04796
0.0377
0
0
0.03085
0.10672
0.11858
0.36273
0
0
0.06325
0.15304
0
0.16944
0.42474
0.2064
0.10503
0
0.1391
0
0.12389
0.09909
0
0
0.11058
0
0
0.65303
0.20061
0.70561
0.13461
0
0
0.03744
0.19691
0
0
0
0.1572
0
0.10317
0.12062
0.04349
0
0
0.07038
0
0.09648
0
0.06247
0.09789
0.38252
0
0
0.13751
0.09898
0.0448
0.08207
0.24104
0.11005
0.04713
0
0.14631
0.05489
0.03305
0
0.42067
0.16179
0.06063
0.20203
0.05351
0.24333
0.19848
0.18484
0
0.15574
0
0
0.12808
0.10532
0.27865
0
0
0.0184
0.14252
0.02602
0.15127
0.06179
0.11405
0
0
0.12599
0.20721
0.11969
0.05341
0.09885
0
0
0.2264
0
0.06106
0.04798
0.06011
0.11001
0.04817
0
0
0.08159
0
0.20453
0.5767
0.10775
0.24469
0.04696
0.11917
0
0.14509
0.11511
0.06373
0.146
0.20532
0.06089
0.03909
0.1216
0
0.03809
0.05601
0.09825
0.06007
0
0
0
0.05484
0
0
0.04906
0.10525
0
0.03763
0
0.14017
0.13928
0
0.16468
0
0
0.05208
0.05628
0.05513
0
0
0.07158
0.53332
0.06122
0
0.05398
0.15898
0.1077
0
0
0
0.16117
0.14449
0
0.04934
0.03801
0
0
0
0
0.32695
0
0.03801
0
0.0486
0.05882
0
0
0.06246
0
0.09939
0
0.14482
0
0
0
0
0.05722
0
0
0
0
0.10754
0.14981
0.40937
0
0.0388
0
0
0
0.07491
0.09761
0.05663
0.09174
0.10509
0.20897
0
0.0481
0.15802
0.06019
0.06024
0
0.38212
0.05526
0.1588
0.1155
0
0
0.08817
0
0
0.13866
0
0
0.08163
0
0.10902
0.04834
0.09399
0
0
0.01441
0.09725
0.04952
0.16957
0.31075
0.21764
0.03745
0.1453
0
0
0.04411
0.14699
0.04114
0
0.11896
0.0473
0
0
0.03935
0.04446
0.24426
0
0
0.15975
0.09834
0.23556
0
0.09382
0.01431
0.03762
0
0.03301
0
0
0
0.05173
0.05156
0.06373
0.26901
0.15107
0.2246
0
0.04788
0
0
0.15204
0.2189
0.04273
0
0.04708
0.07596
0.10644
0.20146
0
0.03695
0.0563
0
0.0905
0.09066
0
0.05374
0.14044
0.03779
0
0
0
0
0
0.21877
0.10727
0.14497
0
0.10913
0.11052
0.13697
0.0205
0
0
0.1879
0.48078
0.04792
0.14292
0.07508
0.09201
0.05994
0
0
0.05282
0
0
0
0.04475
0
0.15894
0.24466
0.13065
0.06282
0
0
0
0.16514
0
0
0.05718
0
0
0.10856
0.06061
0
0.07466
0.2188
0.05411
0.15923
0.32825
0.05589
0.04955
0.03757
0
0.08905
0.06184
0
0.09728
0
0
0.10664
0.18565
0
0
0.06055
0
0.06105
0.0158
0
0.0642
0
0
0
0
0.0514
0
0.21065
0.1158
0.11582
0.09032
0
0.0995
0
0
0
0
0
0
0.03652
0.03736
0
0.01987
0
0.04703
0
0.05893
0
0.24461
0.10754
0
0
0
0.0207
0
0
0
0.07211
0.13775
0.04398
0.05216
0
0.15067
0.05546
0
0.09666
0.15243
0.23887
0
0
0
0.05997
0.39821
0
0
0.054
0.09343
0.03444
0.11081
0.13261
0
0
0.06332
0.04921
0.05904
0.07249
0
0.05817
0.10591
0.14486
0.08849
0.11237
0.1532
0.06263
0
0
0
0
0
0.11745
0
0.03873
0
0.06455
0
0
0
0.25156
0.61677
0
0
0.01828
0.14656
0.09478
0.04424
0.1923
0.22962
0
0.10675
0
0.04545
0.13183
0.05586
0
0
0
0.24508
0
0
0
0
0.13764
0.53188
0
0.08076
0.22332
0
0.14716
0.04942
0.0186
0.11053
0.10356
0.05406
0.04402
0.05338
0
0.05508
0.70873
0
0.65077
0.04809
0.10497
0.05336
0.06271
0.0444
0.24328
0.1155
0.04868
0.0602
0.11419
0.03779
0.073
0.03723
0.57209
0.06069
0
0.07279
0
0
0.48266
0
0
0.23884
0.26508
0.2498
0
0.09428
0
0
0.23926
0.01934
0.03502
0.25937
0.23764
0.2065
0.11495
0.05183
0.04956
0.12794
0.15854
0
0.14465
0.09783
0.05693
0.21837
0.10406
0
0
0
0.11543
0
0
0
0.06078
0.03882
0
0.1135
0.32821
0
0.0384
0.16469
0.38396
0
0.04449
0
0
0
0.18078
0.11203
0.10907
0
0
0.05288
0
0.09753
0
0.05967
0
0
0
0
0
0
0.0993
0.11238
0.05907
0.07782
0.11951
0.14591
0.24102
0.18991
0
0.14014
0.10437
0
0.06033
0.11423
0.05665
0.09567
0
0.06145
0.15
0.11487
0.09644
0
0
0.13103
0
0.03854
0
0.14368
0.05345
0.09227
0.12157
0
0.85771
0.18137
0.06004
0.3244
0
0
0
0
0.42378
0.04961
0.13475
0
0
0.09934
0
0.05719
0.14211
0.03994
0
0.13455
0.03979
0
0
0.06041
0.05621
0.06045
0.02098
0.09374
0
0
0.04716
0
0.03481
0
0.13659
0.14413
0
0
0
0.13874
0.58155
0
0
0.17573
0
0.58085
0.05228
0.17571
0
0.15731
0.12118
0.09934
0
0
0.17086
0.11036
0.09368
0.02667
0
0
0.01517
0
0
0
0.06091
0
0.14917
0.09135
0.15348
0
0
0.14752
0.04744
0.06026
0
0.08999
0.06031
0
0.12052
0.04851
0
0
0
0.12775
0
0.04452
0
0.05872
0.10257
0.10903
0.10358
0
0.39944
0
0.1153
0
0.03758
0
0.10128
0.05287
0
0
0.04432
0
0
0
0
0
0.08
0.2191
0.05239
0.05153
0.09949
0.09939
0.7472
0
0.185
0.48952
0.02054
0
0.04977
0
0
0.11653
0.0471
0.05377
0.16626
0.11404
0
0.11436
0
0.04908
0
0.03887
0.21781
0.16502
0.14782
0.6114
0.36429
0
0.0529
0.20579
0
0.10363
0.04304
0
0.03897
0
0.05337
0
0
0
0
0.06521
0.11965
0.09397
0.46966
0.05488
0.01913
0
0.05656
0
0.05773
0
0.05887
0.05965
0.08189
0.05972
0
0
0.09011
0.10669
0.12639
0.07645
0
0.07093
0.13884
0
0
0.34564
0.10143
0
0.18541
0.10371
0.29733
0
0.05302
0.03755
0
0
0.23334
0
0
0.06031
0
0
0.07209
0.15912
0.04818
0.11024
0.1111
0
0.05889
0.0769
0
0
0.12869
0
0
0.15838
0.08526
0
0.10972
0
0.11443
0.21063
0.23899
0.15172
0.05363
0
0.15383
0
0.12539
0.10626
0.04418
0
0
0
0.07941
0.10134
0.0316
0.20409
0.09282
0
0
0
0
0
0
0.10359
0
0
0
0.14851
0
0.12082
0.09677
0
0.05565
0.26708
0.147
0
0.24267
0
0
0
0.18649
0.03682
0.22765
0
0
0.11314
0.22554
0.09591
0.05579
0.03772
0.06945
0
0.03456
0
0.20115
0
0
0
0.18719
0.05371
0
0.14551
0.05863
0.05589
0.24292
0.06795
0.01744
0.06001
0
0.03202
0
0
0
0.14778
0
0.01252
0.04366
0
0.06295
0
0
0
0.38265
0.10668
0
0.33685
0.11561
0.01332
0.46382
0
0.05995
0.06007
0.20386
0.09794
0.09111
0
0
0
0
0.106
0.08399
0
0
0
0.10729
0.24216
0.3042
0.09864
0.10903
0.09772
0.10615
0.03972
0
0
0.03732
0.05734
0
0
0.10634
0
0.38625
0.03759
0.09732
0
0
0.11093
0.1383
0
0.15718
0.14642
0.14896
0.20159
0
0
0.05394
0.04458
0.0588
0.11575
0
0.04669
0.12896
0.04943
0
0
0.42452
0
0.05669
0.09364
0.06273
0.18259
0
0.01238
0.11403
0.08491
0.21381
0.10854
0
0.05286
0.1036
0.19767
0.09253
0.27146
0.10586
0.04849
0
0.0325
0.0479
0.21502
0.20663
0.03881
0
0
0.05283
0
0.18506
0.0606
0.05988
0.36251
0.09651
0
0
0.04862
0.14492
0.09356
0.1699
0.71379
0.05248
0.10748
0.05312
0.1455
0
0
0
0
0
0
0
0.05327
0.03712
0.09659
0.14236
0.04835
0.16983
0.15122
0.25652
0.05297
0.09678
0
0.15379
0.10941
0
0.28617
0.05753
0
0.05926
0.05752
0.13865
0
0.05207
0
0.05599
0.38239
0.08974
0.46539
0
0.10651
0.04777
0
0.09965
0
0
0.05149
0.21915
0.15393
0.11939
0
0.16261
0.11049
0.26986
0.04085
0
0
0
0.04758
0.60292
0.39299
0.39322
0.17952
0.22248
0.04949
0.21658
0
0.0436
0.08024
0
0.15996
0
0.03448
0
0.60973
0.20193
0.12999
0.24165
0.06196
0.03985
0.13905
0.0987
0
0.09236
0.09694
0.11426
0.15615
0.1527
0.22003
0
0.09007
0.81338
0
0
0
0.10394
0
0
0.21536
0.05569
0.06119
0
0.12838
0.22018
0.09185
0
0.10113
0
0
0.14547
0
0.04426
0.14644
0
0.05937
0.04463
0.05326
0.09672
0
0.09886
0.05026
0.05342
0.17571
0.06109
0.22162
0
0
0.20873
0
0.11558
0.14708
0.28743
0.32703
0.03066
0.05257
0.07172
0.13897
0
0
0
0.19835
0
0.11416
0
0.63551
0.1745
0
0
0
0
0
0
0.07894
0.04676
0
0.05191
0.14997
0
0.16489
0.06193
0.0619
0
0
0
0.88997
0.10516
0
0.34348
0
0.08527
0.11537
0.06125
0.04969
0.1221
0.10922
0
0.03506
0.03503
0.18477
0.03793
0.0564
0.05296
0.0941
0
0
0.05252
0.21844
0
0
0.18858
0
0.05981
0
0
0
0
0.03864
0.06152
0
0.72554
0.09261
0.19849
0
0
0.10621
0.33275
0.14714
0.03747
0.06258
0
0.11021
0.20707
0
0
0.72016
0.01821
0.09377
0.10458
0.21073
0
0.06042
0.10387
0.11862
0.0398
0.16297
0
0
0
0.10088
0
0.05535
0
0
0.22447
0.1387
0.07549
0.21562
0
0.1149
0
0
0
0
0
0.01167
0.04063
0.05366
0
0
0.14851
0
0.0164
0.11987
0.60156
0.06195
0.03792
0
0
0
0.0496
0
0.19917
0.04845
0.18523
0.10414
0.10863
0.05988
0
0.0483
0.03276
0.05734
0.21679
0
0.11523
0.03976
0.046
0.13903
0.09269
0
0
0
0.11354
0
0.10596
0
0.24413
0.05022
0.01628
0
0
0.15879
0.24694
0.34649
0.21763
0.21591
0
0.80504
0.11455
0
0
0
0.01492
0
0.10931
0.099
0.22828
0
0.17747
0.1116
0.069
0.47309
0
0.04344
0.2058
0.11009
0.03846
0
0.09919
0.10348
0
0.05983
0.05643
0.05201
0
0.16895
0.22295
0.15558
0.06046
0.03939
0.11247
0.13127
0.14129
0
0
0.12134
0.09122
0.14578
0
0.04512
0.06055
0
0.05691
0.06032
0.04795
0.06041
0.14054
0.06176
0
0.0494
0.06035
0
0.24709
0
0
0.0446
0.20681
0
0.0501
0.03248
0
0.09796
0.09656
0.20511
0
0.06355
0.05456
0.01652
0
0
0.20393
0
0
0.06049
0.04964
0
0
0.04422
0.0198
0
0
0.05693
0
0
0
0.14251
0.04883
0
0.10674
0.21027
0
0
0
0
0.05367
0
0.20137
0.18642
0.1875
0.05194
0
0.09293
0.09246
0.0153
0
0
0.11492
0
0.14485
0.04876
0
0.04284
0
0.0633
0
0.04777
0
0.06534
0.0589
0.23332
0
0.10771
0.06027
0
0
0
0.17313
0
0
0.05877
0
0.0922
0.16708
0.01889
0
0
0
0
0.10687
0.1051
0.20921
0.14645
0
0.05734
0
0.21089
0
0
0.05191
0.10975
0
0
0
0
0.18572
0.10519
0
0.17337
0
0.1813
0.09588
0
0.13997
0
0.04855
0
0.70742
0
0.05201
0
0.10722
0.07133
0.05309
0
0.05206
0
0.07521
0.72515
0.04379
0
0.04687
0
0.16851
0
0.08473
0.159
0.18197
0.05394
0.18659
0
0
0
0.0539
0.01781
0.20123
0
0
0
0.10459
0
0.06164
0.05885
0.05608
0
0.13197
0.15755
0
0.10522
0
0.11032
0.03754
0.14772
0.09691
0
0
0
0
0.11571
0.1108
0
0.10341
0.05884
0.18837
0.20151
0.05292
0.10413
0.83012
0.10697
0
0.15222
0
0
0.14611
0
0.17028
0.0532
0.05674
0
0
0.09776
0.11945
0.83052
0.05605
0
0.09976
0.22664
0.05353
0
0.04906
0.02141
0.67343
0
0.05463
0
0
0
0.01803
0.05391
0.01986
0.09664
0
0.0394
0.0529
0.04388
0.11268
0.03755
0
0.14079
0
0.10396
0.05301
0
0.11912
0.10646
0.24496
0.07439
0
0.01432
0.07891
0.04436
0
0
0.18277
0
0.21608
0.1191
0.06723
0.18379
0.10323
0.19054
0.03501
0
0
0.14784
0.06341
0.10333
0
0
0.06309
0.11027
0
0.05378
0
0.15738
0.14522
0
0.24561
0
0
0.2139
0.09234
0.01342
0.0519
0.33658
0
0
0.03767
0.0531
0.12
0.37508
0
0.32668
0.0482
0.05525
0
0.09924
0.0747
0.05216
0
0.13329
0.26973
0
0.19372
0
0.21967
0
0.11765
0.16947
0
0
0.17875
0.90258
0.14586
0
0
0
0.09496
0.19835
0.17066
0.17285
0.05493
0
0.37422
0.0616
0.05153
0
0.14961
0.2119
0.14556
0.19112
0.17997
0.01608
0
0.21161
0
0
0.05164
0
0
0.01706
0.05371
0.18799
0.4858
0.61135
0
0
0.15513
0
0
0.03741
0.14775
0.41576
0.08547
0
0.15831
0.22082
0
0.03543
0.2046
0
0.05013
0.21569
0.18257
0.09659
0.12817
0
0.20864
0.10642
0
0.05462
0.10662
0
0.20941
0.0778
0.11565
0
0.0371
0.06286
0
0
0.10968
0.09927
0.03533
0
0.04747
0
0.16856
0
0
0
0
0
0.14779
0.05471
0.08892
0
0.03385
0.1703
0
0.05997
0.18396
0.11754
0.14214
0
0.05143
0.05958
0.78342
0
0
0.10229
0.12279
0
0
0
0
0
0.09923
0.05342
0.05895
0
0
0.03349
0.11861
0.05253
0.11042
0
0.67608
0.05567
0
0
0
0.14481
0.0538
0.06182
0
0
0
0
0.24671
0
0.08189
0
0
0.05724
0.03688
0.06181
0.09597
0.11938
0.12889
0.06074
0.14275
0.1159
0
0.05958
0.22279
0.09431
0.10479
0.01847
0
0.04016
0.0533
0.04704
0
0.11571
0.1107
0.16699
0.05653
0.14435
0.14493
0
0.093
0
0.06022
0.04389
0.32653
0.16587
0.11268
0.05928
0.09516
0
0.05388
0.05613
0.21696
0.08301
0
0.03847
0.14755
0
0.19361
0
0.05371
0.04682
0.11471
0.01585
0.05814
0.04903
0.09969
0.09943
0.01716
0.11522
0.09934
0.09183
0.04928
0
0.23915
0.03604
0
0
0
0.04492
0
0.04508
0.07145
0.09154
0.06215
0
0.03841
0.20489
0.05781
0.1454
0.18166
0.04066
0.17046
0.09333
0.06195
0
0.05965
0.06077
0.06168
0
0
0
0.10734
0
0.05337
0
0.04955
0
0
0
0
0.20519
0.13502
0.05525
0.03786
0.09963
0.09084
0.1592
0.13857
0.10462
0
0.08465
0.21679
0.03775
0.04303
0
0.09067
0
0
0.12853
0
0.10949
0.30784
0.10591
0.01272
0
0.21298
0
0
0.01943
0.35372
0.24752
0.1905
0.0178
0.15171
0
0.04984
0
0
0.11567
0.04805
0
0.05909
0.17057
0.19277
0.09821
0.50458
0.14982
0
0.16675
0.04413
0
0.23832
0.06123
0.14347
0.03735
0.10968
0.04923
0.05285
0.03753
0.03181
0.06099
0.13959
0
0
0.18633
0.9205
0.14543
0.08393
0
0
0.21611
0
0
0
0
0.22007
0.04821
0.03826
0.04766
0.06245
0.14555
0.16001
0.04798
0.10359
0.07181
0.05536
0
0.36244
0.1395
0
0
0.06229
0
0.21406
0.01868
0.04802
0
0.05042
0.0535
0.144
0
0.09482
0.13388
0
0.05631
0.05467
0.05369
0
0
0.09128
0
0.0966
0.11518
0.16892
0.05907
0.1837
0.89561
0.03755
0
0
0
0.0498
0
0.05332
0
0.06146
0.05195
0.09305
0.05586
0.10475
0
0
0.14929
0.20316
0
0.04709
0
0
0.14136
0.1916
0
0.03726
0.14366
0.18768
0.016
0.04776
0.06133
0
0.09011
0
0
0
0.20822
0.26608
0.07985
0
0
0.15935
0.08154
0.14263
0.1602
0
0.03958
0
0
0
0.16087
0.02011
0.33934
0
0.60933
0.11432
0
0.01805
0
0.01807
0.13721
0.14646
0.27941
0
0.05195
0.13467
0
0
0.18883
0.03985
0.05145
0
0.05409
0
0
0
0
0
0
0.10309
0.11821
0
0.09905
0.09918
0.13992
0.09128
0.01637
0
0.21907
0
0.22731
0
0.09331
0.09307
0.22257
0
0.15794
0.11465
0.22181
0
0
0.05539
0
0.05867
0
0.12091
0.10723
0.02715
0.0717
0
0
0
0.12234
0
0
0.05367
0.21022
0.10992
0
0
0
0
0.21016
0
0
0
0.05464
0.17063
0.32641
0
0
0.10046
0.15913
0
0
0.11381
0
0.10166
0.10656
0.10306
0.0342
0.04399
0.05801
0
0.09383
0.13203
0.30332
0
0
0.26708
0.24052
0
0
0
0.03501
0.22136
0.47457
0
0.05935
0.09645
0
0
0.08564
0.03996
0.06189
0
0
0
0.04784
0.14061
0.07937
0.06918
0.24303
0.16478
0.0247
0
0
0.10095
0.2095
0.22231
0.11814
0.0469
0.05237
0.11408
0.14714
0.09834
0.09848
0.42163
0.03058
0
0
0.13642
0.05458
0.04687
0
0.24105
0.04869
0
0.17211
0.09643
0
0.20445
0.12884
0.09277
0
0.10613
0.10535
0.08867
0.09026
0.15864
0
0.07902
0.18683
0.14322
0.19843
0.05308
0.15385
0.09301
0.20537
0
0.13236
0.02556
0
0.0998
0.04389
0
0.10972
0.04816
0
0.20173
0.16758
0.09299
0.12676
0
0
0
0.05369
0
0
0.15357
0.1174
0.10223
0
0
0.07108
0.20182
0.16664
0
0
0.04388
0.10609
0.10716
0.205
0.06199
0.03789
0
0.09664
0
0
0
0.04766
0.03712
0.29988
0.19944
0.11792
0.11483
0
0.19841
0.04975
0
0
0.06895
0.148
0.52163
0.16243
0
0.17139
0.04929
0.05225
0.07206
0.09114
0.15533
0.15776
0.04788
0.0322
0.0379
0.06183
0
0.11405
0.05393
0
0.06266
0.1159
0.01681
0.57582
0.03138
0.05591
0.0438
0.14039
0.04467
0
0.05393
0.01561
0
0.04741
0
0.0443
0
0.10115
0
0.14722
0.10211
0.10404
0
0.04786
0.16632
0.1131
0.07399
0
0
0
0
0.16209
0.11933
0.0587
0.07115
0.13323
0
0.05924
0.26611
0
0
0
0
0.06052
0.05245
0.05309
0
0.11301
0.16028
0.17294
0.10318
0
0.25315
0.36607
0.09696
0
0
0
0.09866
0.05983
0.04412
0
0
0.33875
0.01567
0.15586
0.11494
0.04778
0
0.04856
0
0.05495
0.12106
0.06294
0.10498
0
0.15839
0
0.05149
0.3992
0.30605
0
0.39291
0.0944
0.22446
0.14777
0.07482
0.09124
0
0.07411
0.10419
0
0
0.04933
0.03501
0
0
0.01724
0.10649
0.18708
0
0.22404
0.04469
0.18186
0
0.04863
0.06047
0.09929
0
0.04778
0.7437
0.04617
0
0
0.1184
0.10304
0.04733
0
0.04885
0.03736
0
0
0
0
0.22019
0
0
0
0.05238
0.10372
0.14718
0.06099
0.03828
0
0.20209
0.10603
0.21576
0
0.01504
0
0.1587
0.09743
0.09846
0
0
0
0.14281
0
0.12194
0
0.158
0
0
0
0.09033
0.04337
0
0.05036
0.15425
0.09637
0.15853
0
0.10338
0.04735
0
0.21541
0.097
0.0482
0.13703
0.06058
0.23672
0.14599
0
0
0.05516
0
0.07988
0.06007
0
0.21373
0
0.01594
0
0.01743
0.01798
0
0.0915
0.15543
0
0
0
0
0.19154
0.059
0.07798
0
0.03119
0.36117
0.14005
0.03994
0
0.06252
0.26274
0.09306
0
0.16597
0.0477
0.05318
0.14664
0
0.22051
0.04389
0.10477
0.15214
0.15088
0.28588
0.1118
0
0.14989
0
0.21812
0
0.0994
0.24328
0
0.15185
0.0716
0.11982
0
0
0
0.09957
0.06002
0.01595
0.27897
0.21571
0.09579
0.04808
0
0.20747
0.05682
0.48141
0.11914
0.2489
0
0
0.06659
0.04831
0
0.06511
0.21433
0
0.03826
0
0
0
0.09663
0.24309
0
0.10389
0.09243
0
0.05572
0.0633
0.02981
0.10138
0.11092
0.06457
0
0
0.01953
0.04052
0.12782
0.10586
0.10759
0.04689
0.09843
0.14032
0.10338
0.14703
0
0
0.04767
0.30191
0
0
0
0
0.10553
0.05877
0.04818
0
0.11876
0.14488
0
0.06118
0
0.13888
0
0.41679
0
0.01894
0.14506
0
0
0.05225
0
0
0.03818
0.14693
0
0.20322
0.15636
0.12435
0.09888
0
0
0
0.03757
0
0.02085
0.1305
0
0.05028
0
0.14582
0.192
0
0.04741
0
0.02488
0
0
0.0532
0.05409
0.18244
0.18539
0.14742
0.04889
0.05245
0.15412
0.12113
0.13676
0.69756
0.1214
0.12196
0
0
0
0.03674
0
0
0
0.21143
0.03816
0.16982
0
0.14918
0.14976
0.06136
0.01774
0.04745
0.15234
0
0.11358
0.14497
0.05064
0
0.06213
0.13093
0
0
0.01891
0.04706
0
0
0.09004
0
0.04824
0.68191
0
0.15513
0.08941
0
0.14969
0.10055
0.19472
0.05416
0.05256
0.07112
0
0.02069
0
0.05135
0
0.01735
0.04382
0.10621
0
0
0.05994
0.09609
0
0.24339
0
0.10702
0.0435
0
0
0.15369
0.04344
0
0.05153
0.11805
0.07666
0.05266
0.34865
0.06378
0.09465
0
0.0472
0.11591
0.05318
0.09138
0
0.24782
0.15579
0.05885
0.10694
0.05295
0.12466
0.09796
0
0
0.08503
0.04928
0.05592
0
0
0
0
0.13956
0
0.04748
0.14513
0
0.04515
0.11094
0.1346
0
0
0
0.14381
0.05196
0.09855
0
0
0.1511
0
0.14535
0.15793
0
0
0.097
0.01223
0
0.16939
0.0603
0.0474
0.24586
0
0.04701
0
0.11342
0.14824
0.03566
0.08537
0
0
0.17129
0.09944
0.14493
0
0.21536
0.20993
0.1455
0
0.05388
0.08657
0.20376
0.07008
0.0644
0
0
0.04926
0.104
0.05944
0.05195
0.38923
0.15227
0
0.16089
0
0
0
0.03827
0.13866
0.0899
0.11838
0.09857
0
0.04455
0
0
0.15423
0.05394
0.04791
0.10897
0.47034
0.18695
0.14304
0.06317
0.13662
0.0181
0
0.13898
0
0.23956
0
0.09516
0.25352
0.19058
0
0.09362
0.10601
0
0
0.04457
0.06189
0
0.1069
0.03502
0.0479
0.11716
0.10559
0.10378
0.20251
0
0
0
0.03719
0.10159
0
0.04426
0
0.1534
0.04853
0.2171
0.24299
0.1653
0.21349
0.05618
0.09899
0
0
0.05462
0.02527
0.16918
0.21002
0
0
0.04446
0.09658
0
0.09244
0.0593
0
0.15746
0.14317
0.03845
0.08571
0.04776
0
0
0.11903
0
0.04913
0.18918
0
0
0.03452
0.056
0.11071
0.05345
0.14694
0.04881
0.2173
0.20186
0
0.09511
0
0.14938
0.14976
0
0
0.18648
0
0.05522
0
0.52187
0.21419
0.13857
0
0.14252
0
0.05356
0.02537
0.05921
0
0.06398
0.03729
0.01283
0.13981
0
0.10374
0.04956
0.09118
0.14474
0.14042
0.05901
0.01841
0.19345
0
0.10911
0.12842
0.09344
0.09472
0
0.04678
0.08825
0.24539
0.0989
0.05459
0
0.11664
0.04383
0.04954
0.05657
0.05375
0.16891
0.04468
0.03713
0.03982
0.28113
0.14495
0.08966
0
0.0532
0.0939
0
0.14426
0.12325
0.09666
0.0286
0
0.05872
0
0
0.02
0.10865
0
0.15314
0.16421
0.05915
0.05133
0.16337
0.1072
0.01694
0.21457
0.09474
0.17842
0.18686
0.05305
0.36509
0.14487
0
0.18701
0.17309
0.18183
0.13944
0
0.17262
0.04072
0
0.0517
0.05374
0.15213
0.04343
0.09121
0
0
0.11314
0
0.0378
0.21508
0
0.20562
0.18573
0.1851
0
0.14768
0.14301
0.10099
0.05991
0.1505
0.09885
0
0.06974
0.15783
0.11617
0.10791
0.05906
0
0.08694
0.13832
0.01876
0.14341
0.14198
0.22416
0.10753
0
0.09121
0
0.05905
0.05915
0.05371
0.22643
0.16121
0
0
0.2132
0
0.0376
0.057
0
0.04995
0
0
0.09004
0.17231
0
0.05382
0
0.05356
0.03551
0.13786
0.03852
0.16817
0.0538
0.15946
0.1696
0
0.0573
0
0.05357
0.53366
0
0
0
0
0
0
0.0172
0.04934
0.10971
0
0.1152
0.15021
0.15055
0.08391
0
0
0.20237
0.10046
0
0
0.04952
0.08113
0.02881
0.05241
0
0.05255
0
0.03633
0.05922
0.15872
0.10549
0.08123
0.14751
0.14914
0.05722
0.15002
0.05185
0.05875
0.07576
0.08672
0.05375
0.10553
0
0.10763
0.07594
0.14185
0.18333
0.10541
0.14716
0.08727
0
0.04932
0.14188
0.11949
0
0.14679
0.07085
0.03766
0.04755
0.05869
0.14831
0.03946
0
0.15044
0.12248
0.05961
0
0
0
0.10632
0.0381
0.14709
0.06417
0.16955
0.05242
0.10677
0.05891
0.05245
0.04793
0.15299
0
0
0.03832
0.03859
0.05912
0.153
0.18162
0.03798
0.12966
0.11775
0.04914
0
0
0
0
0.10732
0.09829
0.1106
0.03736
0.03761
0.03918
0
0.06626
0.11734
0.1376
0.101
0.15577
0.34844
0.53987
0.69776
0.56238
0.97091
0.5763
0.69054
0.82971
0.8006
0.30452
0.68826
0.58788
0.19102
0.85521
0.49474
0.35385
0.23294
0.64795
0.41944
0.76765
0.35217
0.65409
0.61049
0.66252
0.73276
0.3725
0.32013
0.85627
0.94349
0.69067
0.12929
0.71285
0.67411
0.64776
0.71142
0.70659
0.636
0.24962
0.33683
0.67459
0.58628
0.35278
0.57252
0.78248
0.67519
0.6916
0.54835
0.67603
0.71175
0.66574
0.69315
0.69094
0.36554
0.73907
0.38647
0.69138
0.70721
0.76919
0.76168
0.76439
0.34042
0.31374
0.74172
0.36744
0.71509
0.42167
0.77123
0.73057
0.59778
0.89465
0.66123
0.60955
0.21642
0.85719
0.7884
0.34837
0.59932
0.47082
0.87092
0.68766
0.38985
0.71438
0.75915
0.45148
0.35127
0.98456
0.96681
0.58919
0.93816
0.31329
0.07783
0.74963
0.32678
0.55024
0.40693
0.69074
0.57957
0.72322
0.67439
0.07815
0.4847
0.6047
0.37489
0.69651
0.61195
0.79311
0.68879
0.49785
0.64503
0.1292
0.28759
0.67413
0.19002
0.2523
0.81364
0.34456
0.26949
0.89603
0.5329
0.41017
0.63731
0.92482
0.31012
0.1171
0.11715
0.09959
0.31823
0.12467
0
0.87103
0.50333
0.54773
0.0951
0.29094
0.34726
0.77015
0.15226
0.34689
0.5243
0.23951
0.53662
0.37258
0.52836
0.2674
0.75806
0.32675
0.85191
0.36057
0.09907
0.28057
0.146
0.09898
0.34942
0.54868
0.07182
0
0.09938
0.21552
0.31311
0.52379
0.50804
0.53192
0.60994
0.09898
0.38599
0.30283
0.31256
0.64864
0.28767
0.43454
0.09939
0.30525
0.37558
0.69961
0.09947
0.42191
0.52609
0.28644
0.07206
0.908
0.834
0.84688
0.54777
0.35178
0.37279
0.289
0.34902
0.3476
0.23956
0.25601
0.46153
0.37693
0.27235
0.09969
0.21535
0.09901
0.68788
0.07814
0
0.54263
0.1292
0.41615
0.28375
0.2699
0.15489
0.37481
0.52708
0.18006
0.27543
0.27919
0.1374
0.15835
0.20151
0.18274
0.31628
0
0
0.09499
0.23418
0
0
0.34969
0
0.32158
0
0
0.21911
0.21326
0
0
0.09955
0
0.05773
0.04046
0.34829
0.56995
0
0.13453
0.77127
0
0.13862
0.0993
0
0.05709
0.20162
0.09968
0
0.61076
0.28853
0
0.0568
0
0.36901
0.78631
0.33731
0.20168
0.2871
0.28728
0.40099
0.24003
0
0.33659
0.05761
0.45027
0.80987
0.09866
0.64812
0.59798
0.45226
0
0
0.07943
0.09925
0.74719
0.2973
0.05818
0.47955
0.0403
0.0858
0.24016
0.20632
0.71163
0.23943
0.05867
0.09887
0.05818
0.09946
0.09907
0.37589
0.62466
0.36967
0.50568
0
0.95449
0.07784
0.05801
0.23932
0.15483
0.05784
0.05811
0.35728
0.08493
0.0579
0
0.09954
0
0
0
0.09906
0
0.05766
0.07154
0.05753
0.12475
0.05744
0.05748
0
0
0.85325
0.73086
0.09939
0
0.75945
0
0
0
0.34709
0
0.8421
0.05738
0
0.05723
0
0
0.05706
0
0.01906
0.05708
0
0.04044
0
0.05711
0
0
0
0
0
0
0
0.05735
0.09936
0.09943
0
0.0716
0.21567
0.20392
0
0.64399
0
0
0
0
0
0
0.22911
0
0
0.21627
0
0
0.01883
0.95775
0
0
0
0
0
0
0.06554
0.09942
0
0
0
0
0
0.31476
0
0
0
0
0
0.35262
0
0
0
0
0.07932
0
0
0
0
0
0.05759
0
0
0.26539
0
0.05748
0.05741
0
0
0.34392
0
0
0
0.05706
0
0.05765
0
0
0.06001
0
0.05731
0.09954
0
0
0
0
0
0.05746
0.48738
0
0
0
0
0.34008
0.14541
0
0
0
0
0
0.09915
0
0
0
0.15228
0
0.44002
0.35669
0
0
0
0.40662
0
0
0
0
0
0
0
0
0
0
0
0
0
0
0.23983
0
0
0.09914
0.38687
0
0.19111
0
0
0
0
0.05817
0
0
0
0.03797
0
0
0
0
0
0
0
0
0
0
0
0
0
0
0
0
0.24944
0
0
0.21684
0
0
0.03775
0
0
0.01885
0
0
0
0
0
0
0
0
0
0
0
0.40024
0
0.25203
0
0
0
0
0
0
0.05708
0
0
0
0
0
0
0
0.01358
0
0
0
0
0
0
0
0
0
0
0
0
0
0
0
0
0
0
0
0
0.1427
0
0
0
0
0
0
0
0
0
0
0
0
0
0
0.04463
0
0
0
0
0
0
0
0
0
0
0.20637
0.04456
0
0
0
0.14267
0.04444
0
0.14272
0
0
0
0
0
0
0
0
0
0
0
0
0
0
0
0
0
0
0
0
0
0
0
0.06256
0.04501
0
0
0.01552
0
0
0
0
0
0.18888
0
0
0.14096
0.04509
0
0
0
0
0
0
0
0
0
0
0
0
0
0.1408
0
0
0
0.04473
0.0448
0
0
0.14251
0
0
0
0
0
0.07742
0
0
0.14054
0
0.04461
0
0
0
0
0
0
0.34478
0.36132
0
0
0.06155
0
0
0
0
0.04505
0.01473
0
0
0.09383
0.05177
0
0
0
0.09434
0.0938
0.04489
0.02945
0
0
0
0.06108
0
0.0888
0
0.01474
0
0
0
0
0.39258
0.23841
0.04522
0.15273
0.09371
0.04445
0
0
0.02951
0
0.06113
0
0
0.09383
0
0.01472
0.04519
0
0.04495
0.0444
0
0.04478
0
0
0
0.04456
0.0444
0.23835
0.04477
0.04489
0
0
0.04469
0.0925
0.04502
0.14378
0.09261
0
0
0
0
0.09274
0.02975
0.04499
0
0
0
0.31077
0.11015
0.05229
0.04517
0.23766
0.0148
0.06147
0.12525
0.11228
0
0.10957
0
0.10954
0
0.09657
0
0.1911
0.15949
0.15744
0.04467
0.14404
0.07722
0
0.19195
0.19167
0.15213
0.09656
0.04489
0.13884
0.05179
0
0
0.12658
0.13116
0.31131
0.39255
0.09384
0.01494
0.2702
0.18863
0
0.18926
0.09981
0.1093
0.41613
0
0.23825
0.1315
0.23854
0
0.04491
0.1757
0.1907
0
0.09666
0.30536
0
0.14229
0.26974
0
0.23856
0.15798
0.04799
0.04454
0.25265
0.22404
0.25422
0
0
0.37778
0
0.18418
0.14695
0.23893
0.06434
0.04692
0.14058
0.14678
0.09506
0.25304
0.23821
0.23896
0.23805
0.18959
0.17609
0.04429
0.03227
0.04841
0.19047
0
0.09249
0.09651
0.2624
0.1451
0.11031
0.09849
0.13109
0.09677
0
0
0.09276
0.14543
0.045
0.12682
0.39261
0.14068
0.04496
0.10931
0.07033
0.14112
0.09269
0.09249
0.13852
0
0.09253
0.24269
0
0.04654
0.11337
0.11224
0.09247
0.39321
0.04472
0.049
0.28966
0.14091
0.36131
0.21464
0.11315
0.20774
0.32975
0.20773
0
0.31541
0.34764
0.09341
0
0.18749
0.09233
0.15587
0.06343
0.09654
0.04951
0.23906
0.34749
0.32785
0.04473
0.15508
0.34657
0.30078
0.1404
0.28618
0.14028
0.15761
0.37775
0.04446
0
0.15999
0.15298
0.34724
0
0.0478
0.09431
0.13922
0.15548
0.11167
0
0.04691
0.34529
0.18687
0.14004
0.05194
0.18738
0.07823
0.09564
0.15546
0.01997
0.04701
0
0.21676
0.14378
0.18716
0.09263
0
0.08288
0.1874
0.11254
0.03738
0
0.095
0.04665
0.05171
0
0.06418
0.05217
0
0
0.09643
0.07232
0.21702
0.14409
0.05221
0.10694
0
0.09857
0.10705
0.09576
0.14534
0
0.1388
0
0.23822
0.09591
0.05644
0.13888
0.09338
0.07804
0
0.19356
0.16874
0.08309
0
0
0.20863
0.19195
0
0.04701
0
0.03178
0.03128
0
0.16702
0
0.12483
0.21669
0.0521
0.14083
0.01483
0.1596
0.1402
0.09502
0.19181
0
0.04689
0.04805
0.31745
0.34508
0.0445
0.13953
0
0.06292
0.15238
0.13032
0
0
0
0.14058
0.14535
0.1353
0
0.04678
0
0.12609
0.12562
0
0.15248
0.19296
0
0.141
0.11042
0
0.0318
0
0.04653
0.25148
0.07817
0.04703
0.13859
0
0.0471
0
0.1391
0.0957
0.06343
0.39291
0.21031
0.04714
0
0.10935
0.14005
0
0
0
0.12904
0.04961
0
0.12548
0.09188
0.05199
0.04769
0
0.05213
0.12693
0.05867
0
0
0
0.04848
0.19188
0
0.11254
0.10461
0.04646
0.03963
0.2149
0.0559
0.06378
0.0919
0
0.14207
0.04695
0.39302
0.0186
0.0964
0
0.11152
0
0.05667
0
0.1918
0.05686
0.15702
0.08126
0.26778
0.15658
0.13995
0.17495
0
0.04802
0.2078
0
0.09677
0.04792
0.13713
0.16486
0.03179
0.01562
0
0.11057
0.04707
0.18673
0.12399
0
0.13214
0.04685
0.01746
0.19085
0.09369
0
0.14089
0.13021
0.15251
0
0
0.04964
0
0.03129
0.09277
0.03176
0.24676
0.14648
0.12373
0
0.04794
0.01568
0.09186
0.1917
0.39274
0.01622
0.09255
0.14027
0
0.09256
0
0
0.04811
0
0.0939
0.04679
0
0.04801
0.09201
0
0.04777
0.07782
0.23919
0
0.14428
0.05625
0.11147
0.153
0.14647
0.15274
0
0.04694
0
0.04873
0.14013
0.04687
0
0.09389
0
0.04741
0.14466
0.04811
0.32845
0
0.08107
0.04848
0.04769
0.05856
0.04692
0.04817
0
0
0
0
0.12297
0
0.15875
0
0.04273
0.09464
0
0
0.09193
0
0.04863
0.04766
0
0
0.15813
0.15986
0.05214
0
0.05515
0.03111
0
0.03115
0.25134
0.23848
0
0.14008
0
0
0.14589
0.17828
0.04689
0
0.0468
0.04687
0.14682
0.01747
0.15781
0.2231
0
0.09641
0
0.26908
0.11174
0.04795
0.32853
0.11041
0.18448
0.14508
0.09658
0.04699
0
0.09871
0
0.17125
0
0
0
0.11068
0
0.01567
0
0.23917
0.11018
0.24791
0.13994
0.13386
0.20705
0.08072
0.05188
0.14493
0.10895
0.04764
0
0.01728
0
0.0946
0.05619
0.12611
0.15803
0
0.06524
0.09668
0.19176
0
0
0.10994
0
0
0.04685
0
0
0.27004
0
0.07827
0
0.04716
0.14601
0.15071
0.04695
0
0.05857
0.04688
0
0.14002
0.09233
0.06789
0.07951
0.01598
0
0.05359
0.05679
0.04825
0.05655
0.09964
0.09367
0.1561
0.25123
0
0
0.11211
0
0.04686
0.14669
0.08874
0.03209
0.15635
0
0
0
0.04963
0
0.04773
0.04808
0.09817
0.28526
0.04792
0
0.14632
0.05149
0.11072
0
0.23659
0.04741
0.04685
0.36219
0.09861
0.14493
0
0
0.15065
0.14653
0
0.04747
0.05659
0.14537
0.09459
0.04764
0.39288
0.14536
0.09256
0.04786
0.14587
0.04727
0.04792
0.04725
0.05667
0.1114
0.19131
0.05191
0
0.09473
0.12625
0.14659
0.34517
0.09462
0.14509
0.09471
0.04711
0.10215
0.08694
0
0
0
0.04723
0.19185
0.04783
0.05684
0.04697
0.04688
0.04753
0.09448
0
0
0.04789
0.33291
0.095
0
0.08809
0.10147
0.04845
0.09996
0.09854
0
0.1565
0.15704
0.13982
0.09892
0.19184
0.07885
0.04787
0
0.04778
0.14582
0
0.19592
0.39271
0.08079
0.09186
0.0536
0.10544
0.15613
0.16065
0
0.16562
0.18036
0.18688
0.04703
0.09633
0.15638
0.14622
0.15636
0.04778
0
0.04693
0.14632
0.0945
0.09905
0.06348
0
0.09153
0.11604
0.15733
0.01606
0.05683
0.15589
0.04698
0.14563
0.15824
0
0.13052
0.14577
0
0.10427
0.14511
0.099
0.04744
0.13401
0.04698
0.06356
0.04813
0
0.20057
0
0.09451
0
0.16764
0.09456
0
0.15916
0
0.04752
0.14793
0
0
0.09871
0
0.01603
0
0
0.14618
0.15562
0
0
0.1454
0.15949
0
0.09985
0.35231
0.06195
0.01624
0
0.15572
0
0.29868
0
0.09472
0
0.15842
0.15584
0.04864
0.15801
0
0
0.15855
0
0.09995
0
0.03229
0
0.1451
0.03151
0
0.07954
0
0.15793
0.11141
0.04727
0
0.23423
0.01725
0.0157
0.03697
0
0
0.04707
0
0.07636
0.04726
0.04724
0.11148
0.13884
0.05172
0
0
0
0.04827
0.13761
0.13917
0.15906
0.15789
0.05656
0.05627
0
0.17703
0.0946
0.09967
0.03239
0
0.09925
0.04794
0.14476
0
0.10987
0
0.13911
0
0.14792
0.04832
0
0.0372
0
0.08328
0.04807
0.09691
0
0
0.13042
0.03199
0
0.04737
0.14637
0
0
0.19705
0
0.14612
0.09259
0.17959
0.06358
0.144
0.14235
0.04688
0.12772
0.04773
0.04754
0.04841
0.18706
0.12287
0.15939
0.10236
0.05149
0
0.09475
0.31341
0
0.04796
0.01617
0.05633
0
0
0.04799
0
0.09513
0
0
0
0.19191
0.047
0.03148
0.1465
0.04789
0
0.04698
0.14612
0
0
0
0
0
0.04744
0
0.04837
0.13905
0
0
0.18715
0
0.06186
0
0.0483
0.17194
0.05399
0.12958
0.04713
0
0.04716
0.04698
0.0478
0
0.06207
0
0
0.04777
0.04807
0.24725
0.06056
0.01602
0.04531
0
0.04368
0.03148
0
0.14758
0.23642
0.0431
0.09362
0
0
0
0
0.1581
0.17495
0.14668
0.04777
0
0.03169
0.12184
0.04719
0
0
0.25179
0.15643
0
0.15854
0
0.09496
0.14463
0.11201
0.28221
0.04835
0.12362
0.14212
0.04359
0.04756
0.12163
0.04705
0.14504
0.09949
0.04706
0
0.11209
0
0
0
0.04792
0.10497
0.17879
0.13887
0.16628
0.19199
0.13859
0
0.13151
0.11181
0.04735
0
0.0479
0.03477
0.04702
0.08042
0
0.03176
0
0.17512
0.1578
0
0
0.01493
0.06454
0.09351
0.12791
0.23108
0.06212
0.19176
0.04804
0.1048
0
0
0
0
0.04756
0.09475
0.20045
0.05402
0
0
0.12742
0.14788
0.1653
0.15809
0.15844
0
0.21638
0.11006
0
0
0.04819
0.05183
0.17814
0
0
0.16781
0.04675
0.04689
0.14528
0
0.16518
0.09502
0.24767
0.05166
0
0.15075
0.0321
0.15881
0
0
0
0.04823
0.05679
0.05642
0.11064
0
0.1587
0
0.16496
0.04795
0
0
0
0
0.20446
0
0
0.03125
0.09841
0
0.15717
0
0.01568
0.03227
0
0
0.06495
0
0.04677
0.15901
0
0.09168
0
0
0.10104
0.04783
0.06173
0
0.1771
0
0.10956
0.17453
0
0
0
0.1452
0.06289
0.04812
0
0
0.04763
0.04699
0
0.04454
0
0.16807
0.04743
0.14274
0
0.16596
0
0.05138
0
0
0
0
0
0
0
0
0.11077
0
0
0.10208
0
0.16514
0.04443
0.1467
0
0.0598
0.05162
0.04851
0
0
0
0
0
0
0.09486
0
0
0.0973
0.14517
0.15774
0.07209
0.14479
0.13912
0.04478
0
0.06227
0.15798
0
0
0
0
0
0
0.02
0
0
0.12589
0.06151
0
0.06187
0.04788
0.04007
0.03993
0.15562
0.06223
0
0
0
0
0
0.10184
0.06305
0
0
0
0
0
0.04812
0.02128
0.06278
0
0
0
0.03997
0.04605
0.02128
0
0
0
0
0
0.06119
0
0.04704
0
0
0.11149
0
0
0
0
0
0
0.04283
0.01588
0.13909
0
0
0.16027
0
0
0
0
0
0
0
0.15692
0
0
0
0.04783
0.21512
0
0.12259
0
0.03604
0
0
0.06295
0
0.04711
0
0
0
0
0.04403
0.04706
0.0429
0
0.15783
0.06179
0
0.06038
0.04393
0.09461
0
0.0402
0
0
0.06092
0
0
0.09867
0
0.06026
0
0
0
0
0
0.04826
0.03981
0
0
0
0.15866
0
0
0
0.03768
0
0
0.0602
0
0
0.04684
0
0.06029
0.06214
0.15766
0
0
0.05279
0.0144
0.04369
0.06171
0
0.01447
0
0
0
0
0
0
0
0.05253
0.04836
0.12068
0
0.12064
0.14377
0.06063
0
0.14492
0.04374
0.05744
0
0.05234
0.04405
0
0
0.04411
0
0.04785
0.06157
0.09231
0
0
0.06258
0.06245
0.06141
0
0
0.1005
0
0
0
0
0.0527
0
0
0.04334
0
0.15662
0
0
0.06226
0
0.04192
0.14511
0
0.02094
0
0
0
0
0.06173
0.06191
0
0
0.06238
0.06215
0.06349
0
0
0.11311
0.06271
0
0
0
0.14478
0
0
0
0
0
0.04763
0.11189
0.06192
0.05356
0.09203
0
0.0753
0
0.01804
0
0
0.06156
0
0.05688
0.09137
0
0
0.04318
0.06267
0
0.04481
0.06109
0
0
0
0
0.03161
0
0
0.05504
0
0
0.06324
0.02888
0
0
0
0.05181
0.04857
0
0.01835
0.04705
0.15055
0
0
0.05478
0
0.0606
0
0
0.04749
0.05256
0
0
0.04319
0
0.14544
0
0.14536
0.06248
0
0.06161
0
0.01341
0.06096
0
0.14516
0
0
0.01735
0.14465
0
0.10006
0
0
0
0
0.06025
0
0
0
0
0
0.06126
0
0
0.0616
0
0
0.05767
0.05226
0.07092
0
0.03978
0
0
0
0
0
0
0
0
0
0
0.11513
0
0.05576
0
0.14496
0.06056
0
0.14522
0
0.11528
0.06044
0
0
0.03795
0
0
0
0.14521
0.04301
0
0
0.06327
0
0
0.0435
0
0
0
0
0
0
0.01769
0.10601
0
0
0
0
0
0.14526
0.10919
0
0.06055
0
0
0
0
0.04372
0
0
0
0
0
0
0.0589
0.04596
0.14034
0.14513
0.12001
0
0
0
0.05985
0
0
0
0
0
0.04384
0
0
0
0
0
0.15425
0
0.06023
0
0.10616
0
0
0.02138
0.10705
0
0
0
0
0
0
0
0.05946
0.05979
0
0
0
0.0488
0
0
0
0
0.05578
0
0
0
0.04968
0
0
0
0.0501
0
0.09732
0
0.11467
0.06067
0
0.05992
0.06161
0
0
0
0
0.06079
0
0.03976
0
0.14768
0
0
0
0.07747
0.0974
0
0.04458
0.12025
0.20472
0
0
0.09564
0.11425
0
0
0
0
0
0
0
0
0
0
0
0
0.10599
0.14729
0
0.02061
0.0634
0
0.06108
0.14403
0.03976
0
0.09266
0
0
0
0
0.11853
0
0.10666
0.09703
0
0
0.10762
0
0.05545
0
0.04334
0.10647
0.09638
0.04949
0
0
0.10658
0.11921
0
0
0.10722
0.04381
0
0.01735
0.1825
0
0
0
0.05391
0.04873
0
0.0438
0
0
0
0
0
0
0
0
0
0.04309
0.04697
0
0.21481
0
0.0614
0
0.04375
0.05196
0
0
0.14258
0
0
0
0
0.16243
0
0
0
0.04695
0
0.07786
0
0
0.05457
0
0
0.09297
0
0.18102
0.05712
0
0
0
0.09942
0
0
0
0
0
0.13188
0
0
0.05013
0
0
0
0.08888
0
0.10755
0
0
0.15808
0.09799
0
0
0.05612
0.054
0.18232
0.05912
0
0.09613
0
0.04289
0.02001
0
0
0
0
0
0
0
0
0
0
0
0.08331
0
0
0
0
0
0.05658
0
0
0.03804
0
0.057
0.0939
0.08818
0.12245
0
0.05584
0
0
0
0.05543
0
0
0.15852
0
0
0.05717
0.21017
0.1135
0
0.09843
0.14577
0
0
0.03893
0
0
0
0
0
0.11412
0
0
0
0.14528
0
0
0.12816
0
0.05409
0.06038
0.18273
0
0
0.10667
0.01334
0.11551
0
0
0
0
0
0.01756
0.05356
0
0.14603
0.06911
0.11403
0.09815
0
0
0
0
0
0
0.10651
0
0.0974
0
0
0.0579
0.05312
0
0
0
0
0.03909
0.07534
0.13305
0.05268
0.04882
0.09778
0.06128
0
0.07591
0
0
0
0
0.04905
0
0
0
0
0
0.10821
0.10529
0.05036
0.18753
0
0.05632
0
0
0
0
0
0
0.04883
0.06532
0
0
0
0
0.10713
0
0.05309
0.05543
0.06251
0
0
0.09238
0
0
0.14643
0
0.11495
0.14674
0
0
0.09804
0
0.05569
0.06097
0
0
0.09281
0.18703
0
0.124
0
0
0.09787
0.05239
0.01796
0
0
0
0
0.01984
0.05392
0
0.05184
0
0
0.12011
0
0.05292
0.04426
0
0
0
0.11535
0
0.03773
0
0
0
0.11282
0.0591
0
0.12016
0
0
0.10667
0
0.05545
0.22722
0.05635
0
0
0.01701
0.03765
0.09679
0.09794
0
0.09834
0
0
0
0.05593
0
0
0
0
0.11087
0.05283
0
0
0
0
0.14633
0.10947
0
0.05916
0.10585
0.18876
0
0.05282
0.05172
0
0
0.14341
0
0.10384
0
0.05342
0
0
0
0.05267
0
0
0.09781
0
0.10939
0.06164
0.05712
0.14897
0.10707
0.18606
0.07485
0.0532
0.04348
0.08926
0.04589
0.13138
0.18221
0
0
0.16149
0.04432
0
0.05335
0.03828
0.05549
0
0.05138
0.03682
0.11449
0
0.14355
0
0
0.14351
0.10652
0
0.05556
0.12974
0.2224
0
0.15438
0
0.10923
0.05571
0
0.05206
0.08046
0.10748
0.224
0
0.11531
0.105
0.03802
0.05897
0.05972
0.05407
0
0
0.20475
0.05004
0.11518
0.05342
0.20499
0.04804
0
0.05295
0.05896
0.05249
0
0.08762
0.0439
0.04017
0.09988
0.07757
0
0.10761
0
0.06113
0.04024
0.13303
0.16838
0
0
0.10603
0.10777
0.09069
0
0.05306
0
0
0.10675
0.05725
0.1422
0.14221
0.05718
0
0.05208
0.16911
0
0.05357
0.2225
0.10655
0.15209
0.22314
0.18824
0
0.13301
0.16821
0.1092
0.18299
0.06046
0
0.16792
0.24477
0.10461
0.04394
0.1459
0.14939
0.22495
0
0
0.03723
0.09136
0.04349
0.21923
0.06609
0
0
0.13079
0
0.16765
0
0.03795
0.11149
0.05378
0
0.07093
0.01257
0.0954
0.01795
0
0.01693
0.14693
0.04278
0.05209
0.10774
0.05709
0.03797
0.03802
0
0.03535
0.10634
0.10881
0
0.17103
0.0542
0
0
0.09771
0
0.14418
0.18881
0.05358
0.11892
0
0.14725
0.14625
0
0
0.05668
0.04999
0.05163
0.09772
0.15271
0
0.2052
0.1753
0.0966
0.1777
0.22462
0.0954
0
0.11429
0.10684
0.05209
0.05781
0
0
0
0
0.11525
0.13763
0.05765
0
0.1464
0.05315
0.0441
0
0
0.22272
0.14602
0.0975
0
0.03746
0.05645
0.03597
0.05625
0.13618
0.10656
0.05253
0
0.13794
0.18379
0.21487
0.18532
0.11001
0
0
0.01314
0.22327
0.04017
0.03986
0
0
0.01799
0.15823
0.0567
0.05647
0.14899
0.15289
0.14731
0.1073
0
0.03769
0.05321
0.03783
0
0
0.10502
0.05822
0.05391
0
0.14521
0.14497
0.24541
0
0.18882
0
0
0.08887
0.20496
0.15226
0.13696
0.054
0
0.05309
0
0.05383
0.15335
0
0.04312
0.05218
0.05815
0
0.16918
0
0.05991
0
0
0.16472
0.10639
0.05208
0.0599
0.03834
0
0.1524
0.10665
0
0
0.10863
0.15354
0
0.16851
0
0.18878
0.20479
0.03702
0.05748
0.09147
0
0.18348
0.18283
0
0
0.10732
0.14689
0
0.03715
0
0.10881
0
0.09657
0.03742
0.08859
0.10643
0
0.05245
0
0
0
0.05891
0.05412
0.05287
0.07141
0
0.17968
0.05134
0.16975
0
0
0.03475
0.10369
0.09466
0.03738
0
0.02498
0.03363
0.0534
0
0
0.16355
0.05327
0.2048
0
0.16861
0
0
0.09222
0.04882
0.01636
0
0
0.06075
0.10844
0.05859
0.05561
0.17333
0.03902
0.17876
0.05054
0.05318
0.11579
0
0.0499
0.14669
0
0.05563
0.0336
0.01281
0
0.07125
0.14523
0
0.20468
0.05615
0.1459
0.05585
0
0.0722
0.04353
0
0.09198
0.12166
0.15739
0.05202
0
0.06998
0
0.07013
0
0
0
0.10694
0
0.21939
0
0.2058
0.05673
0.11583
0.13071
0.11508
0
0.21342
0.05274
0.20508
0.05686
0.05205
0.13611
0
0
0.04424
0.18234
0.05198
0.1068
0.05242
0
0.03874
0.10609
0
0.07775
0.12238
0
0.14395
0.0178
0.01332
0.11788
0.03776
0
0
0
0.05276
0.11005
0.14414
0
0.11591
0
0
0.15393
0
0
0.1068
0
0.01312
0.05165
0.075
0
0.11977
0.11179
0
0.10937
0.06091
0.05928
0
0.12125
0
0
0
0
0
0.14711
0.09736
0.1087
0.05052
0.08809
0.05054
0.1059
0.10422
0.06097
0
0.05566
0.16662
0.02469
0
0.05733
0.16308
0.10953
0.05858
0.03872
0
0.0928
0.13856
0
0.17501
0.24306
0.03583
0.05049
0.1907
0.1454
0.10988
0.06051
0.13945
0
0.0524
0
0.05285
0
0
0.12919
0.05169
0.05393
0
0.05866
0
0.10741
0.05255
0.10397
0
0.15067
0.13799
0.14689
0.01966
0.10869
0
0
0.07651
0
0.05989
0.2298
0.0378
0.09549
0.10817
0.05536
0.18153
0.14594
0.05388
0.05238
0.03802
0.05729
0.01795
0.15819
0.03559
0.03679
0.07108
0
0.10014
0.22343
0.10078
0.10634
0.10201
0.0571
0.22399
0
0
0.05408
0.0591
0.09918
0.22365
0.07885
0
0.01456
0.03843
0.15878
0
0.17082
0.04454
0.18278
0.06932
0.08884
0.21254
0
0
0
0.05354
0.05382
0.03703
0.15223
0.19404
0.18785
0.22669
0.10879
0.24338
0.15855
0.05898
0.06895
0.12068
0.09771
0.10574
0.24228
0.10596
0.10599
0.05907
0
0.15379
0
0.0585
0
0.0924
0.05244
0.1065
0
0.05373
0.0569
0.2432
0.05901
0
0.12098
0.10656
0.03828
0.1067
0
0
0.13475
0.11921
0.05515
0.03697
0
0.04975
0
0.03818
0.07256
0
0
0.18262
0.1651
0.18886
0.05681
0
0.24274
0.05865
0.03785
0.208
0
0
0.03997
0
0.15883
0.09765
0.16738
0.15207
0.14746
0.21187
0.03811
0.09783
0.05243
0.03823
0.10797
0.14725
0.18818
0.09565
0.07109
0.16233
0.05225
0.05199
0.10565
0.12415
0.15054
0.15323
0.03756
0.05022
0.11543
0.03926
0.03808
0.15285
0.18281
0.04974
0.0587
0
0.03807
0
0
0
0.05516
0.10833
0
0.08924
0.16717
0
0.15097
0.03857
0
0.24489
0
0.05892
0.03783
0
0
0.05614
0.09454
0.14449
0.04952
0.12271
0.14769
0.03813
0.1586
0.0704
0.03831
0
0.05389
0.04802
0.04941
0.18657
0.14007
0
0
0.20446
0.07453
0.12008
0.10372
0.19318
0
0.05401
0.14192
0
0.04903
0.09237
0.06877
0.05385
0
0.10529
0.05261
0.08976
0.05405
0.10545
0
0.146
0.05868
0.07169
0.11882
0
0.03609
0.10862
0.1882
0
0.05269
0
0.04995
0.1014
0.08976
0.0394
0.10861
0.07165
0.19434
0
0.04932
0.17266
0.10785
0.1164
0.0875
0.11519
0.2322
0.11787
0.17006
0.1468
0.16574
0.054
0.1411
0.16784
0.15634
0.1206
0.03955
0.10838
0.06252
0.16419
0.10447
0
0.05234
0.05262
0
0.1111
0.03501
0
0.01278
0.07653
0.01878
0.11729
0
0.06275
0.10511
0.18708
0
0.05382
0.11543
0.03187
0.05236
0.14754
0.03868
0.06797
0.05407
0.03729
0.08988
0
0
0.03438
0.1613
0.15847
0
0.09368
0.01226
0.0378
0.16403
0.05201
0.05421
0.07375
0
0.24227
0.21097
0
0.05243
0
0.2297
0.06258
0.18646
0.05421
0.12863
0.05973
0.13892
0.10772
0.08534
0.10476
0.05418
0.17338
0.18696
0.03884
0.08961
0.04973
0.24324
0.15821
0.03775
0.15045
0.21284
0.21182
0.13886
0.16658
0.18713
0.15236
0.16687
0.144
0.13788
0.16978
0.20991
0.08842
0.05492
0.05702
0.05226
0.04749
0.11546
0.10939
0.10517
0.05705
0
0.14477
0.16037
0.09025
0
0.10697
0
0.10159
0.05225
0.0883
0.0536
0.21148
0.05362
0
0.03716
0.1164
0
0
0.22942
0.08951
0.04917
0.0968
0.16793
0.08957
0.05452
0.1835
0.24486
0.04987
0
0.05238
0.04841
0.11524
0
0.14605
0.14579
0.0538
0.2232
0.05719
0.16732
0.10504
0.12236
0
0
0.12613
0.14981
0.09325
0.09228
0.17228
0.17893
0.17452
0.14652
0.16869
0.11363
0.21256
0
0
0.09476
0.0925
0.05387
0
0.09994
0.09448
0.03729
0.05565
0.07772
0.19859
0.09307
0.16746
0.04819
0.10707
0.16061
0.0522
0.04807
0
0
0.18684
0.08939
0.09111
0.20941
0.05769
0.15424
0.20363
0.23716
0.2441
0
0.03801
0.14534
0.12362
0
0.14149
0.11403
0.10737
0
0.03838
0
0
0.18721
0.07262
0.03719
0.02887
0.12241
0.05289
0.05887
0.15874
0.02474
0.0746
0.12218
0.14209
0
0.15607
0.21048
0.10575
0.04976
0.15553
0.07792
0.03718
0.09104
0
0.04935
0.05706
0.18257
0.21415
0.21143
0.09631
0.14698
0.08957
0.12042
0.10605
0
0
0.05179
0.08925
0.03734
0.14082
0.11582
0.05709
0.21394
0.07746
0.13919
0.06767
0.0548
0.23221
0.06214
0.03809
0.09245
0.15813
0.09336
0
0.05365
0.17247
0.05906
0.09691
0.04954
0
0.05621
0.15412
0.01602
0.11349
0.03771
0
0.1677
0.23467
0
0.21411
0.16164
0.09228
0
0.25007
0.04871
0
0.10737
0.15054
0.18738
0.04766
0.08832
0.22167
0.14533
0.18418
0.22412
0
0.1835
0
0.03766
0.082
0.12159
0.10731
0.13172
0.09016
0.03767
0.20741
0.13919
0.03871
0.08501
0.0937
0.12617
0.05186
0.16788
0.1324
0.10673
0.08075
0.04854
0.08925
0.05666
0.15945
0
0.20411
0.08843
0.03719
0.04942
0.08864
0.18143
0.09111
0
0
0.14872
0.1276
0.08861
0.18626
0.11587
0.10754
0.09809
0.24554
0
0.08774
0.03984
0.03788
0
0.05878
0.05913
0.12779
0.05893
0
0
0.03787
0
0.05442
0.22219
0.15547
0
0.06518
0.11207
0.05041
0
0.0165
0.24132
0.05865
0.11401
0.16051
0.20578
0.16611
0.05395
0.10886
0.05936
0.10096
0.08862
0.13159
0.22197
0.05847
0.1501
0.11537
0.07758
0.02605
0.14761
0.11901
0
0.04907
0.10116
0.14637
0.08878
0.11559
0.01305
0.11563
0.11561
0.10674
0.10719
0.21104
0.10141
0
0.22633
0.13498
0
0.1586
0
0.21079
0.24141
0
0.07126
0.10507
0
0.03947
0.14557
0.05314
0.20093
0.09327
0.20934
0.1509
0.14534
0.04865
0.0484
0.03693
0.01593
0.1495
0.2391
0.08424
0
0.20272
0.21087
0.09224
0.23542
0.05971
0.1687
0.03684
0.05997
0.15266
0.21809
0.01872
0.14342
0.03964
0.16015
0.05865
0.10564
0.05028
0.12139
0.18784
0.18785
0.20059
0.10512
0.0586
0.2037
0.10895
0.12895
0.09248
0.11589
0.04868
0.08811
0.1206
0
0.04836
0.10383
0
0.18465
0.05027
0
0.1215
0.11591
0.04935
0
0.09698
0.21039
0.1884
0.09193
0
0.08813
0
0.05468
0.15958
0.01296
0.10449
0.24165
0.12061
0.21239
0.09285
0
0.11874
0.11585
0.17095
0.14168
0
0.0495
0.17344
0
0.17594
0.24333
0
0.05708
0.11778
0.22138
0.19728
0.10626
0.03529
0
0.10942
0.0538
0.05916
0.17563
0.04859
0.11551
0
0.21371
0.05662
0
0.03692
0.05417
0.10812
0.07668
0.22455
0.24304
0.12895
0.03752
0.18556
0.04835
0.10356
0.10816
0.09664
0
0.0973
0.12755
0.11655
0.05016
0.14425
0.11554
0
0.04788
0
0.08751
0.10726
0.10048
0.10805
0.11521
0
0.14813
0.18626
0.08883
0.12786
0.14714
0.0531
0.13947
0.08513
0.05548
0
0
0.05371
0.07476
0.03993
0.16864
0.03744
0.05818
0.03787
0
0.03703
0.21343
0.10783
0.18588
0.10862
0
0.10529
0.11873
0.14268
0.21179
0.05442
0.10564
0.10897
0.15725
0.17111
0.05734
0.10524
0.14825
0.20793
0
0.05733
0.12313
0.03751
0.04829
0.06284
0.06851
0.09662
0
0.11537
0.03817
0.057
0.15605
0.10063
0.08828
0.06345
0.17022
0.07516
0.09754
0.24383
0.05686
0.0881
0.05395
0.19426
0.0125
0.08261
0.10337
0.12958
0.20734
0
0.11822
0.20149
0.10707
0.16855
0.09664
0.10881
0.09694
0.151
0.24311
0.03795
0.11426
0.1702
0.15034
0
0.19201
0.05907
0.06294
0
0.05874
0.05302
0
0.09988
0
0.10512
0
0.10517
0.1154
0.11936
0.24437
0.06653
0.20821
0.10921
0
0.15509
0.05843
0.09644
0
0.11052
0.05318
0
0
0.05314
0.05721
0.24493
0.09151
0
0
0
0.17745
0.07783
0.11255
0.04859
0.16921
0.01855
0
0.16793
0.10308
0.05262
0.10721
0.05035
0.03556
0
0.15158
0.24641
0.18721
0.20339
0
0
0.22039
0.18751
0.09059
0
0.13575
0.10534
0.09392
0.20946
0
0.03748
0.09744
0.09066
0.08928
0.11105
0.10356
0
0.15013
0.23334
0
0.04825
0.15478
0
0.11608
0.14191
0.16184
0
0.15024
0.14011
0.12189
0
0.02464
0.0375
0
0.06006
0.2656
0.0204
0.09749
0
0.14046
0.16295
0.05217
0.05383
0.10376
0.10495
0.1684
0.21741
0.10305
0.20789
0.05171
0
0.20525
0.03786
0.05181
0.03466
0.12242
0.10048
0.15031
0.05189
0
0.03835
0.05165
0.16865
0
0.26902
0
0.23472
0.0519
0.20525
0
0.10642
0.10994
0.16944
0.05435
0.10399
0
0.04971
0.10515
0.10915
0.18637
0.13219
0
0.15558
0.03701
0.04825
0.05743
0.14722
0
0
0.05886
0.16825
0.15887
0.10517
0.0538
0.18844
0.08494
0.01795
0.10403
0.1286
0.19258
0.16985
0
0.10127
0.12988
0
0
0.20771
0
0.15308
0.0549
0.04852
0.08685
0.12212
0.09867
0.24071
0.10488
0
0.04904
0
0.01614
0
0.13234
0.06004
0.04932
0.16127
0.09618
0
0.20009
0.05574
0
0.24412
0.18715
0
0.11588
0.15397
0.05003
0.08463
0.16895
0.2086
0.04897
0
0.09711
0.1452
0.15167
0.11546
0.1124
0.03691
0.15145
0.06118
0.08738
0.1482
0.06416
0
0.24552
0
0
0.08764
0
0.20527
0.13832
0.0899
0.14027
0.06935
0.09496
0.16335
0.20136
0
0.13182
0.13962
0.1041
0.05338
0.09469
0.21083
0.04565
0.14928
0.17821
0.03773
0.20256
0.1134
0.20868
0
0.04853
0.05972
0
0.0723
0.05442
0.10035
0.08491
0
0.01574
0.06022
0.10565
0
0.10688
0.20644
0
0.20694
0
0.16937
0
0.15526
0.10679
0.13024
0.08674
0.04942
0.10646
0.05795
0.03814
0.03801
0
0.01535
0.0638
0.2072
0.14993
0.18679
0
0.11548
0.10289
0
0.12021
0.1155
0.18938
0
0.05398
0.16291
0.20429
0.03842
0.0545
0
0
0.10009
0.09261
0.03035
0
0
0.14198
0.13894
0.20434
0.16613
0
0.10376
0.04918
0.04969
0.05243
0.04888
0.08669
0.18129
0
0.03733
0.10522
0.11579
0
0.03852
0.15558
0.01223
0
0.11143
0.10764
0.11768
0.12105
0
0.18411
0.10489
0
0.04624
0.08186
0.20609
0
0.05221
0.09312
0.04962
0.10324
0.01993
0
0.13999
0.03803
0.03709
0
0.06065
0.02128
0.16388
0
0.11526
0.15994
0
0
0.08593
0
0.11588
0.10557
0.11962
0.20532
0.05633
0.27371
0.06572
0.2328
0
0
0.07163
0
0.10236
0.16474
0.10135
0.15287
0
0.01265
0.15236
0.04833
0
0.20113
0.22303
0.11537
0.20573
0.05217
0.03673
0
0
0
0.21355
0.34475
0.1155
0.21264
0.11835
0.23135
0.22611
0.04102
0
0
0.22198
0.325
0.1395
0.15857
0.17079
0.38575
0.15149
0.18342
0.18963
0.09188
0
0.12928
0
0
0.15841
0.07176
0.06052
0.05217
0.22605
0
0.04878
0.07574
0.03881
0
0
0.01978
0.05904
0.09609
0.0581
0.05911
0.14069
0.10499
0.15632
0
0.38597
0.11532
0.0646
0
0
0
0.17492
0.07567
0.10381
0.10961
0
0.05967
0.01767
0
0.10008
0.2454
0
0.09749
0.12466
0.04457
0.05618
0
0.05934
0.14285
0.20536
0
0
0.0592
0.131
0.0593
0.05163
0.05309
0.18795
0.15291
0.14748
0
0.21178
0.03046
0.15911
0.15879
0
0
0.09927
0.09035
0.18732
0.05426
0
0
0.16229
0.06102
0
0
0
0.22789
0.17481
0.12233
0
0
0.06377
0.0593
0.06684
0.09188
0.05357
0.05926
0.11
0.19848
0
0.13771
0.24482
0.16057
0.03893
0.13769
0.10344
0.06525
0
0
0.07685
0
0
0.09155
0.0986
0.05629
0.20851
0.10372
0
0.05999
0.04957
0.04528
0
0
0.16035
0.10768
0.11055
0.2205
0.09792
0.05862
0.17714
0.1853
0.05305
0.09799
0.20895
0.0387
0.14595
0.04962
0.11073
0
0.01763
0.15758
0
0.01731
0.11372
0.03519
0.05407
0.06608
0.11412
0.11467
0.15217
0
0.09142
0.0598
0
0.05054
0.05987
0.20667
0
0.16262
0.05303
0.24396
0.17294
0.05733
0.114
0.08284
0.05927
0.05916
0
0
0
0
0
0.11251
0.10583
0.14591
0.10923
0.10674
0.12059
0
0
0.1659
0.13885
0
0
0
0.22
0.13705
0
0.05871
0.09776
0.1582
0.0518
0
0.10649
0.02031
0.09823
0.13398
0
0.0377
0
0.01601
0.04997
0.20836
0.06005
0
0
0.24417
0
0
0.05991
0.09065
0.10489
0.05202
0.05903
0
0.04728
0
0.10857
0.09535
0.09139
0.16679
0.04918
0.08798
0.0564
0.06287
0.03502
0.05162
0.04515
0
0.03883
0.05879
0.05611
0
0.04074
0.06881
0.17567
0.10489
0.15903
0.03791
0.0623
0.06236
0.03915
0.15035
0.14442
0
0.11449
0.10349
0.1114
0.1438
0.20816
0
0.20385
0.14215
0.12579
0.09704
0
0
0.03034
0.1034
0.09848
0.03879
0.16903
0.0601
0.0483
0.05859
0.11047
0.10127
0
0.06027
0.15003
0.18744
0.09338
0
0.09157
0.12329
0.1582
0.05291
0.07485
0
0.01734
0.02015
0
0.13242
0.05939
0
0.21867
0.04005
0.03051
0
0
0.10002
0
0.10503
0
0.0982
0.09678
0.06271
0.09332
0.05985
0.10986
0
0.13208
0.21974
0
0.05646
0.06062
0
0.05947
0.03765
0.05926
0.09135
0.03731
0.09799
0.05974
0.35004
0.03763
0.0597
0.06008
0.05992
0.07031
0
0.1051
0.05188
0.08727
0.11071
0
0
0
0.05908
0
0.06567
0
0.05924
0.14437
0
0.1261
0.09258
0.09272
0
0.06007
0
0
0.08351
0.1968
0
0.05981
0.07874
0.03149
0.05971
0.08082
0.15245
0.11114
0
0
0.01821
0
0.11004
0.13444
0.20979
0.061
0.11794
0.21843
0
0.05902
0
0.01167
0.36234
0.09704
0
0.14183
0.20918
0
0.06121
0.08498
0.07053
0.1582
0.19676
0.10644
0.14999
0
0
0.20343
0.10969
0
0.11416
0.06166
0.14396
0.0992
0.23911
0.15968
0
0
0.11021
0.02125
0.14416
0
0.05977
0.01576
0.03157
0.05151
0.08492
0
0.14413
0.07633
0
0
0
0.05152
0
0.04029
0.11002
0.05452
0.05965
0.03732
0.09908
0.06036
0.06443
0
0.16683
0
0.06034
0.05157
0.10292
0.11513
0.05048
0
0
0
0.09153
0
0.12642
0
0.10966
0
0
0.15849
0
0.05851
0.04085
0
0.10364
0
0
0.14992
0.11186
0.10324
0.24499
0.16951
0.0505
0.04772
0.06372
0
0
0
0
0
0.06052
0.20964
0
0.0476
0.14989
0
0.13789
0
0.16638
0
0
0.20195
0.04898
0.07323
0
0.13851
0.06012
0.10988
0.05921
0
0
0
0
0
0
0
0.09786
0.06319
0.05044
0.03502
0.09406
0.15724
0
0.07291
0.05937
0.06013
0.0592
0.05924
0.04046
0.15286
0.04949
0.04009
0.10437
0
0.12552
0
0.10981
0.07325
0
0
0.26559
0.10867
0
0
0.04766
0.33815
0
0.19859
0.19874
0.06091
0.36307
0.03754
0.13239
0.04876
0
0.20484
0.24319
0
0.20746
0
0
0.05994
0.39568
0.32373
0
0.09729
0.0414
0.15143
0.06168
0.03751
0.06209
0
0.10048
0.21865
0
0.10148
0.13938
0.0375
0
0
0.14734
0.25901
0
0.03883
0.03366
0
0.04014
0
0
0
0.06186
0.06109
0.13752
0.1534
0.22209
0.11586
0.05941
0.19102
0.06702
0.03972
0.22219
0
0.11943
0.30404
0.10788
0
0.13713
0
0.03755
0.09652
0.23521
0.08445
0.4607
0.34369
0.15806
0.0495
0.21836
0.01681
0.24097
0.42198
0.06051
0
0
0
0.0548
0
0.06409
0
0.0995
0
0
0
0.0125
0
0
0.07937
0.03751
0
0.18802
0.32244
0.01995
0.16
0.0731
0.05911
0.25411
0
0.16893
0
0.03752
0.06468
0.13644
0
0
0.1134
0.09764
0.1776
0.04745
0
0.13297
0.06178
0.39585
0.38994
0.11826
0.0186
0
0
0.04738
0.05934
0.39725
0
0.34343
0.05998
0.05497
0.17474
0
0.20109
0.03114
0.05877
0.13774
0.0506
0.48076
0.13207
0
0
0
0.04729
0.4818
0
0.11599
0
0.06111
0
0.09139
0
0
0
0
0
0.46151
0.279
0
0.46192
0
0
0.32699
0
0.4216
0.4215
0
0.06042
0
0.06079
0.16514
0.36747
0.422
0.06121
0.08254
0
0.06067
0.42227
0
0
0
0.15324
0
0
0
0
0.06121
0.06177
0
0
0.10708
0.06111
0.06028
0
0
0.48122
0.13736
0
0.06057
0
0.10366
0.38362
0
0
0
0.10059
0.19155
0
0
0.11085
0.03751
0
0
0.01824
0.32677
0.26774
0.02334
0.18644
0.07955
0.05722
0.05981
0.16289
0
0
0
0
0.06209
0.03012
0.15318
0.15918
0
0.0612
0.19833
0.14445
0
0
0.01251
0
0.06198
0.06125
0.27329
0
0.30657
0
0
0.05825
0.05204
0.44555
0.48246
0.03437
0
0
0
0.46292
0.05941
0.36286
0
0
0
0
0
0.04224
0.20419
0.11935
0.15346
0.04782
0
0.05702
0.1192
0
0
0
0.09085
0
0.11905
0.38462
0.41016
0
0.03655
0.06919
0.28794
0
0.36112
0
0.06202
0.15773
0.07727
0
0.04951
0
0.26522
0
0
0.1034
0.05455
0.06079
0.26589
0.20359
0.18798
0.04791
0
0
0
0.18297
0.22157
0
0
0.13985
0.27876
0.19861
0.1106
0
0
0
0
0
0
0
0.46323
0.04144
0.48237
0
0.26815
0
0.06953
0.25499
0
0.0598
0.17033
0
0
0.06207
0.16918
0.06206
0.06204
0.06103
0.0596
0.0608
0.11647
0.13555
0
0.0621
0
0
0.17841
0
0.06097
0.11139
0.13745
0.03502
0.14353
0
0.14998
0.03303
0.15116
0.09394
0.06175
0
0.08988
0.13951
0.06006
0
0
0
0.19918
0.42328
0.04133
0.40102
0
0.38324
0
0
0
0.01175
0
0.15322
0
0.15945
0.06203
0.22684
0.1581
0.06391
0.06115
0.06204
0
0
0
0
0
0
0
0.09079
0
0
0.32562
0.09361
0
0
0.15136
0.11102
0.02041
0.28323
0
0
0.05987
0
0.09105
0.09104
0.05921
0
0
0
0
0
0
0
0.48161
0
0.07327
0
0
0
0
0.09111
0.09063
0.04082
0.05971
0
0
0.01834
0.06054
0.01593
0
0.38717
0.10593
0
0
0.2555
0
0.25801
0
0
0.10677
0.09176
0
0
0.33143
0.10355
0
0
0
0.38253
0.05474
0
0.09095
0
0
0
0.38412
0.36296
0
0
0.14444
0.10746
0
0.09778
0.13787
0.05906
0.24023
0
0.21876
0.19842
0
0.06028
0.06044
0
0.06049
0.01686
0.06104
0.05153
0
0
0.05164
0.09771
0.05971
0.27915
0
0.02038
0
0.06054
0
0.38191
0.06053
0.05941
0.06887
0.2754
0
0.06071
0
0.13807
0.05176
0
0.16888
0.1377
0.13739
0.10342
0.1034
0.13785
0.10343
0.10412
