0
0
0
0
0.11689
0
0
0.09586
0
0
0
0
0
0
0
0
0
0.30082
0
0.75589
0.27544
0.55045
0.04795
0
0
0
0
0
0
0.19045
0.17086
0
0
0.13179
0
0.21378
0
0
0
0
0
0
0
0
0
0
0
0
0.08601
0
0
0
0
0
0
0
0
0
0.29736
0
0
0
0
0
0
0.09664
0
0
0
0
0
0
0
0
0
0.05428
0
0
0
0
0
0.13613
0
0
0
0
0
0
0.19295
0
0
0.15052
0.12673
0.75826
0
0
0
0
0
0
0
0
0
0
0
0
0
0
0
0.1692
0
0.08872
0
0
0
0
0
0
0
0
0.27692
0
0
0
0
0
0.10502
0.09577
0.26667
0
0
0
0
0.14335
0
0.42412
0
0
0
0
0
0
0
0
0
0.13598
0
0.17103
0.1259
0
0
0
0
0.14333
0
0
0
0
0
0
0
0
0
0
0.13073
0.08003
0
0
0
0
0
0
0
0
0
0.0912
0
0
0
0
0
0
0
0
0
0.13684
0.11755
0.22694
0
0
0.04308
0.04605
0.04624
0
0
0
0.14524
0
0.09972
0
0
0
0
0
0
0.27328
0
0.68561
0.20421
0
0.25145
0
0
0
0
0
0
0
0.75907
0
0
0
0
0
0
0
0
0
0
0
0
0
0
0
0.12299
0
0
0
0
0.12126
0
0
0
0
0
0
0.27421
0.39051
0.11793
0
0
0
0
0.56011
0
0
0.12757
0
0
0
0
0
0
0
0
0.41909
0
0
0
0.12942
0
0
0
0
0
0
0
0.04405
0
0
0
0.38282
0
0
0
0
0
0
0.04577
0
0
0
0
0
0
0
0
0
0.12407
0
0
0
0
0
0
0
0.04364
0
0
0
0
0
0
0
0.27043
0.13315
0
0
0
0
0.04615
0
0
0
0
0
0
0
0
0
0
0.14807
0
0
0.12883
0.13229
0
0.21487
0.16949
0
0
0
0
0
0
0
0
0
0
0
0
0
0
0
0
0.17086
0
0
0.04839
0
0
0
0
0
0.14172
0
0.60884
0
0.12121
0.12248
0
0
0
0
0
0
0
0
0
0
0
0.10316
0.08774
0
0
0
0
0
0.89173
0
0.13199
0
0
0.21451
0
0
0
0
0
0
0
0
0
0
0.04436
0
0
0
0
0
0
0
0
0
0
0.15452
0
0
0
0
0
0
0
0.26166
0
0
0
0.14125
0
0
0
0
0
0
0
0
0
0
0
0.1906
0
0
0
0.12386
0
0
0
0.1227
0
0
0
0.16448
0
0
0
0
0
0
0
0
0
0
0
0
0
0
0
0
0
0.30978
0
0
0
0
0
0
0.08681
0
0
0
0.28264
0
0
0
0
0.15744
0.0903
0
0
0
0
0
0
0
0
0
0.3221
0
0
0.0542
0.77193
0
0
0.13527
0
0
0
0
0
0
0
0.12914
0
0
0.13669
0.12098
0
0
0
0
0.25953
0
0.03955
0
0
0
0
0
0
0
0.08031
0
0
0
0.13266
0
0
0
0
0
0.12343
0
0
0.17147
0
0
0
0
0.04506
0
0
0
0
0
0
0
0
0
0.13751
0
0.26775
0
0
0
0
0
0
0
0
0.30234
0
0
0
0
0
0
0
0
0.13337
0
0
0
0.14153
0
0
0
0
0
0
0
0.12274
0
0
0
0
0
0.10464
0
0
0
0
0
0
0
0
0
0
0
0.12524
0
0
0
0.13122
0
0
0
0.12934
0
0.13534
0
0
0
0
0
0
0
0
0
0
0
0
0.14486
0
0
0
0
0
0
0
0
0.15014
0.16979
0
0
0
0
0.03936
0.14185
0
0
0
0.13942
0.14484
0
0.29303
0
0
0
0
0
0
0
0
0
0
0.07864
0
0
0
0
0
0
0.77613
0
0
0
0.37174
0.09348
0.14771
0
0
0.09295
0
0
0
0.11349
0
0.19815
0
0.4846
0
0
0
0.61891
0
0
0
0.75925
0
0
0.12715
0
0
0
0
0
0
0.29921
0
0
0
0
0
0
0
0
0.04588
0
0
0
0
0
0
0.10638
0.37086
0
0.04482
0.14237
0
0
0
0
0
0
0
0
0
0.71635
0
0
0
0.1555
0.14267
0
0
0.08546
0
0
0
0
0.11346
0.11428
0
0
0.68877
0.30144
0
0
0
0.04744
0
0
0
0
0.12916
0.13225
0
0
0
0
0
0
0.0872
0.19295
0.14579
0
0.33483
0.14904
0
0
0
0
0
0
0
0
0
0
0
0
0
0.15372
0
0
0
0
0.10474
0
0
0
0.14153
0.1378
0
0
0.07221
0
0
0.04625
0
0
0
0.12334
0.1048
0
0.84834
0
0
0
0
0
0
0
0
0
0
0
0
0.20675
0.12248
0
0
0
0
0
0.2103
0.08633
0
0
0
0
0.25509
0
0.18595
0
0.3444
0
0
0
0
0
0
0.40682
0
0
0
0
0.08782
0
0
0
0
0.25041
0
0
0
0
0
0
0
0
0
0
0
0
0
0
0
0
0
0.12208
0
0
0
0
0
0
0
0
0
0
0
0
0
0
0
0
0
0
0
0
0
0
0
0
0
0
0
0.14166
0
0
0
0
0
0
0
0
0
0
0
0
0
0
0.13291
0
0
0
0.14423
0.14016
0
0
0
0.04352
0
0
0.26996
0
0
0
0
0
0
0
0
0
0
0.26438
0
0
0
0.1483
0
0
0
0
0
0
0
0
0
0.12199
0
0
0
0
0
0
0
0
0
0
0
0.13987
0
0
0
0
0
0
0.13107
0
0
0
0
0
0
0.04358
0
0
0.06977
0.13208
0
0
0
0
0
0
0
0.7321
0
0
0.13902
0.11805
0
0.13808
0.34854
0
0
0.0457
0.1588
0
0
0
0.15027
0
0
0
0
0
0
0
0
0
0
0
0
0
0.92039
0
0
0
0
0.24535
0
0
0
0
0
0
0
0
0.10465
0
0
0
0
0
0
0
0
0.16294
0
0
0
0
0
0.60449
0.05097
0
0.44567
0
0
0
0
0
0.12926
0
0
0
0.44595
0.09466
0.64835
0
0
0
0
0
0.27435
0
0.36989
0
0.04203
0
0
0
0.12949
0
0
0
0
0
0.08593
0
0.15935
0
0.1352
0
0
0
0
0
0.10438
0
0
0
0.13441
0
0.26594
0
0
0
0.13154
0
0.13578
0.15613
0
0
0
0
0.13452
0
0
0
0
0.47752
0
0
0.13841
0.04608
0
0
0
0
0
0
0
0
0
0
0
0
0
0
0
0
0
0
0
0.55094
0.1436
0
0
0.14692
0.12701
0.22801
0
0
0
0
0
0
0
0
0.13521
0.33199
0.67946
0
0
0
0
0
0
0.16492
0.0432
0.73616
0
0
0
0.06941
0
0.40204
0.06592
0
0.1392
0
0
0
0
0
0
0
0.13771
0
0
0.146
0
0
0
0
0
0
0
0.12311
0
0
0
0
0
0.58552
0
0.54093
0
0
0
0
0
0.04766
0
0
0
0
0
0
0
0
0.47676
0
0.06816
0
0.1396
0
0.25546
0.12925
0.1178
0
0
0.05043
0.13227
0
0
0.26659
0.08759
0.16882
0
0
0
0
0.20436
0.04338
0
0
0
0.1831
0
0
0
0
0
0
0
0
0
0
0
0
0.11008
0
0
0
0
0
0
0
0
0
0
0
0.18736
0
0
0.20356
0
0.04414
0
0
0
0
0
0
0.08937
0
0
0
0
0
0
0
0
0
0
0
0.1608
0.11756
0.15575
0
0.16135
0
0
0
0
0
0.12543
0
0.09197
0.25633
0.13377
0
0.13708
0.14575
0
0
0.13844
0
0
0
0
0
0
0
0
0
0
0
0
0
0.13172
0
0.2729
0.12187
0
0
0.13056
0.16723
0
0
0.69459
0
0
0
0.17031
0
0
0.2771
0.2792
0.13161
0
0.77218
0
0.0911
0
0
0
0
0
0
0
0
0.20969
0
0
0
0
0
0
0
0
0
0
0
0
0
0
0
0
0
0
0
0.17773
0
0
0.25854
0
0
0.14484
0.64165
0
0
0
0
0
0
0.09009
0
0
0
0
0
0
0
0
0
0.60217
0.16106
0
0
0
0
0
0
0.12988
0.14174
0
0
0
0
0
0.73899
0
0.92115
0.16918
0
0
0
0
0.12091
0.12285
0
0
0
0
0
0.13916
0
0
0
0
0
0
0.34018
0
0
0
0
0
0.542
0
0
0
0
0
0
0
0
0
0
0
0
0.04273
0
0.27032
0
0
0.14092
0
0
0
0
0
0.1336
0
0
0
0
0
0
0
0
0
0
0
0
0
0
0
0
0
0
0
0
0
0
0
0
0
0
0
0
0
0
0
0
0.14125
0
0
0
0
0.13624
0.26882
0
0
0
0
0
0.34383
0.0475
0
0
0
0
0
0
0
0
0
0.24128
0.15618
0
0
0
0
0
0.1587
0
0
0.04386
0
0
0.0525
0
0
0
0
0
0
0
0
0.0578
0
0
0
0.084
0
0
0
0
0.10954
0
0
0
0
0
0
0
0
0
0
0
0
0
0
0
0
0
0
0
0
0.14698
0
0
0
0.11873
0
0
0
0
0
0.03958
0
0.28875
0
0
0
0
0
0
0
0
0
0.1319
0.06515
0
0
0
0.6395
0
0.137
0
0
0
0
0
0
0
0
0
0
0
0
0
0
0.15605
0.62977
0
0
0
0
0
0
0
0
0
0.79923
0
0
0
0
0
0
0
0
0
0
0.48783
0
0
0
0
0
0
0.14012
0.21828
0
0
0
0
0
0
0
0
0
0
0
0
0
0
0.69303
0
0.13982
0.1457
0
0
0
0
0
0
0.13482
0
0.13211
0.16334
0
0
0
0.1607
0
0
0
0
0
0
0
0
0
0
0.30013
0.70736
0
0
0.37196
0.26564
0
0
0
0
0.04287
0
0
0
0
0
0
0
0.40254
0
0
0
0
0
0.09369
0
0
0
0
0
0
0
0
0.0885
0
0
0.12527
0.08544
0
0
0
0
0
0.13465
0
0
0
0
0.1428
0
0.18092
0
0.0889
0
0.29813
0
0
0
0
0
0
0
0
0
0
0
0
0
0.12401
0
0
0
0.43829
0
0
0
0
0
0
0
0.13825
0
0
0
0
0
0
0.19863
0
0
0
0
0.19873
0
0
0
0
0
0.13611
0
0
0
0
0.1406
0
0
0
0.28154
0
0
0
0
0
0
0
0.08681
0
0
0
0
0
0.23398
0
0
0
0
0
0
0
0.14166
0
0
0.11601
0
0.09203
0
0
0.60611
0
0.13107
0.04134
0.04811
0
0
0
0.12801
0.16222
0
0
0
0
0
0
0
0
0
0
0
0
0.12441
0.34572
0
0
0
0.26625
0
0
0.72253
0.148
0
0
0
0.08532
0
0
0
0
0
0.17046
0
0
0.12853
0
0
0.14586
0
0
0
0
0
0.08699
0
0
0
0
0
0
0
0
0
0.13631
0
0
0
0.06213
0.14024
0
0
0
0
0
0.04189
0
0
0
0
0
0
0.13017
0
0
0
0
0
0
0.10025
0
0.11824
0
0.56621
0
0
0
0
0
0
0
0
0
0
0.15372
0.14604
0
0.246
0
0
0.07017
0.09142
0.0795
0
0
0
0
0.21071
0
0
0
0
0
0
0
0
0
0
0
0
0.54048
0.21851
0.13081
0
0.09539
0
0
0
0
0.04343
0.10724
0
0
0
0.08228
0
0
0
0.27667
0
0.12967
0
0
0
0
0.0568
0.04837
0
0.14185
0
0
0
0.27031
0
0.12053
0.14118
0
0
0
0
0
0
0
0
0.16626
0
0
0
0
0.73812
0
0
0
0
0
0.25445
0.08629
0
0.77075
0
0
0
0
0.14098
0
0
0
0
0
0
0
0
0
0.1421
0
0
0
0
0
0.12455
0
0
0
0.14129
0
0.23454
0
0
0
0
0
0
0
0
0
0
0.40589
0
0.12528
0
0
0
0.14102
0
0
0
0.23278
0
0
0
0
0.33219
0
0
0
0
0
0
0
0
0
0
0
0.86536
0.07902
0
0
0
0.13117
0.33614
0
0.09525
0.24788
0
0.25677
0.2319
0
0
0
0
0
0.13936
0.12981
0
0
0
0.15387
0
0.11672
0
0.04343
0
0
0
0
0
0
0
0
0.08183
0
0
0
0
0
0
0
0
0.14092
0
0
0
0
0.07881
0.22528
0
0
0
0
0
0
0
0
0
0.29354
0
0
0
0.1588
0
0
0.2056
0
0
0.04333
0
0
0
0
0
0
0
0
0.132
0
0
0
0.21289
0
0.04052
0
0
0.13986
0
0
0
0
0.13304
0
0
0
0
0.56285
0.1356
0.10518
0.12967
0.25988
0
0
0.13445
0
0
0
0
0
0.14664
0
0
0
0
0
0
0
0
0
0
0.64473
0
0
0
0.08254
0
0
0
0.20322
0
0.04693
0
0.19596
0.13692
0.12179
0
0
0
0
0
0.35602
0
0
0
0
0.12976
0
0
0
0
0
0.10578
0
0
0
0.08659
0
0
0
0
0
0
0
0
0
0
0
0
0
0
0
0.17034
0
0
0
0
0.13779
0
0
0.26297
0
0.1318
0
0
0
0
0
0
0
0
0
0
0
0
0
0
0
0
0
0
0
0
0
0
0
0
0
0.19672
0
0
0
0
0
0
0.457
0
0
0
0
0.22759
0
0
0.21098
0
0
0.2764
0
0
0
0.08478
0.06119
0
0
0.13618
0
0.13355
0
0.15514
0
0.18601
0
0.14297
0
0
0
0
0
0
0
0
0
0
0
0.12819
0
0
0
0
0
0
0
0
0.32088
0
0
0
0
0
0
0
0.115
0
0
0
0
0
0
0
0.04254
0
0
0
0
0
0
0
0
0
0
0.08906
0
0
0
0
0
0
0
0
0
0.16388
0
0
0
0
0
0
0
0
0
0
0
0.04527
0.64681
0.28867
0
0.11767
0
0
0
0
0
0
0
0
0
0.13976
0
0.06478
0
0
0
0
0
0
0
0
0.16759
0
0
0
0.15135
0
0
0
0
0
0
0
0
0.13321
0
0.14144
0.04522
0
0
0.27098
0
0
0.1223
0
0
0
0.26796
0
0
0.25325
0
0
0
0
0
0
0
0.04855
0
0.13789
0
0
0.11621
0
0
0
0.0525
0
0
0
0
0
0.71223
0
0
0.12209
0.19513
0
0
0
0
0
0
0
0
0
0.17265
0
0
0.27509
0
0
0
0.14504
0
0
0
0
0
0
0
0
0
0
0.13654
0
0
0
0
0.04477
0
0
0
0
0
0.13138
0
0
0
0
0.13244
0
0.20743
0
0
0
0.86149
0
0
0.11388
0
0
0
0
0
0.15919
0.23041
0
0
0
0.26188
0
0
0.18668
0
0
0
0
0.1297
0
0
0
0
0
0
0.13865
0
0
0
0.15127
0.24316
0
0
0
0.09702
0.12953
0
0
0
0
0
0
0
0
0
0
0
0
0.32019
0
0.15826
0
0
0
0
0
0
0
0
0
0
0
0.15445
0
0
0
0
0
0
0
0
0.39772
0
0
0.0972
0
0
0
0.04049
0
0
0
0.3616
0
0
0
0
0
0
0
0
0
0
0
0
0
0
0
0.67747
0
0.14434
0.11606
0
0
0
0.4395
0
0
0
0
0
0.29213
0.04624
0.64371
0.14214
0
0
0.04505
0
0
0
0.13167
0
0.12767
0
0
0
0
0
0
0
0
0
0
0
0
0
0.09633
0
0
0
0
0
0
0.18342
0
0
0.6538
0
0
0
0
0
0.13123
0.15338
0
0
0
0
0
0
0
0
0
0
0
0.08568
0
0.21076
0
0
0
0
0.14011
0.20333
0.16606
0
0
0.19667
0.13574
0
0
0
0
0
0
0
0
0
0
0
0
0
0
0
0
0.09383
0
0
0.12499
0.12297
0
0
0.04723
0
0
0
0.40216
0
0
0
0.13767
0
0.58951
0
0
0
0
0
0
0.08131
0
0
0.42402
0
0
0
0
0
0
0.50234
0
0.24957
0
0
0
0
0
0
0.13
0
0
0
0
0
0
0
0
0.91969
0
0
0
0
0
0
0
0
0
0
0
0
0
0
0.09306
0
0
0
0
0
0
0
0
0.14268
0
0.70499
0.13234
0
0
0
0
0
0
0
0
0.13647
0
0
0
0
0
0
0
0
0
0
0
0.19989
0
0
0
0
0
0
0.13306
0
0
0
0
0.3519
0.13046
0
0
0
0
0
0
0
0.33085
0
0.13012
0
0
0
0
0
0.21954
0
0
0
0
0
0.226
0.38426
0
0
0
0.09292
0
0.38097
0
0
0
0
0
0
0
0
0
0
0
0.14038
0
0
0
0.35276
0
0
0
0
0
0.10424
0
0
0
0
0
0
0
0.0768
0
0
0.04397
0
0
0
0
0.14064
0
0
0
0
0.21552
0
0
0
0
0
0
0.09436
0
0
0
0.73703
0
0.13342
0
0
0.27587
0.10852
0
0
0
0
0
0
0
0.14287
0.05379
0
0.20309
0
0
0.13098
0
0
0
0
0
0
0
0.14107
0.10466
0.12943
0
0.13168
0
0
0
0
0.12084
0.2018
0
0
0.79132
0
0
0.1145
0.15925
0
0
0
0
0
0
0
0
0
0.6871
0
0
0
0
0.14595
0
0.05624
0
0
0
0
0
0
0
0
0
0.16257
0.84553
0.16849
0
0
0
0
0
0
0
0
0
0.13281
0.51964
0
0
0
0
0.19646
0.13191
0
0
0
0
0
0
0
0
0.04751
0
0
0
0.14279
0
0.7226
0
0
0
0
0
0
0.11041
0
0
0
0
0
0
0
0.25989
0
0
0
0.20888
0
0
0
0
0
0
0
0
0
0
0
0
0
0.34992
0
0
0
0.04381
0
0
0
0
0
0.73702
0
0
0.13237
0.69012
0
0.04323
0.17053
0
0
0
0
0
0
0
0
0
0.08521
0
0.12755
0
0
0
0
0.12368
0
0
0.18493
0
0
0
0
0
0
0
0
0
0
0
0
0
0.04614
0
0.13243
0
0
0
0
0.16087
0
0
0
0
0
0
0
0
0
0
0
0.04036
0.12324
0
0.27371
0.23349
0.22476
0
0
0
0
0
0
0
0
0
0
0
0
0
0
0
0
0
0
0
0
0
0
0
0.046
0.6787
0.1718
0
0
0.29945
0
0
0.13373
0
0
0
0
0
0.77224
0.09029
0.04826
0.22723
0
0
0
0
0
0.04591
0
0.24859
0
0.16743
0
0
0
0
0
0
0.25842
0
0
0
0.34155
0
0
0
0
0
0
0.26412
0.08645
0
0
0
0.13549
0
0
0.12899
0
0
0.25107
0
0.61152
0.37756
0
0
0
0.36073
0
0
0
0
0
0.05207
0.19172
0
0.32672
0
0
0.08938
0
0
0.16414
0.28326
0
0
0
0
0
0
0
0
0
0.14238
0
0
0
0
0.14424
0
0
0.15042
0
0
0
0.1333
0
0
0
0
0
0
0
0
0
0
0
0.24977
0
0
0
0
0
0
0
0
0
0
0
0
0.64358
0.04849
0
0
0
0
0
0
0
0
0
0
0
0
0
0
0
0
0
0
0
0
0
0.09113
0
0
0
0
0.1422
0
0.13603
0.12125
0
0
0
0.45004
0
0
0.23282
0
0.10653
0
0.13454
0
0
0
0
0
0.12779
0
0.13683
0
0
0.146
0
0
0
0
0.0436
0
0
0
0
0.09371
0
0
0.03793
0
0
0
0
0.04576
0.14542
0.17268
0.1467
0
0
0
0
0.1695
0
0
0
0.4021
0
0
0
0
0
0
0
0.16782
0
0
0
0
0.13472
0.14485
0
0
0
0.18324
0
0
0
0.13682
0
0
0
0
0
0
0
0
0
0.09169
0.11404
0
0
0.20113
0
0
0.13115
0
0.25759
0.10107
0
0
0
0
0
0
0.1371
0
0.05155
0
0
0
0
0
0.1299
0
0
0
0
0
0
0
0
0
0
0
0
0
0.16306
0
0
0
0.04023
0
0
0
0.10479
0
0
0
0
0
0.11748
0
0
0.16638
0.13609
0
0
0
0
0
0
0
0.14307
0
0
0
0
0
0
0
0
0
0.08498
0
0
0
0
0
0.04502
0
0
0.2041
0
0
0
0
0
0.12335
0
0
0
0
0
0
0
0.14949
0
0
0
0
0
0.13832
0
0
0
0
0
0
0.19836
0
0
0
0
0
0
0
0
0.84402
0.23026
0
0
0.14017
0
0
0
0
0
0.1308
0.58793
0.736
0.09545
0
0.16731
0
0
0
0
0
0
0
0
0.27028
0
0
0.20429
0
0.12234
0.12745
0
0
0
0
0
0
0.13357
0
0.0881
0
0
0
0.13315
0.13297
0
0
0
0.08485
0.09865
0
0
0
0.12437
0
0
0
0
0
0
0.24926
0
0.10897
0
0
0
0.1356
0
0.08921
0.04674
0.12109
0
0
0
0.70095
0
0
0
0
0.14368
0
0
0
0.04792
0.04033
0.20383
0
0
0
0
0
0
0
0.2601
0
0
0
0
0
0
0.11616
0
0
0
0
0
0
0.27188
0
0
0.33384
0
0
0
0
0
0.1684
0
0
0
0
0
0
0
0
0.13055
0.048
0
0
0
0
0.13191
0
0
0
0
0
0
0.16779
0
0
0
0
0
0.64582
0
0.12949
0
0.12589
0.12422
0
0
0
0
0
0
0
0
0
0
0
0
0
0
0
0
0
0
0.08512
0
0
0
0
0
0
0.20606
0
0
0
0
0
0
0
0.19557
0
0
0
0
0.13704
0.6172
0
0.1312
0
0
0.25746
0
0.14639
0.67781
0
0
0.92517
0
0
0
0
0
0
0.47131
0.04253
0
0
0.90868
0
0
0
0
0
0
0
0
0
0
0
0.0428
0
0
0
0
0
0.15324
0
0
0
0.18852
0.12515
0
0
0
0
0
0
0
0
0.17581
0
0
0
0.2688
0
0
0
0
0
0
0
0
0
0.20453
0
0.2711
0.09333
0.11367
0
0
0
0
0
0
0
0
0.0941
0.13316
0
0.04511
0
0
0
0
0
0
0
0
0.26883
0
0
0
0
0.11286
0
0
0
0
0
0
0
0
0
0
0
0
0
0.08158
0.1456
0
0
0
0
0
0.13866
0
0
0
0
0
0
0.13945
0
0
0
0
0
0.12915
0.13296
0
0
0.10793
0
0
0
0
0
0.13298
0
0
0
0
0
0
0
0
0
0
0.24989
0
0
0.17707
0
0
0.13198
0
0
0.09026
0
0
0
0.15658
0
0
0
0
0.28156
0
0.08592
0
0
0
0.16924
0.13252
0
0
0.44188
0
0
0
0
0.3446
0
0
0
0.17765
0
0
0.05199
0.09134
0
0
0
0
0
0
0
0.03973
0
0
0
0.42475
0
0
0
0
0.26922
0.54727
0.18824
0
0.2398
0
0.09206
0
0.0433
0.21359
0
0
0.2465
0.41158
0
0
0
0
0
0
0
0
0
0
0.28851
0
0
0
0
0
0.10595
0
0
0
0
0
0
0.24467
0
0
0
0
0
0
0
0
0.1659
0.14585
0
0
0
0
0
0
0
0
0
0
0
0
0
0
0
0
0
0
0.21741
0.1315
0
0
0
0.09047
0
0
0
0
0.0381
0
0
0
0.13315
0
0.04502
0
0
0.14604
0
0.05847
0
0
0
0.43119
0.04112
0
0
0
0.1201
0
0
0
0
0
0
0
0.13421
0.21465
0
0
0
0
0
0
0.114
0
0
0
0
0
0
0
0
0
0.59789
0
0
0
0.26015
0
0
0
0
0
0
0
0
0
0
0
0
0
0
0
0
0
0
0
0
0
0
0
0
0
0
0
0
0
0
0
0
0.48695
0
0
0
0
0
0
0
0
0.21422
0
0
0
0
0
0
0.44963
0
0
0
0
0
0
0
0.16096
0
0
0
0
0
0
0
0
0
0
0
0
0
0
0
0
0
0
0
0
0.77991
0
0
0
0
0
0.33718
0
0.12725
0
0
0
0
0
0
0
0.10473
0
0.46652
0
0
0
0
0
0
0
0
0
0
0
0
0
0
0.28136
0
0.04068
0
0
0
0
0
0
0.22424
0
0
0
0
0
0
0
0.12398
0
0.13505
0
0
0
0
0
0
0.29052
0
0
0
0.12672
0.12994
0
0.73788
0
0
0
0.15422
0
0
0
0
0
0
0
0
0
0.09812
0.12939
0
0
0.13047
0.16573
0.0435
0
0
0
0
0.04129
0
0
0
0
0.38034
0.176
0.07566
0
0
0
0
0
0
0
0
0
0
0
0
0.50974
0
0.48892
0.16924
0
0
0
0
0
0
0
0
0
0
0
0.29592
0
0
0.13449
0
0.12364
0
0.04711
0
0
0
0
0
0
0
0
0.14577
0.436
0
0
0
0
0.04501
0
0
0
0
0
0
0
0
0
0
0.14109
0
0.09655
0.34857
0.04798
0
0
0
0
0
0
0
0
0.25534
0
0
0.08885
0
0
0
0
0
0
0.4444
0
0
0
0
0
0
0.1057
0
0
0
0
0
0.1837
0
0.25849
0
0
0
0
0
0
0
0
0
0
0
0
0.12217
0
0
0
0
0
0
0
0.14232
0
0.19446
0.13926
0
0
0
0
0
0
0
0.22497
0.12801
0
0.37543
0
0
0
0
0
0.0486
0
0
0
0.09454
0
0
0.38721
0
0
0
0.04694
0.52022
0
0
0.08413
0.14567
0
0
0
0
0.34801
0.15842
0.04226
0
0
0
0
0.21171
0
0
0
0
0
0
0
0
0
0.20203
0
0
0.4335
0
0
0
0
0
0.08882
0
0
0
0
0
0
0.09379
0.08274
0
0
0
0
0.13219
0.45799
0
0
0
0.04489
0
0
0
0
0
0
0
0
0
0.47725
0.04746
0.04823
0
0
0.10503
0
0
0
0.04759
0
0
0
0
0.11656
0.52346
0
0
0
0
0
0
0
0
0
0
0
0
0
0
0
0
0
0
0
0
0
0
0
0.18957
0
0
0
0
0
0
0
0
0
0
0
0
0
0.33257
0.21336
0
0.25747
0
0.10428
0
0.1134
0.14671
0
0.37344
0
0
0
0
0
0.45969
0.13374
0.13216
0
0
0
0
0
0
0.12969
0.18019
0
0
0.43117
0
0
0
0
0
0.13455
0
0.14168
0
0
0
0.13624
0
0
0
0
0
0
0
0
0
0
0
0
0
0
0.14227
0
0
0
0
0.20025
0
0.13088
0.12256
0.29001
0
0.2509
0
0
0
0
0
0
0
0.48756
0
0
0
0
0
0
0.27343
0.09067
0.1887
0
0
0
0
0
0
0
0
0
0.04062
0
0.28932
0
0
0
0
0
0
0
0.12814
0
0.13087
0.16255
0.14572
0
0
0
0
0
0.04275
0
0
0
0
0.21716
0
0
0
0
0
0
0.21709
0.09388
0
0.23448
0
0
0.25987
0
0
0.46485
0.26443
0
0
0
0.70834
0
0
0
0
0.06977
0.17882
0.16112
0
0
0
0.23493
0.13941
0.04375
0
0
0.30194
0
0
0
0.20329
0
0
0
0
0
0
0.42589
0
0
0
0.13143
0.1369
0.77995
0
0
0
0.09405
0.13156
0
0
0
0
0.04086
0
0
0
0
0
0
0.22164
0.34459
0
0
0
0
0
0
0
0
0
0
0
0
0
0
0.36707
0
0
0
0
0
0
0
0
0.69786
0.13799
0
0
0
0.1239
0
0
0
0
0
0
0
0
0
0.04453
0.42485
0
0
0
0
0
0
0
0.15639
0
0.35929
0
0
0
0
0
0.12983
0.3521
0.05457
0
0.11424
0.15272
0
0
0
0
0
0.26212
0
0
0
0
0.12376
0
0
0
0.21608
0
0
0
0
0
0
0
0
0
0
0
0.14184
0
0
0
0
0
0
0
0
0
0
0
0.13056
0
0
0
0
0
0
0.06647
0
0
0.26994
0
0
0
0.12989
0
0
0
0
0
0
0.18289
0
0
0
0
0.29275
0
0.10499
0
0
0
0
0
0
0
0
0
0
0
0
0
0
0
0
0
0
0.15445
0
0.15419
0.16037
0
0.13307
0
0
0
0
0
0
0
0
0
0
0
0
0
0
0
0
0
0
0.71854
0.12445
0
0
0.22137
0.08496
0
0
0.21339
0
0.0413
0
0
0
0
0
0
0
0
0.17946
0
0.24677
0.04826
0
0
0
0
0
0
0
0
0
0
0.1545
0
0.6411
0
0
0
0
0
0
0
0
0
0
0
0.23392
0
0
0
0.09629
0
0
0
0
0.04385
0
0
0
0
0
0
0
0.24414
0
0
0.54738
0.09204
0
0
0
0
0
0
0.14601
0
0
0
0.08717
0.18603
0.15634
0.19221
0
0
0
0.19503
0.58783
0
0
0
0
0
0
0.1167
0.69824
0
0
0.2845
0
0
0
0.13184
0
0
0
0
0
0
0
0
0.3708
0
0
0
0
0.08706
0
0.13009
0
0
0.1364
0
0
0.12562
0
0
0
0
0
0
0
0
0
0
0
0
0
0.88039
0
0
0
0
0
0
0
0
0
0
0
0
0.70875
0
0
0
0.12759
0
0
0
0
0
0.26079
0
0
0
0
0
0
0
0
0
0
0
0
0
0
0.22585
0
0.16297
0
0
0
0
0
0
0
0.14081
0
0
0
0
0
0
0
0
0
0
0
0
0
0
0.12061
0
0
0
0
0
0
0
0.03858
0
0
0
0
0
0
0.34759
0
0
0
0
0
0
0
0
0
0
0
0
0
0
0
0
0
0
0
0
0
0
0
0
0.38465
0
0
0
0
0
0
0
0
0
0.03509
0
0.22003
0
0
0
0
0
0
0
0
0
0
0
0.12856
0
0
0
0
0
0
0
0
0.25096
0
0
0
0
0
0
0
0
0
0
0
0
0.14863
0
0.675
0
0.24024
0.27144
0.10249
0
0.15141
0
0.16447
0
0.14013
0
0
0
0
0
0.22901
0.13034
0
0.70456
0
0
0
0
0
0
0.13814
0.74301
0.28919
0
0
0
0
0.15955
0.12998
0
0
0
0
0
0.04314
0
0
0.04729
0
0
0
0
0
0
0
0.13154
0
0
0.13495
0
0
0
0
0
0
0
0
0
0.10647
0
0
0
0.14205
0
0
0
0
0
0
0
0.27178
0
0
0
0
0
0
0
0
0
0
0
0
0
0
0
0
0.13213
0
0
0
0
0
0
0
0
0.08143
0
0
0.19801
0
0.18004
0
0
0
0
0
0
0
0
0
0
0
0
0
0
0
0.21101
0
0.10554
0
0.20551
0
0.24526
0
0
0.12934
0
0.14186
0
0
0
0
0
0
0
0
0
0
0
0
0
0.42694
0
0
0
0
0
0
0
0.16133
0
0
0
0.21498
0
0
0
0
0.73171
0
0
0
0.27329
0
0
0
0.04563
0
0.25129
0
0
0
0
0
0
0.13184
0
0
0
0
0
0
0
0
0
0
0.08923
0.08877
0
0
0
0
0
0
0
0
0.09255
0.12962
0
0
0
0
0
0
0
0
0
0
0.13296
0
0
0
0.14261
0
0
0
0
0.05031
0
0
0
0
0
0.07818
0
0
0
0
0
0.11444
0.21273
0.21116
0
0
0
0.09122
0
0
0
0.14183
0
0
0
0
0
0.12352
0
0
0
0
0
0.10745
0
0
0
0
0
0
0
0
0
0.20222
0.20528
0
0
0
0
0.07143
0
0
0
0
0.15627
0.27304
0
0
0
0
0.12789
0
0
0
0
0
0
0
0.12728
0
0.2563
0
0
0
0.18248
0
0
0
0
0
0
0.1178
0
0.0874
0
0
0
0.12728
0
0
0
0
0
0
0
0
0
0
0.25927
0
0
0
0.13293
0
0
0
0
0
0
0
0
0
0
0
0
0
0
0.15061
0
0
0
0.1312
0
0
0
0
0
0
0
0
0
0
0
0
0.06836
0
0
0
0
0
0
0
0
0
0
0
0
0
0
0
0
0
0.13731
0
0
0
0
0
0
0
0
0
0
0
0
0
0
0
0
0
0.09519
0.36522
0
0
0.59315
0.26508
0
0
0.12752
0
0
0
0.13538
0
0
0
0.16959
0
0.28717
0
0
0
0
0
0
0
0
0
0.27372
0
0
0
0
0.17062
0
0
0
0.19376
0
0
0
0.19576
0
0.13513
0
0
0
0
0
0.64872
0
0.16166
0
0
0
0.04234
0
0.08742
0
0
0
0.37697
0
0
0
0
0
0
0.04274
0
0
0
0
0.1385
0.04532
0
0
0
0
0
0
0
0
0
0
0
0.2572
0
0
0
0.22914
0
0
0.13766
0
0
0
0
0
0
0
0
0
0
0
0
0.03501
0.13536
0
0
0
0
0
0
0
0.24823
0
0
0
0.27195
0
0.14783
0.20546
0
0
0
0
0
0.66437
0
0.1236
0
0
0
0
0
0
0.12972
0.12764
0
0.20306
0
0
0.14558
0
0
0
0
0
0
0
0
0
0
0
0
0
0
0
0
0.0413
0.04485
0
0
0.15482
0
0.26988
0
0
0.04465
0
0.0578
0.21243
0
0
0
0
0.12192
0.24657
0
0.04367
0
0.32137
0
0
0
0
0.15394
0.09536
0
0
0
0
0
0
0
0
0
0.11723
0.28895
0
0
0
0.63516
0
0
0
0
0
0
0
0.36309
0
0
0
0.16842
0
0.13247
0
0
0
0
0
0
0
0
0
0
0
0
0.15989
0
0
0
0.20513
0
0
0
0
0
0
0.09875
0.04438
0.12237
0
0
0
0
0
0
0
0
0
0.16728
0
0
0.15162
0
0
0
0
0
0
0
0
0.03942
0.41614
0
0.24818
0.21108
0.19379
0
0
0
0.12918
0
0
0
0
0
0
0
0
0
0
0
0
0
0
0
0
0
0
0
0
0
0
0
0
0
0.10978
0
0
0
0
0
0
0
0
0
0
0
0
0
0.16847
0
0.1055
0
0
0
0
0
0
0
0
0
0
0
0.12986
0
0
0
0
0
0
0
0
0
0
0
0
0
0
0
0
0.17086
0
0
0
0
0
0
0
0
0.29748
0
0.09213
0.13542
0
0
0
0
0.14073
0
0.49068
0
0
0.13241
0
0
0
0
0
0.0921
0
0
0
0
0
0.14321
0
0
0
0
0.29219
0
0
0
0
0
0
0.08853
0.13711
0
0.14278
0
0
0.25712
0
0
0.26886
0
0.13156
0
0.62785
0
0.4213
0.08676
0
0
0
0
0
0
0.68898
0.14143
0
0.27683
0
0
0
0
0
0
0
0
0
0.25983
0
0
0
0
0.1459
0.21156
0
0
0
0
0.35674
0
0.15244
0
0
0
0
0.18879
0.14236
0
0.13672
0
0
0
0
0
0
0
0
0
0.13326
0
0.16005
0
0
0
0
0.12838
0
0.14256
0
0.14584
0.13785
0
0
0
0
0
0.13148
0
0
0
0
0
0.27341
0
0
0.42682
0
0
0.16174
0
0
0
0
0
0
0.11474
0
0
0
0.28921
0
0.10593
0
0
0
0
0
0.41998
0
0
0
0
0
0.14362
0
0.20323
0
0
0
0
0
0.12465
0.14384
0
0
0
0
0.09601
0
0
0
0
0
0
0
0
0.19202
0.40016
0
0
0
0
0
0.1716
0
0
0
0
0
0
0.1211
0
0
0
0
0
0
0.48461
0
0
0
0
0.13985
0
0.12375
0
0
0
0.74372
0
0
0.19419
0
0
0
0
0.13595
0.04177
0
0
0
0.12797
0.18521
0
0
0
0
0
0
0
0
0
0
0
0
0
0
0
0.13047
0
0.16565
0
0
0
0
0.31121
0
0
0
0.22617
0
0
0
0
0
0
0
0
0
0
0
0
0
0
0
0.27443
0
0
0
0
0
0
0.38775
0.15822
0
0
0.08976
0.16512
0
0.26331
0
0
0
0
0
0
0
0
0
0
0
0
0.04407
0
0
0
0
0
0
0.64673
0
0
0
0
0
0
0
0
0
0.11458
0
0
0
0.12208
0
0
0
0.1701
0.11709
0
0
0
0
0
0
0
0.13975
0
0.05453
0
0
0
0
0
0
0
0
0
0
0.55813
0.21244
0
0
0
0
0.1536
0
0
0.36204
0
0
0
0
0
0
0
0
0
0
0.10991
0
0
0
0
0
0
0
0
0
0
0
0.07898
0
0
0.21506
0
0
0
0
0
0
0
0
0
0
0.12328
0
0.13936
0
0
0.11067
0.85139
0
0
0.17116
0
0.15603
0
0
0
0
0
0
0
0
0
0
0
0
0
0
0
0
0
0
0
0
0
0.16224
0
0
0
0
0
0
0
0
0
0
0
0.16223
0
0.04539
0
0
0
0.68617
0
0.12999
0
0
0
0
0
0.18964
0
0
0.23237
0
0
0
0
0.14345
0.13891
0
0
0
0
0
0
0.04395
0
0
0
0.14555
0.06366
0.14613
0.1521
0
0
0
0
0
0.13643
0
0
0
0.11678
0
0
0
0.04813
0
0
0
0
0
0.09344
0.1447
0
0
0
0
0
0
0
0
0
0.15103
0
0
0.3645
0
0
0
0
0
0
0
0
0
0
0
0.52367
0
0.11626
0
0
0.111
0
0
0
0
0
0
0.13817
0
0.04605
0.14453
0
0.56389
0
0.08512
0
0
0
0
0
0
0
0
0.42627
0
0
0
0
0
0
0.51902
0.1083
0
0.10588
0
0.15688
0
0.0802
0
0
0
0.21739
0
0
0
0
0
0
0
0
0
0
0
0
0
0.13942
0
0
0
0
0
0.40246
0.33184
0.27649
0
0
0
0
0
0
0
0
0
0
0
0
0.14507
0
0
0
0
0
0
0
0.52307
0
0
0
0
0.13153
0.14213
0
0
0
0
0
0.13115
0
0
0
0
0
0
0
0
0.14122
0
0
0.14244
0.13253
0.13455
0
0
0
0
0
0.27899
0
0.04715
0
0
0
0
0
0.20668
0.09646
0
0
0
0
0
0.08963
0
0
0
0
0
0
0
0.13581
0
0.29305
0
0
0.16665
0
0
0
0.0472
0
0
0
0.12459
0
0
0.09948
0
0
0.84107
0
0
0
0
0
0
0.08312
0
0
0.0935
0.28498
0
0
0
0
0
0
0
0.15316
0.32285
0
0
0
0.03952
0
0
0
0.04295
0.14282
0
0
0
0
0
0
0
0
0
0.13138
0
0
0.13044
0
0
0
0
0
0
0
0
0
0
0
0
0
0
0
0.17238
0.09531
0
0
0.21761
0
0
0
0
0
0
0.13382
0
0
0.11812
0
0
0
0
0
0
0
0
0.23535
0
0
0.29987
0
0
0
0.28368
0.04478
0
0
0
0
0
0.11279
0
0
0
0.77047
0
0.27289
0
0
0
0.14387
0
0
0
0
0
0
0
0
0
0
0
0
0.14098
0
0.13234
0
0
0
0
0
0.35169
0
0
0
0
0
0
0
0
0.13197
0
0.06993
0
0.10343
0
0
0.13103
0
0
0
0
0
0
0
0
0
0
0
0
0.10501
0
0
0
0.13862
0
0
0.09154
0
0
0
0
0
0
0
0
0
0
0
0
0
0
0
0
0
0
0
0.04166
0.09116
0
0
0
0
0
0
0
0
0
0
0
0
0
0
0
0
0
0
0.25204
0.12914
0.2688
0
0
0
0
0
0
0
0.12617
0
0
0
0
0
0
0
0
0
0
0
0
0.15727
0
0
0
0.56323
0
0
0
0
0
0
0
0.04196
0.27719
0
0
0
0
0
0
0.12655
0
0.04394
0
0
0
0
0
0
0
0
0.16188
0
0.04026
0
0
0
0
0.22364
0
0.05309
0
0
0.76372
0
0
0
0
0
0
0
0
0
0
0
0
0.1967
0
0
0
0
0
0
0
0.11756
0
0
0
0
0
0
0.21513
0
0
0.16763
0
0
0
0
0
0
0
0
0
0
0.18623
0.08912
0.1043
0
0
0
0
0
0
0
0
0
0.18681
0
0.27475
0
0.0962
0
0
0
0
0
0
0
0
0
0.14178
0
0
0.13103
0
0
0
0
0.81611
0
0
0.13676
0
0
0
0.07919
0
0
0
0
0
0.0409
0
0
0
0
0
0.12044
0
0
0
0.13719
0
0
0
0
0
0
0
0
0
0
0
0
0.13064
0
0.13933
0
0
0
0
0.16487
0
0
0
0
0.13016
0
0
0.15285
0
0
0
0
0
0
0
0
0
0
0
0
0
0
0
0
0
0
0.1583
0
0
0
0
0
0
0
0
0
0
0
0.18292
0
0
0.13539
0.0475
0
0
0
0
0
0
0
0.16352
0
0
0.14237
0
0.32298
0
0
0
0
0.06093
0.11165
0
0
0.10161
0
0
0.30747
0
0
0
0
0
0
0.04273
0
0
0
0
0
0
0.09928
0
0.13415
0.19225
0
0
0
0.15475
0
0
0
0.24942
0.14137
0.18194
0.25122
0
0.14562
0
0
0
0
0
0
0
0
0
0
0
0
0
0
0
0
0.27902
0
0
0
0.25083
0
0
0
0.13625
0
0
0
0
0
0
0.08879
0
0
0
0
0
0
0.19513
0
0
0
0
0
0
0
0.26666
0
0
0.18481
0.14564
0
0
0
0.2177
0
0
0
0.09879
0
0
0
0
0.14357
0.12787
0.2512
0
0
0
0.24376
0
0
0.04355
0
0
0
0.24741
0.08725
0.14308
0
0
0
0
0
0
0.34052
0
0
0
0
0
0
0
0
0.10468
0
0
0.1223
0
0
0
0
0.08653
0
0
0
0.73774
0
0
0.16709
0.60112
0
0
0.16377
0
0
0
0
0
0
0.64163
0
0
0
0
0.3406
0.14323
0
0.0869
0
0.27795
0
0
0
0
0
0
0
0.33404
0.1071
0
0.08718
0
0
0.13852
0
0
0
0.63523
0
0.49153
0
0
0
0
0
0
0
0
0
0
0
0
0
0
0
0
0
0
0
0
0
0
0
0
0
0
0
0
0.76315
0
0
0
0
0
0
0.08776
0
0.14559
0.21521
0
0
0
0
0
0
0
0
0
0
0
0
0
0
0.12343
0
0
0.15238
0
0
0
0
0
0
0
0
0
0
0
0
0
0
0
0
0
0
0
0
0.83244
0
0
0
0
0
0
0
0
0
0
0
0
0.06048
0
0
0.33175
0
0
0
0
0.3079
0.14423
0
0.14438
0
0
0.14153
0
0
0
0.04541
0.73995
0
0.13175
0
0.18439
0
0.2176
0.84996
0.12659
0
0
0
0.33634
0
0
0.13667
0
0
0.68317
0
0
0
0
0.04502
0
0
0.13523
0
0.26553
0
0
0.26781
0
0
0.19289
0
0
0
0
0
0.8095
0.21887
0
0
0
0.04751
0.18412
0
0.09393
0
0
0
0
0
0
0
0
0
0
0
0
0
0
0
0.58897
0.19109
0
0
0
0
0.13006
0
0.12308
0
0.13339
0
0.13535
0
0.44171
0
0
0
0
0
0
0
0.24422
0.45083
0
0
0
0
0.15132
0
0
0
0
0
0
0
0
0
0
0.64963
0
0
0
0
0
0.09332
0
0
0
0
0
0
0
0
0
0
0
0
0
0
0
0.1101
0
0
0
0
0
0
0
0
0
0
0.0702
0.03517
0
0
0
0
0
0
0
0
0.14106
0.13188
0
0
0
0
0
0
0
0.13097
0
0
0
0
0
0
0
0
0.14156
0
0
0
0
0
0
0
0
0
0
0
0
0
0.19261
0
0.08378
0
0
0
0
0
0
0
0
0
0
0
0
0
0
0
0
0
0
0
0
0
0
0
0
0
0
0
0
0
0
0
0
0
0
0
0
0.10493
0.48748
0
0.04018
0
0
0
0
0
0
0.12792
0
0
0.17386
0
0
0
0.17423
0
0
0
0
0
0
0
0
0
0
0
0
0
0
0
0
0
0
0
0
0
0
0
0.28041
0.16227
0.1409
0.27539
0
0
0
0
0
0
0
0.18541
0
0
0
0.18953
0
0
0
0
0
0
0.43747
0.13187
0.11579
0
0
0
0
0
0.08772
0.08932
0.04438
0
0.1618
0.13291
0
0
0
0
0
0
0
0
0
0
0.20409
0
0
0.13238
0.65457
0
0
0
0
0.20667
0
0
0
0
0
0.14682
0
0
0.33098
0
0
0
0.15626
0
0
0
0
0.44096
0
0
0
0.18856
0
0
0
0
0
0.49714
0
0
0.49564
0.13377
0
0
0
0
0
0
0
0
0
0.2342
0.24604
0
0
0
0
0.12892
0
0.09088
0
0
0
0.27133
0
0
0.13984
0.46602
0
0.14449
0
0
0
0
0
0
0
0
0.12686
0.22823
0.14176
0.14176
0
0
0.26134
0.1417
0
0.04661
0.28289
0
0.35887
0.14447
0
0
0.09153
0
0
0.04309
0.14313
0
0.09337
0
0
0
0.14484
0.15806
0
0.06978
0
0
0
0
0.8257
0.24361
0.21497
0
0
0.0449
0.12846
0
0.80404
0
0
0
0
0.15627
0
0.26206
0
0
0
0
0
0
0.29191
0
0.45799
0.70584
0
0
0
0
0.11959
0
0
0
0
0
0.09445
0
0
0.45072
0
0.15139
0
0
0
0
0
0
0
0
0
0
0
0
0
0
0
0
0
0.08701
0
0
0
0
0
0
0
0
0
0
0
0
0
0
0
0
0
0
0
0
0
0
0
0
0
0
0
0
0
0
0
0
0
0
0.25987
0
0.35191
0
0
0
0
0
0
0
0
0
0
0
0.40937
0
0
0
0
0
0
0.21981
0
0
0
0.08496
0
0
0
0
0
0
0
0
0
0
0
0
0.13111
0.12988
0
0
0
0
0
0
0
0.13059
0
0.36089
0
0
0.1429
0
0.26108
0
0
0
0
0
0.13052
0.10352
0
0
0
0.32085
0.19233
0
0
0.08552
0
0
0
0
0
0
0
0
0
0
0
0.13275
0
0
0
0
0
0
0
0.14345
0
0.27343
0
0
0
0
0
0
0
0.09582
0
0
0
0
0
0
0
0.16637
0
0
0
0
0
0
0
0.17063
0
0
0
0
0
0
0
0
0
0
0
0
0.12357
0
0
0
0
0
0
0
0
0
0
0
0
0
0
0.17052
0
0
0
0
0
0
0
0
0
0
0
0
0
0
0
0.04698
0.17102
0
0
0
0
0
0
0
0
0
0
0
0
0
0
0
0
0
0
0
0
0.10005
0.2591
0
0
0
0
0
0
0
0
0
0.12966
0.13345
0.12598
0
0
0
0
0
0
0
0
0
0
0.61903
0
0.04864
0.49651
0
0
0
0
0.17458
0
0
0
0
0
0
0
0
0
0
0
0
0
0.04392
0
0
0
0
0
0
0
0
0
0
0
0
0
0
0.10515
0
0
0
0
0
0
0
0.0568
0
0
0
0
0
0
0
0
0
0
0.25765
0
0
0
0
0
0
0
0
0
0
0
0
0
0
0
0
0
0
0
0
0
0.13206
0
0
0
0
0
0
0
0
0
0
0
0
0
0
0
0.12536
0
0
0
0.21146
0
0
0
0.27197
0
0.6436
0.28711
0.26417
0
0
0
0
0.68549
0
0
0.09203
0
0.38744
0
0
0.0487
0.49863
0.04652
0
0
0
0
0
0
0
0
0
0
0
0
0.09383
0
0
0.04427
0
0
0
0
0
0.13242
0
0
0
0.05699
0
0.12404
0
0
0.13137
0.08883
0
0
0
0
0
0
0
0
0
0
0
0
0
0
0
0
0
0.14047
0
0.05192
0
0.16777
0
0
0
0
0
0
0
0.35438
0
0.10905
0.16217
0
0
0
0.44725
0
0
0.05351
0.2105
0
0
0
0
0.24911
0
0
0
0
0
0
0
0
0
0.0946
0
0
0.28833
0.04429
0
0.23102
0
0
0
0
0
0
0
0
0.04017
0
0
0
0
0
0
0
0
0
0
0
0
0
0.03756
0
0.14588
0
0
0.15065
0.59966
0.14201
0
0
0
0.13695
0.09305
0
0.84687
0
0
0
0
0
0.13299
0
0.05704
0
0.33175
0
0
0.48595
0.15548
0.21682
0
0.18426
0.15629
0
0
0
0
0.04372
0
0
0
0
0
0
0
0
0.78139
0
0.14605
0
0.12888
0
0.08238
0
0
0.13266
0
0
0.14142
0.04916
0.11943
0.12876
0
0
0
0
0
0
0
0.60178
0.16176
0
0
0
0.09409
0
0.24372
0.25009
0.13233
0
0
0
0
0
0.26648
0
0.09502
0
0.13137
0.15219
0
0.13
0
0.13461
0.14093
0
0.73668
0
0.21896
0
0.14319
0.04313
0
0
0
0
0.12078
0.08881
0
0
0
0
0
0
0
0.14035
0.13188
0
0.13989
0
0.59698
0.13413
0.12722
0
0.12728
0
0
0
0
0.22205
0
0
0
0.13227
0.21289
0
0
0
0.12154
0
0
0.14583
0
0
0
0
0
0.12937
0
0
0.12999
0
0.63018
0
0
0
0
0
0
0
0
0.08635
0.04218
0.1163
0
0.12035
0
0
0
0
0
0
0
0
0.27115
0
0.11932
0
0
0
0
0.14032
0
0.13608
0
0
0
0.16734
0
0
0
0
0.13635
0
0
0
0
0
0.65053
0
0.13456
0
0
0
0
0.12754
0.29263
0.13882
0
0.30227
0.14659
0.14878
0
0
0.13819
0.13181
0.14522
0.73473
0
0
0.14215
0.09801
0
0.13552
0
0.04685
0.1426
0.08583
0
0.14159
0.14281
0
0
0
0
0
0
0.08755
0
0
0
0
0
0
0
0.12938
0
0.1559
0
0
0
0
0
0
0
0
0
0
0
0
0
0
0
0
0.26152
0.12958
0
0
0
0.13254
0
0
0
0
0
0
0
0
0
0
0
0
0
0
0.13215
0
0
0
0
0
0
0
0.08774
0
0
0
0
0
0.32145
0
0
0.28607
0
0
0
0
0
0
0
0
0
0
0
0
0
0
0
0
0
0
0
0
0
0
0
0.13159
0
0
0
0
0.13639
0
0
0
0
0
0
0
0.10095
0
0
0
0
0
0
0
0.12846
0
0.10386
0
0
0
0.08602
0
0
0
0.24761
0
0
0.62837
0
0
0
0
0
0
0
0
0
0.12662
0
0
0
0
0
0
0
0
0
0
0
0.05218
0
0
0
0
0
0
0
0
0
0
0
0
0
0
0
0.09301
0.16014
0
0
0
0
0
0
0
0
0
0.04729
0
0
0
0
0
0
0
0
0
0
0
0
0.12425
0
0
0
0
0
0
0
0
0
0
0
0
0.51232
0.14281
0
0
0
0
0
0
0.24687
0
0
0.0704
0
0
0
0
0
0
0
0
0
0
0
0
0
0
0
0
0
0
0
0
0
0
0
0
0
0
0
0
0
0
0
0
0
0
0
0
0.24267
0
0
0
0
0
0
0
0
0
0
0
0
0.12743
0
0
0.25534
0
0
0
0
0
0
0.04414
0
0
0
0
0
0
0
0.12144
0
0
0
0
0
0
0
0
0.08544
0.13142
0
0
0
0
0
0
0
0
0.19375
0
0
0.05247
0
0
0
0
0
0
0.37296
0
0
0
0
0.11417
0
0
0
0
0
0
0
0
0
0
0
0
0
0
0
0.201
0.44745
0
0
0
0
0
0
0
0.1288
0
0
0
0
0
0
0
0
0.04323
0
0
0
0
0
0
0
0
0
0
0
0
0
0
0
0.2099
0
0
0.12848
0
0
0
0
0
0
0
0
0
0
0
0
0
0
0.24536
0
0
0
0
0
0
0
0.18468
0
0.17226
0
0
0
0
0
0
0.19043
0
0
0
0
0
0
0
0
0
0
0
0
0
0
0
0
0
0
0
0.08854
0
0
0
0.12908
0.12883
0
0
0
0
0
0
0
0
0.13995
0.04258
0
0
0
0
0
0
0
0
0
0
0
0.20306
0
0
0
0
0.16335
0
0
0.40417
0
0
0.0923
0
0
0
0
0
0
0
0
0
0
0
0
0
0
0
0
0
0
0.04054
0
0
0
0
0
0
0
0
0
0
0.37001
0.04398
0
0
0
0.10488
0
0
0
0
0
0
0
0
0
0
0
0
0
0
0
0
0
0
0
0
0
0
0
0
0
0
0
0
0
0
0
0.08231
0
0
0
0.12131
0
0
0
0
0
0
0
0
0.04055
0.12192
0
0
0
0
0
0
0
0
0
0
0
0
0
0
0
0
0
0
0
0
0
0
0
0
0
0
0
0
0
0
0
0
0
0
0
0
0
0
0
0
0
0
0
0
0
0
0.48565
0
0.39689
0
0
0
0
0
0
0
0
0.35284
0
0
0
0
0
0
0
0.04107
0
0
0
0.52374
0
0.04092
0
0
0
0
0
0
0
0
0.05841
0
0
0
0
0
0
0
0
0
0
0
0
0
0
0
0
0
0
0
0
0
0
0.1149
0
0
0
0
0
0
0
0
0
0
0
0
0
0
0
0
0
0
0
0
0
0
0
0
0
0
0.13156
0.14163
0
0
0
0
0
0
0.1348
0
0
0
0.04405
0
0
0
0
0
0.15142
0
0.36114
0.1499
0
0
0.04388
0
0
0
0
0
0
0
0
0
0
0
0
0
0
0
0
0
0.16059
0
0
0
0
0.04357
0
0.63625
0
0
0
0
0
0
0.0479
0
0
0
0
0
0.14248
0.14174
0
0
0
0
0
0
0.73932
0
0
0
0
0
0
0
0
0
0
0.04543
0
0
0
0
0.14243
0
0.20413
0
0
0
0
0.25988
0
0
0
0
0
0
0.16063
0
0
0
0.15687
0
0
0
0
0
0
0.09137
0
0
0.04601
0
0
0
0.13738
0
0
0
0.14281
0
0
0
0
0
0
0
0
0.05313
0
0.19153
0
0
0
0.17619
0
0
0
0
0
0
0
0.14815
0.1336
0
0
0
0
0
0
0
0
0
0
0.13169
0.1663
0.14775
0.13683
0
0
0
0
0
0.13496
0
0
0
0.47659
0
0
0
0.09257
0
0.04509
0.71441
0.03607
0
0.14935
0
0
0
0.04782
0
0
0.05046
0
0
0.1477
0
0.13301
0.13325
0.68489
0
0.16862
0
0
0.28975
0.0507
0
0
0
0
0.25706
0
0.15416
0
0
0.22903
0
0.13724
0
0
0
0
0
0
0.04949
0.1046
0
0
0
0
0
0.10827
0
0
0
0.09
0
0.10531
0.35527
0
0.3018
0
0
0.14591
0
0.13275
0
0.7523
0
0
0
0
0
0
0
0.13471
0
0
0
0
0
0.14363
0
0
0
0
0
0
0
0.09043
0
0
0
0.14067
0
0
0.08471
0
0
0.27663
0
0
0
0
0
0.09974
0.11287
0
0.04572
0
0
0.13883
0
0
0
0
0.04418
0
0.44513
0.0805
0.69208
0
0
0
0.33895
0
0
0
0
0
0.27722
0.26594
0
0.11367
0
0.34695
0.04305
0
0
0
0
0.04944
0
0
0
0.13963
0
0
0
0
0
0.15995
0.08247
0
0
0
0
0
0
0.13871
0
0.11889
0.13486
0
0
0
0
0
0
0
0
0.1379
0
0
0.33162
0
0.17138
0.12352
0
0
0
0.10084
0.14118
0
0.18131
0.14387
0.18371
0.14099
0.13057
0.14209
0.1845
0
0
0
0.14427
0
0
0
0
0
0
0
0
0
0
0.13179
0
0.15906
0.12233
0
0
0
0
0.12813
0.19239
0.13218
0.04328
0
0
0
0.13423
0
0
0.24022
0
0.17832
0.13255
0
0.13314
0
0
0
0
0.09561
0.03939
0.04651
0.1296
0.73123
0
0
0.15566
0
0
0
0
0
0
0
0
0
0
0
0
0.1882
0
0
0.17189
0.21421
0
0
0
0
0
0
0.08709
0
0
0
0
0
0
0
0
0.13993
0.124
0
0
0
0
0
0
0.12468
0
0
0
0
0.18431
0
0
0
0
0
0
0.12599
0
0.32864
0.11743
0
0
0
0
0
0
0
0
0
0
0
0
0
0.14921
0
0.45661
0
0.09168
0
0.75142
0.05005
0.29121
0
0
0
0.81506
0
0.10611
0
0.56231
0
0.11403
0.62787
0
0.2142
0
0
0
0
0
0
0
0.09569
0.2766
0.04316
0.24596
0.44828
0
0
0
0
0
0
0
0
0
0.78928
0.58983
0
0.11647
0
0
0
0.32469
0
0
0
0
0.25627
0
0.13688
0
0
0
0
0
0
0
0.2238
0.16328
0.1069
0
0
0
0.16113
0.04402
0
0
0.13599
0
0.32951
0.14082
0
0
0.13464
0
0
0
0.16788
0
0.13323
0
0
0.08942
0.12936
0.08783
0
0.13548
0.14472
0.20279
0.57926
0.27283
0
0.23611
0.14809
0.04883
0
0.1125
0
0
0
0.15389
0.43599
0
0.52179
0
0
0.29761
0
0
0
0.15604
0.05378
0.16337
0.13108
0.12077
0.11753
0.61154
0
0.09201
0
0
0
0.09095
0.09005
0
0.67579
0
0
0.57035
0
0
0.1014
0
0.13598
0
0.1238
0
0
0
0.25468
0
0
0
0
0
0
0.13733
0
0.13378
0
0.03861
0
0.13933
0
0
0
0.61823
0
0
0
0.21173
0
0
0
0
0.09181
0
0
0
0
0
0
0
0
0
0
0
0
0
0
0
0.26098
0
0
0
0
0
0
0.26173
0
0
0
0
0
0
0
0
0
0.13164
0
0
0
0.25599
0
0
0
0
0.13888
0.13153
0
0
0.20093
0
0.13262
0
0
0
0
0
0
0
0
0
0
0
0
0
0
0
0
0
0.13862
0
0
0.26165
0
0
0
0
0
0
0
0
0
0
0
0
0
0
0
0
0
0
0
0
0
0
0
0
0
0
0
0
0
0
0
0
0
0
0
0
0
0
0
0
0
0
0
0
0
0
0.12758
0
0
0
0
0
0.84679
0
0.13117
0
0
0
0
0
0
0
0
0
0
0
0
0
0.16382
0
0.14208
0
0
0
0.12558
0
0
0
0
0
0
0
0
0
0
0
0.14073
0.14175
