0.26177
0.13578
0.09424
0.03326
0
0.29257
0
0
0
0.03883
0
0.38593
0.06649
0.1269
0.38637
0.03462
0.20541
0.20141
0
0
0
0
0
0
0.21566
0.09979
0
0
0
0
0.19431
0.09981
0
0.18258
0.06686
0.17549
0.06661
0.09201
0.29086
0
0
0
0
0.09417
0
0
0.10339
0
0.10609
0.09061
0.09026
0
0.18492
0
0
0
0
0
0.12463
0.22467
0.02896
0
0.04216
0.09032
0
0
0.29396
0
0.18562
0
0.1541
0.18352
0
0.12239
0
0.32341
0.13966
0
0
0.27444
0.1658
0.38864
0.09219
0.06375
0
0
0.12355
0
0.06173
0.15094
0.18267
0
0.1839
0.09218
0
0.17052
0.09452
0.10212
0
0.09036
0
0.25924
0.09245
0.15207
0
0.38948
0
0
0
0.21363
0
0
0
0.14657
0
0.09291
0.03021
0
0.09301
0
0
0.06005
0
0.31346
0.28131
0.09367
0.09271
0
0.22007
0
0.06326
0.09347
0.09271
0
0
0.09982
0
0.2002
0
0.09338
0.03099
0.02998
0
0.12274
0
0.16664
0.09471
0
0.08767
0
0
0.09458
0
0.32841
0.18263
0.11843
0
0
0
0
0
0
0.09058
0.03265
0
0.15481
0.15471
0.11718
0.04118
0.09055
0
0
0
0.09345
0
0
0
0.23105
0
0.09411
0.21884
0.30014
0.30058
0
0.43998
0.11742
0.03135
0.3209
0.27732
0
0
0.03555
0.03277
0
0.03135
0
0
0
0
0.2961
0.28723
0.0874
0.18726
0
0.03092
0
0
0
0
0
0.18172
0
0.18205
0.03555
0.09298
0.09441
0.18238
0.18263
0
0
0.29845
0.16374
0.03092
0
0.18781
0
0
0.21631
0.03384
0
0.03168
0.12135
0.11631
0
0.09302
0
0.22047
0.18421
0
0.06207
0
0
0
0
0.21715
0
0.21713
0
0.17603
0
0
0.03161
0.09398
0
0.11702
0.18439
0
0
0.09979
0
0.11873
0
0
0.06193
0
0
0.03175
0
0.03175
0
0.11815
0
0
0.15459
0
0
0.16036
0
0
0.25026
0
0.06109
0.09314
0.11934
0
0
0
0
0.25197
0.14188
0.09337
0
0.20016
0.22071
0
0.03124
0.12339
0
0.10191
0.06333
0.19918
0
0
0
0
0.06763
0.0824
0.08414
0
0
0
0
0.09253
0.04075
0.08736
0
0.24895
0
0
0
0
0
0
0
0.11952
0
0
0
0.25495
0
0.32907
0
0
0
0.03357
0.11785
0
0.31917
0
0.28231
0
0
0.19201
0
0.02992
0.17902
0.04023
0.0586
0
0
0.08649
0.35027
0
0
0.0938
0
0
0.09336
0
0.16502
0
0
0.02905
0
0.31898
0
0.18803
0.29251
0.03191
0
0.11839
0
0
0
0.25353
0
0.32989
0.18998
0
0
0
0.29661
0.16175
0
0.29094
0
0.11896
0.09397
0
0.0311
0
0.12353
0
0.32043
0
0.09206
0
0.12343
0
0
0.25535
0
0
0.1712
0
0
0.29676
0
0.12195
0
0
0.06387
0
0
0.30003
0.10005
0
0.221
0
0.12019
0
0
0.29934
0.29137
0.24454
0.0951
0
0.0332
0
0.29681
0
0.15614
0
0
0
0.06358
0
0
0.38987
0.22277
0
0.38874
0.25891
0
0.22224
0.29445
0.19935
0
0.31961
0
0
0.14203
0.25427
0
0.10261
0
0.13995
0
0.12353
0.08755
0.24263
0
0
0
0.18131
0.2867
0.19877
0.03432
0
0
0
0.1982
0
0.0874
0
0
0.18723
0
0
0.31945
0
0
0
0
0
0
0.0879
0
0.22312
0
0.10007
0.08679
0
0
0
0
0
0
0
0
0.10152
0
0
0
0.06539
0.12404
0
0
0.08759
0.11257
0
0.033
0
0.53459
0.32042
0
0.20375
0.1007
0
0
0
0
0
0.0879
0
0.18789
0
0
0
0
0
0.25155
0.03248
0.10369
0
0.2014
0
0
0.03345
0
0
0
0
0
0
0
0
0.08767
0.29364
0
0
0
0
0
0
0.09988
0.12063
0
0.19168
0.31824
0
0.08693
0
0.28922
0.21886
0.04167
0
0
0
0
0
0
0
0
0
0
0.27751
0
0
0.29069
0
0
0.09058
0
0.2912
0
0
0.10347
0.08692
0
0.18847
0.09118
0
0
0.1688
0.10048
0
0
0.09274
0
0.06212
0
0
0
0.02916
0
0
0
0.06576
0
0.10133
0
0.18722
0
0.21914
0.16538
0
0
0
0
0
0
0
0
0.15085
0
0.10035
0
0.37265
0
0.11906
0
0
0.29827
0.25832
0.09803
0
0.29769
0
0
0
0.12157
0.18795
0
0
0
0
0
0
0.09425
0.16234
0.0673
0.06601
0.09369
0
0
0
0
0.12016
0
0
0
0.0295
0
0.10112
0
0
0.26093
0
0
0.11681
0
0.11755
0.23564
0
0.03277
0.14142
0
0
0.16695
0
0
0.07698
0
0
0.19715
0.21909
0.06004
0.18873
0
0
0
0
0
0.03103
0
0.56464
0
0
0
0.0797
0.35924
0
0
0
0.09391
0
0
0
0.22097
0
0
0.09333
0
0.29303
0.03111
0
0
0
0.29204
0.10029
0.08729
0.21886
0.20153
0.03014
0.38933
0
0
0
0
0
0
0
0
0.09093
0
0.0415
0.06381
0
0
0
0
0.1353
0
0.38699
0
0
0
0.10025
0.03255
0.047
0
0
0
0
0.29198
0
0.08997
0
0
0
0
0
0
0.29365
0.18889
0
0
0.06434
0.06554
0
0
0
0
0
0.08834
0
0.09421
0.06609
0
0
0.2933
0.03159
0.09055
0.09535
0
0
0
0.06614
0
0.29359
0
0
0
0
0.09022
0
0
0
0
0
0
0
0
0
0.11948
0.08732
0
0
0
0
0
0
0
0
0
0.24272
0
0.21964
0.04736
0
0
0
0
0
0
0
0
0
0.17898
0
0
0
0
0.15503
0
0
0
0
0
0.13997
0
0
0
0
0
0
0
0
0
0.09293
0
0
0
0
0
0
0
0
0.09457
0.09061
0
0.09051
0.06523
0.13961
0
0
0.03237
0
0
0
0
0.38809
0.02923
0
0
0.13209
0.12238
0
0
0
0
0
0.03296
0
0
0.09089
0.18566
0
0
0.47897
0
0
0.06403
0
0
0
0.09424
0.09437
0
0.3187
0
0
0
0
0
0.14688
0
0
0.12478
0
0
0
0
0.44263
0
0.06732
0
0
0
0
0.31262
0
0
0
0.19793
0
0
0
0
0.12467
0.26087
0.06329
0.16653
0
0
0.18505
0
0
0
0
0
0
0
0.22
0
0
0
0
0
0
0
0
0
0
0.13708
0
0
0
0.0602
0
0
0.15785
0
0.15526
0
0
0.24535
0.28251
0.15483
0.09278
0
0
0
0
0
0
0
0.31913
0
0.25558
0.18425
0.08017
0
0
0
0.15719
0
0.09434
0.16496
0
0.02958
0
0
0
0
0
0.19705
0.08796
0
0
0.08832
0
0.20601
0
0
0
0.13884
0
0
0.08784
0
0.09249
0
0
0
0
0.07694
0.08675
0.2013
0.11652
0
0
0
0
0
0
0.27452
0
0
0
0
0
0.22032
0
0
0
0
0.30483
0.24561
0
0
0
0.08928
0
0.39918
0.32125
0
0
0.08745
0
0.18407
0
0
0
0
0
0.08851
0
0
0
0.08892
0.31758
0.08738
0
0.28748
0
0.38699
0
0.20161
0
0.03079
0
0
0.09759
0
0
0.02936
0.12871
0
0
0
0.28548
0
0
0.30091
0
0
0.14496
0
0
0
0
0
0
0
0
0
0.06035
0
0
0
0.06026
0.09424
0
0.02982
0
0
0
0
0
0
0
0
0
0
0
0
0
0.08821
0
0
0.03155
0
0.03205
0
0.2934
0
0.09571
0
0
0
0
0
0
0
0
0.0868
0.0962
0
0
0.2915
0
0.10891
0
0
0
0
0.08711
0
0
0
0
0
0
0
0
0
0
0
0
0
0
0.16183
0
0
0.09138
0
0
0
0
0
0
0
0
0
0
0
0.12965
0
0.4351
0.2853
0
0
0
0
0
0
0
0
0
0
0
0
0.19704
0
0
0
0.08769
0
0
0
0
0
0
0
0
0
0
0
0
0
0
0
0.18372
0.04191
0
0
0.08751
0.0901
0
0.18855
0
0
0
0
0.34825
0
0
0
0.03543
0
0
0
0
0
0
0
0.09396
0
0
0
0
0
0.19288
0.11929
0
0
0.06475
0
0
0
0
0
0
0
0
0
0
0
0
0
0
0
0
0
0
0.16371
0
0
0
0
0
0
0.13774
0.5581
0
0.44128
0
0.0888
0
0.21581
0
0
0
0
0
0
0
0.08822
0
0
0.03567
0.08774
0
0
0
0
0
0
0
0
0
0.16314
0.03232
0
0
0
0
0.09243
0
0
0
0.12632
0
0
0
0
0.14061
0
0
0
0
0
0
0.40896
0.30049
0
0
0.08831
0.1009
0
0
0
0.0882
0
0
0
0
0
0
0
0
0
0
0.0875
0
0.27686
0
0
0
0
0
0
0
0.09421
0
0
0
0
0
0
0
0
0
0
0
0
0
0.30133
0
0
0
0
0
0.2426
0
0
0
0
0
0
0
0
0
0
0
0
0
0
0
0
0
0.05879
0
0
0
0
0
0.1308
0
0
0.37696
0
0
0
0
0
0
0
0
0.26337
0
0.31767
0
0
0
0.10635
0
0
0.18782
0
0
0
0
0
0
0
0
0
0
0
0
0
0
0
0
0.10592
0
0.46295
0
0.12916
0.08836
0
0.08795
0
0
0
0.09904
0.09313
0
0
0
0
0
0
0
0
0
0
0
0
0
0.04143
0
0
0
0.08875
0
0
0.16973
0
0
0
0.10235
0.13227
0.44072
0.12012
0
0
0
0.08885
0.02984
0
0
0
0
0
0
0
0.03511
0
0
0
0
0
0
0.05876
0
0
0
0
0.65638
0
0
0
0
0
0
0
0
0.13081
0
0
0
0
0
0
0.19882
0
0
0.19705
0.08948
0
0
0
0.08908
0
0
0
0
0
0
0.18076
0
0
0
0.06681
0
0
0
0
0
0
0.12315
0
0
0.08689
0
0
0
0
0
0
0
0.06459
0
0
0
0.10737
0
0
0.0882
0
0
0
0
0
0
0
0
0.19881
0
0
0.13083
0
0
0
0.5285
0
0.28186
0
0
0
0
0
0
0
0
0
0.1024
0
0
0
0.05855
0
0
0
0
0
0
0
0
0
0.12692
0
0
0
0
0
0.09633
0.40757
0
0
0
0
0
0
0
0
0.03668
0
0
0
0
0
0
0
0
0
0
0
0
0
0
0
0.15818
0.38613
0
0.06376
0
0.08868
0.09247
0.08768
0.06717
0
0
0.09726
0
0
0
0
0
0
0
0
0
0
0
0
0
0
0.06536
0
0
0.09056
0
0
0.06723
0
0
0
0.38599
0
0
0.1028
0
0.09486
0.44748
0
0.07712
0
0
0.10955
0
0.12148
0
0
0
0.03286
0
0
0
0.44563
0
0
0
0
0.09193
0
0
0.08668
0.6504
0
0.0881
0
0
0
0
0
0
0
0.08829
0
0
0
0
0
0
0
0.43904
0
0
0
0
0
0
0
0.56659
0
0.08766
0
0
0
0.10974
0
0
0.42119
0
0
0
0.6528
0
0
0
0.05862
0
0
0
0
0.16973
0.69511
0
0
0.09362
0
0.08831
0
0.10965
0
0
0
0.1306
0
0
0.60534
0
0
0
0
0.6499
0
0.09691
0.09351
0
0
0
0
0
0.03157
0
0.16187
0
0.03128
0
0
0
0
0.10811
0.1413
0
0
0.40443
0
0
0.09917
0
0
0.13912
0
0
0
0.0334
0
0
0
0
0
0
0.0883
0
0
0
0
0
0.08816
0.0878
0
0.74622
0
0
0
0
0
0
0
0
0
0
0
0
0
0
0
0.03314
0
0
0
0
0
0
0
0
0.69408
0.20079
0
0
0
0.08785
0
0.11821
0
0
0
0.13031
0
0.09331
0
0
0.06721
0
0
0
0
0.28715
0.02938
0
0
0
0
0
0
0
0
0.09633
0.03163
0
0
0
0
0.09693
0.08754
0.29796
0
0.08743
0.02929
0.08821
0
0
0
0.09642
0
0
0
0.13889
0
0
0
0
0
0
0
0
0
0
0
0
0
0
0
0.08607
0
0
0
0
0
0
0
0
0.10126
0
0
0
0
0
0
0.10029
0
0.03971
0
0
0
0.05941
0.08798
0
0
0
0
0
0
0
0.08849
0.13155
0
0
0
0
0.44609
0
0
0.20406
0.10085
0.09556
0
0
0
0
0
0
0
0
0
0
0
0
0.09779
0.53412
0
0
0
0
0
0
0
0.08827
0.47273
0.60464
0
0
0
0.44422
0
0
0
0
0
0
0
0
0
0
0
0.04402
0
0
0
0.13329
0.1989
0
0.08874
0.83427
0
0
0.64972
0.5524
0
0
0
0
0
0.08904
0
0
0
0
0
0.08662
0
0.42608
0
0
0.04501
0.09409
0
0.06494
0
0
0
0.13119
0
0.10842
0.26387
0
0
0
0
0
0.06579
0
0
0.32109
0.28226
0
0
0
0
0
0
0
0
0
0
0
0.19619
0.35213
0
0
0.73303
0
0
0
0
0
0.11847
0.12901
0.34563
0.08651
0.10926
0
0
0
0
0.2795
0
0
0
0
0.71733
0.13339
0.08709
0.27662
0.03171
0
0
0
0
0
0
0
0
0.32649
0
0
0
0
0
0
0.03913
0
0
0
0
0
0
0
0
0.21254
0
0.08774
0
0
0
0
0
0
0
0
0
0
0
0
0.08878
0
0
0
0
0
0
0.08758
0
0
0
0
0
0
0
0
0.71731
0
0
0
0
0
0
0
0
0
0.56504
0
0
0
0
0.44309
0
0
0.03081
0.20375
0
0.09487
0
0
0
0
0
0
0.53547
0
0
0
0
0
0
0
0
0
0
0
0
0.24185
0.31375
0
0
0
0
0.08747
0
0
0.21617
0
0
0
0.09858
0
0
0.09282
0
0
0.08791
0
0
0.2846
0.10862
0
0.19532
0
0.12922
0
0
0
0
0
0
0
0
0
0.08729
0
0
0
0.34794
0
0
0
0.77286
0.08697
0
0
0
0
0
0
0
0.24156
0
0.09678
0
0
0
0
0
0
0
0
0
0
0
0
0
0
0
0.55891
0
0
0
0.02918
0.14555
0
0.08818
0
0
0.08785
0
0
0.09685
0.05912
0
0
0
0
0.0876
0
0
0
0
0.04326
0
0
0.35334
0.08768
0
0
0
0
0
0
0
0
0
0.08719
0.09361
0.3913
0
0.05873
0.08723
0.08948
0.08924
0.08752
0.08729
0
0
0
0
0
0
0
0.09821
0
0
0
0
0
0
0.21578
0.09221
0
0
0.08789
0.08767
0
0
0
0
0
0
0
0
0
0.80107
0
0
0
0
0.57913
0
0
0.08363
0
0
0.02929
0.56266
0
0
0
0
0
0.09885
0
0.08745
0
0
0
0.088
0
0
0.3912
0.08633
0
0
0
0
0
0
0
0
0
0.19706
0
0.04379
0
0.17073
0
0.20542
0
0
0.17035
0
0
0
0
0
0
0
0
0
0
0
0
0
0
0
0
0
0.09568
0
0
0
0.38322
0
0
0
0
0
0.28216
0
0
0.08863
0
0
0
0
0.09664
0
0.20438
0.03203
0.47444
0
0.03098
0.43954
0.12927
0
0
0
0.09413
0
0
0
0.2924
0
0.29646
0
0
0.19354
0
0
0
0
0
0
0
0
0
0
0.09373
0.12921
0
0
0
0
0
0
0
0
0.23542
0.17468
0
0.51972
0
0
0
0
0
0
0.24986
0.08745
0
0.26875
0.10832
0.0579
0
0.20092
0.06325
0
0
0
0
0
0
0
0
0
0
0
0
0.09716
0
0
0.19721
0
0
0
0
0.19764
0
0
0.44174
0
0
0
0
0
0
0
0
0.76438
0
0
0
0.79816
0
0.10781
0.7438
0
0
0
0
0
0
0
0.23793
0.17543
0
0.10043
0.2836
0
0
0
0
0.13371
0.0611
0
0.06496
0
0
0.43913
0
0
0
0
0
0.3024
0
0
0.24255
0.13469
0
0
0.34444
0.06497
0
0
0
0
0
0
0
0
0.09849
0
0
0
0
0
0
0
0.74457
0.5799
0
0
0
0
0
0
0
0
0
0
0
0
0
0.19806
0
0.29972
0.25535
0
0
0
0.24223
0.03075
0.09345
0
0
0.34676
0
0
0
0
0.13248
0.07925
0.12845
0
0
0.12956
0
0
0
0
0
0
0
0
0
0
0.09347
0
0
0
0
0
0
0
0.45413
0
0
0
0
0.08805
0
0
0
0
0.03322
0
0
0
0.02988
0
0
0
0
0
0
0
0
0.34853
0
0
0
0
0.19697
0
0
0.19338
0
0
0
0.029
0
0
0
0.09361
0
0
0
0
0
0
0
0
0
0
0
0
0.0937
0.08795
0
0
0
0
0
0
0.13053
0
0
0
0
0
0
0
0
0
0.06598
0
0.65221
0
0.30422
0
0.60181
0
0
0
0
0
0.02975
0
0
0.14703
0
0.2912
0
0.44576
0
0
0
0
0
0
0
0.06266
0.10934
0
0
0.03951
0.63064
0
0
0
0.1763
0
0
0
0.12767
0
0
0
0
0
0.06229
0
0.08722
0
0
0
0.09629
0.79981
0
0
0
0
0.09923
0
0
0.0877
0
0
0
0
0.1274
0
0
0.13071
0
0
0
0
0
0
0
0
0.08661
0
0.03166
0.38772
0.07518
0
0
0
0
0
0.59265
0.09564
0
0.3574
0.08932
0.43425
0
0
0.02993
0
0
0
0.09176
0
0
0.08802
0
0
0
0
0
0
0
0
0.3131
0
0.11001
0.14522
0
0
0.16714
0
0
0
0
0
0
0.1979
0
0
0.44251
0.34119
0
0
0.08802
0.19926
0.5069
0
0.03649
0
0
0
0
0
0
0
0
0.13061
0.55338
0
0.0397
0
0
0
0.02947
0
0.69694
0.21674
0
0
0.65478
0.19715
0.08921
0.15058
0.26082
0.12808
0
0
0
0
0
0
0
0
0
0
0.03194
0
0.13335
0
0
0
0.12727
0
0.13051
0
0
0
0
0
0.19933
0
0.0983
0
0
0
0
0
0
0
0
0
0
0
0
0
0.09359
0.57582
0.09852
0.03786
0.02772
0
0
0
0
0
0
0.08752
0
0
0
0
0.52285
0.19746
0
0
0
0
0.14536
0
0
0
0
0.44742
0.19988
0.26293
0
0
0
0
0
0
0
0
0
0.09546
0
0.12688
0
0.03256
0
0
0
0.09483
0
0.31878
0
0
0
0
0
0
0.10842
0
0
0.34636
0.1299
0
0
0
0
0
0
0
0
0.09261
0
0.09801
0
0
0
0
0
0
0
0.11782
0
0
0
0
0
0
0
0.03386
0
0
0
0
0.09336
0.09674
0
0
0
0
0
0.04204
0
0
0
0
0
0
0.08827
0.09556
0.03649
0
0.14419
0
0
0.14516
0
0
0
0
0
0
0.42169
0
0
0.78577
0
0
0
0.05927
0
0
0.07198
0
0
0
0
0
0
0.08253
0
0.08884
0.03753
0.44817
0
0
0.54476
0
0.12504
0.29038
0
0
0
0
0
0
0
0
0
0
0
0
0
0
0.0919
0
0
0
0
0
0
0
0
0.35609
0.0934
0
0
0
0.09697
0
0
0
0.30133
0
0
0.08961
0
0.08739
0
0
0
0.08861
0
0
0
0
0
0
0
0
0
0
0.04189
0
0
0
0.03258
0
0
0
0.03248
0
0.40563
0
0
0
0
0
0.08687
0.27011
0.31244
0
0
0
0
0.09668
0.08255
0.13175
0
0.13226
0
0.10956
0
0
0.7501
0
0.83636
0.08816
0
0
0.19844
0
0
0
0.57431
0
0
0
0
0
0
0
0
0
0
0
0
0
0.04201
0
0
0
0
0
0.34142
0
0
0
0
0
0
0
0.03062
0
0
0
0
0.93626
0
0
0
0.22856
0
0
0
0
0
0
0
0
0.88175
0.29326
0
0
0
0
0.12102
0.19706
0
0
0
0.12991
0
0
0.16604
0
0
0.09304
0
0
0
0
0
0
0.08824
0
0
0.13385
0
0
0
0
0
0
0
0.24555
0
0
0
0
0.19919
0
0
0
0
0
0
0
0
0
0
0
0
0
0
0
0.54765
0
0
0
0
0.124
0
0
0
0.08775
0.27988
0
0
0
0.03678
0
0.3486
0
0
0.57404
0
0
0
0
0
0.08734
0.1279
0
0
0
0
0
0.30996
0
0
0.4212
0
0
0
0
0
0
0
0.34711
0.02992
0
0.57143
0.08704
0
0.02985
0
0
0
0
0
0.19715
0
0
0
0
0
0
0
0
0.07835
0
0.20042
0
0
0
0.21393
0
0
0.09863
0.19711
0
0.56423
0.0877
0.65349
0
0
0
0.05814
0
0
0.4375
0.06006
0.0289
0
0
0
0.40849
0
0
0
0
0.10687
0
0.03154
0.71027
0
0
0
0.78579
0
0.03174
0
0
0
0.19791
0
0.13307
0
0
0.51115
0
0
0
0
0
0
0
0
0
0
0
0.09339
0
0
0
0
0
0
0
0
0.25706
0
0
0
0.09263
0
0
0
0.09483
0
0.19792
0.02993
0
0
0
0.08671
0
0
0
0
0
0
0.30413
0
0
0
0
0
0
0
0
0
0.09716
0
0.09707
0
0
0.03804
0
0
0.48999
0
0
0
0
0.08255
0
0
0
0
0
0
0
0
0
0
0
0
0
0.21384
0.38849
0
0
0.13012
0.64534
0
0
0
0
0
0
0
0
0
0.08288
0
0
0
0
0
0
0
0
0
0
0
0
0
0
0
0.21079
0
0.09733
0
0.09579
0.1958
0
0
0
0.03087
0
0
0
0
0.0974
0
0.03121
0
0
0
0
0
0
0
0
0.09584
0
0
0
0
0
0
0
0
0
0.03113
0
0
0
0
0.09474
0
0.837
0
0
0
0
0
0.8244
0
0
0
0
0
0
0
0
0.30991
0.36231
0
0.12535
0
0
0
0
0
0
0
0
0
0
0.87349
0
0
0
0
0
0.09755
0
0
0
0
0
0
0
0
0
0
0
0
0
0
0
0
0.14012
0
0
0
0
0
0
0
0
0
0
0
0
0
0
0
0
0.02906
0
0
0
0.31124
0.27201
0.19381
0
0
0
0
0
0
0
0
0
0
0
0
0
0
0
0
0.19757
0
0.19604
0.32998
0
0
0.69401
0
0
0
0.18732
0.11993
0
0.09734
0
0
0
0
0
0.19714
0
0
0
0
0
0
0.05958
0
0.09696
0
0
0
0
0
0
0
0
0
0
0
0
0
0
0
0
0
0
0
0
0.26871
0
0
0
0
0.08331
0
0
0.19573
0
0
0
0
0
0
0
0
0
0.2326
0
0.18599
0
0
0
0
0
0.09277
0.08372
0
0
0
0
0.46789
0
0.09284
0
0
0
0
0.0329
0
0
0
0.23239
0.11481
0
0.55898
0
0
0
0
0
0
0
0.06491
0
0
0.24316
0
0
0
0
0
0
0
0
0.19694
0.07245
0
0
0.19513
0
0
0
0.09439
0.09895
0.14731
0
0
0.10797
0
0.14147
0
0.08797
0
0.1183
0
0
0
0.31353
0
0.26538
0
0
0
0
0.02802
0
0
0
0
0
0
0
0
0
0
0
0
0
0
0
0
0
0
0.18415
0
0
0
0.24991
0.12912
0
0
0
0
0
0
0
0
0
0
0
0
0
0
0
0
0
0.09095
0.09287
0
0
0
0
0
0.37434
0
0
0
0
0
0
0.2416
0
0.18014
0
0
0
0
0
0
0.09763
0
0
0
0
0.19297
0
0
0
0
0
0
0
0
0
0
0.21564
0.13065
0
0.09615
0
0
0.32833
0
0.25069
0
0.15088
0
0
0
0
0
0
0
0
0
0
0.09766
0
0
0
0
0
0
0
0
0
0
0
0.29899
0
0
0
0
0
0
0
0.17579
0
0
0.13543
0
0.04357
0
0
0
0
0
0.12794
0
0.11821
0
0.66699
0.19657
0
0
0
0.19673
0
0.09144
0
0.0973
0.34668
0
0.08746
0
0.09709
0.24406
0.13912
0
0.3286
0
0
0
0.09744
0
0
0
0
0
0.09178
0
0
0
0
0.28268
0
0
0.31061
0.09667
0
0.08756
0.11214
0
0.18907
0.04126
0
0.14052
0
0
0
0
0
0
0
0.03086
0
0
0
0
0
0
0.2534
0
0.09625
0.31426
0.14205
0.19674
0
0
0
0
0
0.32681
0
0.02943
0
0
0.11701
0.09719
0
0.19403
0
0
0
0
0.09712
0.09557
0.11849
0.06167
0.04627
0
0
0.0983
0
0
0
0
0
0
0
0.39034
0
0
0.1194
0
0
0
0.09401
0
0.06149
0
0
0
0.09638
0
0
0.19674
0
0
0
0.13071
0
0.23423
0
0
0
0
0.11733
0.09494
0
0.09253
0
0
0
0
0
0
0
0
0
0
0
0.34047
0.09654
0
0
0
0
0
0
0
0
0
0
0
0
0
0.31235
0
0
0
0
0.08959
0
0
0
0.32735
0
0
0.64339
0
0
0
0.0913
0
0.12226
0.35871
0
0
0
0.09503
0
0.11718
0
0
0
0.09703
0
0
0
0
0
0
0.16256
0
0
0
0
0.06156
0
0.19719
0.12747
0
0.12389
0
0
0.07933
0
0
0
0
0.08786
0
0
0.09272
0
0
0.09705
0
0
0
0
0
0
0
0
0.09714
0
0
0.09162
0
0
0.06179
0
0
0
0
0
0.30723
0
0.1128
0
0
0
0.09793
0.28214
0
0.08304
0
0
0
0.08209
0
0
0
0.69196
0
0.02928
0
0
0
0
0.08391
0
0
0
0.09737
0
0.08731
0
0
0
0
0.098
0
0
0
0
0
0
0.31325
0.13388
0
0
0
0.18684
0
0
0
0
0.32907
0
0.03128
0.31049
0
0
0.08758
0
0.06267
0
0
0
0
0
0
0.09386
0
0.11722
0
0.28075
0.10769
0
0
0.10524
0
0.03012
0.12744
0.06274
0
0
0
0.3088
0.08828
0.28333
0.0845
0
0.08852
0
0.09251
0
0
0
0
0
0
0
0.05551
0
0.09563
0
0
0
0
0
0
0
0
0
0
0
0.09652
0
0
0
0
0
0
0
0
0
0.08699
0
0
0.09431
0
0
0
0
0.13116
0
0.19334
0
0
0.09651
0
0
0.08674
0
0
0
0.31428
0.1619
0
0
0
0.21403
0
0
0
0.09602
0
0
0
0.34564
0
0
0
0
0
0.1382
0
0
0.04031
0
0
0
0
0.19141
0.23222
0
0
0
0
0
0
0
0
0.31459
0
0.16151
0
0
0
0
0
0
0
0
0
0
0
0
0
0.09338
0.0887
0
0.14278
0
0.03482
0
0
0
0
0
0
0.10951
0
0.08739
0
0
0
0.34149
0.02859
0
0
0.18558
0.0958
0
0
0
0.08279
0.11677
0
0
0
0.19363
0
0
0
0
0
0
0
0
0
0
0.09304
0.24363
0
0.28818
0.29522
0
0
0
0
0.09664
0
0
0
0
0
0
0
0
0
0.06296
0.09736
0
0
0
0
0.10034
0.09855
0
0.0937
0.09828
0
0
0
0.0887
0
0
0
0
0
0
0.06403
0.06182
0.05327
0.19356
0
0
0
0
0.2449
0
0
0
0
0
0.09647
0
0
0
0
0
0.19918
0
0
0
0
0
0.34683
0.09628
0
0
0
0
0.19525
0
0
0
0
0
0
0.09339
0.12847
0.43389
0.11746
0.16196
0
0
0
0
0.12725
0
0
0.1909
0.25148
0
0
0
0.10113
0
0.03008
0
0.12017
0.03782
0
0
0
0
0.06455
0
0
0
0
0
0
0
0
0
0
0.14757
0.03339
0
0
0.09857
0.06196
0
0
0
0
0
0
0.09359
0
0.0943
0
0
0
0.17159
0.0859
0
0.19744
0
0.14412
0
0
0
0.09742
0
0
0
0
0
0
0
0
0
0
0
0
0.08643
0.02776
0
0
0
0
0
0.19817
0
0
0.29629
0
0
0
0.08665
0
0.3699
0.2193
0
0.20476
0
0
0
0
0.54856
0.09786
0
0
0
0
0
0.09363
0
0.09898
0.08607
0.09342
0
0.03318
0.09912
0
0
0
0
0
0
0
0
0
0
0
0
0
0
0
0
0.34442
0.06638
0.09841
0.08313
0
0
0
0.13817
0
0.27633
0.0882
0
0
0
0
0.09668
0
0
0
0
0.10173
0.19223
0
0
0
0
0.0963
0
0.05533
0
0
0
0
0.12725
0
0.1523
0.69121
0
0.19272
0.28601
0
0
0
0
0
0.06503
0
0
0
0
0
0
0
0
0
0
0
0
0
0.18846
0
0
0
0.16043
0
0.11234
0
0.10039
0
0.0971
0.08944
0
0.09908
0
0
0
0
0
0.03293
0
0.06634
0
0
0
0
0
0.11913
0
0
0
0
0
0.18081
0
0
0.31591
0
0.19471
0
0.09347
0
0.08612
0
0
0
0
0
0
0.04364
0
0.08735
0.52762
0
0.1291
0.0309
0.03317
0
0
0
0
0
0.11277
0
0
0
0
0.09223
0
0.09887
0
0.09647
0
0.1965
0
0
0.05615
0.19194
0.08348
0
0.09904
0
0
0.03213
0.1858
0.09751
0
0
0
0
0.09829
0
0
0
0
0
0.08254
0
0
0
0.34618
0
0.03384
0
0
0
0.11888
0.34564
0
0
0
0
0
0.03242
0.03774
0
0.0941
0.11989
0
0
0
0
0.0296
0
0
0
0
0
0.65351
0.09537
0
0
0
0
0
0
0
0.09359
0
0
0
0
0
0
0
0
0
0
0
0
0.08245
0.63972
0.0988
0.12718
0
0.30318
0
0
0
0
0
0
0
0
0
0
0.08447
0
0
0
0
0.03478
0
0
0
0
0.09305
0
0
0.19954
0
0.0663
0
0
0
0
0
0
0
0.03384
0
0
0
0.09402
0
0
0.06205
0
0
0.03488
0
0
0
0
0
0.19493
0
0
0.19347
0
0
0
0.09789
0
0.09682
0
0.06249
0.09301
0
0
0
0
0
0.11675
0
0
0.09851
0.50631
0
0
0
0
0
0
0
0.10215
0
0.64898
0
0.09674
0
0
0
0
0.19442
0.0658
0.08888
0
0
0.11424
0
0.09772
0
0.19782
0
0.08266
0
0
0
0
0
0
0
0
0.90246
0.06008
0
0
0
0
0
0
0
0
0
0
0.34236
0.04567
0
0
0
0.09915
0
0
0.09677
0
0
0
0
0
0
0.17984
0
0.10098
0
0
0.39143
0
0.28656
0
0
0
0
0
0
0
0
0
0
0
0
0
0.3227
0
0
0
0
0
0
0
0
0
0
0.09244
0
0.08822
0
0.19619
0.05315
0
0
0
0
0
0
0.08252
0
0.21712
0
0.22726
0
0
0.19682
0
0
0
0
0
0
0
0
0.09893
0.09439
0
0
0
0
0.0969
0
0
0
0.78335
0.10173
0
0
0.19367
0
0.09378
0
0.09825
0
0
0
0
0
0
0
0
0
0
0
0
0
0.04222
0.38842
0.18878
0
0
0.09239
0.28238
0
0.05925
0
0.52238
0
0
0.09753
0
0.63968
0.10125
0.08923
0
0
0
0
0
0.09833
0
0
0
0.12577
0
0
0.18215
0.19504
0
0
0
0.34209
0.62264
0
0.12757
0
0.39131
0
0
0.25051
0
0
0
0.20712
0
0
0.95539
0
0
0
0
0
0
0.09704
0.54215
0
0
0
0
0.26574
0
0
0
0.10171
0.80986
0
0.28395
0
0
0
0
0
0.49912
0
0
0.10045
0
0
0
0
0.0754
0
0
0
0
0.19299
0
0
0
0
0
0.20622
0
0.02782
0.11958
0.35392
0
0.11897
0
0
0
0.28191
0.09166
0.10001
0
0
0
0
0
0
0
0.02947
0
0
0
0
0
0
0
0
0.46304
0
0.30863
0
0.15272
0
0
0
0
0
0
0
0
0.1962
0
0.08948
0
0.08946
0
0
0
0.09893
0
0.1868
0.131
0
0
0
0
0.12792
0
0
0
0
0
0
0
0
0.08304
0
0.15174
0.2465
0
0
0
0
0.48307
0
0
0
0
0.19377
0.11544
0
0
0
0
0
0
0
0
0.05764
0
0
0
0
0.19532
0
0
0
0
0
0
0.19203
0
0
0
0
0
0
0
0.13013
0
0
0.08919
0.05958
0
0
0.37452
0
0
0
0
0
0
0
0.48089
0.06527
0
0
0
0.16226
0
0
0
0
0.39607
0
0.46007
0
0
0.24117
0.22559
0
0.12965
0.09837
0.04153
0.12606
0
0
0
0.23935
0.30391
0
0.09416
0
0
0.15854
0.2339
0
0
0.09901
0
0
0
0.19488
0.13071
0
0
0
0.43676
0.74891
0
0
0
0
0
0
0
0
0
0
0
0
0
0.1312
0
0
0
0
0
0.57561
0
0
0
0.59493
0
0.44085
0.4979
0.2032
0
0
0
0
0.18767
0
0
0.0333
0
0
0
0
0
0.12776
0
0.09753
0.1939
0
0
0
0.35235
0
0
0
0
0.10061
0.0598
0.61602
0
0
0
0
0
0.09819
0
0
0
0
0.349
0
0.4888
0
0
0.05871
0
0.22515
0
0.62814
0
0
0
0
0.1931
0
0
0
0.18727
0
0
0
0
0
0
0
0
0
0
0.08315
0.09275
0
0
0
0.19076
0
0
0
0.0333
0
0.27888
0
0.25028
0
0
0
0.03332
0.03253
0.09237
0.34828
0.08913
0
0.20787
0
0
0
0
0
0
0.11227
0
0
0.09319
0
0
0.2484
0
0
0
0
0
0.25129
0
0
0
0.46199
0
0
0
0
0
0
0.50621
0
0
0
0.03139
0.08791
0
0
0
0
0
0
0
0
0
0
0
0.09002
0
0
0.4054
0.49124
0
0.09177
0.65744
0.64391
0
0
0.16146
0
0.11295
0
0.18107
0
0
0
0
0
0
0
0
0.06075
0
0
0
0
0
0
0
0
0
0
0
0.34325
0.24992
0
0
0
0
0
0.18246
0.09815
0
0
0.28973
0
0
0
0
0
0
0.35765
0
0
0
0.18999
0
0
0
0
0
0
0.16635
0.4827
0
0.10604
0.27841
0.46384
0
0.22649
0
0
0
0
0.2267
0
0
0
0
0.21058
0.10124
0.0973
0.09274
0.31614
0
0.19294
0
0
0
0
0
0.25163
0.03308
0
0
0.08939
0.08727
0
0.19782
0
0
0
0.11255
0
0
0.23204
0
0.09975
0
0
0
0
0.39507
0.20238
0
0.08266
0
0
0
0
0.90244
0
0
0.49618
0.27696
0
0
0
0.62177
0
0.30849
0
0
0
0
0
0
0.08662
0
0.16689
0
0
0
0
0
0.24584
0
0
0
0.09329
0
0
0
0
0
0
0.20466
0.05334
0
0
0
0
0
0.68371
0.08722
0
0
0.24087
0
0
0
0.43871
0
0
0
0
0
0
0
0
0.68177
0.19294
0
0
0
0
0
0
0
0
0.14545
0.68038
0
0
0
0
0
0
0
0
0
0.11668
0.35408
0
0
0
0.22609
0
0
0
0
0
0
0
0.1844
0
0
0.18433
0
0.29955
0.11338
0
0
0.30797
0
0.08268
0.18468
0
0.13103
0.06473
0
0
0.02924
0
0
0
0.09299
0
0
0
0
0
0.31981
0
0.66384
0
0.0896
0
0.08395
0
0.09343
0.13167
0
0
0
0
0.09324
0
0.16593
0
0
0.58211
0
0.58382
0.0896
0.09711
0
0
0
0
0
0.09594
0
0
0
0
0
0
0.46709
0
0.12908
0
0
0.18435
0
0
0.56998
0
0
0.27967
0
0.09358
0.49658
0.08962
0
0
0
0.29702
0.19794
0.06278
0
0
0
0
0.08907
0
0
0
0
0
0
0.11532
0.60817
0
0.04116
0
0.19444
0.31788
0
0
0
0
0.10226
0
0
0
0
0
0
0.35416
0
0
0
0
0.03018
0
0.49044
0.07003
0.07835
0.03889
0.1302
0
0
0
0
0.0826
0.09328
0.35892
0.13807
0
0
0
0
0.08941
0
0
0.09202
0.08369
0
0
0
0
0
0.1377
0.46711
0
0.19016
0
0
0
0.16673
0
0
0.10992
0.65371
0.34591
0.37159
0
0.06913
0.08617
0
0
0
0.2808
0
0
0
0
0.06863
0
0
0
0
0
0
0.0965
0.09713
0.03436
0
0
0.32718
0.12855
0.11281
0
0.0995
0
0
0
0.03749
0.12483
0.24077
0
0
0
0
0
0
0
0
0
0
0
0
0
0
0
0.32686
0
0.03113
0
0
0.19241
0
0
0
0
0
0
0
0
0
0.196
0
0
0
0
0
0
0
0.39354
0
0
0
0.12558
0
0
0.21173
0
0
0
0.08675
0.19331
0
0
0
0
0
0
0
0.03786
0
0
0
0
0
0
0
0.04717
0.20205
0
0
0
0
0
0
0.11497
0
0.11956
0.15634
0.11562
0
0
0
0
0
0
0
0.69749
0
0
0
0
0.09302
0.10369
0
0.14441
0.31141
0
0
0
0.13008
0
0
0
0.11849
0
0
0
0
0.18282
0
0.35092
0
0.28401
0.23088
0.39162
0.10422
0
0
0
0.1076
0
0.11126
0
0.34542
0
0
0
0
0
0.13461
0
0.08415
0
0.19307
0.15829
0.14762
0.10109
0
0
0.06208
0
0.31953
0
0.32679
0.14379
0
0
0
0
0
0
0.15176
0
0.18199
0
0
0
0.0894
0.265
0.29299
0.43892
0
0
0
0
0
0.19449
0
0
0
0.31412
0.07374
0.09473
0
0
0.75142
0
0
0.03924
0
0
0.34315
0
0.28414
0
0.39208
0
0
0
0
0
0.03923
0
0
0
0.28538
0
0.60598
0.32189
0
0
0
0
0
0
0
0.31259
0
0
0
0.1057
0
0
0
0.15843
0
0
0
0
0
0
0.0894
0
0.21238
0
0
0
0.24591
0.13481
0
0
0
0
0.0904
0
0.09387
0.54148
0
0
0
0.0923
0
0
0
0.09283
0
0
0
0
0
0
0
0
0
0
0
0
0
0
0
0.16925
0
0
0.18365
0.18475
0
0.39059
0
0.15658
0
0
0
0
0
0
0.11682
0
0
0
0.09234
0
0
0
0
0
0.09348
0.09372
0
0.24733
0.09214
0
0
0
0.2569
0
0.35971
0
0
0.09312
0.18076
0
0.24631
0
0.11748
0
0
0
0.35746
0
0
0.19388
0
0.23195
0
0.10607
0.03737
0
0
0.34829
0.03059
0
0
0
0
0.18269
0
0
0
0
0
0
0
0.08364
0
0
0
0.08926
0
0
0
0.21736
0
0
0.1058
0
0.03737
0
0
0
0.14291
0.03108
0
0.18586
0.08806
0
0.10578
0.09156
0
0.09937
0
0.04792
0.10964
0
0.09796
0
0
0.0981
0.23778
0
0
0
0
0.08336
0
0
0.09689
0
0
0.12444
0.09021
0
0
0
0
0
0
0
0.0992
0.09397
0
0.09899
0.06221
0
0.06533
0.09385
0
0
0.12954
0
0
0.45171
0.15163
0
0
0.09781
0.09367
0.09744
0.19177
0.03488
0
0
0
0
0
0
0
0
0
0
0
0
0
0
0
0
0.09808
0
0
0.12897
0.0554
0.09541
0.09914
0
0
0
0.46485
0
0.04616
0.27303
0.21859
0.61801
0.12402
0
0
0
0
0.13172
0
0
0
0
0
0
0.10626
0.22525
0
0
0
0.14298
0
0
0
0.0289
0
0
0
0
0
0
0
0.13944
0.54222
0
0.37567
0
0.54139
0
0
0
0
0
0
0.09141
0
0
0.08518
0
0
0
0.09429
0
0.40941
0
0
0.04152
0
0
0
0
0
0
0.1892
0
0.04677
0
0
0
0.14021
0.0323
0
0
0.14635
0.11506
0
0.18481
0
0
0
0.1127
0
0
0
0
0.09392
0
0
0
0.14063
0.09259
0
0.15672
0
0
0
0
0.13215
0.0322
0.03054
0.17762
0
0.15237
0
0.1616
0
0
0
0.07028
0.09466
0
0.14518
0.08377
0.08693
0
0
0
0
0
0
0
0
0
0
0.14678
0.13022
0.79853
0
0.49833
0
0
0
0
0.06039
0
0
0
0
0
0
0
0.07499
0.08629
0.37816
0.04617
0.2895
0.19843
0
0
0.29106
0
0
0.1283
0
0.13447
0
0
0
0.2817
0
0
0.08408
0.09841
0
0.24705
0
0.0828
0
0.0288
0
0
0.10113
0
0
0
0
0
0.03384
0
0.3394
0.13159
0
0
0
0
0
0.27812
0
0
0.15851
0
0.11609
0.09398
0
0
0
0
0
0
0.0331
0
0.07832
0
0
0
0
0
0.10083
0.34631
0.27791
0.09007
0.17784
0
0
0
0.38246
0.03032
0.07875
0
0
0
0
0.18487
0
0.24867
0
0
0
0
0.04419
0.11148
0.26015
0.12921
0
0
0
0
0.12934
0
0
0
0
0.19611
0.0582
0.18769
0
0
0
0
0.32622
0.09169
0
0
0
0.06764
0
0
0
0
0
0
0
0
0.18243
0.08403
0
0
0
0.18835
0.12593
0
0
0
0.4042
0.19596
0
0
0
0.24651
0
0.16715
0.19012
0
0
0
0
0.08604
0.77299
0
0
0
0
0.23762
0
0
0.09854
0
0
0
0.41472
0
0.37463
0
0
0.12391
0.17792
0
0
0
0.09513
0
0
0
0
0.12751
0.09829
0.08369
0
0
0
0
0.09217
0
0.42615
0
0.27801
0.18864
0
0
0
0
0.11785
0
0.11835
0
0
0.23412
0
0.10077
0
0
0
0
0
0
0
0.18534
0
0
0.04148
0
0
0.09435
0
0
0.10078
0
0
0.38345
0
0
0
0
0
0
0
0
0
0
0
0
0.13047
0.06662
0
0
0.12881
0
0.09909
0
0.18084
0
0.09399
0
0
0.0995
0
0
0.1985
0
0.33366
0.06526
0
0.09942
0
0
0
0
0.08574
0
0
0
0
0.24899
0
0.05633
0
0.12804
0
0
0.86644
0.2807
0.09012
0
0.03076
0
0
0.09945
0
0
0
0.08613
0
0.15707
0
0
0.17601
0
0.09098
0
0.03405
0.09273
0.3216
0
0
0.18177
0.09305
0.04629
0.03365
0
0
0
0.28751
0.13139
0
0.12619
0.09073
0
0
0.65335
0.02817
0.06006
0
0
0
0
0.08522
0.05722
0
0.12586
0
0.12344
0.42583
0
0
0.03193
0.17389
0.08973
0.06694
0.19774
0
0
0
0.19287
0
0
0
0
0
0
0
0.10469
0.09051
0
0.0638
0
0
0.09049
0.17166
0.21912
0
0
0
0
0
0
0.13532
0.09852
0
0
0.0926
0
0
0
0.18156
0
0
0
0
0.09543
0
0
0
0
0.10098
0
0.24795
0
0.24112
0
0.17944
0.09219
0.31712
0
0.10468
0.09449
0.08267
0.4144
0
0
0
0.14538
0.18351
0.09226
0.09247
0.13732
0
0
0
0.12993
0
0
0
0
0
0
0
0
0
0
0.09863
0
0.14282
0
0.09324
0
0
0.18276
0.38377
0
0.03274
0
0.67756
0
0.28167
0.0965
0
0.0926
0.0839
0.09091
0.08374
0
0
0.10071
0
0
0.16791
0.09754
0
0.09863
0.31375
0
0.84931
0
0.13602
0.58247
0.18533
0
0
0.27721
0
0.10089
0.24288
0
0.2126
0.08683
0
0.42383
0
0
0
0
0.23139
0.14451
0
0
0.2917
0.08754
0
0
0
0
0.09051
0
0
0
0
0
0
0.17548
0.08798
0
0
0
0.39629
0.14764
0
0.21494
0
0
0.29804
0
0
0.19072
0.19809
0.09693
0
0
0
0
0
0
0.05866
0
0
0
0
0
0.10023
0
0
0
0
0.13604
0.09274
0
0.10768
0
0.34532
0.3879
0
0
0
0.10095
0
0.093
0
0
0
0
0
0
0
0
0.20341
0.38383
0
0
0
0
0
0
0
0
0
0.1247
0.28832
0
0
0
0.09664
0.07511
0.03354
0.10469
0
0
0
0
0
0.08429
0
0
0.19607
0
0
0.09262
0.23922
0.09768
0
0.10185
0.18443
0.09839
0
0
0.13087
0
0
0
0
0.20057
0
0
0
0
0.1462
0
0.13957
0.09642
0
0.14413
0
0.08201
0
0
0
0
0.0821
0.08703
0.18167
0
0.18623
0
0.14528
0
0
0
0.08787
0
0.18411
0
0.2332
0.08392
0.13645
0.16833
0
0
0.20066
0
0
0
0
0
0
0
0.13119
0
0
0.23561
0.35504
0
0.18648
0.05955
0
0.20621
0
0
0.10051
0
0
0.12651
0.12944
0
0
0
0
0
0.09583
0
0
0
0
0
0.09471
0
0.77806
0.10069
0.12972
0.18405
0
0
0
0
0
0.08217
0
0.02755
0
0
0
0.24509
0
0
0
0
0
0
0.13405
0
0
0
0
0
0
0.23038
0
0
0
0
0.08317
0
0
0
0.28611
0
0
0
0
0
0
0.12555
0
0
0.13639
0
0
0
0
0
0.15689
0
0.09219
0
0
0
0.18644
0.1162
0
0
0
0
0
0.05664
0
0
0
0
0
0
0.09196
0.08773
0
0
0
0
0
0.08579
0.09948
0
0.09816
0.09716
0.14148
0
0
0.09799
0
0.09438
0
0.18103
0.03687
0
0
0.42822
0
0.1632
0
0.10211
0
0
0.25949
0
0.17721
0
0
0.03322
0
0.10124
0
0
0.12662
0.28392
0
0.04507
0
0
0
0.16737
0
0
0.03774
0
0
0
0.10498
0.2771
0
0
0.33763
0
0
0.08562
0.24567
0.116
0.413
0.21393
0
0
0
0.20609
0
0.30002
0
0.09097
0
0.12747
0
0.02987
0
0
0.12791
0
0
0
0.2093
0
0
0
0
0
0.08957
0.10164
0
0
0
0
0
0
0
0
0
0
0
0.23112
0
0
0.18441
0.03064
0
0.15729
0
0
0
0
0
0.24306
0
0.03774
0
0
0.10047
0
0
0.65971
0
0
0.50468
0.28195
0
0.09345
0.24714
0
0
0.09459
0
0
0.31469
0
0
0.11546
0
0
0.15973
0.35623
0
0
0
0
0.11213
0
0
0
0.07392
0.39517
0
0
0.08405
0.13498
0
0.15204
0
0
0.10214
0.19846
0.05945
0.12831
0
0
0
0
0
0
0.0479
0
0
0
0
0.38317
0.11137
0.10238
0
0
0.09474
0
0
0
0
0
0
0.08642
0.09768
0
0
0
0
0
0
0.17695
0
0
0
0
0.37952
0.19156
0
0.0981
0
0
0
0
0
0
0.10098
0.08674
0
0
0.08224
0
0.21974
0
0.05619
0
0.35804
0
0
0.09914
0
0
0.0882
0
0.03414
0.23193
0
0.38578
0
0
0.09653
0.09276
0
0
0.21246
0.14535
0
0.08804
0.24424
0.09725
0
0.13176
0.10619
0.11801
0
0
0.09471
0
0
0.2314
0.09136
0
0.09931
0.40371
0.20528
0
0
0.13449
0
0.09079
0.10015
0.34667
0.09061
0
0
0
0
0
0
0
0.09572
0
0
0.23142
0
0
0.29614
0.0999
0
0
0
0
0
0
0.08804
0
0.14885
0
0
0
0.23302
0
0
0
0.20431
0
0
0.19317
0
0
0.09208
0
0.10046
0
0.10386
0
0
0
0
0
0.19234
0
0.14082
0.19075
0.3171
0.09292
0.21735
0
0
0
0
0
0
0
0.10709
0
0
0.24454
0
0
0.10101
0
0
0.07824
0
0
0
0
0
0.08573
0
0
0
0
0
0.68021
0
0
0.04597
0.10077
0.10621
0
0.19431
0.21098
0.18408
0.13042
0
0
0.04124
0
0
0
0
0.20676
0.1003
0
0.26688
0
0.03055
0
0
0
0
0
0.1878
0.1916
0.03202
0.13098
0
0
0
0.19875
0
0.19328
0.05887
0
0
0.13754
0.10017
0
0.06318
0.12671
0.1968
0
0.11734
0
0
0
0
0
0.21199
0.08981
0.22133
0.037
0
0
0
0
0.05959
0
0
0.23297
0
0
0.09693
0
0
0
0
0.26493
0
0.0355
0
0.09136
0
0
0.11822
0
0
0.37354
0
0.06266
0
0.09241
0
0.24398
0
0
0
0
0
0.22217
0
0.23252
0.10515
0
0
0.39698
0.31279
0
0.11488
0
0.08447
0.13128
0
0.09798
0
0
0.09744
0.18849
0
0
0.08309
0
0
0
0
0.12461
0.09176
0
0
0.06369
0
0.0335
0.29221
0
0.03911
0.10233
0.21746
0
0.18569
0
0
0
0.23449
0
0
0
0.12991
0
0
0.69692
0.13247
0
0.13147
0.12611
0.18417
0
0
0.31283
0
0
0.08615
0
0
0.37548
0.13952
0.17315
0
0
0.02802
0
0
0
0
0.20104
0
0.09296
0
0
0
0
0
0
0.09319
0.10856
0
0
0
0
0
0
0
0
0
0
0.10031
0.27856
0.05878
0.13946
0
0
0.24831
0.14248
0
0.09968
0.06778
0
0.08551
0
0
0.13565
0.09901
0
0.03527
0
0
0
0
0.1373
0.28112
0.29921
0
0.12976
0.09171
0.13718
0
0
0.10562
0
0.24788
0
0
0
0.11726
0.02789
0
0
0
0.09084
0
0.0931
0
0.40338
0.15013
0
0.10103
0
0.17923
0.09553
0
0.57582
0
0
0
0.15751
0
0
0
0.09915
0
0
0
0.10282
0
0
0
0
0
0.05719
0.10881
0.75691
0.10409
0
0
0.36365
0
0
0.09165
0.08833
0
0
0
0
0.12686
0
0.10124
0.09808
0
0.06627
0
0
0
0.03384
0
0
0
0.12818
0
0
0
0.14914
0
0
0.05452
0.14565
0
0.34007
0.11606
0.09085
0
0
0
0
0.08575
0
0
0
0.21513
0.13995
0.03773
0
0.09888
0
0
0
0
0
0
0
0
0
0.42456
0.21462
0.10664
0.09203
0
0
0.0303
0.03325
0
0
0.10612
0
0
0
0.08648
0.09306
0
0.09249
0
0
0.06711
0.12425
0.0916
0
0.18386
0
0
0.09116
0
0
0
0
0
0
0.09177
0.09712
0
0.32122
0
0.08456
0.30833
0
0.39392
0
0.24289
0
0
0.0458
0
0.15032
0
0.22087
0
0
0.1811
0.1477
0.19418
0
0.23098
0
0
0.08193
0.10177
0
0
0.13614
0.06566
0
0
0
0.12425
0.09555
0
0.13569
0
0
0
0.24418
0
0.17617
0
0
0
0.10464
0.10255
0.08713
0.19369
0
0.28103
0
0.3339
0
0.19466
0.09551
0
0.2402
0.07321
0.23234
0
0
0.18539
0
0
0
0
0
0
0
0
0
0.09715
0.19052
0
0.0479
0
0.17789
0
0.09723
0
0
0.09753
0
0
0
0.64808
0
0
0
0
0
0
0.14862
0.10479
0.18437
0
0.06869
0
0.08551
0.10095
0.10044
0
0.14243
0
0
0
0
0.10947
0
0.0676
0
0
0.1023
0
0.06185
0.27255
0.10071
0
0.08297
0
0
0
0.09783
0
0
0
0
0
0.09
0.08414
0
0.18774
0.24357
0
0
0
0
0
0
0
0
0.09806
0
0
0.16652
0
0
0
0.27838
0
0
0
0
0
0
0.06915
0
0
0
0.09734
0.09915
0
0
0
0.08386
0.1011
0.09694
0
0
0
0.10139
0
0.08879
0
0.09754
0
0
0.24596
0.06791
0
0
0
0.03486
0.12694
0.09306
0
0
0
0.06068
0.10322
0.23214
0.08446
0
0
0.02721
0
0.08295
0
0.13943
0
0
0
0
0
0
0
0
0.08378
0.20487
0
0.10091
0
0.19628
0
0
0
0
0
0
0
0
0.05684
0
0
0
0
0
0.09177
0.09279
0
0
0
0.03413
0.2641
0
0
0
0
0
0
0.03421
0
0
0.20252
0.10554
0.09132
0
0
0.19163
0
0.09027
0
0.08672
0.11059
0.12977
0.13794
0
0.10365
0
0
0.47013
0
0
0.06518
0.0622
0
0
0
0
0
0.05684
0.20668
0.09077
0.11155
0
0.06695
0
0
0
0
0
0
0.16466
0
0.34135
0
0.18497
0.03633
0
0.50421
0
0.09351
0
0.11038
0
0.246
0
0
0.09074
0
0
0
0
0.1369
0.1774
0.0978
0
0.20488
0.13185
0.09036
0.10537
0.20123
0
0
0
0.19558
0
0.08381
0
0
0.13857
0
0
0.08417
0.14595
0
0
0
0
0
0
0
0
0
0
0.08581
0
0
0
0.18503
0
0
0
0
0.10593
0.13364
0
0
0.31236
0.10684
0
0
0
0
0.10135
0
0.09831
0.13516
0.25933
0
0.19009
0
0.21726
0
0.07513
0
0.1294
0
0
0
0
0
0.08975
0
0
0
0
0
0
0
0.10349
0.34695
0
0
0.30034
0.03225
0
0
0
0
0.05753
0
0
0.30272
0
0
0.06058
0.09065
0
0.09826
0
0.09353
0
0
0.18747
0
0.13913
0.13178
0.1472
0
0
0
0
0
0.08547
0
0
0
0.10346
0
0
0
0
0.10397
0
0
0.16151
0
0
0.13529
0
0
0
0
0
0
0
0.13496
0.31256
0.04514
0.03429
0.09768
0
0.20052
0
0
0.23386
0
0
0
0
0
0
0
0
0
0.03377
0
0
0
0
0
0
0
0.1461
0
0.2275
0
0.03217
0
0
0.24567
0
0
0
0.03523
0
0.09418
0.0991
0
0
0
0
0
0
0.11608
0
0
0
0
0.22065
0
0.10389
0
0
0
0
0.29025
0.0987
0.0979
0.1622
0.08976
0
0.09331
0
0.18857
0
0.15101
0
0
0.22595
0
0
0
0
0
0
0
0.09247
0
0.15887
0
0.09302
0.26167
0
0
0
0
0.17424
0.11728
0.08987
0
0
0
0.07118
0
0
0
0.07857
0
0
0
0
0.10315
0
0.18702
0
0.33612
0
0
0.26751
0
0
0
0.21704
0
0
0
0
0
0.22988
0
0
0
0
0
0
0
0
0
0
0
0
0
0
0.18784
0.10321
0
0.09348
0.14401
0
0
0.1308
0
0.02731
0.08973
0
0
0
0
0
0
0
0.0858
0
0.10729
0
0
0.09039
0.09904
0
0
0
0.10204
0.09224
0.1044
0.24717
0
0.17689
0
0
0
0.21864
0
0
0.10007
0
0.05749
0
0
0
0
0
0.09397
0.10773
0
0.03538
0
0.08983
0.27587
0
0
0
0
0.21615
0.10451
0
0
0.05745
0
0.08952
0
0.10877
0
0
0.15956
0
0
0
0
0.08546
0.23091
0
0
0
0
0
0.12532
0.0327
0
0
0
0.58804
0
0
0.10759
0
0
0
0.09202
0
0
0
0
0
0
0.05948
0
0.02811
0
0
0
0
0
0.32717
0.03029
0
0
0
0
0.09225
0.11757
0.03161
0
0.09514
0
0.04418
0
0
0.13049
0.24476
0.10091
0
0.10914
0.14407
0.08236
0
0.02804
0
0
0
0.24286
0
0.09023
0.22762
0
0.24925
0
0.1245
0
0.09925
0.10273
0
0.24346
0.21798
0
0
0.25472
0.10728
0
0
0
0.10303
0
0
0
0
0.09216
0.32429
0
0.14719
0
0
0.0912
0
0.03038
0.03169
0.15862
0.08957
0
0.10069
0.03603
0.08466
0.12488
0
0.24074
0.13051
0
0.21425
0
0
0.10648
0
0
0
0
0.06228
0
0
0
0
0
0.08387
0.09637
0
0.2079
0.27666
0
0.10781
0.069
0.2076
0
0
0.21272
0.10642
0.09148
0.10031
0
0
0.2225
0
0
0
0.12592
0
0
0
0.08341
0.09114
0
0.46446
0.06094
0.03603
0.51878
0
0.10294
0
0
0
0
0
0
0
0
0
0.08945
0.03386
0
0
0
0
0
0
0.1344
0
0.09415
0.09484
0
0.08967
0.09343
0
0.13394
0
0
0
0
0.10517
0
0.10599
0.15962
0
0
0.09295
0
0.06434
0
0
0.02876
0
0
0
0.16664
0.18187
0
0
0.0984
0.09828
0.2197
0.06683
0
0
0.14398
0.08478
0
0.34355
0.18619
0.09393
0.1351
0
0
0
0
0
0
0.12648
0.09251
0.09655
0.09703
0.2912
0.03366
0.09231
0.06058
0
0.08316
0.1078
0
0
0
0
0
0.18286
0
0
0
0.03466
0
0
0.0461
0.03429
0
0.1899
0
0
0
0
0.06448
0.2515
0
0.29304
0
0.0652
0
0
0.14394
0
0.09296
0.14657
0.08831
0
0
0
0
0
0
0.19711
0
0
0.0956
0
0
0
0.24828
0
0.1017
0.1008
0.11418
0.34614
0.18757
0
0
0.12313
0
0.28696
0
0.20565
0
0
0
0
0
0.03109
0.10737
0
0
0
0.20956
0
0.15119
0
0.03583
0
0
0.18813
0
0
0
0
0
0
0
0
0.04605
0
0
0
0.10241
0
0
0
0.0857
0.09974
0.14276
0.1117
0.13168
0
0
0.17889
0
0.13357
0
0
0
0
0.13156
0.04778
0.06474
0.09262
0.10916
0
0
0.21671
0
0
0.10705
0
0.09531
0
0
0
0
0.02844
0
0.31835
0.29323
0
0.19132
0
0
0
0.09153
0.13056
0
0.1356
0
0.09157
0.09987
0.09431
0.24679
0.24635
0
0.18913
0
0.18626
0
0.34638
0.08779
0
0.10728
0.13187
0
0.09896
0
0
0.10648
0.11705
0.13367
0.12966
0
0.16874
0
0.06796
0
0.31829
0
0.08339
0
0.08514
0
0
0.09587
0.07446
0.1122
0
0
0
0
0.13151
0
0
0
0
0
0
0
0
0
0.10022
0.19362
0
0.3958
0
0
0.09302
0
0
0.29268
0.10703
0
0
0.08404
0
0
0
0
0
0.19478
0
0
0.0282
0
0.09232
0
0
0.0858
0.08801
0
0
0.09234
0
0
0
0.0854
0
0.11254
0
0
0
0.03396
0
0
0.13504
0
0
0
0.0313
0
0
0.05647
0
0
0
0
0
0
0
0.1123
0
0
0.09977
0
0.0824
0
0
0
0.11286
0.13377
0
0
0
0.2364
0.15407
0.09636
0.23667
0
0
0.1865
0
0
0
0.09735
0
0.1392
0
0.08509
0.13348
0
0
0.23648
0
0
0.09911
0
0.13184
0.03359
0
0
0
0.14266
0
0.03552
0.13324
0
0
0.15627
0.24704
0
0
0
0
0.0323
0
0.08821
0.09183
0
0.06854
0.08597
0
0.10006
0.10612
0.08772
0
0
0
0
0
0.24861
0.18126
0
0
0
0.09886
0
0
0.04561
0.04529
0
0.11186
0.13967
0.09261
0.14422
0
0
0.10224
0
0
0
0
0.1487
0.26914
0
0
0
0
0.10239
0
0
0.24724
0.25165
0
0
0
0.06381
0
0
0
0.09858
0.09343
0
0.13064
0
0.09206
0.23453
0.05758
0.09378
0
0.10654
0.209
0
0
0
0
0
0.21705
0
0
0
0
0
0.26512
0
0.13289
0.04581
0
0
0
0
0.2064
0
0
0.09138
0
0
0
0
0
0
0.06843
0.1769
0.10456
0
0.0973
0
0
0
0
0.08474
0.23261
0.13787
0
0
0.09962
0
0
0.19711
0
0
0
0
0
0
0.13965
0
0.1027
0.09701
0
0
0
0
0.10298
0
0
0
0
0
0
0.09171
0
0.10078
0.13036
0.09207
0.09358
0
0
0.18983
0.09762
0
0
0.03231
0
0.09853
0.22053
0.09379
0
0.10466
0
0.19881
0
0.08575
0
0
0.03267
0
0.61941
0
0
0.19127
0.09024
0
0.09247
0.3742
0.1307
0.19981
0.19981
0
0
0
0.03423
0
0.09978
0
0.06117
0
0.03372
0.06426
0
0
0.13207
0.19976
0
0.10065
0
0.08527
0.11519
0.08366
0
0
0
0.23695
0.26235
0.11551
0
0
0
0
0
0.08559
0.13173
0
0
0
0.10877
0.12302
0.11167
0.09299
0
0
0
0.23256
0
0
0.0327
0.13584
0.06165
0.08587
0.09206
0
0
0.10382
0.11615
0.11139
0
0.14592
0.13551
0
0
0
0
0
0
0.09084
0
0.08593
0
0.09932
0.1243
0.13849
0.06514
0
0
0
0
0.14737
0
0
0.09269
0
0.06318
0
0.18896
0
0
0.09601
0.27717
0.12404
0
0
0.09228
0.13581
0
0.09234
0
0
0
0
0
0
0.13193
0.20462
0
0.1035
0.02779
0
0.13432
0
0
0.18888
0.06455
0
0
0.06605
0
0
0
0.22936
0
0.17896
0
0.18834
0.23735
0
0.0854
0
0
0.10489
0
0
0
0
0
0.09674
0
0
0
0
0.19633
0
0
0.10406
0.10518
0
0
0
0
0
0.09295
0.09903
0
0
0.28716
0
0
0
0.23649
0.08737
0
0
0
0.19767
0
0
0
0
0
0
0.13871
0
0
0.06156
0.1139
0.2174
0
0.09236
0
0
0
0.08315
0
0.09075
0
0
0.0663
0.09718
0
0.09228
0
0.16517
0
0.13832
0.13502
0.22807
0
0.09245
0
0.16231
0
0
0.09066
0
0
0
0.1566
0.10549
0
0
0.1054
0.106
0
0
0
0
0
0
0.06701
0
0
0.09256
0
0.1453
0
0
0.12968
0
0.18951
0.08384
0
0
0.04366
0
0
0.13499
0.28131
0
0
0
0.13539
0
0.08358
0
0
0.11516
0.12938
0
0.08295
0
0
0
0.12877
0
0
0.13028
0
0
0
0
0.06711
0.03607
0
0.28189
0.1679
0.1368
0
0
0
0
0.10001
0.21891
0
0
0
0.13412
0.20064
0.14855
0
0.18499
0.24893
0.10512
0.03345
0.10053
0.39353
0
0.08194
0
0.09067
0
0.08707
0
0.03927
0
0
0.20445
0
0.0616
0.19122
0
0.08537
0
0
0.08316
0.15683
0
0
0
0.10673
0
0
0.03299
0.09809
0.19424
0
0
0
0.10065
0
0.23126
0
0.13331
0
0.07414
0
0.23042
0
0
0
0.13362
0.12541
0.13768
0.09146
0.12985
0
0.10109
0.06443
0.04549
0.18942
0
0
0.10532
0.08547
0
0
0
0
0.06731
0
0
0.14816
0
0.06112
0
0
0
0.10292
0
0
0.1391
0
0.19148
0.09433
0
0.13877
0.26219
0.20665
0.06204
0
0.09672
0
0.13954
0
0
0
0.15963
0
0
0
0.18411
0
0.08484
0.24878
0
0
0
0
0.09881
0
0
0.34651
0
0.20209
0
0
0
0
0
0
0.13419
0
0.13961
0
0
0
0.13438
0
0
0.2265
0.19993
0
0
0.04567
0.14596
0.14609
0
0
0
0.24779
0
0
0
0
0
0
0
0.09128
0.06918
0
0.09766
0.1249
0.13205
0
0
0
0
0
0.13941
0
0
0
0
0
0
0
0
0
0.06343
0.24036
0.39065
0.24594
0
0.13866
0
0.04284
0
0
0
0
0
0
0
0
0
0.11682
0
0
0
0.37879
0.09579
0.17799
0.09277
0
0
0
0.0959
0.25023
0.09236
0
0
0
0
0
0
0.03096
0
0
0
0.22922
0.03512
0.14446
0
0.22989
0
0.09404
0
0.18234
0.24729
0
0
0
0.29293
0
0
0
0
0
0
0.09123
0.10859
0
0.17894
0.09816
0
0
0.09902
0
0
0
0
0.09917
0.25856
0
0.09269
0.12886
0
0
0
0
0.14134
0.23625
0
0.21642
0
0.09391
0
0
0
0.13546
0
0.09356
0.17521
0
0
0.08567
0.14448
0
0
0.19724
0
0
0.13633
0
0
0
0
0
0.14433
0
0
0
0.3374
0
0
0.1279
0.09692
0
0
0
0.32051
0.13829
0
0
0
0
0
0.38766
0.13051
0
0
0
0
0.09227
0
0
0
0.13166
0
0
0
0
0.26994
0
0
0
0.09496
0.17803
0
0.14007
0.18755
0
0
0
0.14081
0.08948
0
0.0924
0
0
0.13455
0
0
0.1082
0
0
0.13709
0.26998
0
0
0.34762
0.25094
0.1833
0
0.27476
0
0
0
0
0
0.0923
0
0.14879
0.17851
0
0
0.27441
0
0
0
0
0
0
0.26824
0.0922
0.10905
0
0.18798
0
0.34634
0.26917
0
0.34726
0.09248
0.11428
0
0
0.15656
0
0
0.13256
0.27467
0
0
0.07247
0.14064
0.13877
0.16433
0
0.08966
0.1861
0.10914
0.2129
0
0
0.0622
0
0
0.11356
0
0.11649
0.19112
0.09065
0
0
0
0.10851
0
0
0
0
0
0.14286
0
0.10532
0
0
0.24795
0.16116
0
0
0.0855
0.064
0
0
0.09838
0
0.14579
0.18833
0
0
0.26977
0.16152
0
0.08901
0
0
0
0
0
0
0.06716
0.06729
0
0
0
0.08761
0
0.10063
0.20723
0.09018
0
0
0
0
0.19595
0.0898
0
0
0.08948
0
0.37817
0
0.14618
0.33018
0
0
0
0.13889
0.30012
0
0
0.34758
0
0
0
0.11443
0.02864
0.09214
0
0
0.09187
