0
0
0
0
0
0
0.18074
0
0.04986
0
0
0.0428
0
0
0.6523
0
0
0
0.05154
0
0.0217
0
0.06927
0
0
0
0.17634
0.06877
0.06753
0
0
0
0
0.07354
0
0
0
0
0.06659
0.12122
0
0.06568
0
0.06251
0
0
0.10563
0
0
0
0
0
0.06862
0.06444
0
0
0
0
0
0
0
0
0
0
0
0
0
0
0
0.06916
0.20712
0.29023
0
0
0
0
0
0
0
0
0
0.03842
0
0
0
0.06829
0
0.08857
0
0
0.03571
0
0.06955
0
0.05783
0.48213
0
0
0
0
0
0
0
0
0
0
0.48789
0
0
0
0
0.13688
0
0
0
0
0
0
0.06518
0
0
0
0
0.02211
0.28399
0
0.06694
0
0
0.15399
0
0.10868
0
0.06599
0.20677
0
0
0.13634
0.12215
0.07116
0.06766
0
0
0
0
0
0
0.06571
0
0.34189
0.07849
0
0.0814
0
0
0
0
0
0
0
0.01834
0.18184
0
0
0
0
0
0
0
0
0.25266
0
0
0
0.06941
0
0.07263
0
0.07686
0.07365
0.07078
0.11819
0
0
0.02182
0
0.07354
0
0.04413
0.40121
0
0
0.10804
0
0
0
0.04727
0
0
0
0
0.07993
0.39181
0
0
0.05772
0
0
0
0.05348
0
0
0
0
0
0
0.27985
0.06674
0
0.12434
0.12789
0
0
0
0
0
0
0
0
0
0.10767
0.0694
0.09436
0.06897
0.20573
0
0
0.0679
0
0.04192
0
0.06913
0
0
0.06786
0.16289
0
0
0
0
0
0
0
0
0.074
0
0
0
0.05223
0
0
0
0
0
0.14566
0.13435
0
0
0
0
0
0.14409
0
0
0
0.3136
0
0
0
0
0.06416
0
0
0
0
0
0
0
0
0
0
0
0
0.07019
0
0
0
0
0
0
0
0.42565
0.03389
0
0.06668
0
0
0.40218
0
0
0
0.12115
0.10749
0.30431
0
0
0
0
0
0.08062
0
0.05509
0
0
0.06181
0
0
0.47859
0.78085
0
0
0
0
0
0
0.02295
0
0
0
0
0
0
0.05236
0
0.052
0
0
0
0
0
0.20027
0.11927
0.08275
0.06754
0
0.07403
0
0
0
0
0
0
0
0
0
0
0
0
0.06113
0
0.05464
0.08773
0
0
0
0
0
0
0
0
0.06637
0
0
0
0
0.71646
0
0.06849
0
0
0
0
0.17277
0.23462
0
0
0.18456
0
0.36949
0
0.07631
0
0
0.55995
0
0.07153
0.10486
0
0
0.06455
0.2002
0
0.07706
0.03459
0
0
0.19727
0
0
0
0
0.066
0.06292
0
0
0.12458
0.20406
0
0
0
0
0
0
0
0.07546
0
0
0.1073
0.85777
0.39377
0
0
0
0.05064
0
0
0.06804
0
0
0
0
0
0
0
0
0.06461
0
0
0.07987
0.04536
0
0.06
0
0.03647
0
0
0.06522
0.09598
0
0.17738
0
0
0.07356
0.10433
0
0
0
0
0
0
0
0
0
0
0
0
0.14269
0.09611
0
0
0.14204
0.05401
0
0
0.06617
0
0.13168
0
0
0
0
0
0.0882
0.02298
0
0.04358
0
0
0
0
0
0.06372
0
0
0
0
0
0
0
0
0
0
0.05723
0
0
0.06993
0.06726
0
0
0.0581
0
0.08578
0.27399
0.0687
0
0.1062
0
0.01981
0.0725
0
0
0.06648
0.14563
0
0
0
0
0
0
0
0
0.06571
0
0
0
0
0
0
0.07308
0
0
0
0
0
0
0
0
0
0.12502
0
0
0
0
0
0
0.07473
0
0
0
0.05326
0
0.13316
0
0.15416
0
0
0.06881
0.05312
0
0
0.04394
0
0
0.09877
0
0
0
0
0
0
0.03857
0.13354
0
0
0.05376
0.06468
0.06823
0.09081
0.13108
0.06641
0
0
0
0
0
0.12553
0
0
0
0
0
0
0
0
0
0.06461
0
0.01916
0.11751
0
0
0
0.01798
0
0
0
0.06692
0
0
0
0.07678
0
0
0
0
0.26023
0
0.22321
0.06977
0
0
0
0
0.1177
0.57135
0.06605
0
0.04451
0
0.01815
0
0
0.05229
0.01667
0.04759
0
0.03571
0
0.08007
0
0
0
0
0
0
0.04581
0.17393
0.12678
0.29976
0.11936
0
0
0.05135
0.40654
0
0
0.04525
0
0
0
0
0
0
0
0.18512
0.01707
0
0.21143
0.23855
0
0.08148
0.07106
0.13432
0
0
0
0
0
0
0
0
0.07508
0
0
0
0
0
0
0.05354
0.05467
0
0
0
0.15562
0
0
0.38141
0
0
0.06907
0
0
0.07388
0.20833
0
0.04404
0
0
0
0
0.06499
0
0
0
0
0
0
0
0
0
0.08977
0
0
0
0
0
0
0.13181
0
0
0
0.07076
0.06046
0
0
0
0
0
0
0
0
0.07282
0
0
0.5646
0.04422
0
0.1419
0.20956
0.05316
0
0.1354
0.01746
0
0
0
0
0
0.1633
0
0.06322
0
0
0
0
0.24196
0.06393
0.27837
0.47329
0
0
0
0
0
0
0.35204
0
0.08072
0
0
0
0.05279
0.07422
0
0
0.04278
0
0
0
0
0
0.53735
0
0.56496
0.06419
0
0
0.10949
0.17747
0.25179
0
0
0
0
0.05114
0.0682
0
0
0
0
0.022
0
0
0
0
0
0
0
0
0
0.20693
0
0.02137
0
0.1476
0
0
0
0
0.3568
0.24987
0
0
0.07003
0.18041
0
0
0
0
0.0636
0.24617
0
0.05375
0
0
0.02689
0.10911
0
0.05905
0
0
0
0
0
0
0
0
0
0
0.05811
0
0
0
0
0.1078
0
0
0.06802
0.06767
0.05103
0
0
0
0.04434
0.022
0
0
0.08858
0.12994
0
0.06483
0.06486
0.0349
0
0.11532
0.3306
0.01713
0
0.05045
0
0.17797
0.56318
0.07438
0
0
0.07088
0
0.10431
0
0.06797
0
0
0.21295
0
0.07196
0
0
0
0
0
0
0.60644
0
0
0
0.14444
0
0
0.06095
0
0
0
0.045
0
0
0
0
0
0
0
0
0.19652
0.29394
0
0
0.19259
0.56827
0.06611
0.14591
0
0.39932
0.05165
0
0.61998
0.06823
0
0
0
0.10821
0
0.05316
0
0
0.35419
0
0
0
0
0
0
0
0
0
0
0
0
0.36634
0.01818
0
0.32314
0.07098
0
0
0
0
0
0
0
0.08854
0.20329
0
0.25194
0
0
0.06373
0
0
0
0.26265
0
0
0
0
0
0
0
0
0
0.0658
0.06754
0.1363
0
0
0
0
0
0.07519
0
0
0
0
0
0
0.05599
0
0.06623
0.03621
0
0.07374
0
0
0
0
0.11571
0.52222
0
0.76006
0
0
0
0
0
0.17906
0
0
0
0.06742
0.14137
0.04627
0.12583
0.05104
0
0.05425
0
0
0
0
0
0.14435
0
0
0.11566
0
0
0
0
0
0
0
0
0.07529
0.05395
0
0.15882
0
0
0
0.06747
0.19103
0.06697
0
0
0.04709
0
0
0
0.07328
0
0
0
0
0
0
0.06042
0
0
0
0.05814
0
0
0
0
0.09426
0
0
0
0
0
0.27399
0
0
0
0
0
0
0
0
0
0
0.25912
0.06562
0.11192
0
0
0
0
0
0.06881
0
0
0
0
0.10946
0
0.10206
0
0
0
0.04541
0.07552
0.06948
0
0
0
0.15388
0
0
0
0
0
0
0
0
0
0.19426
0.45466
0.07513
0.06598
0
0
0
0
0.21263
0.06633
0.06806
0.06472
0.14245
0
0.12515
0.19425
0
0
0
0
0
0
0.06111
0
0.0187
0.02422
0.38036
0
0
0
0
0
0
0
0
0.03662
0.05061
0
0.05231
0.11694
0
0
0
0
0
0
0
0
0
0
0
0.20445
0
0
0
0
0
0
0
0
0
0
0
0
0
0
0.0782
0
0
0
0
0.04313
0.19101
0
0
0
0
0.01779
0.32756
0
0
0
0
0
0.06069
0
0.17748
0
0
0.06663
0
0
0
0.06145
0
0.2423
0
0
0.06913
0.13719
0
0.06763
0
0
0
0
0
0
0
0
0.04373
0.06435
0
0.04279
0.06804
0
0.1511
0
0
0.22101
0
0
0
0
0
0
0
0
0
0
0
0
0
0
0.21346
0
0
0.05198
0.07133
0
0.16932
0.02265
0
0
0
0.06845
0
0.64768
0
0
0.0587
0
0.0677
0.19489
0
0.02299
0.22041
0
0
0.12183
0
0
0
0
0
0.05236
0.40979
0
0
0
0
0
0
0
0
0.06369
0.29959
0
0
0.18179
0.10147
0
0
0.12997
0
0.06643
0
0.09931
0
0
0.06902
0.35292
0
0
0
0.04484
0
0.11096
0.42378
0
0
0.2797
0
0.06927
0
0.33751
0
0
0
0.07004
0
0.11275
0.11186
0
0
0
0.06551
0
0.05775
0.13328
0.06886
0
0
0
0
0.10449
0
0
0
0
0
0.02161
0
0
0
0
0
0.02749
0.05887
0.10569
0
0
0
0
0
0.56985
0
0
0.67578
0
0
0
0.0538
0.28079
0
0.11203
0
0.05472
0
0
0
0
0
0.06686
0.06683
0
0.03658
0.06435
0
0.23081
0.06429
0
0
0
0
0
0.64521
0.01795
0
0.08808
0
0.0361
0.10788
0
0
0
0
0
0
0
0
0
0
0
0
0.05209
0.23473
0
0
0.55769
0
0
0.17062
0
0
0
0.14838
0
0
0.06493
0
0.01743
0
0
0
0
0
0
0.25262
0.10098
0
0
0
0
0
0.04278
0.08127
0.06587
0.39872
0
0.07092
0.19367
0
0
0.35723
0.06799
0
0.14457
0
0.02313
0
0
0
0
0.07103
0
0.06505
0.05775
0
0
0
0
0.21821
0
0
0
0.31136
0.06678
0.0748
0.14083
0.06976
0
0
0
0.05516
0
0
0.05179
0
0
0
0
0
0
0
0.30285
0.11847
0
0
0
0
0
0
0
0
0.10103
0
0
0
0
0
0
0.20438
0
0.06847
0
0
0.13618
0.01757
0
0.01927
0.24297
0
0.13812
0
0
0
0.06721
0
0
0
0
0
0
0
0
0
0.12607
0.81157
0.5041
0
0
0
0
0.0218
0
0
0
0.15911
0
0
0.05463
0.36343
0
0.06426
0
0
0
0
0
0.14936
0
0.07564
0
0.06264
0.0544
0
0
0.01701
0
0.07149
0.03462
0
0.16421
0
0.02276
0
0
0
0
0
0
0
0
0
0
0.16969
0.27028
0
0
0
0.14614
0
0
0.0706
0
0
0.82681
0.06136
0
0
0
0
0
0
0
0.14406
0
0.06123
0
0.23362
0.0917
0
0
0
0
0
0.0669
0
0
0
0
0
0.11774
0
0
0
0
0.0826
0
0.06867
0
0.06636
0
0.2581
0.07023
0
0
0
0
0
0.06648
0
0.06622
0
0
0
0
0.06501
0.24687
0.16138
0
0
0.07011
0
0.04485
0
0
0
0
0
0.13368
0
0
0
0.068
0
0
0
0
0
0.24089
0.35205
0
0
0
0.05334
0
0.05318
0
0.06759
0.76473
0
0.06171
0.06252
0.51164
0.54696
0.05732
0
0.07485
0.07746
0
0
0.25114
0.47975
0.39013
0.0637
0
0.06667
0.0578
0.12348
0
0
0
0.07072
0
0
0.05167
0
0
0.07099
0
0
0.07092
0.04273
0
0.3502
0.05375
0.0558
0
0
0.85672
0
0
0
0
0
0
0
0.20951
0
0.10124
0
0
0.38291
0
0.05847
0
0
0.06436
0.05405
0
0
0
0
0
0.04837
0.13743
0
0
0
0
0
0
0
0.06417
0
0
0
0
0.18354
0.14318
0
0
0
0
0
0
0
0.3093
0
0
0.1173
0
0
0
0
0
0
0
0
0.07181
0.23566
0
0
0.05422
0
0.0698
0.08704
0
0
0
0.28263
0.12369
0
0
0
0.01762
0
0
0
0
0
0
0
0
0.16083
0
0
0
0.06316
0
0.08425
0.18053
0
0
0
0
0
0.05377
0
0
0.13701
0
0
0.05345
0.26312
0
0.0461
0
0.06129
0.09894
0
0
0.05155
0
0
0.07199
0
0
0.02172
0
0.23639
0.069
0
0
0.07471
0
0.02189
0.02526
0.13336
0.12634
0
0
0
0
0.11704
0.30317
0
0.17413
0.08702
0.07217
0
0
0
0.06591
0
0
0
0.06564
0
0
0
0
0
0
0
0
0.14234
0
0
0.07377
0.10892
0
0
0
0
0.02318
0.68134
0.04596
0
0
0
0
0.07221
0
0
0.02166
0
0.05061
0.08409
0
0.018
0.0615
0
0
0
0
0
0
0
0
0
0
0
0.233
0.05804
0
0
0
0
0
0
0
0
0
0
0
0.12758
0.06907
0
0
0.67762
0
0.07554
0
0
0.07022
0
0.05348
0
0
0
0
0
0.49023
0
0.06756
0.22411
0
0.06077
0
0
0
0
0.07094
0
0.06655
0
0
0
0
0
0.35188
0
0
0
0
0
0.16367
0
0.06274
0.02443
0
0
0
0
0.07535
0.35228
0.67987
0
0
0
0
0.06789
0.06149
0
0.07138
0
0
0
0
0
0
0.28178
0.12745
0.25087
0.56452
0
0
0
0
0
0
0.06803
0
0
0.27999
0.24998
0
0.16606
0.06653
0
0
0
0.15684
0
0
0.07451
0.06455
0
0
0
0.11847
0
0
0.05334
0
0
0
0
0.073
0.07129
0
0.1838
0
0.04807
0
0
0
0.05418
0.01924
0
0
0
0
0.05513
0
0
0
0.06411
0
0.07095
0
0
0
0
0
0
0
0
0
0
0
0.06965
0
0
0
0
0
0
0
0.27641
0
0
0
0.48749
0.23115
0.06325
0.03568
0
0
0
0
0
0
0
0
0
0.06689
0
0
0
0
0
0
0
0.06759
0
0
0
0.03763
0
0.2747
0.06595
0
0
0
0
0
0
0
0
0.06781
0.13825
0
0
0
0.06194
0.10671
0.02273
0
0
0
0
0
0
0.23153
0
0
0.08029
0.17482
0.04969
0.17217
0
0.13793
0.23289
0.48868
0
0
0
0
0
0.10172
0.12932
0
0
0.24519
0
0.19232
0.0682
0
0.0669
0.13158
0
0.237
0
0
0
0.06527
0
0
0
0
0.25371
0
0
0
0
0
0
0
0
0
0
0
0
0.03954
0
0
0
0
0
0
0
0
0
0
0.05112
0.13311
0
0
0
0
0
0
0
0.28299
0.07659
0
0.07502
0
0
0
0.01454
0
0
0
0
0.16998
0
0
0
0
0
0
0.05131
0.06077
0
0
0
0
0
0
0
0
0
0.06497
0
0
0.14893
0
0
0.07219
0.05828
0.20174
0
0
0
0
0
0
0
0
0
0
0
0.28941
0
0.06948
0.04623
0
0.5539
0.10597
0
0
0
0
0.34621
0
0
0.25043
0.12439
0.24676
0
0
0.0786
0.05153
0.05392
0.05415
0.13322
0
0
0.09105
0.05662
0.29295
0
0
0
0
0.25372
0
0
0.47989
0
0
0
0
0
0
0.17252
0
0
0
0
0.05459
0
0
0
0
0
0
0.06825
0.02497
0
0.0372
0
0
0
0.08267
0.06461
0
0.10381
0
0
0.06883
0
0
0
0
0.03577
0.06573
0.07057
0.04547
0
0.06565
0
0
0
0.06894
0
0
0
0
0
0.06128
0
0.06351
0
0.10735
0
0
0
0
0
0
0
0
0.02341
0
0
0.42419
0.08483
0.06768
0
0
0
0.12935
0.06669
0
0
0
0.33653
0.06209
0
0
0
0
0
0
0.02151
0.14649
0.02619
0
0
0
0.48499
0
0
0.15829
0.17029
0
0
0.06462
0
0
0
0
0
0
0
0.18133
0
0.06467
0
0
0
0
0.09825
0
0.05132
0
0.05244
0
0
0.06681
0
0.04545
0
0.40589
0
0
0
0
0.07832
0
0
0.22601
0.19794
0.10043
0
0
0.09707
0
0
0.07052
0
0.02978
0
0
0.05456
0
0.05155
0
0
0
0
0.22273
0
0.05323
0.07203
0
0.12864
0
0.11428
0
0
0
0.10883
0
0
0
0
0
0
0
0
0
0
0
0
0
0
0
0
0
0
0
0.06893
0.06579
0
0
0
0
0
0.06141
0.06644
0
0
0.1991
0
0.36808
0
0
0
0
0.31244
0.09305
0
0
0
0
0
0.32989
0.10433
0
0
0
0
0.19728
0.05217
0
0
0.066
0.06656
0
0
0.35503
0
0.27695
0
0
0
0
0
0
0
0
0.02289
0
0
0.45875
0
0
0
0.10408
0
0.01762
0
0.06976
0
0
0
0
0.28438
0
0.12711
0.1319
0
0
0
0
0.04841
0
0
0.10684
0
0
0.06596
0
0.18902
0
0
0
0
0
0.57176
0.10825
0
0.36559
0
0
0
0
0
0.05851
0
0
0
0
0.06707
0
0
0
0
0
0
0.09195
0
0
0
0
0.06551
0.06979
0
0
0
0
0
0.04574
0
0
0.27696
0
0
0.14156
0
0
0
0
0.0657
0.06895
0
0
0
0
0.04081
0
0
0.06469
0
0
0
0
0.26743
0.35537
0
0
0.05001
0
0
0.72647
0
0
0
0
0
0.04839
0
0.06977
0
0
0
0.0174
0.06666
0.0677
0
0
0
0.07134
0.19289
0
0
0
0
0.01822
0
0.06921
0
0
0
0
0
0.70298
0
0
0
0
0.57202
0
0.03557
0
0.04767
0
0
0
0
0
0.05127
0
0
0
0.06734
0.10948
0
0.05119
0
0
0
0.26709
0
0.11915
0.16288
0.08837
0
0
0
0
0
0.09858
0.85989
0
0
0
0.06676
0
0
0
0
0
0
0
0
0
0.06499
0.06399
0.17336
0
0
0
0
0.40653
0
0
0.15394
0
0.13586
0.59785
0
0
0
0.21667
0.06876
0
0
0
0.07939
0
0
0
0
0
0
0
0
0.07008
0.07181
0.39226
0
0
0
0
0.05434
0
0.05374
0
0
0.05442
0
0.15405
0.07382
0
0
0
0
0
0
0
0.06949
0.06636
0
0
0
0
0
0
0.13604
0
0
0.05592
0.05752
0.06614
0.06392
0
0
0
0.52802
0
0
0
0
0.21851
0
0.064
0
0
0.05297
0
0
0.10577
0
0
0
0
0
0
0
0
0
0
0
0.0763
0
0
0
0.05189
0.52802
0
0
0
0.30949
0
0
0
0
0
0
0
0.05393
0
0.06829
0.03383
0.19556
0
0
0.12429
0
0
0.08675
0
0.3305
0
0
0
0
0
0
0
0
0
0
0.0702
0
0.28401
0
0
0.02459
0
0.05769
0
0
0.02113
0.13735
0
0
0
0
0.04778
0
0
0.08616
0
0
0.06782
0
0
0.06856
0
0
0.05522
0.59883
0
0
0.069
0.06584
0
0
0
0
0
0
0
0
0.31139
0
0.0753
0
0
0.07615
0
0
0
0
0
0.05131
0.06606
0
0
0.04529
0
0
0
0
0
0
0.13332
0.06589
0
0
0
0
0
0
0.06439
0
0
0
0
0.09038
0
0
0
0.06576
0.07093
0.06714
0.0828
0
0.07594
0.07138
0
0.05049
0
0.07017
0.19089
0.09237
0
0
0
0
0
0.16226
0.35547
0
0.1298
0
0
0
0
0
0
0
0.02151
0
0.04973
0.07009
0
0
0.14955
0
0
0
0
0
0.06957
0
0
0
0
0
0
0
0.15789
0
0.32132
0.17418
0.07549
0.06576
0.07027
0
0
0.06275
0
0
0
0.18151
0.10712
0.05771
0
0
0.03606
0.06448
0
0
0
0
0
0
0
0
0
0.21213
0.06827
0
0
0
0
0.07032
0.12428
0.25171
0.31271
0
0
0.05134
0
0
0
0
0
0.10482
0
0
0.30117
0.0686
0.02251
0.46014
0
0
0
0
0
0
0.0643
0
0.07459
0
0
0
0
0
0
0.31934
0
0.11809
0
0
0
0
0
0
0
0
0
0
0
0
0
0
0
0
0.28728
0
0
0.04577
0
0
0
0
0.20059
0
0
0.05228
0
0
0
0
0
0
0
0
0
0
0
0
0
0
0
0
0
0
0.56181
0
0
0
0
0.16427
0
0.26268
0
0.1247
0.20735
0
0
0
0.48886
0.05409
0.0701
0
0.0726
0
0.32807
0.0759
0
0
0.07289
0
0
0
0
0.21138
0.30786
0.06932
0
0
0
0.06129
0.06796
0.09964
0
0
0
0
0
0
0
0
0
0
0
0
0.32778
0
0
0.09013
0
0
0.5063
0
0.06476
0
0.07386
0
0
0
0.60166
0.04534
0
0
0
0
0
0
0
0
0
0
0.31164
0.12423
0
0
0
0
0
0.06901
0.05428
0
0
0
0
0.04989
0
0
0
0.05278
0
0.05822
0.24163
0.13275
0
0.07192
0.07143
0.06502
0
0
0
0
0
0.20477
0
0
0
0
0
0
0
0
0
0
0.0725
0
0
0.17199
0.38558
0
0
0
0
0
0
0.06807
0
0
0
0
0
0
0
0
0
0
0
0
0
0
0.06933
0
0
0.06438
0.07043
0
0
0
0
0.06779
0
0
0
0
0
0.30136
0
0.60265
0.06558
0.19964
0
0
0.05589
0
0.05248
0
0
0
0
0
0
0
0
0
0.0519
0.242
0.05184
0.06653
0
0
0
0
0
0
0.07242
0
0
0
0
0
0
0.07484
0
0
0
0.37553
0.01943
0
0.20732
0.14479
0.05372
0
0
0
0
0
0
0
0
0
0
0.05842
0.08572
0
0.06162
0
0.05068
0
0
0
0
0
0
0
0
0
0
0.15559
0.32935
0.14393
0.06562
0
0
0
0
0
0
0.06752
0
0
0.05126
0
0.08682
0
0.04546
0
0
0.03548
0
0
0
0
0
0
0.32802
0
0
0
0
0.07491
0.06922
0.06766
0
0
0
0
0
0
0
0
0.19482
0
0.20953
0
0
0.28169
0.01792
0
0
0
0
0.06397
0.15512
0
0
0
0
0
0.13918
0
0
0
0.02133
0
0
0
0.05263
0
0
0.15484
0
0
0
0
0
0.0658
0
0.05793
0.02082
0
0.06664
0.06794
0.28932
0
0
0
0
0
0
0.05333
0
0.07274
0
0
0
0.0514
0
0
0.14459
0.02468
0.06211
0
0.03538
0
0
0
0
0
0
0
0
0
0
0
0
0
0.71484
0
0
0
0.35653
0.06427
0.07148
0.07158
0.05152
0
0.09599
0
0.13692
0
0
0.13041
0.0729
0.10567
0
0
0
0.06523
0
0
0.1191
0
0
0
0
0.73105
0
0.02739
0.18057
0
0
0.35084
0
0
0
0.07088
0
0.07496
0
0
0
0
0.17005
0
0
0
0
0
0.06347
0
0
0
0.06827
0.05764
0.07072
0
0.10388
0
0
0
0
0
0
0.16762
0.05147
0.29343
0
0
0
0.07013
0
0
0
0
0
0
0.06426
0
0.13084
0.45659
0
0
0
0
0
0
0
0
0
0
0
0.19477
0
0
0
0.09718
0
0
0
0
0
0
0
0
0
0
0
0.01802
0
0
0
0
0
0.07122
0
0.07152
0.133
0
0.05371
0
0
0
0.1443
0.02564
0.05319
0
0
0
0.21655
0
0
0.06985
0.06249
0.08814
0.0605
0
0
0
0
0.0821
0
0
0.13004
0
0.65625
0
0
0
0
0.11399
0
0
0
0
0
0
0
0.59518
0.06429
0.02138
0
0
0.05903
0.05627
0.13695
0
0.07524
0.04391
0
0
0
0
0
0.06236
0.08496
0
0
0
0.02082
0
0.02183
0.06973
0
0
0
0
0.04709
0
0
0
0
0
0.13384
0.1481
0
0.11547
0
0
0
0
0.06574
0
0
0.11702
0.06417
0.0667
0.08667
0
0
0
0
0
0
0
0
0
0.07495
0.12509
0.09159
0
0
0
0
0
0.06472
0
0
0
0
0.06914
0
0
0
0
0
0
0.073
0
0.16051
0
0.05861
0.74871
0.56523
0
0
0
0
0
0
0
0
0.52546
0
0
0
0.07276
0
0
0
0
0
0.17033
0.08389
0
0.05411
0
0
0.07962
0.06516
0
0
0
0
0
0
0
0.0693
0.16566
0
0.04412
0.24034
0
0
0
0.05275
0.05417
0.1196
0
0
0
0
0
0
0
0
0.27873
0.14311
0
0
0
0.29851
0
0
0.06092
0
0
0.4245
0
0.12144
0
0
0.05321
0
0.07225
0
0
0.06387
0
0.05152
0
0.45382
0.06404
0
0
0.01697
0
0.76216
0
0.11015
0.19109
0
0
0
0
0.07142
0.0652
0.13132
0
0
0.06133
0
0
0
0
0
0
0.0638
0
0
0
0
0
0
0
0
0.62684
0.07913
0
0
0
0.05063
0
0
0
0
0
0
0
0.06466
0
0
0
0
0.18429
0
0
0
0.17722
0.44091
0.68477
0
0
0.44115
0
0
0
0
0
0.07258
0.02503
0
0
0
0
0.19346
0.062
0
0
0
0
0
0
0
0.07655
0
0.07372
0
0
0
0
0
0.02317
0.0656
0
0.104
0
0.06615
0.23883
0
0
0
0
0.18868
0
0
0
0
0.07085
0.38851
0
0
0
0.33961
0.18471
0.10739
0.20984
0
0.07008
0
0
0
0
0
0.06942
0
0
0.0581
0
0
0
0.05692
0
0
0
0
0
0
0
0.2106
0
0.1352
0
0
0
0.27625
0.06416
0
0
0
0
0.28369
0
0
0.09506
0
0
0
0.08658
0
0
0
0
0
0
0
0
0
0
0.07061
0.393
0.04673
0
0
0
0
0
0
0
0.06729
0
0
0.0357
0
0.06127
0
0.40533
0.05352
0
0.02413
0
0.04356
0
0
0.07159
0
0
0
0
0
0
0.07242
0
0
0
0.1175
0
0.05833
0.06664
0
0.06581
0.06474
0.06309
0
0.53831
0
0.06706
0
0.06612
0.05075
0.18135
0
0
0
0
0
0
0
0.06729
0.0674
0.0472
0
0
0.58605
0.06591
0.04493
0
0.02374
0
0
0
0
0
0.06369
0.14554
0.06524
0
0
0
0
0
0.48086
0.13646
0.06764
0.32755
0.08555
0.04377
0
0
0
0.07678
0
0
0
0
0
0
0.55874
0
0.05143
0.07152
0.05113
0
0
0.05069
0
0
0.06752
0
0
0
0
0
0
0
0
0
0
0
0
0
0
0
0
0
0.06523
0
0.06363
0
0
0
0
0
0
0
0.06618
0.01689
0
0
0
0
0
0
0.05254
0
0
0
0
0
0.09858
0
0
0
0.21355
0
0
0
0.58072
0
0
0
0
0.0178
0.21024
0
0
0.01745
0
0
0
0
0
0
0
0.02237
0.13743
0
0.06691
0
0
0.0685
0.02719
0
0.06443
0.32041
0
0.05802
0.4026
0
0
0
0.24325
0
0
0
0.06455
0.43991
0.14654
0.31151
0.13163
0
0
0.27911
0
0
0
0.2313
0.35104
0.04345
0
0
0.07065
0
0.14723
0
0
0
0.24599
0
0.0531
0
0.0639
0
0.07934
0
0.12888
0
0
0.10367
0.22512
0
0.58214
0
0
0
0.05549
0
0
0.05115
0
0
0
0.58345
0
0
0
0
0
0
0
0
0
0.13145
0
0.08032
0.06694
0.18114
0
0
0.6698
0.06855
0.06132
0
0
0
0.19151
0
0.20617
0
0.21093
0.05493
0
0
0.26206
0
0
0.02485
0
0.0676
0.06723
0
0
0
0
0.0701
0.18123
0.11171
0
0
0
0.19094
0
0
0
0
0
0
0.01739
0
0
0.06428
0
0.21093
0.05738
0.0564
0
0
0.03754
0.13105
0
0
0
0.06183
0
0
0
0
0.1367
0.06544
0.0705
0.06513
0
0.10397
0
0
0
0
0
0
0
0
0
0.06605
0
0.06569
0
0
0.06761
0
0.07122
0
0
0.27762
0.18444
0
0
0
0
0
0.06565
0
0
0
0
0
0
0
0
0
0
0
0.72637
0.06505
0
0
0
0
0
0
0
0
0.3547
0.05433
0
0.08404
0
0
0
0
0
0.06313
0
0
0
0.02258
0
0
0.10403
0.05383
0
0
0.28462
0
0.06685
0.40451
0
0
0.10561
0.02419
0
0
0
0
0.73721
0.19298
0.26365
0.15806
0
0
0
0
0.06792
0
0.19218
0.05087
0.41851
0
0
0.2393
0
0
0
0.12454
0
0.0531
0.30392
0
0
0
0
0.06876
0
0
0.38471
0
0
0
0
0.19199
0
0.04552
0
0
0.03555
0.48635
0
0.0534
0.05564
0
0
0.82238
0
0
0.06419
0
0
0
0.06102
0
0
0
0
0
0
0
0.06531
0.06389
0
0
0
0
0
0
0.06383
0.06839
0
0
0
0.05871
0
0
0.06942
0
0
0
0
0.05202
0
0
0.6781
0
0
0
0.46273
0
0.33617
0
0.03512
0
0.33278
0
0
0
0.1753
0
0.12575
0.02537
0
0.05457
0.42576
0
0
0.30623
0
0.17408
0
0.04389
0
0
0.05347
0.13219
0
0
0
0
0.07379
0
0
0.25543
0
0
0
0.2236
0.11723
0.14675
0
0
0
0.05144
0
0
0
0
0.05921
0
0
0
0
0
0
0
0.05317
0
0
0
0
0
0.22686
0.06594
0
0.63472
0
0
0
0.06473
0
0
0.05098
0
0.0513
0.0687
0
0
0
0
0
0
0
0
0
0
0
0
0.13495
0
0.15569
0.07564
0.0615
0
0
0.02298
0.29819
0.15564
0
0
0.19236
0
0
0.20106
0
0
0
0
0.42323
0
0
0
0.06398
0
0.0183
0
0
0
0.12783
0
0
0
0.19474
0.06664
0
0
0.22052
0
0
0.07261
0.05033
0.07277
0.15778
0
0
0
0
0.06646
0.06478
0
0
0.06652
0
0
0
0
0
0
0
0
0
0
0
0
0
0
0
0
0
0
0.48514
0.05122
0
0.0581
0
0.06561
0.06158
0
0.06189
0
0.07969
0
0
0
0
0
0.05111
0.40199
0
0.07348
0
0
0
0
0.81472
0
0
0
0
0
0
0
0
0.01999
0.22652
0
0
0.10462
0.06659
0.06312
0
0
0
0
0.06569
0
0
0.12177
0
0
0
0
0
0
0
0
0
0
0
0
0
0.16322
0.06373
0
0
0
0.10775
0
0
0
0
0
0
0
0.14731
0
0.48189
0
0.19958
0
0.50653
0
0.06578
0
0
0.05108
0
0
0.02157
0
0
0
0
0
0.03838
0
0
0.06178
0
0
0
0
0.05373
0
0
0
0
0
0
0
0
0.06796
0.06396
0.06458
0
0
0
0
0
0.18927
0.11732
0.37975
0.06602
0.06659
0
0
0
0
0.02364
0
0.06208
0.06467
0.06559
0.05424
0
0.01722
0
0
0.0453
0
0.16496
0
0.02134
0.06581
0.0679
0
0
0.06851
0
0.08292
0
0
0
0
0
0.06399
0.62635
0
0
0
0
0
0
0
0
0.06449
0
0
0
0.27956
0.06469
0
0
0.02365
0
0
0.06454
0.30151
0
0.16025
0.08368
0
0
0.29941
0
0.13776
0
0
0
0
0
0.06122
0.04777
0
0
0.70535
0.10377
0
0
0.10902
0
0
0
0
0.06911
0
0.05754
0
0
0.0652
0
0
0
0.02294
0
0
0
0.06612
0
0.06499
0.19942
0
0
0.35316
0
0.32714
0
0.07265
0
0
0
0.05122
0
0
0
0.19285
0.31834
0
0
0
0.10645
0
0
0
0
0
0
0
0
0.07896
0
0.34738
0.04403
0.06086
0
0.01965
0
0.06792
0.18369
0
0.07038
0.14058
0
0
0
0.1037
0
0
0.05521
0
0.04505
0.21301
0.13295
0
0.1165
0
0
0
0.20523
0.09363
0
0
0.12737
0
0.06876
0
0
0.0525
0
0
0.05624
0
0
0
0.05393
0.11864
0
0.14915
0
0
0.18478
0
0.17732
0
0
0
0
0.0768
0
0
0
0
0
0
0
0
0
0
0
0
0.07225
0.22278
0
0
0.06529
0.20841
0
0
0
0
0
0
0.3063
0.06804
0.0697
0
0
0
0.07118
0
0
0
0
0.1353
0.0556
0.06938
0.03399
0.67748
0.56229
0
0
0
0
0.02545
0
0.03844
0
0.48271
0
0
0
0
0
0
0
0
0.29896
0
0.06503
0
0
0.33098
0
0
0
0.06662
0.0226
0.10984
0
0
0.31741
0.05497
0.05406
0
0
0
0
0
0
0
0
0
0.06054
0
0
0.04689
0.14378
0
0
0.21267
0
0
0.13001
0
0
0
0
0
0.05173
0.06502
0
0
0
0
0.57964
0
0.10972
0
0
0.33415
0
0
0.26224
0
0.03015
0
0
0
0
0.06503
0.07368
0.37346
0.34877
0
0
0
0
0
0
0
0.07841
0
0
0.12644
0.06263
0
0
0
0
0.11773
0
0
0.10739
0
0
0
0
0
0
0.35649
0.11565
0
0.05559
0
0
0
0
0
0
0
0
0
0.05531
0.53103
0.11906
0
0
0.06928
0
0
0.06691
0.02381
0
0
0.02752
0
0
0
0.06686
0.04588
0
0
0.38624
0.25681
0
0.06743
0
0.61471
0.53912
0.07195
0
0
0
0
0
0
0
0.06639
0.36587
0
0.18433
0
0
0
0
0
0
0.01486
0
0.05121
0
0.34985
0.42346
0
0.06748
0
0.06868
0
0.02294
0
0
0
0
0
0
0
0
0.108
0.02362
0
0
0
0
0
0
0
0
0.06467
0.20003
0
0
0
0
0
0
0
0
0
0
0
0.12466
0.06658
0.14777
0
0.11839
0
0
0
0
0
0
0.06395
0
0.11222
0
0
0
0.14595
0.27573
0
0
0.0645
0.55015
0
0.05178
0
0
0
0.28388
0.05081
0
0
0
0
0.31558
0
0
0.06556
0
0
0
0
0
0
0
0.70074
0
0
0.23181
0
0
0
0
0
0.06748
0.22443
0
0.06797
0
0.09542
0
0
0.058
0
0.07503
0
0
0.45739
0.03859
0
0
0
0
0.06856
0.19196
0
0.40019
0
0.27154
0
0.06468
0
0.58176
0
0
0
0
0
0
0
0
0.1239
0
0
0.80679
0.13793
0
0
0
0
0
0
0.06572
0
0.06585
0
0.22974
0
0
0
0
0
0.14772
0
0
0
0
0
0.46961
0.19128
0.52915
0
0
0
0
0
0.02276
0
0.11745
0
0
0.0204
0
0
0
0
0
0
0
0
0.02209
0.2118
0
0
0.11027
0
0
0.01771
0
0
0.21056
0
0
0
0
0
0
0.58978
0
0
0
0.18289
0
0
0
0
0.04504
0
0
0
0.05138
0
0
0.3581
0
0
0
0.14501
0
0
0
0
0
0
0
0
0
0.0666
0.05154
0
0
0
0
0
0
0
0.30614
0.06786
0
0
0
0.06481
0
0.05367
0
0
0
0
0
0
0.02256
0.13328
0
0
0
0
0
0.48713
0
0
0.53151
0
0
0
0
0
0
0
0
0
0
0
0
0
0.06381
0
0.06713
0
0
0
0.08143
0
0
0
0
0
0
0
0
0
0
0.05407
0
0.13615
0
0
0.0241
0.05407
0.70878
0
0
0
0
0
0
0
0
0
0
0
0
0
0
0
0.25215
0
0
0.06873
0.56551
0
0
0
0.07241
0.02235
0
0
0
0.63146
0.21267
0.06777
0.05492
0.046
0.13047
0
0.01816
0
0
0.051
0.14253
0
0.05861
0
0
0
0
0
0.06753
0.27622
0
0.46625
0
0
0.05232
0
0
0.45943
0
0
0
0
0
0
0
0.09414
0
0
0.03827
0
0
0
0.70455
0
0
0
0
0
0
0
0
0
0.05193
0
0
0
0
0
0
0.05332
0
0
0.06773
0.28347
0.06909
0.22913
0
0.78635
0
0
0.07314
0.0641
0.29299
0
0
0
0.09698
0.0635
0
0.02279
0
0
0
0
0
0
0
0.50259
0
0
0.05348
0
0.40346
0.85185
0
0.11664
0.11551
0
0
0
0.28248
0.12436
0
0
0.22017
0
0
0
0
0
0.26301
0
0
0
0.28993
0
0
0
0.07811
0
0.15218
0
0.15484
0
0
0.06858
0
0
0
0
0
0
0.18317
0.7156
0.36411
0
0.06827
0
0
0.04721
0
0
0
0.08447
0.05175
0.0342
0.04366
0.28303
0
0.02479
0.0508
0.10971
0
0.17135
0
0.18668
0.36373
0
0
0
0
0
0
0.1315
0
0
0
0
0.2467
0.07577
0.15295
0.03593
0
0.06715
0.20351
0
0
0.02063
0
0
0.0644
0
0.11607
0
0
0.03639
0
0.42474
0
0
0
0
0.05477
0
0
0
0
0
0
0
0.06442
0.1142
0.02147
0.07007
0
0
0
0.04603
0
0
0.04362
0
0
0
0.02171
0
0.18326
0.14781
0
0
0.06863
0
0
0
0.07016
0
0
0
0
0
0.13095
0.11661
0.07567
0
0
0
0
0
0
0
0
0
0
0
0
0.07131
0
0.13636
0.04454
0.13643
0
0
0
0
0.12467
0
0.20018
0
0.1077
0
0
0
0
0
0.10828
0
0.10862
0.19111
0.04721
0
0
0.02177
0
0
0
0.02243
0.07424
0.0652
0
0
0
0
0
0
0
0
0
0
0
0
0.17074
0
0.13177
0
0
0
0
0.06909
0
0
0
0.06575
0.26419
0
0
0
0
0
0
0
0
0
0
0.12823
0
0.0383
0
0
0
0.06388
0
0
0
0
0.27421
0
0
0
0
0
0
0
0
0
0
0
0
0.21311
0.17828
0
0
0
0
0
0
0.17493
0
0
0.06843
0
0.48217
0
0
0.05455
0
0
0
0
0
0
0
0
0
0.67488
0.13467
0
0.07485
0
0.05404
0
0
0
0
0
0.06663
0
0.08702
0.27334
0
0.07063
0.07418
0.14932
0
0.24171
0
0
0.06159
0
0
0
0
0.06982
0.33565
0
0
0.77719
0.04585
0
0.06941
0
0.05412
0
0
0
0
0.11044
0.19884
0.18174
0
0.07607
0.11368
0
0.07012
0
0.24632
0
0
0
0.05852
0
0
0.44341
0
0
0
0
0.30207
0
0
0
0
0
0.14272
0.06919
0
0
0
0.0522
0
0
0
0.0684
0
0
0
0
0
0
0
0
0
0
0
0
0
0.28123
0
0
0.51913
0.18234
0
0.35863
0
0.05739
0
0
0
0
0
0
0
0.28502
0
0
0
0.06041
0.02151
0.16074
0
0
0
0.02499
0
0
0.09888
0.05068
0
0
0
0
0
0
0
0
0
0
0
0.07439
0.05448
0
0
0
0
0
0
0
0.10369
0
0
0
0
0
0.13874
0
0
0.33315
0
0
0
0
0.35549
0.06987
0
0
0
0.41951
0
0
0.06916
0
0.42384
0
0
0.09115
0
0.79613
0
0
0.2128
0
0.0891
0
0
0
0
0
0.05427
0
0
0
0
0.09335
0
0
0.09903
0
0
0.19963
0
0
0
0
0
0
0
0.05446
0
0.11561
0
0.09769
0.28528
0
0
0.04174
0.13643
0
0
0
0
0
0
0.05888
0
0.05218
0.51113
0
0
0
0.11256
0
0.23979
0
0
0
0
0.06575
0
0
0
0.13522
0
0.1947
0
0
0
0
0
0
0.07648
0
0
0.35348
0
0
0
0
0.04359
0.05248
0
0
0
0.13307
0
0
0
0.05034
0.19879
0
0
0
0
0
0
0
0.33061
0
0
0
0.08098
0.10812
0
0
0.19285
0
0
0.01936
0.27798
0.69562
0
0
0
0.04523
0
0
0
0
0
0
0
0
0
0.36711
0
0
0
0
0
0
0
0
0
0
0
0
0.06572
0
0
0.04367
0
0.04532
0.35355
0
0
0
0
0.17544
0
0.06795
0
0
0.45112
0.05198
0
0
0.35403
0
0
0.0212
0.49298
0.20418
0
0.07499
0
0
0.14029
0.0462
0
0.05441
0
0
0
0.25005
0
0
0
0.11702
0.66182
0.07535
0
0
0
0
0.06727
0.43788
0.29633
0
0
0
0.04685
0.55517
0
0
0.30647
0
0
0
0
0
0
0
0
0
0
0
0
0
0
0.05806
0.05611
0
0
0
0.07445
0
0
0
0
0
0.05087
0
0.13211
0
0.27024
0
0.48604
0
0
0.14658
0
0.07062
0
0
0
0
0
0
0.06483
0
0
0
0.02017
0.17357
0
0
0
0
0
0
0
0
0
0.1827
0.05384
0
0
0.53643
0.06375
0
0
0
0
0.07274
0
0
0
0.0731
0
0
0
0
0
0
0.77124
0
0
0
0
0.17698
0.19931
0
0.22191
0.30068
0
0
0
0
0
0
0.17349
0.04438
0.20064
0
0.58973
0.06879
0.16476
0
0
0
0
0
0.06251
0
0.34303
0
0
0
0.06998
0
0
0.0622
0
0.06679
0
0.07144
0
0
0
0
0
0
0
0
0.05102
0
0.25266
0.33567
0
0
0
0
0
0
0.06451
0.18397
0.06336
0
0
0
0
0
0
0.05436
0
0.07074
0
0.06754
0
0.06114
0
0
0.10459
0
0
0
0
0
0.31116
0
0.12279
0.07148
0
0
0
0
0
0
0.1461
0.06502
0.06095
0
0
0
0
0
0
0
0
0.06988
0
0
0.06762
0
0
0
0
0
0.06605
0.05322
0.06597
0
0
0
0
0
0.11534
0
0
0.02177
0.0677
0.07204
0.07099
0
0
0
0.10977
0.1133
0
0.05107
0.05219
0
0
0
0
0
0
0
0
0
0
0
0
0.1537
0
0.10706
0.26801
0
0
0
0.06944
0
0.06608
0
0.07276
0.0236
0
0
0
0.07008
0
0.10872
0
0.19188
0
0
0.07055
0
0
0
0
0
0
0.06243
0
0.05319
0
0
0
0.1181
0
0
0
0
0
0.06639
0
0.06655
0.1085
0.03794
0
0
0
0
0
0.48462
0.43032
0
0.21008
0
0
0
0
0.07173
0.07537
0
0
0
0.06985
0
0
0
0.16622
0.0652
0
0
0
0
0
0
0
0.17111
0
0
0
0
0
0
0
0
0
0
0
0
0
0
0
0.07134
0
0
0
0
0
0.05151
0
0
0
0
0
0
0
0
0
0
0.05346
0
0
0
0.05047
0.13227
0
0
0.01825
0.06772
0.05866
0.05843
0
0
0
0
0
0
0.18811
0.34384
0.18078
0
0
0
0.06726
0
0
0
0
0
0
0
0
0
0
0
0.85876
0
0
0
0
0
0
0
0
0
0
0.48151
0
0
0
0
0
0.07299
0
0
0
0.10674
0.13806
0.19405
0
0
0
0
0.06923
0
0
0
0.60815
0
0
0
0
0.35208
0
0
0
0
0
0
0
0
0
0.40736
0
0.08935
0.06387
0
0
0
0
0
0
0
0
0.06573
0
0
0
0
0
0
0.60024
0
0
0
0
0.05826
0
0.07635
0
0.12654
0.06792
0.17064
0
0
0.07256
0
0.19106
0
0
0
0
0.08819
0
0
0.03893
0
0
0
0
0
0
0.01779
0
0.07284
0.19669
0
0
0
0
0
0
0.2173
0.41308
0
0
0
0
0
0
0
0.04199
0.13683
0
0
0
0.24233
0
0.10985
0
0.0174
0
0.01868
0
0
0
0
0.20406
0
0
0
0.11363
0
0
0
0.64513
0
0.04153
0.33286
0
0
0.03821
0.35604
0
0
0
0.14578
0
0
0
0
0.05227
0
0.08234
0
0
0.0518
0
0.15413
0
0
0.07094
0
0.1776
0
0
0
0
0
0
0.07052
0
0
0.31888
0
0
0
0
0
0.0232
0.11588
0
0
0
0
0.3205
0.13607
0
0
0
0
0.10427
0.05378
0
0
0
0.15199
0
0
0
0
0
0.06976
0
0
0
0
0
0
0
0
0
0
0
0.11007
0
0.05253
0
0
0
0.05431
0
0
0
0
0
0
0.04582
0
0
0
0
0
0
0
0
0.06653
0
0.23328
0
0
0.05137
0.02451
0
0.43073
0.12691
0.12568
0.39715
0
0.05508
0.41788
0
0.0241
0.95165
0
0
0
0
0
0.48772
0
0
0
0
0
0.06431
0
0.03783
0
0.19186
0
0.14518
0.16286
0
0
0.06775
0.06136
0
0
0.17008
0
0
0
0
0
0
0
0
0
0
0
0.13183
0
0
0.18559
0
0
0.04294
0.06881
0
0
0.14437
0
0
0.14308
0
0
0
0
0
0
0
0.29383
0
0.35392
0.17533
0.06496
0.06613
0
0
0
0
0
0
0.05766
0.06271
0.0961
0
0
0
0.40839
0
0.31116
0
0.43409
0
0
0
0.71226
0
0
0
0.19918
0.05578
0
0
0
0
0
0.1158
0
0
0.18123
0
0
0
0
0
0
0
0
0
0
0.08504
0
0
0.12686
0
0
0
0
0.09977
0
0
0
0
0
0.11568
0
0
0
0
0
0
0
0
0
0
0.10368
0
0
0.70566
0.07521
0
0.18411
0
0.07147
0
0
0
0.07152
0
0
0.24415
0
0.10984
0
0
0.35773
0
0.04015
0
0
0
0.18216
0
0
0
0
0.07881
0
0
0.0653
0.1002
0
0.06585
0
0.2518
0
0
0
0
0
0
0
0
0.03646
0
0
0.10723
0
0.05392
0.0471
0
0.06654
0.02357
0
0
0
0
0.04742
0
0.01783
0
0.06406
0
0
0.06606
0
0
0.05092
0.07487
0
0
0
0.23861
0.29319
0
0
0.07177
0
0
0
0
0.15383
0
0
0
0.68234
0
0
0
0
0
0
0
0
0.50991
0
0
0
0
0
0
0.06807
0
0
0
0
0
0
0
0.07186
0
0
0.29548
0
0.02288
0
0
0
0
0.06164
0
0
0
0
0.39151
0.31566
0
0.06847
0
0
0
0
0.0655
0
0
0
0
0
0
0
0
0
0.25031
0.26126
0
0
0
0
0.32764
0
0
0
0
0
0.14606
0.10201
0.28268
0
0.05444
0
0
0
0
0
0
0
0
0.06564
0.06371
0.05061
0.06686
0.18061
0.09851
0.06766
0
0
0
0.13185
0.15026
0
0.05574
0.49043
0.06074
0
0.27458
0
0.13861
0
0
0
0
0
0
0
0.0557
0
0
0.62978
0.34313
0
0
0
0
0
0
0
0
0
0
0
0
0
0.11536
0.07094
0
0
0
0
0
0
0.05154
0.07089
0
0
0.02124
0
0
0
0
0.11635
0
0.10904
0
0
0
0
0
0.12506
0
0
0.02422
0.06511
0
0
0
0.16366
0.30175
0
0.04861
0
0
0
0.63443
0
0.07044
0.28028
0
0.06585
0
0.14624
0.43394
0
0
0
0
0
0
0
0.05484
0.05478
0.32983
0
0
0
0
0.2
0
0.43697
0.01781
0.06558
0.59735
0
0
0.05943
0.1412
0.30649
0.06575
0.0731
0
0
0
0.06871
0
0
0
0
0
0.23484
0
0
0
0
0
0.06645
0.21667
0.20785
0
0.02512
0
0
0
0
0
0
0
0
0
0
0
0
0.0424
0
0
0
0
0
0
0
0.52656
0
0.06455
0
0
0
0
0
0
0.07159
0
0.0452
0
0
0.18932
0.05688
0.78462
0
0
0
0
0
0
0
0
0.07058
0
0
0
0
0.33336
0.06792
0.0193
0.2021
0
0
0
0
0
0.07724
0
0
0.03571
0
0
0.97792
0.43532
0
0
0
0
0.07186
0.19248
0
0
0
0
0.01831
0
0
0
0
0.43522
0
0.06318
0.06596
0.0616
0
0.13167
0
0
0.06941
0
0
0.43533
0
0
0.31135
0.07756
0
0
0
0
0
0.23252
0
0
0
0
0
0
0
0
0
0.02436
0
0
0
0
0
0
0.05581
0.18892
0
0.15626
0
0
0.31873
0.03601
0
0
0.06983
0.10728
0
0
0
0
0
0
0
0
0
0.04291
0
0
0
0
0
0
0.06421
0
0
0
0
0.05246
0.07069
0.13349
0.05232
0
0.02468
0
0
0
0
0
0
0
0
0
0.07205
0
0.06642
0
0
0
0
0
0
0
0.05454
0
0
0
0.05069
0
0
0
0
0.06646
0
0
0
0
0
0
0
0
0.20182
0
0.3446
0
0.07011
0
0
0
0
0.52852
0
0.08952
0
0
0
0
0
0
0.04536
0.1227
0
0
0
0
0
0
0
0
0
0.81446
0
0.10587
0.0973
0
0
0
0.06565
0.22641
0.15292
0
0
0
0.06989
0.1643
0
0
0
0
0.12919
0
0
0
0.269
0
0
0.06938
0
0
0
0
0.03474
0
0
0
0
0
0.05373
0
0.35901
0.24291
0
0
0
0
0
0.23627
0.06542
0.07466
0
0
0
0
0
0
0
0
0
0
0.05446
0
0
0
0.23719
0.07306
0.09029
0
0
0.19458
0.50759
0
0.02276
0
0.04842
0.19251
0
0
0
0.14615
0
0.20951
0
0
0
0
0
0.01913
0
0.20283
0.07592
0.02082
0
0.11838
0.26377
0.11617
0
0
0
0
0.06903
0
0.06148
0
0
0
0.33006
0.11215
0
0
0
0
0
0.05059
0
0
0
0
0
0.05468
0
0
0
0.09815
0
0
0
0.06858
0
0.10075
0
0
0.07353
0.23876
0
0
0
0
0
0
0
0
0
0
0.02441
0
0
0.38381
0.07041
0
0.03687
0
0
0
0
0
0
0
0
0
0
0
0.08579
0
0
0
0
0.12572
0
0.0521
0
0
0
0.11639
0
0
0
0
0
0
0
0
0
0.1077
0
0.3531
0
0
0.05358
0
0
0
0
0
0
0
0
0
0
0
0
0.10822
0
0.12032
0
0
0
0
0
0
0.617
0.08343
0
0
0
0
0
0.28538
0
0
0
0.16084
0
0
0
0
0.07103
0.0812
0
0
0
0
0
0
0
0
0.0672
0
0
0.06369
0
0
0
0
0
0
0
0.05431
0
0.07288
0
0
0
0.07227
0
0
0
0
0
0
0.12447
0
0
0
0
0.02302
0.07126
0
0.06355
0.46129
0
0
0
0
0
0.77684
0
0.07035
0
0
0
0.11586
0
0
0
0.04308
0
0.13307
0.16458
0
0
0
0
0
0
0.0249
0
0
0
0
0
0
0
0
0
0
0.0707
0.10208
0
0
0.03623
0
0.37523
0
0
0
0.06976
0
0
0
0.07057
0.06076
0
0
0
0
0
0
0
0
0
0.2211
0
0
0
0
0
0.07242
0
0
0
0
0
0.40392
0
0
0.15712
0.30455
0
0
0
0.16369
0
0.06698
0
0.10355
0.11004
0
0.05363
0.33131
0
0
0
0
0
0
0
0
0.04482
0
0
0.05039
0
0.01752
0
0.12482
0
0
0
0.06116
0
0
0.06702
0
0
0.02219
0.05839
0
0.06989
0.2636
0
0.31026
0
0.0183
0
0
0.06422
0
0
0.04641
0
0.07074
0.06927
0
0
0
0
0
0
0.18159
0
0
0
0
0.15131
0.04332
0
0
0
0
0
0
0.06861
0
0
0.07447
0
0.06445
0.14194
0
0
0
0.07134
0
0
0
0
0
0
0.06871
0.04653
0.17042
0.19965
0.1009
0
0
0
0
0
0
0
0.6993
0.06909
0
0
0.06575
0
0
0
0
0
0
0.0664
0
0
0
0
0.04418
0.23469
0.02368
0.13982
0
0.25127
0.05166
0
0.0745
0
0
0
0
0
0
0.14448
0.04725
0
0
0
0
0
0
0.05373
0.14459
0
0
0.12953
0.05353
0.29019
0
0
0
0
0
0
0
0
0
0.5825
0
0
0.27728
0
0.0512
0
0.4062
0
0
0
0
0
0
0
0
0
0
0
0
0
0
0
0.05171
0
0.07244
0
0.06813
0.13774
0
0
0.0472
0
0
0.07343
0.06971
0.06399
0
0
0.36627
0
0
0
0
0.06812
0
0
0
0
0
0
0
0
0
0
0
0.16492
0
0
0
0
0
0
0
0
0.06845
0.05113
0.04759
0
0
0
0
0
0
0
0
0
0
0
0
0
0
0
0
0
0
0
0
0
0.42392
0
0
0
0
0.06804
0
0
0
0.14306
0.02299
0
0
0
0
0.04059
0
0.54802
0
0
0
0
0
0
0
0
0
0.14497
0
0
0
0.13779
0
0.05194
0
0
0
0
0.04665
0
0
0
0.14886
0.01689
0
0.05755
0.09027
0
0
0.26791
0.18282
0
0
0.05149
0
0.10606
0
0
0.133
0.08323
0.04022
0
0
0
0
0
0
0
0.15735
0
0
0
0
0
0.06866
0.07422
0
0.71982
0
0
0.19241
0
0
0.02283
0
0
0.19726
0
0
0
0.05463
0
0
0
0
0.12402
0
0
0
0
0
0
0
0
0.07359
0
0
0
0
0.14224
0
0
0.10726
0
0
0.12468
0.09817
0
0
0.05252
0
0.24776
0
0
0
0
0.35015
0.09049
0
0.13632
0
0
0
0
0
0
0
0.0751
0
0
0.3045
0.1567
0.1352
0
0
0
0.4469
0.04353
0
0.0708
0
0
0
0
0
0
0.09399
0
0
0.10776
0
0
0
0
0
0
0
0
0
0
0
0
0
0.18323
0
0.07403
0.07409
0
0.0398
0.06936
0
0
0.04511
0
0
0
0.04726
0
0.07198
0
0
0
0
0
0
0
0
0
0.06676
0
0
0
0
0
0
0
0
0
0
0
0
0
0
0
0
0
0
0
0
0.07495
0
0
0
0
0
0
0
0.05106
0
0.06691
0
0
0
0.08159
0
0.02344
0
0
0.06862
0
0.0615
0
0.12537
0.10788
0
0
0.06112
0
0
0
0
0.19393
0
0
0
0
0
0.07149
0.12508
0
0
0.06096
0
0
0
0
0
0
0
0
0
0.06079
0.06203
0
0
0.01726
0.10566
0
0.11611
0
0
0.06913
0.06984
0
0
0.20759
0.0539
0
0
0.23378
0.10229
0.26779
0.13756
0
0.11851
0
0.30261
0.11853
0
0
0
0.06422
0.06917
0.06636
0
0.35194
0.04717
0
0.14381
0
0.08038
0
0
0
0
0.08112
0
0
0.1463
0.06451
0
0
0
0
0
0
0
0
0.34663
0
0.14378
0
0.05445
0
0
0
0
0
0.29957
0.16619
0
0.01783
0.02405
0.3382
0
0.10391
0
0.23851
0
0
0
0
0.17566
0.07149
0
0
0
0
0
0.05301
0
0
0
0
0
0.06091
0.06503
0
0
0
0
0
0
0.27616
0.06662
0.08137
0
0.29974
0.16408
0
0.02331
0.06837
0
0.07125
0
0
0
0
0
0
0.06699
0
0.06625
0.06558
0.06631
0
0
0
0
0
0
0.39085
0.10964
0.0946
0.44523
0
0
0
0
0
0.31508
0.14674
0
0
0.43792
0.33136
0
0
0.37041
0
0.43625
0.23275
0
0.17813
0
0.01678
0.01709
0
0
0
0
0.0813
0.05291
0
0.21147
0.21159
0
0
0
0
0.06998
0
0
0
0
0
0
0
0
0
0
0
0
0
0
0
0.05321
0
0
0.21134
0
0
0.04912
0.04249
0
0.06378
0
0.10864
0.24827
0
0
0
0.10897
0.05211
0.15367
0
0
0
0
0
0
0
0
0.06382
0
0
0
0
0
0
0
0.06719
0
0.02137
0
0
0
0
0
0
0
0
0
0
0
0
0
0
0
0
0
0
0.17954
0
0.06135
0
0
0
0
0
0
0
0
0
0.06781
0
0.19825
0.06775
0.22313
0
0
0.01786
0
0
0
0
0
0.07009
0
0
0
0.06363
0.06383
0.06611
0
0
0
0
0
0
0
0.06422
0
0
0.06938
0
0.06378
0
0.06868
0.04798
0.07323
0.78673
0.52269
0
0
0
0
0
0
0
0
0
0
0
0
0
0
0
0
0.0225
0
0
0
0.06425
0
0.11012
0
0
0
0
0
0
0
0
0
0.06665
0
0
0
0
0
0
0
0
0
0
0
0.06617
0.13061
0
0
0.19179
0.04466
0
0.02913
0.10751
0.0449
0.11783
0
0.0994
0
0
0
0
0
0
0
0.25841
0
0
0
0.24632
0.06558
0
0
0
0
0
0
0
0
0
0.07306
0
0
0
0
0.03869
0.08542
0
0
0.42619
0.45887
0
0.32956
0.02102
0.06205
0.57123
0
0.18283
0.19657
0.53304
0
0
0
0.23206
0
0.29
0
0.37886
0.02288
0
0.30808
0.20984
0.8377
0
0
0
0
0
0.0549
0.10572
0
0.20688
0
0
0
0
0
0
0
0
0
0.16051
0
0
0
0.0803
0
0
0
0
0.34673
0.37324
0.10452
0
0
0
0.29293
0.20887
0
0
0
0
0
0
0.068
0
0
0.03349
0.07453
0
0.10719
0
0.10755
0.05221
0
0
0
0.11697
0
0.06482
0
0
0.06999
0
0
0
0
0
0.06931
0.0684
0
0
0
0
0.05588
0
0
0.2675
0
0
0
0
0.2027
0.15379
0.29524
0.31826
0.07799
0
0.21605
0.07961
0.19175
0.40601
0
0.13157
0
0
0.05421
0
0.05478
0
0
0.05402
0
0
0
0.05344
0
0.06793
0
0
0.0355
0
0
0
0
0
0
0
0
0
0
0
0
0
0
0
0.22719
0.19665
0
0.19115
0
0.06388
0.08954
0.06785
0.06441
0.06393
0
0.07193
0.06371
0.07146
0.06464
0.10952
0
0.06916
0
0.10806
0
0
0
0.06976
0
0
0
0
0
0.24951
0
0
0
0
0
0
0
0
0
0
0
0
0
0
0
0
0
0
0
0
0
0
0
0
0.06412
0
0
0
0.06686
0
0
0.06374
0
0
0
0
0.06484
0.06409
0
0
0
0.01823
0
0
0
0
0
0
0
0
0
0
0.08113
0
0
0
0
0
0
0
0
0
0
0
0
0
0.06456
0
0
0
0
0
0
0
0
0
0
0.1304
0
0
0
0
0
0
0
0
0
0
0
0.87822
0.11607
0
0
0
0.25692
0
0
0.1751
0
0
0.77725
0.0668
0.06798
0.03902
0.19075
0.05765
0
0.13564
0.13485
0.06997
0
0.33058
0.07228
0
0
0
0
0
0
0
0
0
0
0
0
0
0
0.06947
0
0.07035
0
0
0
0
0.0644
0.06849
0
0
0
0
0.07215
0
0
0
0
0
0
0.02291
0
0.06436
0
0
0.02194
0
0.06437
0.06648
0.04316
0
0
0.06491
0.16074
0
0.06397
0
0.06557
0.04359
0
0
0.02179
0
0
0.0643
0.04122
0
0
0
0
0
0
0
0.04681
0
0
0
0
0
0
0
0
0
0
0
0.27998
0
0.0275
0
0.06577
0.04519
0
0
0.04297
0
0.06813
0.06782
0
0
0.06668
0
0.06824
0
0
0
0
0.06736
0.06521
0
0.0677
0
0
0.13218
0
0
0
0
0.06758
0
0
0
0
0.06733
0
0
0
0
0.06699
0
0
0
0
0
0
0
0.13269
0
0
0
0
0
0.0192
0
0
0
0
0
0
0
0.06674
0
0
0
0.06701
0
0
0.07051
0
0.23639
0
0.07307
0
0.12117
0
0.07749
0
0.46866
0
0
0.05054
0
0
0
0
0
0
0.05093
0.52417
0
0.22615
0.05051
0
0
0
0
0.06659
0.02286
0
0
0
0.07259
0
0
0.07577
0
0
0.18205
0.20357
0
0.22492
0.21777
0.05028
0.05818
0.07773
0
0.28192
0.05062
0
0.02559
0.48628
0.39269
0.38721
0
0
0.02402
0
0
0
0
0
0.06677
0
0
0
0
0
0
0
0.0638
0
0
0
0
0
0
0
0
0
0.05707
0
0.08323
0
0.11202
0
0
0
0.77574
0.42346
0.06996
0.76105
0.09758
0.03537
0.43858
0.74727
0.07351
0.05806
0.06196
0.89817
0.26842
0.33144
0.07337
0.80475
0.5434
0.80469
0.21348
0
0.1327
0.74952
0.86254
0.70357
0.63305
0.63577
0.07049
0.57188
0.60506
0.78835
0.32527
0.34318
0.28052
0.05651
0
0.1263
0.12604
0.07279
0.47902
0.32388
0.44983
0.07151
0.37743
0.0449
0.28623
0.2853
0
0.1135
0
0
0
0
0
0.14542
0
0.08147
0.22325
0.20145
0
0
0
0.06998
0.1552
0.06838
0.14659
0
0.03964
0.14732
0.35302
0.14589
0.05155
0.04372
0.12706
0
0
0
0.0235
0.33052
0.35538
0.30212
0.48989
0.18794
0
0.19255
0
0.27265
0.69543
0.61791
0.61507
0.20953
0.1071
0.15245
0.11948
0.27359
0.56183
0
0.07061
0.0707
0
0
0.11301
0.08577
0
0.023
0
0
0
0
0
0.17787
0
0.05225
0
0
0
0.53262
0.08668
0
0
0
0.10903
0
0.05407
0
0
0
0
0
0.06974
0.05161
0
0
0
0.10656
0
0
0
0.1818
0.38994
0.48659
0
0.16351
0.01831
0.23363
0.09321
0.05353
0.03486
0.2843
0
0.03635
0
0
0
0.02345
0
0
0
0
0
0
0
0
0
0
0
0
0
0
0
0
0
0.0539
0
0
0.13059
0.10746
0.10777
0
0
0
0.06822
0
0
0.02399
0.069
0
0
0
0.06867
0.19682
0.05272
0.08495
0
0
0.10771
0
0
0
0
0
0
0.18122
0
0
0
0
0
0
0
0.0706
0
0
0
0
0
0
0
0
0.06529
0.05285
0
0
0
0
0
0
0
0
0
0
0
0
0
0
0
0
0
0
0
0
0
0
0
0
0
0
0
0
0.06473
0
0.06461
0
0
0
0
0.06473
0
0
0
0
0
0
0
0
0
0
0
0
0
0
0
0
0
0
0
0
0
0
0
0.01801
0
0
0
0
0
0
0.06072
0
0
0.07621
0
0
0.07217
0
0.24517
0.05769
0.46786
0
0.66875
0
0.13222
0.17239
0.07687
0
0.06611
0.0381
0.14184
0
0
0.07156
0.05568
0.12714
0.06563
0
0.05745
0.05796
0.06796
0.76627
0.01929
0
0
0.05115
0.11466
0
0
0
0
0
0
0
0
0
0.07002
0
0.07107
0
0
0
0
0
0
0
0
0.06988
0
0
0
0
0
0.06419
0
0
0
0
0.02244
0.13202
0
0
0
0
0.06616
0.06408
0
0
0
0.4633
0
0
0
0
0
0
0
0
0
0
0.02502
0
0
0
0
0
0
0.05079
0.08345
0.06505
0
0
0
0.06769
0
0.0222
0.13211
0.06439
0.04351
0
0
0
0.06798
0
0.07576
0
0
0
0
0.0645
0.06732
0
0
0
0.06485
0.06678
0.02182
0
0
0
0
0
0
0
0
0
0
0
0
0.0664
0
0
0
0
0
0
0.06975
0
0
0
0.05183
0
0.26219
0
0
0
0.06867
0
0
0
0
0
0.07365
0.53463
0
0.05178
0
0.05745
0
0
0.09519
0
0.13266
0
0.10346
0
0
0.07574
0
0
0.07341
0
0.24683
0
0
0
0
0.46711
0.0249
0.23876
0
0.28576
0.38645
0
0
0
0
0
0
0
0
0
0
0
0
0
0
0
0
0.07635
0
0.07359
0
0
0.2312
0.21423
0
0
0
0
0
0
0.60087
0.48026
0.65111
0.46126
0.61061
0.51361
0
0.61423
0.58684
0.81495
0.21868
0.67111
0.77555
0.15343
0.34921
0.86663
0.36607
0.20953
0.3564
0
0.71472
0.63946
0.15407
0.45876
0.78169
0.89366
0.94676
0.67706
0.22285
0.70934
0
0
0.40312
0.23102
0.06775
0
0
0.05614
0.03754
0.15468
0
0.06781
0.17898
0.7817
0.09963
0
0.46984
0
0.20296
0.26097
0
0.07331
0.22343
0
0.19997
0.23713
0.06538
0.04875
0
0.29491
0
0.07549
0.06614
0
0.2097
0.14678
0.06741
0.12739
0.06732
0.07087
0.02609
0.1426
0.06898
0.2114
0.1313
0.76143
0
0.46221
0.38176
0.45904
0.65577
0
0
0.36258
0.56076
0
0
0
0.109
0.89733
0.74293
0.48279
0.69106
0
0.15488
0
0.66009
0
0.07036
0.38659
0
0.05983
0.07115
0
0
0
0
0.18909
0.06936
0
0
0
0
0
0
0
0
0.05375
0
0
0
0
0
0.06485
0.10937
0
0
0
0
0
0
0
0
0
0
0
0
0
0
0.05738
0
0
0.21625
0
0.06372
0
0
0
0
0.06554
0.05109
0
0
0.04267
0
0
0
0
0
0
0.1286
0.05214
0.05113
0
0.07518
0
0.27802
0
0
0.47801
0
0.75345
0.05604
0.15304
0.54207
0.05949
0.20379
0.14388
0
0.61052
0.11038
0.70545
0.54697
0
0
0
0
0.0686
