0.06964
0.0698
0
0
0
0.06921
0.06974
0.06903
0.06899
0.04652
0.02338
0.06944
0.06923
0.06908
0
0.06907
0
0
0.06975
0.06941
0.06898
0.06946
0
0
0
0.06959
0
0.02332
0
0.06892
0
0
0.06924
0
0.06949
0.06998
0.07018
0.06988
0
0
0
0
0.02322
0
0.06936
0.10766
0.06898
0
0.06901
0
0
0.06973
0.06914
0
0
0.0468
0
0
0.06896
0
0
0
0
0
0
0
0.07612
0.06974
0
0
0
0
0
0
0
0.06909
0.06954
0.06899
0
0
0
0
0
0
0
0
0.06944
0.06916
0.02329
0.02312
0
0.07002
0.06914
0
0
0
0
0.06955
0
0
0
0.06939
0
0
0
0
0.06941
0
0
0.06933
0.06977
0
0
0
0
0
0.06928
0
0
0
0.0463
0
0
0
0
0
0
0
0.06949
0
0
0
0.06926
0
0.07593
0
0.06932
0
0
0
0.06947
0
0
0
0
0
0
0
0
0
0.06928
0
0.06921
0
0.06892
0.06876
0
0
0.06941
0
0
0
0.06966
0
0.06889
0
0
0
0
0.06908
0
0
0
0.06888
0
0
0
0.06904
0.07563
0.06975
0
0
0
0
0
0
0
0
0
0
0
0
0
0
0
0.07011
0
0
0
0
0
0
0
0
0
0.025
0.0701
0
0
0
0
0
0.06993
0
0.07034
0
0
0
0.05008
0
0.06899
0
0
0
0.0499
0
0
0
0
0
0
0
0
0
0
0
0
0
0
0
0.07024
0.0769
0
0
0
0.07843
0.06994
0
0.07007
0.07889
0
0.07588
0
0.07913
0.07847
0.07552
0.07833
0
0
0.07576
0.0702
0
0.07741
0.07903
0.07817
0.0789
0
0
0
0
0
0.07932
0.0783
0.07836
0
0
0
0.05201
0.07819
0
0
0
0
0
0
0
0.07801
0.07792
0.07593
0
0
0
0.07724
0.07922
0.0765
0.07814
0
0
0
0
0
0
0
0
0
0
0
0
0
0
0
0.07628
0
0
0.02659
0.07742
0.07682
0.07672
0.078
0
0.07827
0.07533
0
0
0
0
0
0.07854
0.07621
0
0.05082
0
0.07934
0.07926
0
0.07703
0.0766
0.07691
0.07763
0
0
0
0
0
0.07495
0.07558
0.07789
0
0
0.07823
0
0
0
0
0.07932
0
0
0
0
0.02584
0.07577
0.07761
0
0
0.07712
0
0
0
0
0
0
0
0
0
0
0.05129
0
0.07809
0
0
0.07777
0
0
0
0.07739
0
0
0
0.07753
0.07741
0.07723
0.07544
0
0.05062
0.07744
0
0
0
0
0
0
0
0.07667
0.02584
0.07634
0.07674
0.07571
0.02545
0.07773
0
0
0.0775
0
0
0
0
0.07631
0.07539
0.0763
0.07897
0
0
0
0
0
0.02492
0.07675
0.17847
0
0
0
0
0
0
0.07746
0
0
0.14126
0.02352
0
0.077
0
0
0
0.07722
0
0.07855
0
0
0.09268
0.17842
0
0
0
0.07575
0
0
0
0
0
0.21156
0.13758
0.21177
0.14078
0.20893
0.14091
0.13951
0
0
0
0
0
0
0
0.07568
0
0
0.14034
0.07058
0
0
0
0
0
0
0
0.0794
0
0
0.07845
0
0
0
0
0.09314
0.2107
0.0705
0.13815
0.07
0.06998
0.13883
0.14015
0.04689
0.07877
0
0
0
0.0751
0
0
0
0
0.07768
0
0
0.0239
0
0
0.09273
0.21254
0.21264
0.09281
0.21045
0
0.14025
0.21067
0.04717
0.06964
0.21041
0
0
0
0
0
0
0
0
0
0
0.07651
0.07519
0.07653
0
0
0
0
0
0
0
0.07075
0.21092
0
0.14066
0.1382
0.13837
0
0
0
0
0
0.02584
0
0
0
0
0
0
0
0
0
0
0.07049
0.07047
0
0
0
0.14123
0.13965
0
0
0
0
0
0
0
0
0
0.07518
0
0
0.07657
0.07626
0
0
0.0543
0
0
0
0
0
0
0
0
0.07009
0.06996
0
0.0707
0
0.13909
0.06986
0.07108
0.0712
0.13788
0.14049
0
0
0
0
0
0
0.07786
0.05137
0
0.07127
0
0
0
0.07026
0.18785
0.07113
0.14049
0.07039
0.13776
0.06933
0.02351
0.02344
0.13842
0.14106
0
0
0.07702
0
0
0
0
0
0.0708
0.0474
0.13845
0
0
0.12083
0
0
0
0
0
0
0
0.07754
0
0.08229
0
0
0
0
0
0
0
0.11609
0.09308
0.06988
0.07037
0.14116
0.14026
0.02357
0.09965
0
0
0
0
0
0
0
0
0
0
0
0
0.0713
0
0
0
0.21139
0.07063
0.13981
0.13946
0.1389
0
0.18646
0
0.07573
0
0
0
0
0
0
0
0
0
0
0
0
0
0
0.07051
0.07106
0.10821
0
0.02388
0.0696
0.16225
0
0
0
0
0
0
0.07524
0.07562
0
0
0
0
0
0.07065
0
0
0
0.11614
0
0.07105
0.07123
0.07001
0.06945
0.06993
0.07084
0.11475
0.16275
0.13967
0.13879
0.11478
0
0
0
0
0
0
0
0
0
0
0
0.0756
0
0
0.09295
0.07105
0.0708
0.16461
0.20985
0.13991
0.13997
0.17912
0.14003
0.13831
0
0
0
0
0
0
0.10061
0.07708
0.05203
0
0
0
0
0
0
0
0
0
0
0
0
0.20986
0
0.07026
0.0239
0.07093
0.13756
0.13921
0.13991
0.21248
0.13871
0.1395
0.13934
0.11569
0
0
0
0
0
0.07712
0
0
0
0
0.16925
0.1676
0
0
0
0.02373
0.07013
0.21003
0.21022
0.21086
0.09283
0.20904
0
0
0
0
0.25791
0
0.10004
0.02599
0
0
0
0
0
0.08674
0
0
0.08209
0
0
0.1865
0.09241
0.21068
0.21143
0.16431
0.13939
0.11608
0
0
0.28743
0.07715
0
0
0
0.07617
0
0
0.16679
0
0
0
0
0
0.07138
0.07033
0.07003
0.13907
0.14001
0
0
0.09986
0.40792
0
0
0
0
0
0
0.07628
0.07626
0.07616
0
0
0
0.16583
0
0
0
0.16396
0
0.21169
0.13892
0.07071
0.07062
0
0
0
0.02555
0
0.10051
0
0
0
0
0
0.07685
0
0
0.16338
0
0
0
0
0
0
0.07111
0.07074
0
0
0
0
0
0
0.10007
0.16408
0.16483
0.20308
0.25727
0
0.19777
0
0
0.16663
0
0
0
0
0
0
0
0
0
0.07151
0.07014
0.06973
0.07104
0.1388
0.07098
0.40698
0
0.40917
0
0
0
0
0
0
0.13206
0.16505
0.19927
0.11962
0
0
0.37074
0
0
0.16766
0
0
0
0
0.07106
0.07032
0.06949
0.09223
0.02372
0.20307
0
0
0
0.37127
0
0
0.10114
0
0.16455
0.09196
0.23046
0
0
0
0.1949
0.16631
0.1702
0.16707
0
0
0
0
0
0
0.20979
0
0
0
0
0
0
0
0
0.10133
0
0.26371
0.20165
0
0.16993
0
0.16376
0
0
0
0
0
0
0
0
0
0
0
0
0
0.1838
0
0.08519
0.16888
0.22919
0.24526
0
0
0.20576
0
0
0
0
0
0
0
0
0.12067
0
0
0.08221
0.1674
0
0
0.16671
0
0
0.16379
0
0
0
0
0
0
0.24002
0
0
0
0.24449
0.16529
0
0
0.2578
0
0
0
0
0
0
0
0
0
0
0.18673
0
0
0.16892
0
0
0.48762
0
0
0
0.22079
0.16926
0.11641
0
0
0.17139
0.16841
0
0
0
0
0
0
0
0
0
0
0
0
0.39498
0.16318
0
0
0
0
0.55995
0
0
0
0
0
0.26531
0.16906
0
0.24438
0.34269
0.13968
0.24841
0.19839
0
0.17465
0
0
0
0
0
0
0
0.20278
0.40554
0
0
0.14358
0.14203
0
0
0.37604
0
0.10857
0.13617
0
0
0.25693
0
0
0.02743
0
0
0.19511
0
0
0
0
0
0
0
0
0
0
0
0
0.20666
0.26332
0
0.16752
0
0.08234
0.19253
0.1685
0.05453
0
0.08795
0
0
0
0
0.36752
0
0
0
0
0
0
0.36847
0
0.10015
0
0
0
0.28194
0.16756
0
0.20037
0
0.31826
0
0.36975
0.25995
0
0.16425
0.28434
0
0
0
0
0
0
0
0
0
0
0.40407
0.0672
0
0
0
0
0
0.41549
0
0
0
0
0
0.25943
0
0.08217
0
0.26575
0
0.05537
0
0.08219
0
0
0
0.27463
0.40431
0
0
0
0
0.39165
0.39164
0
0
0
0
0
0.25852
0.29955
0.16689
0.16975
0
0
0
0
0
0
0
0
0
0.06752
0.16857
0
0
0
0.12161
0
0
0.19345
0.18145
0.18106
0
0.11092
0
0
0.1104
0
0
0
0.39312
0.06733
0
0
0.40391
0
0
0.16573
0
0
0.17129
0
0.11171
0
0
0.19287
0.25902
0
0
0
0
0
0
0
0
0.39837
0
0
0.40207
0.26672
0
0.16793
0
0
0.19441
0.17028
0
0.16279
0
0
0
0.02873
0.16609
0.18368
0
0
0
0
0.1681
0
0
0.165
0
0
0
0
0
0
0
0
0.13186
0.40413
0
0
0
0
0.50218
0.50277
0.2692
0.26613
0
0
0.25818
0.16916
0
0.06105
0
0.05532
0
0
0
0
0
0.23281
0.22495
0.25779
0.17014
0.05462
0.08234
0
0.17006
0
0
0
0
0.03351
0.06788
0.25595
0
0
0.399
0.50271
0.26957
0
0.31779
0.17042
0
0.16844
0
0.24245
0
0.24039
0
0
0
0
0.20458
0
0.20512
0.09444
0.30956
0.39962
0
0.32044
0
0
0
0
0
0.11107
0
0
0
0
0
0.05407
0.03407
0.1318
0
0
0.17189
0.0329
0.20777
0
0
0
0
0.25794
0
0
0
0.02699
0
0
0
0
0
0
0.20378
0.56145
0.16718
0.09429
0
0
0
0
0.16932
0.26752
0.16986
0.09296
0.26602
0.26207
0.08223
0.0821
0
0
0
0
0
0
0
0.02723
0.20191
0
0
0
0
0
0.40454
0
0
0
0.26678
0.24985
0
0
0
0
0
0
0
0.54535
0
0.26656
0
0.24439
0.228
0
0.12276
0.30414
0
0
0
0.03369
0.40081
0
0.24523
0
0.26327
0
0.26997
0
0
0.26686
0.26787
0
0.14335
0
0
0
0
0
0.06493
0
0
0
0
0.03375
0
0
0.26478
0.17159
0
0.26911
0.17066
0
0
0
0
0
0.2563
0.20408
0.09734
0
0
0.19403
0.19429
0
0.17186
0.06659
0
0
0.05784
0.21244
0
0.17213
0.09211
0.21757
0.21796
0
0
0
0
0.26094
0
0.19895
0.25518
0.16463
0.19862
0.19763
0.06737
0.19755
0.5274
0.20335
0.10065
0.19483
0.10016
0
0
0.26805
0.1993
0
0
0.30282
0
0.17125
0.26215
0
0
0.20406
0.2725
0.09834
0.09698
0.34263
0.20383
0
0
0
0.09268
0
0.24376
0
0.19367
0.16604
0
0
0
0.75716
0.19728
0
0
0
0
0
0.02796
0.19547
0
0.26409
0.27039
0
0.26375
0.16763
0.26077
0.11346
0
0.41351
0.17339
0.20032
0.17129
0
0
0
0
0
0
0.26075
0.26289
0
0.26303
0.26891
0
0.16752
0.26223
0.25867
0
0.11363
0.23745
0.19724
0.17335
0.20375
0.06729
0.20336
0.20417
0.17323
0.20092
0.29361
0.3275
0
0
0.10047
0
0.05755
0
0.26861
0.28849
0
0.16618
0
0.16909
0
0
0.05409
0.26288
0.36905
0
0.17295
0.06612
0.03285
0
0.73906
0.12826
0.66683
0.19731
0.65215
0.33162
0.24962
0
0.20352
0.1677
0
0.34198
0
0
0
0
0.21876
0.34111
0
0.26304
0.17265
0
0
0.17134
0
0.26173
0
0
0
0.17354
0.13776
0.03553
0.04496
0.4802
0
0
0
0
0.26942
0
0
0.24592
0
0
0
0
0
0
0
0.02477
0
0
0.26954
0
0
0
0.02706
0
0.09874
0.06715
0.1972
0
0
0.07061
0.71521
0.17351
0
0.38816
0
0
0
0
0
0.08459
0
0
0
0
0
0
0
0
0
0.09084
0.15396
0.11155
0
0
0
0.26179
0.19852
0
0
0.25089
0.06482
0
0.10571
0.20009
0.38787
0.33524
0.33625
0
0
0
0.22796
0
0
0.16916
0
0
0
0.15178
0
0
0.12325
0
0.16847
0.02252
0.25053
0.21536
0.23585
0.06517
0.18561
0.18564
0.34467
0.5448
0.49001
0.57486
0.43145
0.49892
0.43436
0.45454
0.45305
0.09708
0.09823
0.19768
0.20259
0.10609
0.65401
0.10594
0.07061
0.58763
0.38969
0.53284
0.27068
0.38831
0
0.4719
0.37434
0.29772
0.261
0.29481
0
0
0
0
0
0
0
0
0
0
0
0.26636
0
0.19706
0.29094
0.39144
0.2494
0.25001
0.2516
0.77188
0.36049
0.4044
0.39996
0.15603
0.41509
0.35998
0.5505
0.29922
0.69496
0.35386
0.09708
0.06681
0.3719
0.20465
0.20224
0.13429
0.27548
0.20574
0.0342
0.10632
0.59289
0.39786
0.38901
0.26023
0
0
0
0
0
0
0
0
0
0.17592
0
0
0
0.22311
0
0.12942
0.20773
0.3975
0.29212
0.34167
0.2926
0.24516
0.28153
0.66721
0.24839
0.20144
0.52195
0.49794
0.28979
0.15595
0.3996
0
0.17341
0.37471
0.25324
0.37655
0.25362
0
0.27424
0.38245
0.53929
0.29646
0.66648
0.6279
0.20262
0.49881
0.13388
0.43946
0.49327
0.20215
0.1056
0.20291
0.10565
0.19866
0.19627
0.06702
0.26991
0.27497
0.69978
0.50661
0.26096
0.26972
0.30241
0.09972
0.45536
0.30972
0.30987
0
0.20436
0.30332
0
0
0
0
0
0
0
0.26436
0.16922
0
0.16531
0
0.02861
0
0.06503
0.129
0.12978
0.25486
0.2917
0.18617
0.13016
0.0595
0.40046
0.56373
0.35944
0.53941
0.6318
0.46523
0.25562
0.46534
0.46557
0.64573
0.69814
0.29235
0.12231
0.25179
0.20238
0.10535
0.38455
0.27521
0.63115
0.06531
0.1734
0.09832
0.20309
0.19885
0.5337
0.29811
0.29563
0.20273
0.3832
0.03345
0
0.2953
0.29505
0
0
0
0
0
0
0
0.17133
0
0
0
0
0.24365
0
0
0
0.1706
0
0.07037
0.12907
0.25541
0.18583
0.18558
0.25461
0.60681
0.15432
0.40224
0.25451
0.76926
0.55993
0.7004
0.2156
0.77379
0.43726
0.20427
0.55507
0.20293
0.17427
0.06743
0.20426
0.17391
0.19989
0.38286
0.19759
0.16693
0.20308
0.27045
0.29441
0.38942
0.19503
0.40155
0
0
0.2938
0
0.29372
0
0
0.22087
0
0
0.17832
0
0
0
0
0
0
0
0
0
0
0.25339
0.06545
0
0.06506
0.0705
0.25512
0.25485
0
0.25122
0.46692
0.25533
0.25557
0.34252
0.25038
0.25212
0.60405
0.24922
0.37555
0.01932
0.56185
0
0.20019
0.84691
0
0.20159
0.0675
0.20447
0.20364
0.61734
0.25653
0.03239
0.69794
0.20287
0.09623
0.20225
0.09981
0.20214
0.20415
0
0.20546
0.30659
0.10101
0.11674
0.26962
0.38351
0.33031
0.40066
0.295
0.32262
0.30382
0
0.38692
0
0.39236
0
0.08743
0
0.0852
0.26495
0.08456
0.1575
0.12166
0.08587
0.08491
0.50114
0
0
0.08501
0
0
0
0
0
0.03572
0
0
0
0.16883
0
0
0
0
0
0.04362
0
0.25166
0.06839
0.19514
0.02175
0.19716
0.22901
0.4824
0.53806
0.59048
0.05802
0.28738
0.47547
0.31012
0.53933
0.37908
0.31604
0.34942
0.24662
0.84751
0.12172
0.66637
0.58736
0.27939
0.56127
0.2462
0.75256
0.58453
0.52503
0.09841
0.56123
0.13456
0.09913
0.16537
0.20327
0
0.03315
0.26485
0.06392
0.22509
0.19973
0.27392
0.20469
0.20214
0.20214
0.22748
0.19463
0
0
0.47994
0.43629
0.33876
0.55229
0.08393
0
0
0
0.08603
0.08598
0
0.26559
0.36151
0.2265
0.08644
0.35769
0
0
0.08496
0
0
0.13237
0
0
0
0
0
0.06929
0
0
0
0.06773
0.10877
0.06953
0.25214
0
0.07029
0.4831
0.40452
0.34492
0.13567
0.54497
0.42639
0.15587
0.64364
0.55009
0.29035
0.48437
0.77708
0.56529
0.18737
0.15604
0.53494
0.43743
0.36275
0.25037
0.77693
0.60823
0.38319
0.77712
0.01933
0.68477
0.71294
0.59186
0.24621
0
0.88594
0.37266
0.20194
0.09981
0.09716
0.10068
0.2227
0.19749
0
0
0.1973
0.19907
0.19808
0
0.189
0.19746
0.27057
0.26954
0.50302
0.37351
0.37374
0.50636
0.09697
0
0.0628
0
0
0
0
0
0.08683
0
0.14367
0.16111
0
0
0
0
0
0
0
0
0
0
0
0.07086
0
0.07061
0.17318
0.04549
0.18597
0.24619
0.06512
0.18518
0.25152
0.25412
0.60189
0.24962
0.88476
0.46887
0.53113
0.2465
0.40097
0.2883
0.73627
0.62119
0.78923
0.73746
0.24502
0.38196
0.45295
0.78175
0.15465
0.49882
0.57064
0.51762
0.76351
0.25124
0.79083
0.20136
0.20207
0.20191
0
0.19983
0.2012
0.2029
0.09604
0.1061
0.43023
0.29016
0.20423
0.30057
0.40868
0.09686
0.36784
0.35068
0
0
0.19294
0.19681
0
0
0.0845
0
0
0
0
0
0
0
0
0.06926
0
0.06515
0
0.06958
0.06544
0.25073
0.18493
0.13024
0.18628
0.18608
0.52645
0.34305
0.6331
0.28852
0.18481
0.58183
0.05829
0.60738
0.18661
0.67267
0.47783
0.60648
0.38247
0.37237
0.68547
0
0.39004
0.09776
0
0.17348
0.38769
0.35454
0.38302
0.08614
0.43949
0.20253
0.30067
0.09965
0.20091
0.56002
0.29382
0.23266
0.06461
0.4074
0.43696
0
0.20403
0.40167
0.40275
0
0
0.10696
0
0
0
0.05591
0.15444
0.15145
0.17907
0
0.06987
0.06934
0.06914
0
0.06984
0
0
0.06946
0.07047
0.0679
0
0.06829
0.23433
0.12926
0
0.25104
0.13272
0.38011
0.29047
0.66798
0.60693
0.4008
0.73527
0.49692
0.4952
0.43122
0.37642
0.34305
0.1555
0.8881
0.17338
0.1987
0.19805
0.09801
0.20264
0.16119
0.23721
0.27125
0.17359
0.19841
0.39605
0.30082
0.10004
0
0.13364
0.22278
0.06401
0.46448
0
0.23297
0
0.12521
0.34707
0
0
0
0.40769
0
0.09187
0.44139
0.07418
0.07439
0.24316
0.15239
0
0
0
0.23033
0.08061
0.08039
0.22804
0
0
0
0
0
0
0.07012
0.06948
0
0.0708
0.06983
0.06994
0
0.02255
0.25119
0.19557
0.06538
0.57218
0.25222
0.71163
0.29317
0.56709
0.53348
0.2475
0.56176
0.15586
0.49471
0.38236
0.29114
0.25949
0.49599
0.40084
0.37626
0.19808
0.19755
0.65125
0.19787
0.55572
0.19711
0.25954
0
0.13494
0.20318
0.45287
0.61331
0.48442
0.4271
0.33445
0.29485
0.10733
0.63649
0.36852
0.08741
0.40762
0.42637
0.08509
0.08728
0.0874
0
0.37986
0
0
0
0
0.07498
0.18927
0.16527
0.16273
0
0.16206
0.23004
0.23034
0
0.07965
0.16237
0.2514
0
0
0
0.06929
0
0
0.0871
0.0652
0.1733
0.06841
0.08683
0.06548
0.25081
0
0.25533
0.12954
0
0.50453
0.25171
0.24986
0.45053
0.30953
0.72865
0.748
0.88541
0.46272
0.43307
0.38505
0.30826
0.5338
0.77846
0.20268
0.20231
0.26991
0.3698
0.23843
0.1998
0.45457
0.45413
0.31646
0.42229
0.19729
0.13061
0.38939
0.20201
0.18542
0.40038
0.09635
0
0
0.39894
0.39053
0.14866
0.41492
0.19331
0
0.21717
0.24285
0
0.05024
0.2698
0.07486
0
0
0.18536
0.06548
0.04396
0.25292
0
0.07011
0
0.06804
0.15254
0
0.25489
0.19518
0.18466
0
0.06524
0.19707
0.5182
0.88599
0.48487
0.35859
0.03883
0.5023
0.20315
0.56544
0.5429
0.30996
0.62434
0.71244
0.19788
0.37394
0.26946
0.10552
0.19879
0.12006
0.58162
0.42241
0.20426
0.38959
0.1701
0.15327
0.24526
0.29897
0.20159
0.37457
0.06282
0.23336
0.30673
0
0.20163
0.46469
0.08468
0.33687
0.08565
0.08491
0.08634
0.08499
0.19298
0.19345
0
0.46637
0.14473
0.1628
0
0
0
0.16157
0
0.15408
0.23137
0.15167
0.15399
0.16336
0.18124
0.23384
0.1629
0.19063
0.02369
0.21655
0
0
0
0
0
0.23041
0.16271
0
0
0.24017
0
0
0.06943
0
0
0
0.07007
0
0
0.06485
0
0.19627
0.54019
0.09074
0.16689
0.56522
0.27765
0.38146
0.36089
0.59077
0.57642
0.8522
0.29162
0.37413
0.09714
0.32639
0.19927
0.19882
0.09628
0.20054
0.09721
0.83122
0.19098
0.13186
0.61654
0.39381
0.17496
0.08681
0.2727
0.08687
0.09936
0.39479
0.1641
0.10612
0
0
0.13939
0.11428
0.07212
0.16362
0.07344
0.23163
0.23163
0.2324
0.08233
0.15157
0
0
0.18677
0
0.22956
0.20236
0
0.26318
0.13242
0.26283
0.06827
0.06901
0
0.23391
0.06982
0
0
0.07026
0.06967
0.06862
0.06863
0.06855
0.25136
0.06907
0.19525
0
0.19628
0.22946
0.3612
0.77984
0.47295
0.25153
0.88863
0.40919
0.09892
0.20276
0.19002
0.30958
0.27078
0.19849
0.19958
0.09848
0.30136
0
0.38576
0.3872
0.38134
0.19066
0.19346
0
0.47414
0.30913
0.08413
0
0.16358
0.07226
0.15519
0.23202
0.09953
0.07254
0.20998
0.23503
0.24261
0
0.22917
0.1638
0
0.22628
0
0.26304
0
0
0
0
0
0
0
0
0
0.07071
0.06953
0.07002
0.02201
0
0
0
0.06516
0.12961
0.13007
0.71114
0.37521
0.41988
0.70842
0.31243
0.3412
0.50206
0.5264
0.18916
0.2054
0.19699
0.28122
0.08566
0.16164
0.23441
0.10039
0
0
0.38107
0.40897
0
0.19342
0
0
0.19216
0.15435
0.07327
0.16313
0.07294
0.07428
0.09753
0.07411
0.07218
0.23425
0
0
0.06862
0
0.06827
0
0
0.07086
0
0
0
0.06587
0
0
0
0
0.0687
0.18601
0
0.19639
0.55254
0.59871
0.49554
0.88451
0.88348
0.34064
0.56974
0.29283
0.33939
0.73317
0.38645
0.37865
0.38899
0
0.20173
0.40824
0.2319
0.30002
0.30032
0.1541
0.11531
0
0.09944
0.08601
0.08635
0
0.10697
0.43164
0
0.1544
0
0.0739
0.15405
0.23314
0.07469
0.19929
0.07195
0.23081
0
0.22746
0.19009
0.15084
0
0
0
0
0
0
0
0.07051
0
0.25393
0.06994
0.06902
0
0
0.04357
0.18621
0.18567
0.25261
0.70356
0.58031
0.60165
0.19969
0.05809
0.12259
0.25216
0.42024
0.47453
0.71887
0.29003
0.3181
0.22074
0.19381
0.08535
0.2316
0.09561
0.39948
0
0.20507
0.14648
0
0
0
0
0
0.03535
0.18892
0.16396
0.22965
0.10011
0.20245
0.22863
0.23019
0
0
0
0
0.06847
0
0
0
0
0
0
0
0.19524
0.06995
0
0
0.07094
0.06868
0.06889
0.06493
0.07038
0
0.2531
0
0.29301
0.66738
0.13637
0.25333
0.47943
0.45806
0.51
0.26195
0.46824
0.3367
0.38679
0.62402
0.27144
0.09576
0.67155
0.5309
0.37883
0.41886
0.42121
0.20276
0.20189
0.15939
0.22243
0.58809
0.38411
0.58569
0.20128
0.29989
0.29973
0
0.23622
0.40794
0.10613
0.35854
0
0
0.38099
0.19102
0.1096
0.17901
0.18539
0.0801
0.22996
0.21555
0.07195
0.17844
0.02595
0.27998
0
0
0
0
0
0
0
0.07042
0
0.0692
0.21423
0
0.12905
0
0
0
0
0.18546
0.22858
0.6289
0
0.61889
0.4391
0.28869
0.19788
0.68217
0.51257
0.502
0.20066
0.47024
0.46974
0.30476
0.46641
0.37228
0.27617
0.29837
0.20344
0.271
0.03553
0.19067
0.40798
0.29983
0.29748
0.19348
0
0
0.38271
0
0.23828
0.1116
0.07458
0.23502
0.1281
0.23243
0
0
0.07071
0.15863
0
0
0
0
0.06945
0
0.06974
0.06573
0.0688
0.06831
0.18477
0.22833
0.39973
0.99839
0.70715
0.77843
0.402
0.27607
0.70686
0.49626
0.25018
0.28094
0.56331
0.25144
0.41854
0.2984
0.35035
0.16585
0.5637
0.61
0.50317
0.09557
0.30337
0.47804
0
0.39539
0.39575
0.10676
0.09942
0
0.07335
0
0.07363
0.07474
0
0.23314
0
0
0
0.20458
0
0
0
0
0
0
0
0
0.13018
0.06963
0
0.06953
0
0.18452
0.06846
0
0.29072
0.08901
0.55005
0.36257
0.2528
0.55691
0.79414
0.38117
0.48385
0.75156
0.34203
0.25224
0.50891
0.63703
0.25838
0.60419
0.34622
0.2497
0.53561
0.57092
0.18934
0.35147
0.40447
0.20261
0.54935
0.39183
0.29993
0.41666
0.18258
0.44093
0.47744
0.39716
0.07107
0.07269
0.07246
0.23324
0.22969
0.07517
0.22657
0
0.2535
0.05248
0
0
0
0.02335
0
0
0.07102
0.25342
0.06889
0.0699
0
0.18608
0.36544
0.03507
0.4213
0.38526
0.47494
0.10579
0.25306
0.94943
0.34169
0.46058
0.54121
0.71297
0.49985
0
0.36157
0.604
0.88545
0.20025
0.20381
0.37293
0.56472
0.23996
0.44854
0.51316
0
0.09529
0.29782
0.37069
0.2017
0.18928
0
0.10715
0.17972
0.07985
0.16274
0.22937
0.20744
0.0734
0.23265
0.07922
0.10617
0.07488
0
0.13025
0
0.15831
0.24194
0
0
0
0
0
0
0
0
0.06941
0
0
0
0.0689
0.06947
0
0
0.07086
0.06772
0
0.25346
0.76104
0.49919
0.15742
0.60594
0.15008
0.47458
0.25358
0.14995
0.36052
0.24921
0.4345
0.72362
0.69203
0.60782
0.51002
0.52614
0.22888
0.29148
0.41366
0.27733
0.59502
0.12887
0.2297
0.27139
0.28935
0.21826
0.25412
0.68194
0.08565
0.35954
0.12085
0.09639
0.19275
0.45646
0.50777
0.08494
0.21537
0.17174
0.23253
0
0
0
0.10557
0
0.23997
0.08008
0.25526
0.16398
0.05311
0.15857
0
0
0
0
0
0
0.13034
0.06974
0
0
0
0
0.43554
0.70508
0.13535
0.09066
0.62606
0.01934
0.58731
0.21635
0.46548
0.65659
0.46701
0.32777
0.43941
0.7437
0.54148
0.50834
0.27306
0.55829
0.3942
0.20014
0.40727
0.67461
0.3477
0.17196
0.43032
0.38915
0.66586
0.19005
0.19369
0.25221
0.09554
0.12809
0.24197
0.19609
0.19622
0.6298
0.08541
0.10586
0.10631
0.17947
0.15183
0.07989
0.23412
0.15475
0
0.202
0
0
0
0
0
0.0695
0
0
0
0.07021
0
0.06915
0.06791
0.11957
0.55041
0.3618
0.44767
0.59368
0.32774
0.79607
0.35789
0.36066
0.24859
0.53391
0.37021
0.52921
0.66816
0.16781
0.37435
0.26958
0.27978
0.08668
0.19195
0.34355
0.29319
0.11974
0.08733
0.39827
0.19302
0.19249
0.29344
0.31006
0.40979
0.02868
0.45483
0.07063
0.10795
0.37642
0
0
0.10735
0.10718
0.10858
0.2315
0
0
0.06925
0.06798
0.06881
0.06803
0.22906
0.4375
0.16617
0.63997
0.38165
0.38647
0.28919
0.03044
0.34694
0.33763
0.29354
0.23874
0.03472
0.62422
0.36514
0.19937
0.73186
0.70371
0
0.10514
0.25269
0.53573
0.10513
0.47101
0.20098
0.20585
0.27296
0.26954
0.29966
0.40893
0.38973
0.396
0.17017
0.19244
0.20164
0.39322
0.23379
0.2657
0.40103
0.20212
0.20203
0.29432
0.20171
0.35331
0.46919
0.29958
0.20125
0.20562
0.43114
0
0.08499
0.39088
0.44717
0
0
0
0.10501
0
0
0
0
0.12927
0.07261
0.13054
0.1294
0.1789
0.2423
0.20093
0
0.11018
0
0.15812
0.25696
0
0.2426
0
0
0
0
0
0
0.06885
0
0.04387
0.45001
0
0
0.27812
0.27887
0.37615
0.29113
0.64721
0.54734
0.44988
0.38373
0.47101
0.29369
0.40431
0.29423
0.71319
0.59157
0.41114
0.59485
0.26818
0.37203
0.4286
0.30626
0.38764
0.33986
0.38636
0.32539
0.61459
0.67606
0.20288
0.49227
0.35393
0.37087
0.18981
0.1894
0
0.44275
0.20773
0.1081
0
0.19807
0
0.10625
0.10481
0
0.07531
0.22856
0.16509
0.17962
0.26197
0.23242
0.21359
0.18838
0
0.17855
0
0.23125
0
0.21327
0
0
0
0
0
0
0
0.06984
0.06973
0.06985
0.06965
0
0.37628
0.34182
0.4314
0.80535
0.68707
0.24598
0.57975
0.4742
0.32244
0.18593
0.84671
0.59311
0.65546
0
0.03472
0.44878
0.53136
0.15116
0.15092
0.15475
0.47003
0.31265
0.63364
0.65632
0.35692
0.1304
0.30144
0.47304
0.4622
0.5859
0.56357
0.67498
0.09992
0.07183
0.56298
0.10805
0.26512
0.02928
0.10553
0
0
0.10662
0.23884
0.13103
0.23429
0.20241
0.10907
0
0
0
0
0
0
0
0
0.25286
0.02346
0.15111
0.06895
0
0.34222
0.59424
0.51112
0.3222
0.71126
0.01943
0
0.50192
0.22358
0.40408
0.40366
0.40402
0.31831
0.35074
0.34853
0.58373
0.16522
0.26603
0.32763
0.1917
0.57332
0.33967
0.54969
0.39615
0.29981
0.29985
0.2979
0.10971
0.08787
0.02936
0.21549
0
0.10529
0
0.10747
0.07412
0.18912
0.07269
0.19109
0
0.05273
0.15999
0
0.15997
0.1643
0
0
0
0
0
0
0.0701
0.06943
0
0.71642
0.62492
0.57035
0.38241
0.40616
0.57921
0.11105
0.73281
0.70292
0.54471
0.49292
0.91461
0.44872
0.29508
0.46776
0.46947
0.37945
0.16571
0.28287
0.37041
0.61087
0.28317
0.34816
0.10577
0.10352
0.65573
0.11939
0.25995
0.112
0.19063
0.24923
0.65047
0.40151
0.52892
0.40674
0.26979
0.37277
0.14553
0.35878
0.63835
0.46566
0
0.10954
0.29687
0.10879
0
0.17286
0
0.1065
0
0.21508
0.17924
0.23279
0
0
0.24227
0.31174
0
0.0793
0
0
0.07063
0.06903
0.2507
0.06524
0.62464
0.34973
0.50211
0.34013
0.38145
0.71364
0.16664
0.8469
0.53266
0.05813
0.40312
0.25089
0.29421
0.34283
0.50301
0.38238
0.26066
0.34028
0.36921
0.4015
0.17494
0.17468
0.35204
0.56483
0.56485
0.41949
0.46222
0.39166
0.43313
0.40697
0.38084
0.05713
0.14046
0
0
0.10795
0
0
0
0.18548
0.24093
0
0.07342
0
0
0
0
0.24171
0
0
0
0
0
0.06997
0
0.06955
0.48113
0.78194
0.49811
0.68675
0.47433
0.32115
0.38322
0.63425
0.32646
0.30706
0.2287
0.15048
0.56769
0.27641
0.40264
0.30847
0.60462
0.502
0.30105
0.09592
0.38104
0.36413
0
0.2383
0
0
0
0
0
0.1077
0.16547
0.10977
0.07253
0
0.10668
0.24289
0
0.25584
0
0
0
0.13005
0.25364
0.06933
0
0.25332
0
0
0
0.68663
0.19892
0.28869
0.70243
0
0.2494
0.46839
0.33901
0.58165
0.13822
0.23311
0.4554
0.20228
0.30086
0.3895
0.46605
0.33484
0.50869
0.3891
0.40694
0.46275
0
0.57053
0.3096
0.29615
0.20684
0.31282
0
0
0
0
0.10692
0
0.1213
0.10969
0.24284
0.17782
0.07349
0
0.1917
0
0
0
0
0
0
0.06938
0.07063
0.07829
0.04673
0
0.06808
0
0.66777
0.23938
0
0.60326
0.32047
0.42391
0.38175
0.35242
0
0.47443
0.36937
0.23678
0.79474
0.68306
0.62171
0.27412
0.41651
0.33361
0.25995
0.45702
0.32698
0.3893
0.09978
0.40107
0.0333
0.39037
0.39015
0.56976
0.5424
0.10791
0.4239
0.3387
0.0335
0.20292
0.02903
0
0
0
0.07446
0
0
0
0
0.16191
0.10868
0.14906
0.07357
0
0
0
0
0
0
0
0.13003
0.25226
0.02638
0
0
0.37727
0.29401
0.75871
0.39967
0.4035
0.30488
0.43943
0.25453
0.17574
0.26
0.62844
0.26687
0.38962
0.38933
0.34772
0.60018
0.60162
0.38929
0.64754
0.28762
0.46008
0.44445
0.44795
0.10891
0.63838
0.10749
0.10755
0.06688
0.42961
0.10892
0.06191
0
0.02909
0
0.14978
0.08708
0
0
0
0
0.08788
0
0
0.07452
0
0.10639
0
0
0
0
0.06909
0.16488
0.10405
0.28787
0.22766
0
0.13493
0
0.21314
0.22646
0.12938
0
0
0
0
0
0
0.24214
0
0.24251
0
0
0.06892
0.06912
0.07861
0
0
0
0.06927
0.74717
0.7166
0.53365
0.56118
0.50082
0.14344
0.26505
0.55746
0.52141
0.52078
0.32338
0.2414
0.66214
0.31168
0.37801
0.4703
0.3875
0.48942
0.2944
0.3287
0.37027
0.36468
0.58841
0.52499
0.41358
0.2242
0.10871
0.0744
0
0
0
0
0.02943
0.08813
0
0
0.07376
0
0.17714
0
0
0
0
0
0
0.10873
0.13465
0.1761
0.07253
0.16395
0.13493
0
0
0
0.07978
0
0
0
0.07018
0
0
0
0
0
0
0.07853
0.25365
0.43322
0.35986
0.37314
0.10975
0.35777
0.47848
0.08726
0.37805
0.08524
0.37121
0.26596
0.44727
0.72531
0.7009
0.26006
0.63932
0.56021
0.39672
0.33143
0.71556
0.36885
0.35717
0.4966
0.47228
0
0
0.40555
0.07431
0
0.08883
0.08797
0
0
0
0
0.10441
0.10494
0.16286
0
0.15636
0.10896
0
0.0726
0.15186
0.07944
0.10297
0
0
0
0
0.27057
0.07977
0.1581
0
0
0.31
0
0
0.06987
0
0
0
0.07034
0
0.06901
0
0.15093
0.06962
0.04509
0.44724
0.07883
0.07896
0.35487
0.37575
0.3917
0.49633
0.52558
0.38898
0.36681
0.48603
0.36873
0.56454
0.65282
0.22644
0.11943
0
0.14885
0
0.08724
0.07364
0
0
0
0.07509
0
0
0
0
0.0344
0
0
0
0
0.10693
0.07436
0
0.10903
0
0
0.16351
0
0.2072
0
0.22731
0.05191
0
0
0
0
0.04531
0
0
0.07072
0.06851
0
0.21349
0.10386
0.21339
0.59882
0.46357
0.34067
0.62026
0.6548
0.38282
0.19215
0.46155
0.43927
0.38689
0.10078
0.60356
0.20277
0.1598
0.34974
0.14842
0.30408
0.15317
0.46216
0.17766
0
0.10773
0.08747
0.26833
0
0
0.42768
0
0
0
0
0.1086
0.10955
0
0
0.16575
0.26149
0.12978
0.17894
0.14994
0
0
0
0.22554
0.22561
0
0
0
0.07922
0
0
0
0
0
0
0
0
0
0.06995
0
0
0
0
0.282
0.5005
0.37731
0.52809
0.39137
0.18369
0.4018
0.37167
0.29314
0.52622
0.36942
0.3
0.47069
0.28321
0.36778
0.48648
0.23839
0.43391
0.33413
0.38913
0.1011
0.33299
0.05918
0.31555
0.08893
0
0.02909
0.088
0.17547
0.10643
0
0
0.10491
0
0.10436
0.07531
0
0
0
0
0
0.10882
0.1635
0
0.05281
0.13643
0
0.10833
0
0.18415
0.05332
0
0.22576
0
0
0
0
0
0
0.07029
0.35829
0.50123
0.147
0.39073
0.57474
0.31587
0.21364
0.26083
0.56272
0.47298
0.3524
0.37795
0.35091
0.40121
0.35963
0.30524
0.3859
0.08833
0.18167
0.47763
0.16006
0.17838
0.29961
0.37814
0.30412
0.53481
0
0
0.09676
0.03
0.08889
0
0
0.48964
0
0
0
0.06893
0
0.13169
0
0
0.08071
0.10859
0.22777
0.07948
0.08022
0
0.16204
0
0
0.17079
0.04568
0.31145
0.28136
0
0
0
0.06918
0
0
0
0.1775
0.10883
0.2385
0.09825
0.10858
0.29341
0.18316
0.08175
0.10959
0.08133
0.32086
0.28366
0.28972
0.37237
0.39285
0.75553
0.2821
0.45635
0.35665
0.38352
0
0.50212
0
0.34619
0.38276
0
0
0.15012
0.08844
0
0.17708
0
0.02951
0
0
0.088
0.08812
0.08774
0
0.1076
0.10944
0.23291
0.10503
0.22551
0
0.22644
0.07934
0.2271
0
0
0.22433
0.02642
0.04897
0
0.24092
0.15945
0.15931
0
0
0.02346
0.21541
0
0.25784
0.31494
0.23011
0.07791
0.39898
0.27775
0.26064
0.28839
0.08138
0.20821
0.35764
0.17599
0.2105
0.43063
0.42485
0.39263
0.35907
0.28145
0.29177
0.12531
0.26034
0.28335
0.25951
0.35564
0.43656
0.65454
0.48173
0.63234
0.08883
0.38966
0
0
0.52894
0.58156
0
0.40312
0
0
0.07367
0
0
0.40272
0
0
0
0.08701
0
0
0
0
0.10397
0.16499
0
0.19075
0.23
0.22588
0.02639
0.23958
0.1057
0
0
0
0
0
0.18893
0.35803
0.39319
0.25809
0.25401
0.32411
0.54323
0.36198
0.3594
0.31123
0.39447
0.32407
0.31727
0.41318
0.30716
0.30926
0.35329
0.41242
0.44611
0.28966
0.50634
0.48582
0.40863
0.40817
0.55445
0.3285
0.56765
0.06448
0.19937
0.09678
0.31869
0
0
0
0.08829
0.09754
0.08847
0
0
0
0
0.16444
0.18493
0.1085
0.18481
0.10547
0
0.14832
0.18788
0
0.05339
0.03522
0.07308
0.1328
0.31247
0.02557
0.26787
0.32954
0.21
0.4001
0.06439
0.39311
0.38061
0.32388
0.43105
0.17802
0.40281
0.13966
0.23881
0.26013
0.08807
0.50661
0.39873
0.45434
0.38312
0.24236
0.63525
0.10739
0.14097
0.29959
0.21493
0.50724
0.06439
0
0
0
0.24258
0
0.03226
0.10911
0
0
0.16434
0.21687
0.10605
0.21081
0.18889
0
0.2276
0.22683
0.22689
0.12309
0.07981
0.11186
0.18189
0.24871
0.43038
0.31832
0.28871
0.43043
0.34917
0.38138
0.28594
0.10881
0.46002
0.52945
0.50741
0.32726
0.50653
0.61612
0.39857
0.26969
0.50926
0.17802
0.34631
0.45631
0
0.58836
0.36506
0
0.10695
0
0
0.09822
0
0
0
0
0.0737
0
0
0.17964
0.10727
0.14639
0.16635
0.16366
0.07286
0.16481
0
0
0.07306
0.18302
0.07307
0.19883
0.07422
0
0.46911
0
0.50421
0.20963
0.06388
0.08136
0.10412
0.66418
0.3325
0.35898
0.21799
0.17798
0.32313
0.28198
0.59926
0.42837
0.25326
0.20529
0.62189
0.44248
0.16997
0.09138
0.59778
0.36276
0.63212
0.56009
0.38035
0.08888
0.38544
0
0
0
0.09743
0
0.39654
0.29386
0
0.0979
0
0
0.10423
0
0
0.1463
0.10862
0.10807
0
0.10479
0.07983
0.16311
0.1798
0
0.07354
0
0.0734
0.21445
0
0.24275
0.2137
0.39296
0.36947
0.78973
0.32072
0.45626
0.3484
0.45353
0.27873
0.21376
0.26762
0.2602
0.40434
0.27561
0.4556
0.4132
0.63063
0.38139
0.58846
0.09903
0
0
0.24658
0
0
0
0
0
0.10426
0
0.17997
0
0
0
0.10367
0
0
0.16568
0.17977
0.16537
0.23827
0.16317
0
0.10448
0
0.1798
0.16469
0.17983
0
0.072
0.07341
0.15428
0
0
0
0
0
0.41835
0.28691
0.41796
0.14727
0.40267
0.40436
0.43956
0.08167
0.34373
0.39636
0.34328
0.08816
0.30502
0.31379
0.38545
0.47763
0.07847
0.07876
0.28319
0.3525
0.30966
0.20161
0.39022
0.59292
0.46181
0.56985
0.45652
0.03293
0.57098
0.18295
0.08808
0
0
0
0
0
0.09685
0.06451
0.06452
0
0
0
0
0
0.22734
0
0
0.07204
0
0
0.41646
0.211
0.40504
0.17771
0.02135
0.52243
0.3567
0.3593
0.2602
0.33531
0.25179
0.38692
0.14841
0.2709
0.27081
0.29564
0.3356
0.36415
0.36965
0.66326
0.21257
0.44982
0.08956
0
0.27482
0.12349
0.10483
0.1048
0
0
0.16592
0
0
0
0
0
0.2113
0.21135
0.29877
0
0.36372
0.39614
0
0.54924
0.31144
0.21147
0.40068
0.14704
0.36495
0.36352
0.10921
0.25489
0.30396
0.28885
0.11388
0.21822
0.40505
0.07878
0.35228
0.37912
0.45866
0.44436
0.26766
0.18078
0.63391
0.18091
0.50436
0.33674
0.46301
0.44832
0.36615
0.17536
0.08862
0
0
0.2693
0
0.26721
0
0
0.17766
0
0.03522
0.32316
0.21135
0.4299
0.47878
0.1787
0.21892
0.49977
0.21482
0.28372
0.20948
0.18749
0.38122
0.33768
0.20717
0.2574
0.33681
0.2531
0.43307
0.4056
0.61787
0.47215
0.35457
0.49224
0.42756
0.43779
0.3647
0.58626
0.58077
0
0.42405
0.08919
0.34619
0.24595
0
0.10087
0.26946
0.10613
0.10604
0
0
0
0
0
0.10547
0
0.10555
0.17951
0.16753
0.26615
0.10751
0.49517
0.10641
0.39761
0.28323
0.21072
0.39851
0.31915
0.42671
0.49936
0.08106
0.23663
0.35838
0.35627
0.26088
0.27885
0.61147
0.12561
0.58753
0.35869
0.37645
0.64946
0
0.03245
0.28581
0.08824
0
0
0.02984
0
0.0908
0
0
0
0.07312
0.20887
0.23388
0.24095
0.14135
0.22398
0.56446
0.68188
0.30308
0.1902
0.39778
0.1408
0.14697
0.41063
0.50061
0.5534
0.40432
0.28384
0.45685
0.37067
0.26962
0.36433
0.54548
0.48718
0.08882
0.06631
0.18388
0.08961
0
0.08992
0.46894
0.17577
0.46039
0.17503
0
0
0
0.18296
0.14438
0.26556
0.21123
0.28834
0.14638
0.24827
0.21642
0.48284
0.27337
0.39426
0.23941
0.36939
0.02133
0.39403
0.1134
0.41032
0.2112
0.37609
0.21516
0.47075
0.46841
0.30959
0.42067
0.09927
0.44978
0.42406
0
0.56956
0.36403
0.39182
0.1009
0
0.39631
0.17644
0
0
0
0
0.21091
0.07711
0.38971
0
0.21086
0.23728
0.28719
0.39799
0.39405
0.52414
0.46033
0.12888
0.39435
0.64484
0.39475
0.58507
0.36011
0.25242
0.4047
0.33054
0.27304
0.18269
0.42559
0
0
0
0.19245
0.17809
0
0
0
0
0.28937
0.21052
0.21129
0.25503
0.49663
0.3297
0.39563
0.50499
0.3924
0.24026
0.18702
0.21279
0.13835
0.47922
0.32479
0.47319
0.36426
0.09813
0.42896
0.45075
0.32064
0.39227
0
0.17905
0
0.31999
0
0.15761
0.44289
0.39096
0.24508
0.33661
0.21755
0.21171
0.22853
0.08377
0.22112
0.37313
0.08098
0.50705
0.3931
0.10688
0.24849
0.64146
0.28584
0.19003
0.32175
0.20815
0.58871
0.28745
0.28808
0.39259
0.07896
0.06758
0.44188
0.73369
0.30847
0.29978
0.60574
0.45474
0.62233
0.39528
0.17687
0.17731
0
0.09058
0.42885
0
0.23903
0
0
0
0.09831
0
0.10588
0
0.28624
0.40248
0.48718
0.2151
0.07798
0.64334
0.47871
0.16884
0.43473
0.66441
0.5596
0.42993
0.5826
0.34926
0.50739
0.35956
0.16887
0.31985
0.21067
0.24301
0.24039
0.31752
0.25146
0.32996
0.38975
0.56953
0.52069
0.70684
0.37997
0.43308
0.1762
0
0.2766
0
0.20935
0.24724
0.32034
0.23907
0.18213
0.28712
0.50421
0.33626
0.52279
0.45901
0.16654
0.58595
0.76379
0.28558
0.2076
0.57684
0.25078
0.26137
0.13588
0.38164
0.39561
0.27277
0.22791
0.42082
0.24062
0.23417
0.40994
0.09969
0.40776
0.45139
0.33293
0.48511
0.21449
0.51471
0
0.56303
0
0.1182
0.40208
0.35403
0.03204
0.12344
0.42578
0.21093
0.28809
0.37114
0.25254
0.18694
0.48301
0.28911
0.36553
0.50444
0.14094
0.67283
0.41979
0.2549
0.37469
0.3232
0.31822
0.21149
0.35092
0.39372
0.38877
0.33622
0.39392
0.52252
0.49041
0.17966
0.45687
0.17919
0.73618
0.33412
0.26977
0.28667
0.32476
0.33465
0.43904
0.36476
0.43848
0.56322
0.54734
0.08847
0.39418
0.26998
0
0.18122
0.4738
0.52242
0.21108
0.11285
0.61072
0.21143
0.20719
0.21058
0.23349
0.18842
0.08095
0.47664
0.32233
0.32851
0.45652
0.54665
0.28888
0.20786
0.54482
0.28617
0.35879
0.35867
0.51914
0.36379
0.35741
0.42641
0.53092
0
0.17728
0
0.09915
0.38999
0.53255
0
0.32406
0.18654
0.14141
0.10949
0.2774
0.4401
0.21006
0.20227
0.08091
0.18816
0.3961
0.37075
0.23568
0.3234
0.41584
0.49617
0.1824
0.49582
0.72819
0.47384
0.35666
0.61753
0.27741
0.51548
0.41604
0.50002
0.46263
0.46499
0
0
0.47697
0.10611
0.47445
0.26139
0
0.21091
0.47448
0
0.2959
0.31995
0.2869
0.21159
0.69887
0.31153
0.14127
0.236
0.38175
0.08088
0.06934
0.64187
0.68495
0.06197
0.28798
0.10776
0.53913
0.38724
0.62011
0.17957
0.77265
0.48002
0.51601
0.10728
0.56555
0.09062
0.22411
0.44032
0.53983
0.33171
0.4737
0.2005
0.26968
0.12473
0
0
0.20997
0.21198
0
0.48639
0.38173
0.3106
0.52121
0.07742
0.32598
0.30948
0.37159
0.72003
0.53684
0.28616
0.70691
0.28825
0.32048
0.45654
0.1448
0.55845
0.4026
0.70462
0.71478
0.368
0.36436
0.39076
0
0.22416
0.56884
0.08795
0.23948
0.17894
0
0
0
0.2873
0.23558
0.09632
0.21056
0.21692
0.37064
0.17536
0.47169
0.41712
0.59423
0
0.3718
0.70451
0.28634
0.50808
0.59759
0.54842
0.38875
0.33864
0.44314
0.39408
0.38343
0.70763
0.55835
0.46632
0.1523
0.51914
0.37862
0.24656
0.33474
0.40218
0.36472
0.44074
0.0882
0.17684
0.36403
0.36468
0.20014
0
0
0.47791
0.59694
0.34948
0.46228
0.30181
0.14459
0.24047
0.43734
0.65236
0
0.24453
0.59354
0.36222
0.55241
0.26691
0.38333
0.18696
0.35777
0.49646
0.57477
0.49765
0.65958
0.32283
0.55373
0.24707
0.65268
0.60182
0.37298
0.17812
0.36411
0.70372
0.27198
0.72774
0.62277
0.61298
0.40466
0
0.4797
0.1446
0.42272
0.39167
0.34042
0.54007
0.32289
0.35432
0.52094
0.47827
0.70029
0.61667
0.22092
0.36608
0.41962
0.48834
0.30745
0.51695
0.3657
0.49884
0.20703
0.69793
0.20975
0.29357
0.49671
0.35308
0.44337
0.28845
0.16997
0.34642
0.42529
0.64217
0.31527
0.42363
0.31896
0.14254
0.31145
0.45536
0.26037
0.50354
0.14812
0.14804
0.14814
0.62794
0.41498
0.48497
0.10737
0.41194
0.64262
0.26503
0.6623
0.43312
0.63989
0.27766
0
0.2241
0
0.40248
0.22574
0
0
0.47715
0.03245
0.36352
0.09788
0.6829
0
0.36511
0.50484
0.1873
0.52855
0.28678
0.38222
0.66967
0.67214
0.30875
0.38104
0.67377
0.39484
0.28749
0.37312
0.25736
0.18893
0.33709
0.67225
0.21459
0.53395
0.58133
0.3329
0.16314
0.3143
0
0
0
0.64432
0.17874
0
0.30109
0.09884
0
0.31066
0.4015
0.40129
0.21062
0.31808
0.21382
0.26554
0.4286
0.61705
0.47691
0.29311
0.53423
0.56595
0.21946
0.53197
0.51489
0.60888
0.68123
0.44412
0.43928
0.24829
0
0.58342
0.576
0.17866
0.46819
0.32062
0.65558
0.23997
0.48192
0.1785
0
0.17882
0.07103
0.20168
0.36473
0
0.09969
0
0.46639
0.09956
0.33128
0.21059
0.18791
0.43571
0.21702
0.6305
0.50711
0.3233
0.63977
0.44136
0.28884
0.4248
0.21458
0.38962
0.29537
0.39594
0.42702
0.36636
0.15957
0.36358
0.56213
0.38442
0.10799
0.57709
0.59973
0.333
0.36764
0.39232
0.51284
0.13041
0.33323
0.48216
0.43576
0.43832
0.6735
0.80174
0.63917
0.2417
0.1064
0.20188
0
0
0
0.35844
0.44324
0.25931
0.31281
0.3226
0.14484
0.41711
0.42921
0.29039
0.30208
0.50051
0.64951
0.39053
0.41868
0.20365
0.36323
0.25355
0.42364
0.64676
0.30241
0.501
0.25424
0.22005
0.48179
0.43862
0.4394
0.45651
0.57182
0.47457
0.56357
0
0.34207
0.65355
0.71104
0.76261
0.58163
0
0
0.33877
0
0.1799
0.1986
0.09948
0.17854
0
0
0
0
0.04973
0
0
0.15191
0
0
0
0
0
0
0
0.20749
0.28827
0.30714
0.32995
0.40287
0.17876
0.49794
0.63609
0.71449
0.39178
0.29471
0.66666
0.55157
0.83295
0.32967
0.36142
0.2091
0.35846
0.51728
0.32992
0.19177
0.29802
0.21503
0.56426
0.4012
0.20161
0.51829
0.15503
0.60227
0.70558
0.51355
0.66968
0.48594
0
0.67382
0.46341
0.32667
0.3927
0
0.17811
0
0.09845
0
0.15123
0
0
0.07442
0
0
0
0
0
0.18865
0.34797
0.52837
0.39917
0.28052
0.62448
0.25187
0.28299
0.4674
0.25363
0.35135
0.35868
0.14675
0.37058
0.64956
0.39619
0.24823
0.35198
0.34075
0.3174
0.45637
0.3101
0.49553
0.75943
0.428
0.58244
0.52961
0.30201
0.24552
0
0.1064
0.12611
0
0
0
0
0
0
0.15373
0.15263
0
0
0.15228
0.19113
0
0
0.08073
0
0
0.15484
0
0.15339
0
0
0
0
0.07508
0
0
0
0.18691
0.44465
0.31252
0.31211
0.43105
0.23763
0.21391
0.24173
0.6625
0.63662
0.35151
0.24037
0.41979
0.43911
0.42357
0.21026
0.18293
0.49586
0.64338
0
0.44234
0.26782
0.53028
0
0
0
0.21018
0
0.09922
0
0
0.07331
0.14964
0.13054
0
0
0.15554
0.15293
0.15389
0
0.15435
0.15408
0.1295
0.15256
0
0.15258
0
0
0.2084
0.48027
0.28754
0.39277
0.28563
0.2896
0.39626
0.35924
0.25251
0.55645
0.66054
0.56226
0.64747
0.24364
0.47908
0.47242
0.71298
0.21516
0.45238
0.25247
0.25255
0.55276
0.08013
0.52086
0.42526
0.3405
0.17134
0.23702
0.21301
0.14821
0.53365
0.47241
0.70561
0
0.24957
0.51528
0
0.3133
0
0
0.33891
0.16759
0.29795
0.10842
0
0
0.15214
0.15306
0.15268
0
0
0
0
0
0.08068
0
0
0
0
0
0
0
0
0
0
0.28775
0.14045
0.20892
0.45529
0.35989
0.37378
0.17502
0.46198
0.35287
0.06179
0.43734
0.31315
0.23981
0.83089
0.73067
0.54235
0.71953
0.3413
0.30906
0.21889
0.46647
0.42252
0.53274
0.70568
0.55824
0
0.61003
0.30333
0
0.6589
0
0.30161
0.49718
0.76117
0
0
0
0
0.3589
0
0.29579
0.29601
0
0
0
0
0
0
0
0.1493
0
0
0
0
0
0
0
0
0.25072
0
0.57982
0.21024
0.20672
0.25552
0.42267
0.50623
0.19087
0.47296
0.48245
0.26597
0.38479
0.35203
0.69045
0.12161
0.36069
0.6
0.36039
0.68279
0.61474
0.49484
0.53057
0.26502
0.56776
0.26501
0.16609
0.58481
0.75166
0.60194
0
0.6053
0.16159
0.63289
0.65852
0.41036
0.61635
0.66267
0
0.17812
0.44582
0.03352
0.09916
0.03302
0
0.52511
0
0
0
0.02702
0
0
0.09881
0
0
0
0.15447
0.15293
0
0
0
0
0
0
0
0
0.06385
0.21437
0.45154
0.28966
0.28685
0.27307
0.38059
0.27819
0.25781
0.4558
0.48965
0.49873
0.2437
0.61443
0.61373
0.53655
0.35719
0.18783
0.21448
0.14656
0
0.41898
0.23993
0.17781
0.66101
0.46616
0.18142
0.41861
0.49603
0.49842
0.13861
0.5003
0.67757
0.43453
0.59358
0.49822
0
0.58276
0.37193
0.57421
0.69851
0.60909
0.68164
0
0.09954
0.33052
0
0.24771
0.09892
0
0
0
0
0
0
0
0
0
0
0
0
0
0
0.15538
0
0
0
0
0.04837
0
0
0.15155
0
0.04839
0
0
0
0
0
0
0
0.06613
0
0.03543
0.14063
0.28982
0.37322
0.03343
0.16917
0.28974
0.2892
0.35873
0.20319
0.47432
0.19901
0.43267
0.59879
0.13442
0.53724
0.71571
0.37281
0.41014
0.39255
0.21437
0.23824
0.26964
0.25482
0.3577
0.26927
0.45367
0.64771
0.51955
0.30836
0.2777
0.70548
0.68136
0.26872
0.19398
0.1794
0.59265
0
0
0
0.1552
0
0
0
0
0
0
0
0
0
0
0
0.02677
0
0
0
0
0
0
0.15322
0
0
0
0.06359
0
0
0
0
0
0
0
0
0.04269
0
0
0
0
0
0
0.0646
0
0
0.06445
0.14497
0.29669
0.20983
0.31363
0.46916
0.71104
0.47431
0.53106
0.53357
0.39469
0.30245
0.4476
0.26458
0.26508
0.34798
0.49959
0.25813
0.26492
0.53721
0
0.43229
0.26174
0.30149
0.3264
0.52378
0
0
0
0
0
0
0
0
0
0
0
0
0
0
0
0
0
0.15476
0
0
0
0
0
0
0
0.06462
0.06477
0
0
0.06455
0
0
0
0
0
0.06517
0
0
0
0
0
0
0
0.06393
0
0
0.37089
0.18709
0.14128
0.49853
0.65959
0.37471
0.21035
0.36407
0.609
0.58031
0.71346
0.46915
0.59698
0.14673
0.31755
0.42811
0.14736
0.32073
0.19323
0.35595
0.55934
0.61787
0.6061
0.27906
0.66123
0.17832
0.09833
0
0
0
0
0
0
0
0
0
0
0
0
0
0
0
0
0
0
0
0
0
0
0
0
0
0
0
0
0
0
0
0.15078
0
0
0
0
0
0
0.06349
0
0
0
0
0
0
0
0.06449
0
0
0
0
0.06494
0
0
0.06368
0
0
0
0
0.06412
0
0.06393
0
0.06367
0.04414
0.21026
0.03204
0.393
0.57415
0.46446
0.28904
0.68302
0.24432
0.42607
0.34178
0.39027
0.36041
0.55195
0.35437
0.47904
0.147
0.21852
0.14886
0
0.14721
0.31706
0
0.72711
0.52239
0.49319
0.63389
0.67273
0.46869
0.27243
0.55028
0.26493
0.49657
0.6833
0.71673
0.54475
0.71503
0.64617
0.65055
0.17842
0.17855
0.49852
0
0.43683
0.10664
0.10777
0.22253
0
0
0
0
0
0
0
0
0
0
0
0
0
0
0
0
0
0
0
0
0
0
0.15064
0
0
0
0
0.02693
0
0.15604
0.06437
0
0
0
0
0
0.06523
0
0
0.06585
0.06502
0.06533
0
0.06418
0.06603
0
0
0.06472
0.0212
0
0.06499
0
0
0
0.43457
0.20747
0.19262
0.28882
0
0.29729
0.64817
0.40045
0.22456
0.35499
0.57704
0.25262
0.26868
0.14789
0.36023
0
0.32741
0.47087
0.1493
0.48529
0.30932
0.26471
0.33053
0.17892
0.36453
0.3089
0.306
0
0
0
0
0
0
0
0
0
0
0
0
0
0
0
0
0
0
0
0
0
0.06509
0
0.06427
0.06485
0
0
0
0
0.02212
0.1726
0.23532
0.24426
0.34787
0.31495
0.43996
0.23636
0.30737
0.25988
0.39235
0.66529
0.21351
0.71156
0.18772
0.22041
0.08167
0.04575
0
0.14986
0.19401
0.13724
0
0.46727
0.46655
0.2254
0.16205
0.36702
0.53231
0.52325
0.48482
0.52468
0.49967
0.20209
0.64273
0.60929
0.10909
0
0
0
0
0
0
0
0.15608
0
0
0
0
0.15534
0
0
0
0.06428
0.06397
0.06509
0
0
0.06439
0.06544
0
0.06575
0
0
0
0
0
0.39272
0
0.44075
0.38332
0.2876
0.49593
0.3198
0.49759
0.31318
0.20654
0.59232
0.38887
0.40106
0.71123
0.28724
0.34643
0.29564
0.3603
0.34202
0.29022
0.50762
0.31945
0.51446
0
0.21116
0.21467
0.08453
0.4005
0.36036
0.49467
0.21841
0.46425
0.81895
0.51946
0.43865
0.53253
0
0.40138
0.24776
0.1791
0.49867
0.05954
0
0
0
0
0
0
0
0
0
0
0
0
0
0
0
0
0
0.19166
0
0
0
0
0.15515
0
0
0
0
0
0
0.06482
0.06428
0
0
0
0
0.44118
0.31834
0.67077
0.70276
0.14683
0.12489
0.20819
0
0.29077
0.21875
0.32807
0.28968
0.06366
0.14786
0.45742
0.50105
0.29937
0.59874
0.53368
0.29273
0.2336
0.06552
0
0
0
0.30025
0
0
0
0
0.15065
0
0
0
0
0
0
0
0
0
0
0
0
0
0
0
0
0
0
0.06537
0
0
0
0
0.06522
0
0.06546
0.16602
0.31145
0.16871
0.47956
0.31665
0.57333
0.3364
0.06368
0.29745
0.37937
0.09627
0.4386
0.24506
0.4166
0.3934
0.27645
0.31937
0.23734
0
0.08054
0.52916
0.38579
0.19226
0.51784
0.268
0
0.28758
0.50036
0.40585
0.64948
0.47295
0.64582
0.37023
0
0.22166
0.28797
0.0327
0
0.09843
0
0
0
0.33128
0
0
0
0
0
0
0
0
0
0
0
0
0
0
0
0
0.15673
0
0
0
0
0
0
0
0
0.06522
0
0
0.06566
0.42867
0.75391
0.39017
0.3229
0.2899
0.39283
0.18663
0.21015
0.29033
0.2403
0
0.23881
0.49388
0.14818
0.14831
0.6697
0.33861
0.31418
0.3602
0.10621
0.35186
0.24848
0.22029
0.45732
0.3318
0.23995
0.2123
0.57205
0.10705
0.1872
0
0
0.2965
0
0
0
0
0
0
0
0
0
0.15571
0
0
0.15019
0
0
0
0.02679
0
0
0
0
0.04251
0
0
0
0
0
0
0
0.06489
0.0657
0
0.36016
0.28814
0.20979
0.07458
0.09722
0.22012
0.26202
0.24101
0.32734
0
0.14912
0.34717
0.06364
0.26864
0.14712
0.28227
0.38515
0.58873
0.42281
0.14574
0.49677
0.17838
0.29036
0.24585
0.31731
0.61731
0.25738
0.06553
0.63662
0.29312
0.20954
0.30991
0.26121
0.28707
0.67782
0
0.61032
0.30344
0
0.03299
0
0
0.17807
0
0
0
0
0
0
0
0
0.02509
0
0
0
0
0
0
0.07391
0.15623
0
0
0
0.1492
0
0
0
0.0654
0
0.06385
0.06489
0.02123
0
0
0
0.06556
0.20805
0.09638
0.14514
0.44911
0.59756
0
0.24397
0.39425
0.27652
0.36858
0
0.31682
0.57707
0.21093
0.25483
0.32701
0
0
0.21374
0.31986
0.21854
0.29945
0.25522
0.46562
0.41972
0.50415
0.22008
0.17021
0.49979
0.50271
0.17117
0
0.44847
0.4136
0.16983
0.17033
0.17068
0.23204
0.32895
0.27708
0.2794
0.27956
0.27974
0.29276
0
0
0
0.36524
0
0
0
0
0
0
0
0
0
0
0
0
0
0.06428
0.06572
0.06509
0.06559
0.06457
0.06604
0.06552
0.24208
0.28885
0.42865
0.34408
0.23657
0.24272
0.32309
0.40906
0
0.27758
0.33024
0.33706
0.17639
0.42816
0.23943
0.09434
0
0.20852
0.2371
0.02455
0.36194
0.21993
0.30443
0.61231
0.0804
0.14915
0.39286
0.36563
0.19803
0.2973
0.68769
0.19794
0.21505
0.24835
0.17149
0.27675
0.23695
0.08591
0
0.18702
0.42935
0.46367
0
0
0
0
0
0
0
0
0
0
0.15157
0.15675
0
0
0
0.05111
0
0
0
0
0
0.06357
0
0.06422
0.06539
0
0.06409
0.1662
0.211
0.24297
0.10607
0.29314
0.20758
0.40075
0.26844
0.3125
0.13545
0.31005
0.06397
0.24142
0.2109
0.22672
0.24661
0.02459
0.14986
0.44767
0.2137
0.17081
0.53217
0.08043
0.02201
0.17059
0.30354
0.43448
0.4787
0.62597
0.44699
0.33578
0.17166
0.17859
0
0.17877
0
0.23108
0.16733
0
0
0
0
0
0
0
0
0
0
0
0
0
0
0.15238
0.15683
0.15373
0.15319
0
0
0
0
0
0
0
0
0
0
0
0.31336
0.66467
0.2503
0.48936
0.40823
0.29874
0.42151
0.23932
0.18738
0.4618
0.20876
0.2427
0.30316
0.35256
0.18728
0.10373
0.53203
0.07364
0.31451
0.49345
0.19995
0.36446
0.46391
0.17009
0.16977
0.26504
0.17158
0.1716
0.26503
0.29979
0.46387
0.29039
0.5621
0.17961
0
0
0.19203
0
0
0
0
0
0
0
0
0
0
0
0.15613
0.15561
0
0
0
0
0.15435
0.15219
0.152
0.1526
0
0
0
0
0
0
0.0646
0
0.0649
0
0
0.06403
0.14463
0.65617
0.24487
0.31671
0.39469
0.42763
0.36349
0.13617
0.62995
0.12342
0.47679
0.20547
0.17118
0.64761
0.28804
0.31579
0.21051
0
0.43922
0.07199
0.06451
0.17082
0
0.21116
0.30232
0.41528
0.23584
0.17071
0.17089
0.26757
0.17139
0.53354
0.53815
0.64001
0.17129
0.23028
0.26297
0
0.49328
0.10625
0
0.23478
0
0
0
0
0
0
0
0
0
0.08056
0
0.15203
0.15561
0
0
0
0
0
0
0
0
0.06437
0
0.06473
0.0657
0
0
0.14431
0.20257
0.28544
0.14417
0.29602
0.26516
0.23546
0.41829
0.3109
0.20626
0.52821
0.39238
0.51658
0.19722
0.25502
0.29009
0.41225
0.26525
0.06442
0.45182
0
0.26374
0.5244
0.46013
0.49891
0.65314
0.17106
0.1493
0.23103
0.2024
0.4847
0.17094
0
0
0
0.42729
0.39501
0.22453
0
0
0
0
0
0
0
0
0
0.02696
0
0
0
0
0
0
0.15101
0.15295
0
0
0.06393
0
0
0
0
0
0
0
0
0
0
0.06483
0
0.04388
0.06364
0.14381
0.20821
0.28597
0.23871
0.1455
0.28866
0
0.36074
0.37672
0.1392
0.60529
0.40087
0.39048
0.43072
0.08917
0.21888
0.1451
0.2703
0.07589
0.02807
0.19296
0.26737
0.42662
0.61538
0.49589
0.17684
0.45065
0.39798
0.61645
0.48106
0.21863
0.17139
0.1712
0.39492
0
0
0.18851
0.29933
0.26538
0.25822
0
0
0
0
0
0
0
0
0
0
0.15177
0
0
0
0
0
0.05012
0
0.10638
0
0.14967
0
0
0
0.06422
0
0
0.0641
0.06501
0.06482
0.06622
0.02115
0
0.02196
0.06392
0
0.3128
0.41784
0.21099
0.32596
0.26775
0
0.07443
0.83494
0.1442
0
0.31846
0.21886
0.52614
0.49672
0.31306
0.26009
0
0.24258
0.14685
0.27306
0.64438
0.08436
0.67284
0.2481
0.65161
0
0.33891
0.47042
0.2641
0.33244
0.63352
0.08959
0.1787
0.5876
0
0.44554
0
0
0
0
0.15673
0
0.10219
0
0
0
0
0
0
0
0.0984
0
0
0.15306
0.02423
0
0
0
0
0
0
0.06556
0.06352
0.06423
0.06439
0
0.28657
0.20862
0.24508
0.3133
0
0.30345
0.39374
0.39859
0.41487
0.38696
0.3154
0.27779
0.31731
0.23716
0.23864
0.18325
0.21882
0.20651
0.38369
0.06396
0.41201
0.29523
0.18079
0
0.64851
0.42629
0
0.43185
0.3937
0.4877
0.17023
0.16966
0.16011
0.32532
0
0.44011
0.14975
0.27651
0.30234
0.07042
0.17425
0
0.29775
0
0
0.40548
0.19985
0
0
0
0
0.29488
0
0
0
0
0
0
0.15647
0
0
0
0
0
0
0
0
0
0
0
0
0
0
0.09828
0.15536
0
0.15415
0
0.15487
0
0
0
0
0
0
0
0
0
0.06498
0
0.06629
0.06565
0
0.06403
0.55281
0.29211
0.1587
0.26501
0.06426
0.21075
0.5469
0.2917
0.28611
0.61959
0.41967
0.25187
0.1835
0.19711
0.20985
0.08133
0.14683
0.24141
0.2375
0
0.14994
0.14718
0.60767
0.06402
0.49629
0.65328
0
0.37905
0.44028
0.59209
0.16999
0.13111
0
0
0.10083
0
0.17883
0
0
0
0
0
0
0
0
0
0
0
0
0
0
0
0
0
0
0
0
0.15428
0
0
0.15185
0
0
0.06418
0
0
0
0.0645
0.06462
0.18836
0.32977
0.20838
0.21506
0.28389
0.34943
0.38872
0.28793
0.32481
0.31792
0.46648
0.6034
0.1424
0.21645
0
0
0.26539
0
0.26943
0
0
0.26763
0.10224
0.09134
0.46277
0.18915
0.26351
0
0
0.46276
0
0
0
0
0
0
0
0
0
0
0
0
0
0.15067
0
0
0
0
0
0
0.06579
0
0.06616
0.06633
0
0.06545
0.02202
0.02202
0.06476
0.60066
0.54786
0.236
0.13839
0.30375
0.27507
0.25415
0.57859
0.72209
0.07768
0.3792
0.32155
0.33358
0.30424
0.10807
0.29322
0.24016
0.1471
0.06592
0.0904
0.17092
0
0.26487
0.31419
0.72452
0.16989
0.29083
0
0.31412
0.32626
0.5809
0.25064
0.4262
0
0
0.37088
0
0.49764
0.0709
0
0.40196
0
0
0
0
0
0
0
0.15713
0
0
0
0
0
0
0.02468
0.07272
0
0
0
0
0
0.14971
0
0.06463
0
0
0
0.06477
0.06565
0.06491
0.07264
0.26986
0.06373
0.28829
0.36801
0.20916
0.20875
0
0.20796
0.3889
0
0.39783
0.24668
0.29405
0.0938
0.32358
0.39401
0.101
0.17447
0.19335
0
0.31316
0.11749
0.49718
0.16943
0.30087
0.16945
0.43149
0
0.289
0.30241
0.29935
0.5352
0.10235
0
0.10702
0
0.16224
0
0.0664
0.03299
0
0
0
0
0
0
0
0
0
0
0
0
0.10265
0
0
0
0
0
0
0
0
0
0
0
0
0.15367
0
0
0
0
0
0
0
0
0
0.06582
0
0
0.06549
0.06583
0
0.06395
0.18652
0.31146
0.20896
0.14625
0.20984
0.16502
0.3517
0.29298
0.37005
0.20994
0.13486
0.3865
0.07833
0.25017
0.33544
0
0
0.17465
0.35251
0.31017
0.16514
0.17455
0.06556
0.1699
0.26608
0.16983
0.39405
0.49708
0.68139
0
0.53459
0.10972
0.55414
0.2395
0.31202
0
0.25885
0.26732
0.10903
0.6934
0
0.43946
0
0
0.10152
0
0
0
0
0.26501
0
0
0.26528
0.13093
0
0
0
0
0
0
0
0.40744
0
0.15602
0
0.15489
0
0.02704
0
0
0
0
0
0
0
0
0.12915
0
0
0
0
0
0
0
0
0
0.15186
0
0
0
0.10624
0
0
0.0736
0
0
0.06587
0
0
0
0.24325
0.2428
0.20581
0.513
0.28676
0.23823
0.63328
0.2538
0.11245
0.30399
0.41941
0.31896
0.39884
0.37012
0.41022
0.1766
0.17384
0.24458
0.16928
0.17709
0.24313
0.20921
0.02718
0.24542
0.60393
0.77831
0.08537
0.19258
0.26763
0.60974
0
0.61701
0.70845
0.39925
0.10232
0
0.39758
0
0
0
0
0
0
0
0
0
0
0
0
0
0
0
0
0
0
0
0
0
0
0
0
0
0
0
0.06513
0
0.06482
0.26538
0.20533
0.23784
0.25031
0.2105
0.55848
0.26303
0.2873
0.36626
0.20609
0
0.23594
0.06358
0.39049
0.39889
0.40118
0.70299
0.58119
0.56583
0.58148
0.17852
0
0
0.06221
0.39313
0.15424
0
0.42842
0.22241
0.58273
0.21107
0.43572
0.43291
0
0.29555
0.09923
0
0
0
0
0
0
0
0
0
0
0.15396
0
0
0.15397
0
0
0
0
0
0
0.06538
0
0
0.07269
0.21758
0.20555
0.14577
0.20581
0.14485
0.3117
0.38407
0
0.04288
0.2108
0.16615
0.21028
0.28748
0.63387
0.35381
0.1695
0.46338
0.45646
0.4626
0.41554
0.06428
0.31399
0.20924
0.13678
0.13844
0.05237
0.0806
0
0
0.31023
0
0.36093
0.16976
0.12004
0.17157
0.37998
0.17109
0.17118
0.55329
0.53098
0
0
0.17839
0.38644
0.79561
0.27075
0.17132
0
0.44654
0.40178
0.10048
0.17811
0
0.09831
0.17915
0
0
0
0
0
0
0
0.15098
0
0
0
0.15389
0
0.06534
0.24216
0.25437
0.32933
0.07325
0
0.31019
0.17464
0.20951
0.31188
0.02143
0.33646
0.0726
0.51423
0.25559
0.39554
0.3319
0.35491
0.20901
0.35058
0.4418
0.50612
0.42459
0.38359
0.47858
0.17334
0.37904
0.31008
0.23403
0.17041
0.14373
0.59928
0.19806
0.23041
0
0
0.40058
0
0.14281
0.53143
0
0
0
0
0.1522
0
0
0
0
0.13132
0
0.15511
0
0.15472
0.15446
0
0
0
0
0
0.20732
0.19829
0.31118
0.0574
0.32577
0.35159
0.4807
0.06465
0.13586
0.19623
0.39403
0
0.32174
0.34153
0.22043
0.24239
0
0.16974
0.5896
0.36846
0.3956
0.19084
0
0.40937
0.53457
0.17037
0.12439
0.02936
0.10024
0
0.15617
0
0.12597
0
0.04926
0
0.51377
0.26785
0.20851
0.26295
0.59912
0.29529
0.36576
0.52358
0.58912
0.23562
0.24171
0.13814
0.22077
0.14669
0.47601
0.13791
0.25007
0.06349
0
0.42821
0.27991
0
0.21955
0
0.52152
0
0
0.2655
0.29463
0
0
0.2649
0.53117
0
0.15433
0.08089
0.15409
0
0.154
0
0
0
0
0
0.31203
0.63679
0.20937
0.39554
0.20679
0.33177
0.39612
0.31777
0.35981
0.36123
0.31511
0.28315
0.02882
0.31186
0.3175
0.07399
0.2741
0.21398
0.0646
0.39667
0.08551
0.03537
0.11847
0.14639
0
0.41614
0.17875
0
0
0.21178
0.09227
0.30192
0.2629
0.65961
0
0.10682
0
0.02701
0.15718
0
0.12695
0
0.47421
0.20941
0.14361
0.63366
0.36625
0.68364
0.15093
0.17046
0.36145
0.31926
0.29528
0.23587
0.3146
0.31983
0.14474
0.53186
0.03183
0
0
0.35671
0.07796
0
0.37051
0.21974
0.46663
0.39647
0
0.2149
0.39546
0.0855
0.16955
0.08541
0.19604
0.29917
0.32925
0.08986
0.17977
0.65931
0.03361
0.05906
0
0
0.15615
0
0
0.09396
0.21002
0.07373
0.05297
0.82925
0.70353
0.48439
0.28536
0.14515
0.32014
0.21165
0.26641
0.31493
0.16979
0.21887
0.09306
0
0.16898
0.35039
0.34626
0.19499
0.39124
0.23397
0.16323
0.03542
0.39421
0.39198
0
0.26384
0
0.16093
0.30204
0.11562
0
0.29421
0
0
0.637
0.40718
0.31077
0.24511
0.20617
0.07816
0.39415
0.32133
0.37664
0.31265
0.3593
0.31543
0.16875
0.12523
0
0.39179
0.2639
0.26776
0.26416
0.39195
0.22976
0
0.08571
0
0.19458
0.23184
0.39915
0.20879
0.03539
0.60154
0.40761
0
0
0.71221
0.07685
0.13545
0.12904
0.38868
0.36881
0.42916
0.41826
0.41755
0.31403
0
0
0.46437
0
0.42767
0.39072
0
0.12251
0.15263
0
0.29757
0.47617
0
0.33057
0
0.1684
0.29497
0.38827
0
0.23804
0
0.1696
0
0.04944
0.42365
0.19223
0.19386
0.38994
0.14832
0
0.02827
0
0.35433
0.29844
0.22547
0.29797
0
0.33837
0
0
0.2969
0.40938
0
0
0.67837
0.1769
0.14856
0.46643
0
0
0.13807
0.23272
0.09909
0.15946
0
0.30308
0.15957
0
0.19061
0.19556
0.19944
0.19563
0.26371
0.2306
0.58177
0.20884
0.07336
0.50223
0.18573
0.2056
0.38493
0
0.26472
0.20831
0
0.08814
0.20845
0.22113
0
0.06458
0
0.0646
0.35118
0.46343
0
0.09911
0
0.23274
0.09944
0
0.11814
0
0.30972
0.19078
0
0.17426
0
0.20689
0
0.20863
0.28803
0.45647
0.53099
0.39266
0.39631
0.42746
0.49855
0.02971
0.46499
0.17325
0.23088
0.3885
0.50291
0.32828
0.08574
0.58061
0.29893
0.28468
0.1277
0.41894
0.23399
0.34523
0.14788
0.36365
0
0.46688
0.38565
0.19219
0.23366
0.09832
0.18317
0
0.03042
0.59889
0.36108
0.38904
0
0.26176
0
0.09856
0
0.17189
0.49567
0.1739
0.65381
0.02106
0.0457
0
0.42873
0.30205
0
0.22669
0
0.45682
0.20129
0.39604
0
0.20128
0.09134
0.46128
0.30831
0.26328
0.16958
0.05662
0.09852
0.27683
0.10748
0.68075
0.10728
0.2666
0.07111
0.30009
0
0.13094
0.26568
0.14771
0.6227
0
0
0.0982
0.23158
0.28261
0.65072
0.18249
0
0
0.0855
0
0.22851
0.13131
0.17903
0.26574
0.27516
0.40125
0.39271
0.24436
0
0
0
0.26995
0.10251
0.20919
0.28313
0.26376
0.27619
0.39751
0.16939
0
0
0
0
0
0
0.08533
0
0
0.03259
0
0.30062
0.27423
0.19286
0.263
0.26548
0.02828
0.34967
0
0
0
0
0
0
0.181
0.19364
0
0.0858
0
0
0
0
0
0
0
0.15223
0
0.08999
0.19442
0.26385
0.08529
0.19126
0
0.29917
0
0.08523
0
0
0
0
0
0.23643
0
0.06518
0
0.08588
0
0
0.09231
0
0
0
0.47707
0.03298
0.19319
0.32213
0
0.19296
0.16258
0
0
0
0
0
0.18808
0
0
0
0.4222
0.09796
0
0
0.09187
0.35728
0
0
0.19475
0
0
0
0.06089
0.38689
0.19244
0
0
0
0
0.27445
0
0
0
0.09826
0.19188
0
0.1866
0
0.11635
0
0
0
0
0.21523
0
0.61707
0.18523
0
0
0.03262
0
0
0
0.12264
0
0.62924
0.57622
0
0
0
0.25272
0
0
0
0.19449
0
0.09795
0.06501
0
0
0
0
0.08517
0
0
0
0
0.09292
0
0.19284
0
0
0
0
0.28712
0
0.66251
0
0
0.03092
0
0
0
0.03052
0
0
0.03096
0
0
0
0
0
0
0
0
0
0
0.09198
0
0
0
0
0
0
0.29842
0
0
0
0
0
0
0
0
0
0.03047
0
0.4933
0
0.09215
0
0
0
0
0
0
0
0
0
0
0
0
0
0
0
0
0
0
0.49657
0.38889
0.38693
0
0
0
0.27616
0.19398
0
0
0
0
0
0.19326
0
0.49323
0
0
0
0.09811
0
0.49306
0.28802
0
0
0
0
0
0
0
0
0.51255
0.35274
0.4924
0
0
0.17953
0
0
0
0
0
0.58056
0
0.22985
0
0
0
0
0
0
0
0
0
0
0
0
0.38793
0
0.17908
0
0
0
0
0
0
0
0
0
0
0
0
0
0
0
0.38915
0
0
0
0
0
0
0
0
0
0
0
0
0
0
0
0
0
0
0
0
0
0
0
0
0
0
0
0
0
0
0
0
0
0
0.25692
0
0
0
0
0
0
0.29078
0
0
0
0
0
0
0
0
0
0
0
0.28926
0
0
0
0
0
0
0
0
0
0
0
0
0
0
0
0
0
0
0
0
0
0
0
0
0
0
0
0
0
0
0
0
0
0
0
0
0
0
0
0
0
0
0
0
0
0
0
0
0
0
0
0
0
0
0
0
0
0
0
0
0
0
0
0
0
0
0
0
0
0
0
0
0
0
0
0
0
0
0
0
0
0
0
0
0
0
0
0
0
0
0
0
0
0
0
0
0
0
0
0
0
0
0
0
0
0
0
0
0
0
0
0
0
0
0
0
0
0
0
0
0
0.12365
0
0.0982
0
0
0
0
0
0
0
0
0
0
0
0
0
0
0
0
0
0
0
0
0
0
0
0
0
0
0
0
0
0
0
0
0
0
0
0
0
0
0
0
0
0.19286
0
0
0
0
0
0
0
0
0
0
0
0
0
0
0
0
0
0
0
0
0
0
0
0
0
0
0
0
0
0
0
0
0
0
0
0
0
0
0
0
0
0
0
0
0
0
0
0
0.25526
0
0
0
0
0
0
0
0
0
0
0
0
0
0
0
0
0
0
0
0
0
0.05031
0
0
0
0
0
0
0
0
0
0
0.02405
0
0
0
0
0
0
0
0
0
0
0
0
0
0
0
0.02401
0
0
0
0
0
0
0
0
0.05252
0
0
0
0
0
0
0
0
0
0
0
0
0
0
0
0
0
0
0
0
0
0
0
0
0
0
0
0
0
0
0
0
0
0
0
0
0
0
0
0
0
0
0
0
0
0
0
0
0
0
0
0
0
0
0
0
0
0
0
0
0
0
0
0
0
0
0
0
0.02624
0
0
0.49962
0.55946
0
0
0
0
0
0
0
0
0
0
0.25147
0
0
0
0.30646
0.67081
0
0
0
0
0
0
0
0
0
0
0
0
0
0
0
0
0
0
0
0
0
0
0
0
0.32987
0
0
0.25488
0
0
0
0
0
0
0
0
0
0
0
0
0
0
0
0
0
0
0
0
0
0
0
0
0.67025
0.02618
0
0
0
0
0
0
0
0
0
0
0
0
0
0
0
0
0
0
0
0
0
0
0
0.635
0
0.56071
0
0
0
0.66404
0
0
0
0
0
0
0
0
0
0.67018
0
0
0
0
0
0
0
0
0.67088
0.66569
0
0
0
0
0
0
0
0
0
0
0
0
0
0
0
0
0.62537
0
0.20382
0.42792
0
0
0
0
0
0
0
0
0
0
0
0
0
0.67222
0
0
0.66668
0
0
0.15041
0.25472
0.09879
0
0.67002
0.66547
0
0
0
0
0
0
0
0
0
0.15224
0.66809
0
0
0
0.7069
0
0
0
0
0
0
0
0
0.155
0.59783
0
0
0
0
0
0
0
0
0.56203
0
0.15474
0.66924
0
0.59889
0
0.12542
0
0
0
0
0
0
0
0
0
0
0
0
0
0
0
0
0.66901
0
0.10433
0
0
0
0
0
0
0
0
0
0.07199
0.63242
0.67201
0
0
0
0
0
0.48863
0.56009
0
0
0.35174
0.2027
0
0
0
0.67018
0.12445
0
0
0.30599
0
0
0.67235
0
0
0
0
0.44806
0
0.22831
0.70666
0
0.27757
0.07193
0.40128
0.66967
0
0
0
0.15178
0
0.30485
0.66919
0.30609
0
0
0
0.66981
0.63294
0.22625
0
0
0
0
0
0.30637
0.07863
0
0
0.37592
0.17776
0.37517
0.41543
0.66916
0
0.41556
0.12637
0.32943
0
0.6692
0
0.22719
0
0
0
0.37609
0.14918
0
0
0.52614
0.30433
0.48806
0.67298
0
0
0.56133
0.599
0.67225
0.61354
0.67205
0.07208
0.27461
0.66129
0.43669
0
0.25253
0
0.15379
0.66301
0
0
0.6678
0.15521
0
0.66814
0
0
0
0
0
0
0.67302
0.22619
0.07856
0
0
0.14927
0
0.66452
0.04795
0.66379
0
0
0.07192
0.66996
0.48797
0
0.63633
0.59859
0
0.70618
0
0
0.41461
0.664
0.63577
0.07833
0.61282
0.59939
0.66345
0.6606
0.66541
0
0.63865
0
0.51317
0.63672
0.61031
0
0.15429
0.51499
0.07196
0.51387
0.61008
0.07202
