0
0
0
0
0
0
0
0
0
0
0
0.1385
0
0
0.07793
0.36
0
0
0.12661
0
0.18702
0
0
0
0.07907
0
0.06453
0.16279
0.20421
0
0
0
0
0
0
0
0
0
0.11147
0
0
0
0
0
0
0
0
0
0.03367
0
0
0.23458
0
0
0.29832
0
0
0
0
0.91691
0
0
0
0
0.24954
0
0
0
0
0
0.10619
0.05967
0
0
0
0
0
0
0
0.08215
0
0.57456
0.32282
0
0
0
0
0
0
0
0
0
0
0
0.9187
0
0.18133
0
0
0
0
0
0
0
0
0
0
0
0
0
0
0
0
0.07807
0
0
0
0.28288
0.42789
0.20682
0
0
0.13294
0
0.14799
0
0
0.18
0
0
0
0
0
0.07656
0.11043
0.0601
0
0
0
0
0.10119
0.23449
0
0
0.12418
0
0
0
0
0
0
0
0
0
0
0
0
0
0
0.21918
0.16122
0
0
0
0
0
0
0.10676
0
0
0
0
0.18908
0
0
0
0.07899
0.08027
0
0
0
0
0
0
0
0
0
0
0
0
0
0
0
0
0
0
0
0
0
0
0
0
0
0
0.0973
0.16465
0
0
0
0
0
0
0
0.11993
0
0
0
0
0.20421
0
0
0
0
0
0
0
0
0.3549
0
0.11072
0
0.08725
0.21503
0
0
0
0.08158
0.43353
0
0.1216
0
0
0.26741
0.10713
0.12419
0
0
0
0
0
0.03461
0
0
0
0.07222
0
0.2942
0
0
0
0
0
0.18447
0.34475
0.18148
0
0
0
0.03911
0.10442
0
0
0
0
0
0
0.03804
0
0
0
0
0.18031
0
0
0
0
0
0
0
0.27751
0.45604
0
0.2666
0.083
0
0
0.12248
0
0.10961
0
0
0
0
0
0
0
0
0
0
0
0
0.08226
0.19877
0
0.03266
0.26065
0
0.10833
0.18592
0.27439
0.22055
0
0
0.08822
0
0
0
0.08941
0
0.22616
0
0
0
0
0
0
0
0
0
0
0
0.08094
0
0
0
0
0
0
0
0.20289
0
0
0
0
0.18313
0
0
0.1169
0
0
0
0
0
0
0
0.13702
0
0
0
0
0.17447
0
0.03274
0.03415
0.49129
0
0
0.17551
0
0
0
0
0.10923
0.20424
0.20638
0
0
0
0
0
0
0
0
0
0
0
0
0
0
0.1129
0
0
0
0
0
0
0
0
0
0
0
0
0
0.11454
0
0
0
0
0.20108
0.0829
0.08195
0.07951
0
0
0
0.15447
0
0
0.15874
0.08001
0.39781
0
0
0.09957
0
0
0
0
0
0
0
0
0
0
0.07996
0
0
0
0
0
0.71841
0
0
0.38718
0.37947
0.30517
0
0.15801
0
0.23843
0.05982
0
0
0
0
0.13749
0.12464
0
0
0.14108
0
0.10205
0.09168
0.13575
0
0.49487
0
0
0.19474
0
0
0
0
0
0.30023
0
0
0
0
0
0
0
0
0
0.02949
0
0
0
0
0
0
0
0
0.54784
0
0
0
0.26973
0.03357
0
0
0
0
0
0.17047
0.5275
0
0
0
0
0
0
0
0
0
0
0
0
0.30614
0
0.55782
0
0
0.10697
0
0
0
0
0
0
0
0
0.30895
0
0
0
0
0
0
0.08238
0.10452
0
0
0
0
0
0
0
0
0.07705
0
0.54343
0.49211
0.09224
0
0
0
0
0
0
0
0
0
0
0
0
0
0
0
0.08073
0
0
0
0
0
0
0
0
0
0
0
0
0
0
0
0
0
0.20923
0
0.09129
0.33166
0
0
0
0
0
0
0
0
0
0.08263
0
0
0
0
0
0
0
0
0
0
0
0
0
0.10386
0
0
0
0
0
0.22863
0
0
0
0
0
0.34572
0
0.1109
0
0
0
0
0
0
0
0
0.1949
0
0
0
0.12323
0
0
0
0
0
0.02658
0
0
0
0.2675
0.11952
0
0.09066
0
0
0.10984
0
0.08899
0.11718
0
0
0
0
0
0
0.09612
0
0
0
0
0
0
0
0
0
0
0
0
0
0
0
0.0942
0.28106
0
0.06726
0.27159
0
0
0.16448
0.22513
0
0
0
0
0
0
0
0
0.20403
0.32343
0
0
0.31524
0
0
0.16581
0
0
0
0.22398
0
0
0
0
0
0
0.07935
0
0
0
0
0
0
0
0
0
0
0.11743
0
0
0.43391
0
0
0
0.15415
0
0.29618
0.14624
0
0.11746
0
0.1039
0
0
0.16635
0
0.17989
0.08935
0
0
0.16539
0
0
0
0.14481
0
0
0
0
0.05623
0.12934
0
0
0
0.18188
0
0
0
0
0.18512
0
0
0
0
0.10895
0
0
0
0
0
0
0
0
0
0
0
0.6581
0
0
0
0.08303
0.08651
0
0
0
0
0.11506
0
0
0
0
0
0
0
0
0
0
0
0
0.19052
0.15992
0
0
0
0
0.18738
0
0
0
0
0
0
0
0
0.19963
0.88416
0.13224
0
0
0
0
0
0
0.09825
0
0.08871
0
0
0.12725
0.07961
0
0
0
0.41288
0
0
0
0
0
0
0
0.19518
0.1275
0
0
0
0
0
0
0
0
0
0
0
0
0.24098
0.10143
0
0
0
0
0
0.29278
0
0.19947
0.07114
0
0
0.11244
0
0
0.03787
0
0
0.25575
0
0
0.17513
0
0
0
0
0
0
0
0
0.2343
0.09798
0
0
0
0
0
0
0.09403
0
0.08426
0
0
0
0
0
0
0
0
0.25024
0.13737
0.37836
0.11686
0
0
0
0
0
0
0
0
0
0.17921
0
0.3425
0
0
0
0
0
0
0
0.20524
0.13094
0.27175
0
0
0.06018
0.09001
0
0
0.34724
0
0
0.10887
0
0.35944
0
0
0.21081
0
0
0
0
0
0
0
0.72576
0
0
0
0.08107
0.10997
0
0
0.03385
0.12946
0
0
0.17837
0
0
0
0
0.21918
0
0
0
0
0
0
0
0
0.08341
0
0
0
0
0
0
0
0
0.63098
0
0
0
0
0
0.09804
0.10634
0.03573
0
0.10995
0
0
0
0
0
0
0
0
0
0.36542
0
0
0
0
0
0
0
0.10432
0
0
0
0
0
0
0
0.29045
0.04086
0.08304
0
0
0
0
0
0
0
0
0
0.10579
0
0
0.07293
0
0
0
0
0
0.081
0.81059
0
0
0
0
0
0
0
0
0
0
0
0.23429
0.15299
0
0.50923
0
0
0
0
0
0
0
0
0.13989
0
0.19479
0
0
0
0
0.11234
0.1124
0.02929
0.0885
0
0
0
0.08068
0
0.32805
0
0
0
0
0.09758
0
0.31781
0
0
0
0
0
0.1227
0
0
0
0
0.08227
0
0
0
0.20879
0
0
0.06895
0
0
0
0
0
0.4641
0
0
0.0815
0
0
0
0
0
0
0.15321
0
0
0.36535
0.10943
0
0
0.09749
0
0
0
0
0.30721
0.34523
0
0
0
0
0
0
0
0
0
0
0
0
0
0
0
0
0
0
0.34185
0
0
0
0
0
0
0.19379
0
0.05286
0.20079
0.12242
0
0.31814
0
0
0.16524
0
0
0.09625
0.3382
0.74827
0.3034
0.35204
0.24584
0
0
0
0.29222
0
0
0
0
0
0
0
0
0
0
0.09035
0
0.34037
0
0
0
0
0.03495
0
0
0
0
0
0.08231
0
0
0
0
0
0
0
0
0.10529
0.29786
0
0
0.13706
0.40049
0
0
0.02939
0
0.07697
0
0
0.13014
0.10213
0.57777
0.58059
0
0.10455
0.216
0
0
0
0
0
0.11188
0.0859
0
0
0
0
0
0
0
0
0
0
0
0
0
0.26962
0
0
0
0
0
0
0
0.60927
0
0.45927
0
0
0
0
0.09738
0
0.10868
0
0
0
0
0
0
0.11072
0
0.07991
0
0
0
0
0.22649
0
0
0
0
0
0
0
0
0.28348
0
0
0
0
0
0
0
0.16679
0
0
0
0
0
0
0.11968
0
0
0
0
0
0
0
0
0.09893
0
0
0
0
0
0.11691
0
0
0
0.1869
0
0
0
0.23193
0
0
0
0
0.12922
0.29254
0.11722
0
0
0
0.06257
0.21971
0
0
0.12517
0
0
0.10404
0
0.08115
0
0.12629
0
0
0
0
0
0
0
0
0
0
0
0
0.11665
0.18836
0.11001
0
0
0
0
0.07965
0.18629
0
0.26475
0
0
0
0.30392
0
0
0
0
0
0
0
0.1068
0
0.08374
0
0
0
0
0
0
0
0.10894
0.07245
0
0
0
0
0
0
0
0
0
0.25907
0
0.37299
0
0
0
0
0.25485
0
0.20913
0
0
0
0
0
0
0.09827
0
0.09081
0.08502
0.09146
0.20178
0
0
0
0
0
0
0
0
0.15061
0.09939
0
0.06531
0
0
0
0
0
0
0.08905
0.08894
0
0
0
0.11242
0
0
0
0
0
0
0
0.21957
0
0
0
0
0
0.10626
0.15634
0
0.12242
0
0.10836
0
0
0
0
0
0.08956
0
0
0
0
0
0
0
0
0
0
0
0
0.21197
0.11778
0.03871
0
0
0.06227
0
0
0
0
0
0
0
0
0.13844
0
0.0804
0
0
0
0
0
0
0.07229
0
0
0
0.08133
0
0
0
0
0.1132
0.07966
0
0.19065
0
0
0
0
0
0
0
0
0
0
0.32746
0
0
0
0
0
0
0
0
0.35325
0.10832
0.35937
0
0
0.12769
0
0
0.10817
0.36269
0
0
0.08077
0
0
0
0
0
0
0
0
0
0
0
0.22948
0
0
0
0
0
0.23353
0
0.26302
0
0.67692
0.21627
0
0
0.10699
0
0
0
0
0.1999
0.0983
0.03291
0
0
0
0
0
0
0
0.39422
0.0898
0.0325
0.07637
0
0
0.08199
0
0
0
0
0.19555
0.09733
0
0.14034
0.19376
0
0
0
0
0
0
0.10755
0
0.32251
0
0.11756
0
0
0
0.1877
0
0
0
0
0
0
0
0
0
0
0
0
0
0
0
0
0.12124
0
0
0
0
0
0
0
0
0
0
0
0
0.12601
0
0.42232
0
0
0
0.1093
0
0
0
0
0
0.20357
0.02665
0.25343
0
0
0
0
0
0
0
0
0
0
0
0
0
0
0
0
0
0
0
0
0
0
0
0
0
0
0
0.11525
0.11665
0
0.10811
0
0.11478
0.36901
0.11447
0.22015
0.30388
0
0
0.03257
0.08878
0.08966
0.83928
0
0
0.11288
0
0
0
0.13965
0
0.41377
0.11764
0.29157
0.05365
0
0.105
0.25326
0
0
0
0
0
0
0
0
0
0
0.07957
0
0
0
0
0
0.13911
0
0
0
0
0
0
0
0.13938
0.61363
0.59134
0.07552
0
0
0
0
0
0
0.23658
0
0
0
0
0.16958
0
0.18202
0.13204
0.31487
0
0
0
0
0
0
0
0
0
0
0
0
0
0
0
0
0
0.1889
0
0
0
0
0
0.15721
0.03474
0
0
0
0
0
0.16465
0
0
0
0
0
0.18664
0.02863
0
0
0
0
0
0
0.12005
0
0.05556
0
0
0
0
0.11753
0
0
0
0.57163
0.37793
0.72323
0.1055
0.35683
0.12525
0
0.21184
0.09351
0
0
0
0
0
0.16694
0
0
0
0
0
0.06582
0
0
0
0.16949
0
0
0
0
0.06525
0
0.36945
0.34485
0
0
0.08049
0
0
0
0
0
0
0.1062
0
0.09739
0
0
0.22545
0
0
0
0
0
0
0
0
0.09275
0
0
0
0
0
0
0
0
0
0
0
0
0
0.28929
0
0
0
0
0
0
0
0
0
0
0
0
0
0
0
0
0.12975
0.09794
0
0.10075
0.10118
0.1147
0
0
0
0
0
0.53763
0
0
0.08411
0.15836
0
0
0.03615
0
0.3482
0.03205
0.42734
0.06778
0
0
0
0.23371
0
0
0
0
0.36509
0.07637
0
0
0
0
0
0
0
0
0
0
0
0.11249
0
0
0
0
0
0.25367
0
0
0
0
0
0
0
0
0
0
0.08682
0
0
0
0.09198
0
0
0
0
0
0
0.16426
0
0
0
0
0.22354
0.10023
0.06711
0.20283
0
0
0.10988
0
0
0.79318
0.54995
0
0
0
0
0
0
0
0.03033
0
0.09761
0.09779
0
0.10488
0.09354
0
0
0
0.39121
0
0
0.31522
0.37315
0.2308
0.03185
0
0
0
0
0
0
0
0
0.11118
0
0
0
0
0
0
0
0
0.09677
0
0.21961
0
0.112
0
0
0
0
0
0
0
0.75155
0.25949
0
0
0
0
0
0
0
0
0
0.10401
0.08554
0
0
0.38946
0
0
0.07386
0
0
0.14956
0
0
0.03325
0
0
0
0
0
0
0
0
0
0
0
0.12899
0
0
0
0
0
0.15384
0.10697
0.34791
0
0
0.45105
0
0
0.03557
0.54082
0.12673
0.12619
0
0.23574
0
0.05262
0.23277
0
0
0.44177
0.61419
0
0
0
0
0
0
0
0
0
0
0
0
0
0
0.11782
0
0
0
0
0.09069
0
0.22225
0.16105
0
0.31802
0
0
0
0
0.07228
0
0
0
0
0
0
0.09227
0.11862
0
0
0.03597
0
0
0.16961
0.23784
0
0
0
0
0
0
0
0
0.18749
0
0.27137
0
0.10384
0
0
0.25724
0
0.3832
0
0
0
0
0
0
0
0
0
0
0
0
0.10436
0
0
0
0
0
0
0
0
0
0
0.12446
0
0
0.12806
0
0.09088
0
0
0
0.23266
0.11879
0
0.31976
0
0
0.11305
0.02799
0.41653
0
0
0
0
0
0.12482
0
0
0
0
0.16614
0
0
0
0
0
0.22366
0
0
0.15852
0
0.07936
0
0
0
0
0
0.23742
0.12551
0.10679
0.10466
0
0.14412
0
0.31266
0
0.08301
0
0.09909
0.22254
0
0
0
0
0
0
0.10309
0
0.09789
0
0.09031
0.34592
0
0
0.10429
0
0
0
0.07895
0.20561
0.04169
0.20604
0.25712
0
0
0
0
0.2525
0
0
0
0
0
0
0
0
0
0
0
0
0
0.22225
0
0
0.30425
0
0
0
0
0
0
0
0
0
0
0.06373
0
0
0
0
0
0.16489
0
0
0
0
0
0.30085
0
0
0
0
0
0
0
0
0.09114
0
0
0.10705
0
0
0.1046
0.22723
0.70193
0.40291
0.22346
0
0.82641
0
0
0
0
0
0.13324
0
0
0
0
0
0
0
0
0
0
0
0.02896
0
0
0
0.11335
0
0
0.111
0
0
0.21662
0
0
0
0
0.09621
0
0
0.05657
0
0
0
0
0
0
0
0
0.09817
0
0
0
0
0
0
0
0
0
0
0
0.03
0.28107
0
0
0
0
0
0
0
0.14319
0
0.15476
0
0
0
0
0
0.08155
0.12231
0.13898
0.19206
0.14053
0.36676
0
0
0
0
0
0
0
0.16512
0.1004
0
0
0
0.73874
0
0
0.10319
0
0.12445
0
0
0
0
0
0
0
0
0
0
0
0
0
0
0
0
0.10902
0
0.10835
0
0.17766
0
0
0.02895
0
0
0
0
0.09141
0.2076
0
0
0
0
0
0.22149
0
0
0
0
0
0
0.06496
0.1042
0
0.18901
0
0
0
0.19218
0
0.10971
0
0
0
0
0
0
0
0
0.07015
0
0
0
0
0
0
0.10495
0
0
0
0
0
0
0
0
0
0
0
0
0.12627
0
0.18514
0.03266
0.10523
0
0
0
0
0
0
0
0
0
0
0
0
0.03906
0
0
0
0
0
0
0.02718
0.09795
0
0
0.47
0
0.18442
0.10981
0
0.14155
0
0
0
0
0
0
0
0.11729
0
0
0
0.09253
0.11099
0.10513
0
0.21969
0.14507
0.57577
0
0
0
0
0
0
0
0
0
0
0
0
0.1279
0
0
0.47025
0.09191
0
0
0.28071
0
0
0
0
0
0
0
0
0
0
0
0
0
0
0
0
0
0
0.088
0
0.18539
0
0
0
0.3674
0.1591
0.06457
0
0
0
0
0
0
0.02675
0.24754
0
0.07199
0
0
0
0
0
0
0
0
0
0.4696
0
0
0
0
0
0
0
0.03032
0
0
0
0
0
0.09732
0.19662
0.23574
0
0
0
0.08902
0
0.23296
0.07301
0
0
0
0
0.08377
0
0.13222
0
0
0.62687
0
0
0.19092
0
0
0
0
0
0
0
0
0
0
0
0
0
0
0
0
0
0.2477
0.73721
0
0
0
0.36701
0.19248
0
0.2647
0
0
0.08899
0
0
0
0
0.14041
0.12715
0
0.1889
0.19244
0
0
0
0.57539
0
0
0
0
0
0
0.45883
0
0
0.16726
0.11158
0
0
0
0
0.15142
0
0
0.16842
0
0
0
0
0
0
0
0
0
0.08123
0
0
0
0
0
0.18473
0.10081
0.08241
0
0
0.08422
0
0
0
0.43022
0
0.19871
0
0.16366
0.15972
0
0.52571
0
0
0.21746
0
0
0
0
0.41905
0
0.11335
0
0
0
0
0
0.10615
0
0
0
0
0
0
0
0.3238
0
0
0
0
0
0
0
0
0
0
0
0
0
0
0
0
0
0
0
0
0
0
0
0
0
0.29923
0
0
0
0
0
0
0
0
0
0.41915
0
0.06755
0.03164
0
0
0
0
0
0
0
0
0
0
0
0.19335
0
0
0
0
0
0
0
0
0
0
0
0
0
0
0
0.09631
0
0
0.09556
0
0
0
0.08119
0
0
0
0
0.09775
0.20072
0
0
0
0
0
0
0
0
0
0
0
0.02763
0
0
0
0
0.64541
0
0.0919
0.18699
0
0
0
0
0.04466
0.25514
0
0
0.18667
0
0.18634
0
0.18353
0
0
0
0
0
0
0
0
0
0
0
0
0.73829
0
0
0
0.10414
0
0.37658
0
0
0
0
0.07028
0
0
0
0
0
0
0
0.20212
0
0
0
0.15152
0
0
0.12523
0
0
0.05884
0
0
0
0
0
0
0
0
0
0
0
0
0.13992
0
0
0
0
0
0.42257
0
0
0
0
0
0.06245
0
0
0
0.08023
0.03781
0
0
0.29428
0
0
0
0
0.11538
0
0.19524
0
0
0.47741
0
0
0
0
0
0
0.35824
0
0.18051
0
0
0
0
0
0
0
0
0
0.11149
0
0
0
0
0
0
0
0
0
0
0
0
0.17369
0.29444
0
0
0.17393
0
0.08602
0
0.18671
0.26525
0.16552
0.1559
0.10535
0
0
0
0
0
0.03364
0
0
0
0
0
0.09797
0
0.03686
0
0
0
0
0
0
0
0.21982
0
0
0
0.10058
0
0
0
0
0
0.1182
0
0
0
0.12818
0.12202
0.29328
0
0
0
0
0
0
0.07902
0
0
0
0
0
0
0
0.04074
0.22556
0
0.07568
0
0
0
0.18141
0
0.3039
0.76073
0.10679
0
0
0.5136
0.15179
0
0
0
0
0
0
0
0
0
0
0
0
0
0
0
0.50873
0.12992
0
0
0.13904
0
0
0
0
0
0
0.08988
0
0
0.55297
0
0
0
0.07205
0
0
0
0
0
0
0
0
0
0
0.10605
0
0.20237
0.12017
0.58524
0
0
0
0
0.19282
0
0.08195
0.15008
0
0
0
0
0
0
0
0
0
0
0
0
0
0
0
0
0
0
0
0
0
0
0
0
0
0
0
0
0
0
0.24008
0
0
0
0
0
0.182
0
0
0
0
0
0
0
0
0
0
0
0
0
0
0
0.16258
0.04427
0.27159
0
0
0
0
0
0.06063
0.03696
0
0
0
0.49591
0
0
0.08991
0
0.24262
0
0
0
0
0
0.38511
0.10952
0
0
0.37143
0
0
0
0
0
0
0
0
0
0
0
0.05595
0
0
0
0
0
0
0
0.18654
0
0
0
0
0
0
0.06796
0.05331
0
0
0
0.06156
0
0
0
0.20223
0.57599
0
0
0
0
0
0
0
0
0
0
0.31893
0
0
0.25185
0
0.03468
0
0
0
0.34163
0
0
0.21347
0
0
0
0
0
0
0.11667
0
0
0
0.11131
0
0
0
0.08339
0.19464
0
0.08183
0
0
0
0
0.08924
0
0
0
0
0
0
0.04212
0.12326
0
0
0
0
0.1646
0
0
0
0
0.1835
0
0
0
0
0
0
0
0
0
0
0
0
0
0.03004
0.09706
0
0
0
0
0
0
0
0
0.08944
0
0.10472
0.15415
0
0
0
0
0
0
0
0
0
0
0
0.4689
0
0
0
0.08355
0
0.27169
0.14299
0
0
0
0
0
0.03717
0.11331
0.36449
0
0
0
0
0
0.09265
0
0
0
0
0
0.09754
0.07907
0
0
0
0
0.08364
0
0
0
0.15834
0
0.13067
0.5265
0
0.35369
0
0
0
0.59109
0
0
0
0
0.03578
0
0
0
0
0
0
0
0
0
0
0
0.22735
0
0
0
0
0
0
0
0
0
0
0.13038
0.09001
0
0
0
0
0
0.16898
0.29514
0
0.14506
0
0.09515
0.1121
0.12418
0
0
0
0
0
0
0
0
0
0
0.12174
0
0
0
0
0
0
0
0
0.11703
0.15064
0
0
0
0
0
0
0
0
0
0
0
0
0
0
0.02958
0
0
0
0
0
0
0
0
0.35997
0.10805
0
0.02919
0
0
0
0
0
0
0.08823
0
0
0.03072
0.18519
0.10623
0.19636
0
0.02983
0.11937
0
0
0
0.11089
0.10939
0
0.04642
0
0
0
0
0
0
0.07522
0.37933
0
0
0
0
0
0.18012
0.10901
0
0
0
0
0
0.63829
0.12172
0
0
0
0
0.03013
0
0
0
0
0
0
0.06457
0.09544
0.43385
0
0.09107
0
0
0
0.12786
0.08546
0
0
0
0
0.0849
0
0
0
0
0
0
0
0.11148
0.11069
0
0.10591
0
0.3175
0
0
0
0
0
0
0
0
0
0
0
0
0
0
0
0
0
0
0
0
0
0
0
0
0
0
0
0
0.06019
0
0
0.24254
0
0
0.09674
0
0
0
0
0.12283
0
0.26288
0.06156
0
0.13867
0.08515
0.09734
0
0
0
0.10045
0.1222
0.22833
0.08906
0
0.19242
0
0
0
0
0
0
0
0
0.09785
0
0
0.18651
0.08502
0
0
0
0
0
0
0.36264
0.14471
0
0.09826
0
0.12755
0.0822
0
0.03329
0
0
0.49785
0
0
0
0
0.24073
0
0
0
0
0.08454
0.19403
0
0
0
0
0
0
0
0
0
0
0
0.14149
0.18955
0
0
0
0
0
0
0
0
0
0
0
0
0.04628
0
0
0.10838
0.11124
0
0
0.19446
0
0
0
0
0
0.10366
0.1314
0.25297
0
0
0
0.11056
0.43188
0.11569
0
0
0.08487
0
0
0
0
0
0
0
0
0.36903
0
0
0.24881
0.08
0.10843
0.101
0.14091
0
0
0
0.64474
0.15002
0
0.12514
0
0
0.12994
0
0
0.07982
0
0
0.2287
0.12518
0
0
0.22083
0
0
0
0
0
0
0
0
0.5194
0
0
0
0
0
0.10758
0
0
0.09663
0
0
0
0
0.11818
0.36811
0
0
0.2318
0.37651
0
0
0.73654
0
0
0
0
0.14103
0
0
0
0.31862
0
0.11668
0
0
0
0
0.30619
0.10208
0
0
0
0
0
0
0
0
0
0
0
0
0
0
0
0.14153
0
0
0.17008
0.02776
0
0
0
0.08283
0
0
0.08
0.07245
0.22047
0
0
0
0
0
0
0
0
0.1158
0
0.21222
0.10777
0
0.33018
0.17857
0.06066
0
0
0.20418
0
0
0
0
0.27538
0
0
0
0
0
0
0
0
0
0
0
0.65567
0
0.03075
0
0
0
0
0.10847
0
0
0
0.22725
0
0
0
0
0
0
0
0
0
0
0.16718
0
0
0
0
0.23874
0
0
0
0
0
0
0
0
0
0
0
0
0
0
0
0
0
0
0.09769
0
0
0
0
0
0
0
0
0
0
0
0.0331
0
0.64532
0
0.16201
0
0
0
0.57817
0
0
0
0
0
0.08658
0
0
0
0
0
0.27327
0.39375
0
0
0
0
0
0
0
0
0
0
0
0.23121
0
0.23445
0
0
0
0
0
0.09078
0.18022
0
0
0
0
0
0
0
0.20598
0
0
0
0.09299
0.06021
0
0
0
0
0
0
0
0
0.02875
0
0
0
0
0
0
0
0
0
0
0
0
0
0
0
0
0
0
0
0
0
0
0
0.44704
0.41575
0
0
0
0
0
0.10539
0
0
0
0
0
0
0
0
0
0
0
0.19156
0
0
0
0
0
0
0
0
0.22793
0
0
0.28362
0
0
0.11573
0
0.12573
0
0
0
0
0
0
0
0.31869
0.76296
0
0.07915
0
0.55993
0.09125
0
0
0.18355
0
0
0
0
0
0
0
0
0
0
0
0.12258
0
0
0
0
0
0
0
0
0
0
0.10909
0
0
0
0
0
0.02777
0
0
0
0
0
0
0.18769
0.06888
0
0
0.09076
0
0
0.03929
0
0
0
0
0
0
0
0.07896
0
0.26816
0
0
0
0.1311
0.10825
0
0
0
0.24306
0.11908
0
0
0
0
0
0.29163
0.19669
0
0
0
0
0
0
0.11657
0
0
0
0
0
0
0
0
0
0
0
0.20641
0
0
0
0
0
0.44452
0
0
0
0.19377
0
0
0
0
0
0.06792
0
0
0
0.27238
0.09176
0.18615
0
0.10679
0
0
0
0
0
0
0
0
0.03523
0.59253
0
0
0
0.11052
0
0
0
0
0
0
0
0
0
0
0
0
0
0
0
0.08873
0.11148
0
0
0
0
0
0
0
0
0
0
0
0
0
0
0
0.20896
0
0
0.14413
0.0358
0.48636
0
0.0832
0.22286
0.39595
0
0
0
0
0
0
0
0
0.12775
0
0
0
0.3161
0
0
0
0
0.20464
0.08529
0
0
0
0
0
0.08792
0
0
0
0
0
0
0.08158
0
0
0
0
0
0
0
0.03283
0.12851
0
0.21871
0
0
0
0
0
0
0
0
0
0.10913
0.10921
0
0
0.12778
0
0
0
0
0
0
0
0
0
0
0
0
0
0
0
0
0
0.18515
0
0
0
0
0
0
0
0
0
0
0
0
0.03879
0.07822
0
0
0
0
0
0
0.19435
0
0.03461
0
0.40208
0.10787
0
0
0
0
0
0.16181
0
0
0
0
0
0
0
0
0.06662
0.4999
0
0
0.419
0
0.12445
0.13492
0.0852
0.027
0
0
0
0.14236
0
0
0
0
0
0
0
0
0.41338
0
0.09957
0.33688
0
0
0
0.10588
0
0
0.10084
0.29555
0
0
0.13303
0.27005
0.1069
0.07378
0
0.10866
0
0
0
0.64
0
0.08814
0
0
0.03356
0
0.20602
0
0.10991
0
0
0
0
0
0
0.08218
0
0
0
0.68252
0
0
0.06518
0
0
0.102
0.14176
0
0.13086
0
0
0
0
0
0
0
0
0.12007
0
0
0
0.07983
0
0
0.10868
0
0.07898
0
0
0
0
0.19379
0
0
0
0
0
0
0
0
0.14665
0
0
0.0853
0
0.34303
0
0
0
0
0
0.18915
0.19679
0
0
0
0.07875
0
0
0
0
0
0.10621
0
0
0
0
0.07157
0.22721
0.11909
0
0
0
0
0.45931
0
0.15777
0
0
0
0
0
0.11372
0.05992
0
0
0.49992
0
0
0
0
0
0
0
0
0
0
0
0.10646
0.03524
0
0
0
0
0
0
0
0.44992
0
0
0
0.02858
0
0
0.08129
0
0
0
0
0
0.3961
0
0.08234
0
0
0
0
0.10535
0.8645
0
0
0
0
0.11304
0.3555
0
0
0
0
0
0.21914
0
0
0.07452
0
0
0.12118
0
0
0
0.20904
0
0
0
0
0
0.611
0
0.11081
0
0
0
0.02851
0
0.11112
0
0
0
0
0
0.02708
0
0
0.08434
0.19
0
0
0
0.20198
0
0.3905
0
0
0
0
0.05491
0.08397
0
0
0
0.08073
0.11685
0
0
0.3046
0.03549
0.42792
0
0
0.08465
0
0
0
0
0
0
0.08244
0
0
0
0.12812
0.11801
0
0.14202
0
0
0
0
0.11212
0
0.1106
0.09738
0
0.29401
0
0
0
0
0
0
0
0.10102
0
0.06343
0.31842
0.0441
0
0
0
0.18446
0.12239
0.26115
0.19792
0.16698
0
0
0
0.09606
0
0
0
0.10195
0
0.31722
0.29706
0
0.0745
0.1309
0
0.20007
0
0.02769
0
0
0
0.10977
0
0
0
0
0.10562
0
0
0
0
0
0
0
0
0
0
0
0.1128
0.1037
0.10322
0
0
0
0
0
0
0.05429
0
0
0
0
0
0
0
0
0.10856
0
0
0
0
0
0
0
0.03568
0
0
0.19569
0
0
0
0
0
0
0
0
0
0
0.09186
0.0399
0.05999
0
0
0
0
0
0
0
0
0
0
0
0.16046
0
0.03013
0
0
0
0
0
0
0
0
0.05612
0
0
0
0
0
0.07993
0.05931
0
0
0
0
0
0.11024
0
0
0.11635
0
0
0
0
0
0
0
0
0.21897
0
0
0
0
0
0
0.10544
0
0
0
0
0
0
0.19354
0
0
0.18932
0.08051
0
0
0
0.12798
0
0
0
0
0
0
0
0
0
0
0.19588
0
0
0.16159
0
0.0824
0
0
0
0
0
0
0
0
0
0
0.08314
0
0.15606
0
0.32533
0
0
0
0
0
0
0
0
0
0.11584
0
0
0
0
0
0
0
0
0
0
0
0
0
0
0
0
0
0.10849
0
0
0
0.19462
0.02805
0
0
0
0
0.29482
0
0
0
0
0
0
0.46261
0.09723
0
0
0
0.39634
0.07483
0
0
0
0
0.1179
0.11962
0
0
0
0.11396
0
0.11301
0.03957
0.16706
0
0.10785
0
0
0
0
0.02659
0
0.38039
0
0.23967
0.03822
0.06482
0.52917
0
0
0
0.13028
0
0
0
0.18959
0.61427
0
0
0
0
0
0
0
0.27049
0.03939
0
0.11761
0.11311
0
0
0
0
0
0.08018
0
0
0.11259
0.09087
0.07826
0
0
0
0
0
0
0
0
0.1458
0.17732
0
0
0
0
0
0.22196
0
0.07168
0
0
0.10941
0
0
0
0
0
0.07887
0.34526
0
0
0
0
0
0.08135
0
0.09739
0
0
0
0
0
0
0
0
0
0.10556
0
0
0
0
0.11272
0.11004
0
0
0.11132
0
0
0
0.30114
0
0.08323
0.04162
0
0
0
0
0
0
0
0
0.20103
0.10807
0
0
0
0
0
0
0.09694
0
0
0.19061
0
0.16608
0.43336
0
0
0
0
0
0
0
0
0.08044
0
0
0.11385
0.37178
0
0
0.1603
0
0
0
0
0
0
0
0.3479
0
0
0.65951
0.28587
0
0.38245
0
0
0
0
0.0851
0.12361
0
0.07817
0
0
0
0
0.27404
0
0
0
0
0
0
0.12433
0.19692
0.13358
0
0
0
0.26083
0.09738
0.08012
0
0.35278
0
0
0.10456
0
0
0
0
0
0
0
0
0
0.19818
0.23377
0
0.11728
0
0
0.20499
0
0
0
0
0
0
0
0
0.08421
0
0
0.03626
0
0
0
0.11424
0
0.0373
0.26798
0
0.03269
0
0
0
0.11798
0
0
0
0
0
0
0.0334
0
0
0.66922
0
0
0
0
0
0
0
0
0
0.10974
0
0
0
0
0
0.03094
0
0
0.10865
0
0.10571
0
0
0
0.12178
0
0
0
0
0
0.39109
0.03662
0
0
0
0
0
0
0
0.0281
0.12609
0
0
0
0
0
0
0
0
0
0
0
0
0
0
0.08058
0.13791
0
0
0
0
0.14717
0
0
0
0
0
0.08222
0
0.18038
0
0
0.03041
0
0.0919
0.11952
0.1326
0.10981
0
0
0
0
0
0.0361
0.26971
0
0
0
0
0.21885
0
0.39104
0
0
0.0288
0
0
0
0.12659
0
0.06506
0
0
0
0.08113
0
0
0
0
0
0.30942
0
0
0.1121
0.10605
0.03307
0
0.08072
0
0
0
0
0
0
0
0
0
0
0
0
0
0.10852
0
0
0.08547
0
0
0
0.47162
0.19686
0.27482
0.34743
0.14994
0
0.55115
0
0
0
0
0
0
0.34201
0
0
0
0
0
0.43322
0
0
0.0859
0
0.14449
0.24604
0.17968
0
0
0
0
0
0.09026
0
0
0
0
0
0
0.10159
0
0
0
0
0
0
0
0
0
0
0.05275
0
0
0
0
0
0
0
0.10905
0
0
0
0
0
0.18032
0.28525
0
0
0
0
0
0
0
0
0
0
0
0.05948
0
0.17924
0
0
0
0
0
0
0
0.06774
0
0
0
0
0.22362
0
0.2512
0
0
0
0
0
0.07485
0
0
0.10426
0.14001
0
0.08852
0
0
0
0.11911
0
0
0
0
0
0.3466
0.06434
0
0
0
0.09136
0.04224
0.13904
0
0
0
0.18927
0.07999
0.05741
0
0.1254
0
0
0
0
0
0
0
0
0
0
0
0.15791
0
0
0.45363
0
0.10831
0
0
0
0
0
0
0
0.10386
0
0
0
0
0
0
0
0
0
0
0
0.02802
0.19636
0.10164
0
0
0
0
0
0
0
0
0
0.3269
0.22703
0.77274
0
0
0
0.10461
0
0
0
0
0
0
0
0
0.14662
0
0.11239
0
0
0
0
0
0
0.21209
0
0
0.67957
0
0
0
0.0879
0
0
0.34259
0
0
0.10027
0
0
0
0
0
0
0
0
0
0.09097
0
0
0
0
0.07223
0
0
0
0
0
0
0
0
0
0
0
0
0
0
0.15249
0
0
0
0
0.09749
0.05342
0.11772
0
0
0.08045
0
0
0
0
0
0.33183
0
0
0
0.40869
0
0
0
0
0
0
0.10388
0
0
0
0
0
0
0
0
0.42628
0
0
0
0
0
0
0
0
0
0
0
0
0.45817
0
0
0
0
0
0
0
0
0
0.09726
0
0
0
0
0
0
0
0
0.04037
0.09124
0
0
0
0
0.43094
0
0
0
0
0.02949
0
0
0
0
0.60614
0
0
0
0.02757
0
0.38674
0.2642
0
0
0
0
0
0
0.11306
0.22481
0
0.09248
0
0
0.08565
0
0.07818
0
0
0
0
0.03617
0
0
0
0
0
0
0
0
0.1023
0
0.37804
0
0
0
0
0
0.4562
0
0.08384
0
0
0
0
0
0
0
0.12265
0.16619
0.03308
0
0
0
0
0
0.51671
0
0
0
0
0
0
0
0
0
0
0
0
0
0.11084
0
0
0
0.64344
0.10275
0
0
0
0
0
0
0
0
0.12573
0.02948
0.05782
0
0
0
0.09516
0
0
0
0
0
0.09869
0
0
0
0
0
0
0
0
0
0.35727
0
0
0.19989
0
0
0.12156
0
0.35586
0
0.03031
0
0
0
0.26607
0
0.1583
0
0
0
0.08096
0.14358
0.17911
0
0
0
0
0
0
0.03817
0.06875
0
0
0
0
0
0.05971
0
0
0
0
0
0
0.15628
0
0.21655
0.34989
0
0.13442
0
0.21404
0
0
0
0
0
0.5182
0
0.09741
0
0
0
0
0
0.03863
0.19845
0
0
0
0
0
0.03815
0
0
0.09196
0
0.15378
0
0
0
0
0.31786
0
0
0
0
0.07019
0
0
0
0
0
0
0.10135
0
0
0
0.50224
0.19843
0
0
0
0
0.29569
0
0
0
0
0
0
0
0
0
0
0.39751
0
0
0.10823
0.09783
0
0.10478
0
0
0
0
0
0
0
0
0
0.08978
0
0.04205
0
0
0.07894
0
0
0
0
0
0
0
0
0.08892
0
0
0
0
0.07258
0
0.10754
0.0326
0
0
0
0
0
0.03565
0
0
0
0
0
0.35084
0
0
0
0
0
0
0.09152
0.09148
0.71981
0
0
0
0
0
0.10295
0
0
0.34208
0
0
0
0
0
0
0
0
0
0
0
0.22309
0
0
0
0
0
0
0
0
0
0
0
0
0.08469
0
0
0.08122
0
0
0
0
0.08961
0.08015
0.45954
0
0
0
0
0
0
0
0.11871
0
0
0.28987
0
0.46316
0.17903
0.19559
0
0.06893
0
0
0
0
0
0
0
0.06499
0
0
0
0
0
0
0
0
0
0
0
0
0
0
0
0.10464
0.16186
0
0.28996
0
0.12402
0
0
0
0
0
0
0
0
0
0
0
0.20042
0.12573
0
0.08952
0
0.15938
0
0
0.07889
0
0
0
0
0
0
0
0.18699
0
0
0
0
0
0
0
0
0
0
0
0
0
0.17371
0
0
0
0
0
0
0
0
0
0.29795
0
0
0
0
0
0.07045
0
0
0.02646
0
0
0
0
0
0
0
0
0.17034
0
0
0
0
0
0
0
0
0
0
0
0.32411
0
0
0
0
0
0
0
0
0.10314
0
0
0
0
0.0848
0
0
0
0
0
0
0
0
0.07892
0.10604
0
0
0.10126
0.24082
0
0
0
0
0
0.16416
0
0
0
0
0
0
0
0
0
0
0
0
0.24993
0.10243
0
0
0.09092
0.07946
0
0.19359
0
0.08352
0
0
0
0
0
0.03601
0
0
0
0.7066
0
0
0
0
0
0
0
0
0.10494
0.13955
0
0
0
0
0
0
0
0
0
0
0
0
0.12959
0
0
0
0
0.0891
0
0.17113
0
0
0
0
0.09077
0
0.35692
0
0
0
0
0
0
0
0
0
0.09483
0
0
0
0
0
0
0
0.08905
0
0
0
0
0
0
0
0
0
0
0.57479
0
0
0.13067
0.3332
0
0
0.18828
0
0
0
0
0.15881
0
0
0.08116
0
0.03477
0
0
0
0.11246
0
0.32426
0
0
0
0
0
0
0
0
0
0
0
0
0
0
0
0
0.08945
0
0.23494
0
0
0
0.41769
0
0
0
0
0.28208
0
0
0.09269
0
0
0
0.83028
0
0
0.19095
0
0
0.13279
0
0.4303
0
0
0
0
0
0
0
0
0
0
0
0
0
0.07949
0
0
0
0
0
0
0.19315
0
0
0.09724
0
0
0.18477
0
0
0.10841
0.03347
0
0
0
0
0
0.08017
0
0
0
0
0
0
0
0.08246
0
0
0
0.1071
0
0
0
0.11145
0
0
0
0
0
0.34756
0
0
0
0.22012
0
0
0
0
0.03383
0
0.10697
0
0
0.0792
0.19625
0.12465
0
0
0
0
0
0.24841
0.11689
0.40484
0
0
0
0.08513
0
0
0
0
0
0.039
0
0
0
0.26432
0.19649
0
0
0
0
0
0.16748
0
0
0
0.1097
0
0
0
0
0
0
0
0
0.45169
0
0
0
0
0.08059
0
0
0
0
0.09806
0.31025
0
0
0
0
0
0.48203
0
0
0
0
0.03027
0
0
0
0
0
0
0.12699
0.57101
0.60439
0.68165
0
0
0
0
0
0
0
0
0
0
0
0
0.41525
0.08985
0
0
0.09213
0
0
0
0
0
0.06167
0.09297
0.03762
0.02715
0
0
0
0.03244
0
0
0
0.22981
0
0
0
0
0
0
0.15057
0
0
0
0
0
0.19574
0.09009
0
0
0
0.09558
0
0
0
0
0
0
0.12634
0.13887
0
0
0
0
0
0
0
0
0.08951
0.19158
0
0
0
0.2581
0
0
0
0
0.34933
0
0
0.17901
0
0
0
0
0
0
0
0
0
0
0
0
0
0
0
0
0
0.13639
0
0
0
0
0
0
0.10505
0
0
0
0
0
0
0
0
0
0
0
0
0
0
0
0
0
0
0
0
0
0
0
0.29853
0.19224
0
0
0
0
0
0
0
0
0
0
0
0
0
0.18348
0.12103
0
0.12702
0
0
0
0
0
0
0
0
0
0
0
0.08532
0.09024
0.10922
0.06175
0
0
0
0
0.41694
0
0
0
0.08874
0.05872
0.06708
0
0
0
0
0
0.14125
0
0.55966
0
0
0
0
0
0
0
0
0
0.12888
0
0
0
0
0
0
0.22178
0
0
0.08446
0.13598
0
0.20287
0
0.09732
0.10776
0
0.09535
0
0
0
0
0
0
0
0
0
0.11201
0
0
0
0.50072
0
0
0
0
0
0
0
0
0
0
0.24532
0
0
0
0
0
0
0
0.11132
0.17909
0
0
0.23448
0
0
0.08816
0
0.17221
0
0
0
0
0
0
0
0
0.17424
0
0.04484
0
0
0
0
0
0.23187
0
0
0.09648
0
0
0
0
0
0
0
0
0
0
0
0.23174
0
0
0
0
0
0
0
0.10424
0
0
0
0
0
0
0
0
0
0
0
0
0
0
0
0
0
0
0
0
0.10121
0
0
0.10122
0
0
0
0
0
0.69093
0
0.23157
0
0.1881
0.38424
0
0.22086
0
0.02836
0
0.19188
0
0
0
0
0
0
0
0
0.08984
0
0.14193
0
0
0.31953
0
0
0.09563
0
0
0
0
0
0
0
0
0
0.09232
0
0
0
0.03539
0
0.29602
0.24553
0
0.03026
0
0
0
0
0
0
0
0
0.2034
0
0
0
0
0
0.1557
0
0
0
0
0.12071
0.11706
0
0
0
0
0
0
0
0
0
0
0
0
0
0
0
0
0
0.21916
0
0
0.06648
0.28981
0
0
0
0.03221
0
0
0
0
0
0
0
0
0.2741
0
0
0
0
0
0
0
0
0
0
0
0
0
0
0.1651
0
0
0
0
0
0
0
0
0
0
0
0
0
0
0
0.08174
0
0
0
0
0
0
0
0
0
0
0
0
0
0
0
0.16183
0
0
0
0.21026
0
0
0
0
0
0
0
0
0
0.36701
0.06433
0.05835
0
0
0
0
0
0
0
0
0.22152
0
0
0
0
0
0
0
0
0
0
0
0
0
0
0
0
0.14558
0.2146
0
0
0
0
0
0
0
0
0
0
0
0
0
0.23983
0
0.13761
0
0
0
0
0
0
0
0
0
0
0
0.13903
0.07878
0
0
0
0.25376
0
0
0
0.31853
0
0
0.07733
0
0
0
0
0
0
0.09778
0
0
0.45126
0
0
0
0
0
0
0
0
0
0
0
0
0
0
0
0.44847
0
0
0
0
0
0
0.18769
0
0
0
0.13743
0
0
0
0.12182
0.2319
0
0.08808
0
0
0
0
0
0
0
0
0
0.15632
0
0
0
0.08182
0.16812
0
0
0
0
0
0
0
0
0
0.29459
0
0
0
0
0
0.16499
0.07892
0
0
0
0
0.0816
0
0
0
0
0
0
0
0
0
0
0.08957
0
0
0
0
0
0
0
0
0
0
0
0.12853
0
0
0
0
0
0
0.03672
0
0
0
0
0
0
0.16845
0
0
0
0
0
0
0
0
0.34836
0
0
0
0
0
0.15753
0
0
0
0
0
0
0
0
0
0.06487
0
0
0
0.94614
0
0
0
0
0
0
0
0
0.08835
0
0.32888
0
0
0
0
0.0427
0
0
0
0
0
0
0
0.11102
0
0
0
0.19043
0
0
0
0
0
0
0.21996
0
0
0
0.20647
0
0
0
0
0
0
0.15377
0
0
0
0
0.25487
0
0
0
0
0
0
0
0
0.06808
0
0
0
0
0.10797
0
0
0
0
0
0
0
0
0
0
0
0
0
0.10944
0
0
0
0
0
0
0
0
0
0
0
0
0
0
0
0
0
0
0
0
0
0
0
0
0
0
0
0.34853
0
0.08067
0.12898
0
0
0.07821
0
0
0
0
0
0
0
0
0.50241
0
0
0
0
0
0
0
0
0.14257
0
0
0.22173
0
0
0
0
0.20142
0
0
0
0
0
0
0
0
0
0
0
0
0.08197
0
0
0
0
0.10983
0
0
0
0
0
0
0
0
0
0.07218
0
0
0
0
0
0
0
0
0
0
0.46818
0
0
0
0
0
0.65696
0.19499
0.4051
0
0.42404
0
0.17866
0
0
0.0947
0.06935
0
0
0
0.06401
0
0
0
0
0.37277
0
0
0
0
0.08004
0
0
0
0
0
0
0
0.41213
0
0.08605
0
0
0
0.80104
0
0
0.1127
0
0
0
0
0
0
0
0
0.39805
0
0
0
0.45038
0
0
0
0
0
0
0
0.19441
0
0.09172
0.30038
0
0
0
0.07241
0
0
0.03319
0
0
0
0
0
0.08748
0.08059
0
0.14589
0
0.08205
0
0
0
0
0
0.35274
0.26152
0
0
0
0
0.0894
0
0.17792
0
0
0
0
0
0.41281
0
0
0
0
0
0
0
0
0
0
0
0
0.15444
0
0
0.19223
0
0.14464
0
0
0
0
0
0
0
0
0
0.44419
0
0
0
0
0
0
0
0.06016
0.10889
0
0
0
0
0.15495
0
0
0
0
0.29475
0
0
0
0
0
0
0
0
0.14538
0
0.0976
0
0
0.03017
0
0
0.16763
0
0
0.09153
0
0
0
0
0.1239
0
0
0
0
0
0
0
0
0.05818
0
0
0.03314
0
0
0
0
0
0
0
0
0
0.27354
0
0.19188
0
0
0
0.37156
0
0.13459
0
0
0
0.06955
0
0.22009
0.08962
0
0
0
0.08933
0
0.09156
0
0
0
0
0
0
0
0.12181
0
0.06608
0
0
0
0.12197
0.07605
0
0
0
0.52829
0
0
0
0
0.03988
0.07973
0
0
0.10599
0.10621
0
0
0
0
0.14035
0
0
0.17527
0
0
0
0
0.33702
0
0
0
0.12845
0
0
0
0
0
0.08955
0
0
0
0
0
0
0
0
0
0
0.11215
0
0
0
0
0.34828
0
0
0
0
0
0
0
0
0
0
0.11205
0
0
0
0
0
0
0
0
0.18885
0
0
0.15745
0.29919
0
0
0
0.24773
0
0
0
0
0
0.09651
0.43679
0
0
0.05911
0
0
0
0
0
0
0
0.06442
0.07924
0
0
0
0
0
0
0
0
0.07971
0
0.14242
0
0
0
0
0
0
0
0
0.14036
0
0.25254
0
0
0
0.15243
0
0
0
0
0
0.08933
0
0
0
0.12599
0
0
0.25257
0
0
0
0.04635
0.34818
0
0.12898
0
0
0
0
0
0.5012
0
0
0
0
0
0
0
0
0
0
0
0
0
0
0
0.29878
0
0
0
0
0
0
0
0
0
0
0
0
0
0
0
0
0
0
0
0
0
0
0
0
0
0
0
0
0
0.05871
0
0
0
0
0
0
0
0
0
0
0
0
0.08909
0
0
0
0
0
0
0.08328
0
0
0
0
0
0
0
0
0
0
0
0.14213
0
0
0
0
0
0.03633
0
0
0.29067
0
0.08279
0
0.09884
0
0
0.1146
0
0
0
0
0
0.02706
0
0
0.35678
0
0
0
0.23384
0.43123
0
0.08236
0
0
0.42451
0
0
0.1657
0
0
0
0
0
0
0.05557
0
0
0.08838
0
0
0.12478
0.17172
0
0
0
0.24226
0.12436
0.09049
0
0
0
0
0
0.11148
0.03742
0
0
0
0.09486
0.04644
0
0
0
0
0
0
0.25162
0
0
0
0
0
0
0
0
0
0
0
0
0
0
0
0
0
0
0
0
0
0
0.12988
0.09737
0
0
0
0
0
0
0.09273
0
0
0
0
0
0
0
0
0.62347
0
0
0.09647
0
0
0
0
0.20349
0
0
0.05418
0.09795
0
0
0
0
0
0
0.13401
0
0
0
0
0
0
0.10607
0
0
0
0
0
0
0.07995
0
0
0.0995
0
0
0.24206
0
0.12669
0
0
0
0
0
0
0
0.32136
0
0
0
0.54775
0
0
0.37333
0.18961
0
0
0.03402
0.06643
0
0
0
0.14113
0
0
0
0
0
0
0
0
0.08123
0
0.13291
0
0
0.16468
0
0
0.08039
0
0.06613
0
0
0
0
0
0
0
0
0
0
0
0
0
0
0
0
0.30447
0
0
0
0
0
0
0
0
0
0
0
0
0.24395
0
0
0
0
0
0
0
0
0
0
0
0
0.25992
0
0
0
0.19496
0
0
0
0
0
0.12971
0
0
0
0
0
0.18652
0
0
0
0
0
0
0
0.22547
0
0
0
0
0
0
0
0
0
0.21274
0.04374
0
0
0.60301
0
0
0
0.14613
0.03015
0.06033
0
0.12842
0
0
0.10089
0
0
0
0.03003
0
0
0
0
0
0
0.0404
0.18829
0
0
0
0
0
0
0
0
0.20373
0.3444
0
0
0
0
0
0
0
0
0
0
0
0
0
0
0.12541
0
0
0
0
0
0
0
0
0.20127
0.08092
0
0
0
0
0
0
0
0
0
0
0
0
0
0
0.19016
0
0.23204
0.34969
0
0.08649
0
0
0.08571
0
0
0
0
0
0
0
0
0
0
0.08203
0
0
0.07893
0
0
0
0
0
0
0
0
0
0
0.09062
0
0
0
0
0
0
0
0
0
0.18116
0
0
0
0
0
0
0
0
0
0
0
0
0
0
0.2886
0
0
0
0
0
0
0
0
0
0
0.09731
0
0
0
0
0.07899
0
0
0
0
0
0
0
0.10413
0
0
0
0
0.08018
0
0
0.27362
0
0
0
0
0
0
0
0
0
0
0
0
0
0
0
0
0
0
0
0
0
0
0
0
0
0
0
0
0
0
0
0
0
0
0.23716
0
0
0
0
0
0
0.06291
0
0
0
0
0
0.12947
0
0.22672
0
0
0
0.10926
0
0
0
0
0
0.09715
0
0
0
0
0
0
0
0
0
0.18158
0
0
0
0.11461
0
0.22679
0
0
0.09228
0
0
0.0834
0
0
0
0
0.12739
0
0
0
0.19423
0
0
0.05935
0
0
0.11313
0
0
0
0.0824
0
0
0
0
0
0
0
0
0.10617
0
0.08343
0
0
0
0.34449
0
0.02675
0
0
0
0
0
0
0
0
0
0
0.0887
0
0
0
0
0.10939
0
0
0
0
0
0
0
0
0
0
0
0
0
0
0
0
0.08907
0.14104
0
0
0
0
0
0
0
0.32453
0
0
0
0
0
0
0
0
0
0
0
0
0.15439
0
0
0
0
0
0
0
0
0.21817
0.07915
0
0
0
0
0
0
0
0
0
0.11238
0
0
0
0
0
0
0
0
0
0
0.12933
0
0
0.06124
0
0
0.27147
0.03465
0
0
0.67422
0
0
0
0.65857
0
0
0
0
0
0
0
0
0
0
0.06971
0
0
0
0
0
0.06352
0
0
0
0
0
0
0
0
0
0.3582
0.53714
0
0
0
0.18063
0
0
0
0
0
0
0
0
0
0
0
0
0
0
0
0
0.03487
0
0
0
0.09598
0
0
0
0
0
0
0
0
0
0
0
0
0
0
0
0
0
0
0
0
0
0
0
0
0
0
0
0
0
0
0
0
0
0.03243
0
0
0
0
0
0
0
0
0.21744
0
0.4376
0
0
0
0
0
0
0
0
0.10385
0
0
0
0
0
0
0
0
0
0
0
0
0
0
0
0
0
0
0
0.63334
0.20661
0
0
0.24695
0.05262
0
0
0
0.21972
0.33141
0
0
0
0.08151
0
0.09035
0
0
0
0
0.39831
0
0
0
0
0
0
0
0
0
0
0
0
0
0
0
0
0
0
0
0
0
0
0
0
0
0
0
0
0
0.11196
0
0
0
0
0
0
0
0
0
0
0.20209
0
0
0
0.23187
0
0.10612
0
0
0
0
0
0
0
0
0
0
0
0
0
0
0.02985
0
0
0
0
0.09191
0
0
0.18036
0
0
0
0.10912
0
0
0
0
0
0
0
0
0
0
0
0
0
0
0
0
0
0
0
0
0
0
0
0
0
0
0
0
0
0
0
0
0
0
0
0
0
0
0.10939
0
0
0
0
0
0
0
0.03308
0
0
0.52625
0
0
0
0
0
0
0.21911
0
0
0
0
0
0.22023
0
0
0
0
0.08815
0
0
0
0.11275
0
0
0
0
0
0
0
0
0
0
0
0
0
0
0
0
0
0
0
0
0
0
0
0
0
0
0
0
0
0
0.09479
0
0
0
0.10019
0
0
0
0
0.29326
0
0
0
0
0
0
0
0
0
0
0
0
0
0.12301
0
0
0
0
0
0
0
0
0
0
0
0
0
0
0
0
0
0
0
0
0
0
0
0
0
0
0
0
0
0
0
0
0
0
0.08062
0
0.33327
0
0
0.08151
0
0
0
0
0
0
0
0
0
0
0
0
0.08863
0
0
0
0
0
0
0
0.11148
0
0
0
0
0
0
0
0
0
0
0
0
0
0
0
0
0
0
0
0
0
0
0
0
0
0
0
0
0
0
0
0
0
0
0
0
0.24071
0
0
0
0.08937
0
0.03582
0
0
0
0
0
0
0
0
0
0.42673
0
0
0
0
0
0
0
0
0
0
0
0
0
0
0
0
0
0
0
0
0
0
0
0
0
0
0
0
0
0
0
0
0.09717
0
0
0
0
0
0
0
0
0
0
0
0
0
0
0
0
0
0
0
0
0
0
0
0
0
0
0
0
0
0
0
0
0.10779
0
0
0
0
0
0
0
0
0.10903
0
0
0
0
0
0.08532
0
0
0.12763
0
0
0
0
0
0
0
0
0.082
0
0
0.16756
0
0
0.66928
0
0
0.12213
0.2225
0.08474
0
0.02793
0.08462
0
0
0.16424
0
0
0
0
0.15266
0
0
0
0
0
0
0.08174
0.19476
0
0
0.03651
0
0
0
0
0.08298
0
0
0
0.11654
0
0.1076
0
0
0
0.08126
0.23355
0.04002
0.12235
0
0
0
0
0.03797
0
0
0
0.0888
0
0.10746
0.0406
0.08072
0.08108
0.08132
0.14317
0
0
0
0
0
0
0.1061
0
0
0
0
0.08075
0
0
0
0
0.15582
0
0.08202
0
0
0
0
0.15023
0
0.11059
0.2342
0
0
0
0.43459
0
0.12409
0
0
0
0.14164
0.16843
0
0.03604
0
0.11203
0
0.23371
0.17498
0
0
0
0.06919
0
0
0
0
0.42249
0.34038
0.0766
0.29688
0
0.13285
0
0.26043
0
0
0
0.10997
0
0
0
0
0.10373
0
0.13941
0
0
0.10933
0
0
0
0
0
0.09923
0
0
0.20331
0
0
0
0
0
0
0
0
0
0.2086
0
0.26432
0
0.18348
0.0359
0
0
0
0
0
0
0
0
0
0
0
0.07795
0.24778
0
0
0
0
0.14008
0
0.47131
0
0.03258
0.26887
0
0
0
0
0.07627
0
0
0
0
0
0
0.2194
0
0
0.03857
0
0.1073
0.35558
0.12619
0
0
0
0
0.06437
0
0
0
0
0
0.06054
0.17977
0.1013
0.23011
0
0.17988
0
0
0
0.26367
0.10041
0
0
0
0.22295
0
0
0
0.07932
0.26818
0
0
0
0
0
0
0
0
0
0
0.1847
0.19814
0
0
0
0.09037
0.1172
0
0
0.18594
0.38421
0.37864
0
0
0.11126
0.10111
0.27038
0.09688
0
0.04649
0
0
0.09754
0
0.10822
0
0
0.06359
0.06574
0
0
0
0
0
0
0.42275
0.27219
0.28862
0.34198
0.21485
0.30301
0
0
0.21989
0
0
0
0
0.33736
0.17937
0
0
0.58837
0.22332
0
0
0.2055
0.39113
0.63748
0
0
0
0.09799
0
0
0
0
0.17386
0
0.07952
0.09761
0
0.69219
0.1005
0.02941
0
0
0
0
0
0.1027
0
0
0.10094
0
0
0.23218
0
0.10138
0
0
0.37406
0
0.10136
0
0.25795
0
0.14373
0
0
0
0.09659
0
0.15085
0
0
0
0.03043
0.07994
0
0
0
0
0.61624
0.12229
0
0
0
0.18483
0.06468
0.09962
0.12397
0.09436
0
0
0.23016
0
0
0
0
0
0.19313
0
0
0
0
0.06847
0
0.1091
0.10818
0
0
0.11028
0.55194
0
0
0
0.12861
0.14895
0
0
0
0.19444
0.11081
0
0.08748
0
0.30457
0.13825
0.09788
0
0.06771
0
0
0
0
0
0
0.22447
0.67345
0
0.06504
0.3683
0.25906
0.37082
0.41641
0.0413
0.45695
0.12941
0.66229
0.12396
0
0
0
0
0.13096
0
0.12926
0.12756
0
0.22452
0
0.15875
0.13969
0.29745
0.51225
0.14009
0
0.12228
0.07886
0
0.12313
0.1237
0.27104
0
0.35431
0.70051
0
0.23848
0
0
0
0
0.12358
0
0.08431
0
0
0.05121
0.5958
0.3666
0.12398
0
0
0.10054
0.07941
0.52127
0.58309
0
0.5374
0
0.72284
0.55816
0
0
0
0
0.23562
0.06284
0
0
0
0.05944
0
0
0.24696
0
0.03381
0.10702
0
0.09722
0.03381
0
0.35725
0
0
0
0
0
0.31076
0.10974
0
0
0.34342
0.24744
0.07865
0.40226
0
0.11254
0
0
0
0
0
0
0.19097
0
0.30417
0
0.10304
0.16718
0.16837
0
0.11177
0
0
0
0.31805
0
0.05286
0
0
0
0
0
0.19369
0.24498
0
0.11903
0.05238
0
0.11837
0
0
0
0
0
0.14055
0.22251
0
0
0
0.07931
0
0
0.08031
0.19482
0
0
0
0
0
0
0
0
0.15675
0
0
0
0
0
0.04647
0
0
0
0
0.11281
0
0
0.08863
0.03464
0.03778
0
0.10159
0.06943
0
0.08045
0
0
0
0
0.10388
0
0
0
0
0
0
0
0
0
0
0
0.08134
0
0
0
0
0.10756
0
0
0
0
0
0
0.14616
0.26121
0
0
0
0
0
0
0.24996
0
0
0
0
0.32214
0.11573
0
0.0906
0
0
0
0
0
0
0
0.12987
0
0
0
0
0
0
0
0
0
0
0
0
0
0
0.53832
0.18593
0.03249
0.09664
0
0
0
0.06231
0.13183
0
0
0
0
0
0
0
0
0.25423
0.22384
0.1002
0
0.10393
0
0
0.23275
0.23142
0
0
0
0
0
0
0.49727
0.2527
0.10675
0.09537
0
0
0.13355
0
0.07675
0
0
0
0
0.18841
0
0
0.26842
0
0
0.09743
0.50448
0
0
0.22056
0.30198
0.24451
0
0.0822
0
0.2526
0
0
0.13119
0
0
0.22146
0.1125
0.09077
0
0.12667
0.08023
0.08276
0
0
0
0
0
0.22168
0.08146
0
0
0
0.22447
0.08343
0
0
0.06058
0
0.12747
0
0.09186
0
0
0.53738
0.4726
0.08108
0
0
0
0
0
0.11812
0
0.16554
0
0.10786
0
0
0.10879
0.20171
0
0.12451
0
0.1811
0
0
0.08293
0.0359
0.16781
0
0
0.04632
0.25378
0
0.11538
0
0.25864
0.03042
0
0
0
0.11461
0
0.14047
0.12762
0
0
0
0
0.15021
0.0927
0.03076
0.029
0
0.10595
0
0.29539
0
0.10957
0
0
0.08794
0.28677
0.28765
0
0.13916
0
0.44543
0.17437
0
0.12532
0
0
0
0.12654
0.19486
0
0
0
0
0
0
0
0
0
0
0
0
0.40086
0.08444
0
0
0
0
0.12356
0.11517
0
0.19528
0
0.12632
0
0
0
0
0.1275
0
0
0
0.14198
0
0.21219
0
0
0
0.44335
0
0.08315
0
0
0
0.37122
0.70672
0.53683
0
0.03146
0.29314
0
0
0.29358
0
0.392
0.34794
0.13781
0.81069
0
0.14001
0.23156
0
0
0.65914
0.1103
0
0
0.29639
0.45372
0.27089
0.26537
0.13803
0.34745
0
0.27355
0
0.29471
0.35265
0
0
0
0.10695
0
0.35134
0.23879
0
0
0
0
0.02807
0.12987
0
0
0.83387
0.04206
0
0.03175
0
0.62994
0.10876
0
0.36505
0.81928
