0
0
0
0
0
0
0
0.03332
0.19285
0
0.11706
0.39411
0
0.03404
0.01695
0.22168
0
0
0
0
0
0
0.0892
0.22553
0
0.48496
0.26706
0.05453
0.1434
0
0
0
0
0
0.17242
0
0
0
0
0
0
0.0403
0.04222
0.04208
0.22556
0
0
0.18191
0.13294
0
0
0
0
0.1814
0.31506
0.33709
0
0.04025
0.01683
0
0.24068
0.26923
0
0.04373
0.13901
0.23699
0.30991
0.03873
0.03952
0.05423
0.27859
0.03943
0.04
0.39532
0.5912
0.28761
0.03887
0.04815
0.26009
0
0.23896
0.08821
0
0
0.03975
0.04368
0.04361
0.63437
0.11536
0.4261
0.03904
0
0.03857
0.04429
0.04411
0.08837
0
0
0.14257
0
0
0.04875
0.1578
0.14274
0.30087
0.23311
0.07327
0.01667
0
0.04896
0.04041
0.09611
0
0
0.13818
0.22625
0.20948
0
0
0
0.15191
0.20945
0
0
0
0.08885
0.13003
0.08314
0
0.03459
0
0
0
0
0
0.07347
0
0
0
0
0
0.23434
0.01777
0
0
0.28481
0
0
0.17739
0.4063
0.67373
0
0.04146
0
0
0.11547
0
0
0
0.08737
0.03985
0
0
0
0.04502
0.05424
0.03794
0.20298
0.10131
0.04322
0
0.03893
0.23826
0.23826
0.10373
0.19071
0
0
0
0
0
0
0
0
0.02856
0.06231
0.09741
0.21753
0
0
0.03843
0.03754
0.0414
0
0.44529
0.15536
0.17349
0.01751
0.03775
0.06953
0
0
0
0.65976
0.19351
0
0.10224
0.56813
0.1297
0.35147
0
0
0.14
0.15261
0.11597
0.16975
0.15056
0.25495
0.24562
0.18679
0.2557
0.04384
0.31844
0.37997
0.36269
0.07859
0.35018
0.22161
0.22447
0.07137
0.20424
0.05242
0.22253
0.10772
0.16095
0.14747
0.08305
0.04875
0
0.29323
0.09919
0
0
0
0.04281
0
0.04886
0
0
0
0
0
0
0
0
0
0.16212
0.15139
0
0
0
0.15081
0.13441
0
0.082
0.17868
0
0
0.26825
0.18241
0
0.04445
0.2353
0
0.14697
0.18895
0.35663
0.23231
0.27993
0.28744
0.21796
0.23061
0.04067
0
0.27115
0
0.07426
0.15067
0.04162
0.44397
0.12916
0
0.12833
0
0
0
0.0284
0.04338
0.04382
0
0
0
0
0
0
0
0
0
0
0
0
0
0.05033
0.03977
0
0
0.04901
0.0408
0
0.74578
0.69197
0.60466
0.13276
0
0.09456
0.37749
0.04263
0
0.04834
0
0.04006
0
0.1232
0
0
0
0
0
0
0.04298
0.23583
0
0.10008
0.03718
0.16236
0
0.04344
0.11392
0.04243
0.04094
0
0
0
0
0.25634
0.60276
0
0.26696
0.13747
0.09681
0.0529
0
0
0
0.0403
0.0891
0
0
0
0.42198
0.07662
0.03907
0.03983
0.03901
0
0
0.04428
0.07837
0.05056
0
0.04128
0.07958
0.014
0.09713
0.04178
0
0
0.17765
0.05221
0.08957
0.03734
0
0.37575
0.64189
0.26598
0
0.42358
0.2892
0.04753
0.03505
0.05277
0.21014
0
0.29958
0.58139
0.59006
0.03499
0.03422
0.03939
0.02779
0.19249
0
0.03022
0
0
0
0.44945
0.03915
0.03943
0.02154
0.0411
0
0
0.03438
0
0
0
0.59244
0.04371
0.41096
0.13053
0.13072
0
0.13851
0.06819
0.04953
0.05027
0.54958
0
0
0
0
0.03466
0.03458
0.02862
0
0.19065
0.04254
0.04994
0.12039
0.23866
0.6399
0
0
0
0
0
0
0
0
0
0.0446
0.0582
0
0.27351
0.658
0.40517
0
0.24259
0
0.2197
0.30462
0
0
0
0
0
0.2077
0.08407
0.05445
0
0
0.25545
0
0.04163
0.27044
0
0
0
0.06579
0.04164
0
0
0
0.05468
0
0
0
0.01569
0.13219
0
0
0.18737
0.06516
0.04754
0.18542
0.03906
0
0.27983
0.01584
0
0.12915
0.06967
0
0
0
0
0.0764
0
0.04159
0.3973
0.05145
0
0.6504
0
0.08892
0
0.03932
0.21916
0
0
0.04373
0.03467
0.04611
0.12974
0.08308
0.22935
0.04917
0
0.08517
0
0.34414
0.06546
0.18576
0
0
0.05004
0.14756
0.13292
0.1464
0
0
0
0
0
0.3296
0
0
0
0
0.04123
0
0.05243
0.15138
0.08053
0
0.05002
0
0.08149
0.06652
0.07943
0
0
0.1712
0.2239
0
0.3119
0
0.01108
0.01079
0.12712
0.13686
0
0.05096
0.17287
0.19042
0.39532
0.03988
0.03994
0.6268
0.66137
0.13057
0.04412
0.04946
0.1265
0.2438
0.2435
0.17362
0
0
0
0
0.03781
0.72852
0.19163
0.32707
0
0.07474
0
0
0.01076
0.04573
0
0.26856
0.04979
0
0.1816
0.09251
0.04275
0.23849
0
0.04317
0
0
0.12923
0
0
0.33559
0.59904
0.46058
0.32875
0.28811
0.35253
0.40457
0.04588
0.07714
0.23503
0
0.28402
0.56819
0.20539
0.15162
0
0
0
0.09845
0
0
0
0
0
0
0
0
0
0
0
0.3431
0.19625
0
0
0.03505
0.03524
0.06636
0
0.0415
0.04119
0.05481
0.13102
0.12959
0
0.05418
0
0.04379
0
0
0
0
0
0.04883
0
0.04768
0
0.04287
0.1987
0
0.03446
0
0
0
0
0.03358
0.03319
0
0
0.08244
0
0
0
0
0
0.04907
0.26256
0.07313
0
0
0
0
0
0
0.08619
0.17739
0.13003
0
0.21561
0.03956
0.03997
0
0
0.03861
0.14049
0.37762
0.16874
0
0
0
0.0323
0.04916
0.04752
0.08907
0.26124
0
0
0
0
0
0.03215
0
0.25321
0.09778
0.14098
0
0
0
0
0
0
0
0
0.29482
0
0
0
0
0
0.06022
0
0.05464
0.03482
0.03347
0.07611
0
0
0
0
0.06593
0
0
0
0
0
0
0.06161
0.09523
0.16005
0.17475
0.03449
0.08316
0
0.04272
0
0
0
0
0
0.18813
0
0.32195
0.30723
0
0
0
0.02606
0
0
0
0
0.03873
0.05157
0
0.13901
0.03224
0
0.03479
0
0.03336
0.17291
0.06798
0.24069
0
0.32491
0.54095
0.26814
0.39523
0.58066
0
0.08448
0
0
0
0.04677
0.17309
0
0
0
0
0.05476
0.21945
0
0.09129
0
0.09107
0.05981
0.49101
0
0
0.08507
0
0.0419
0
0
0.0167
0
0.24371
0.26253
0.37521
0.04093
0.04067
0
0
0
0.0945
0
0.03481
0
0.31825
0
0
0
0.04282
0.10523
0.13109
0
0.27823
0.3499
0.09454
0.11246
0.08321
0
0.22664
0
0.12968
0
0.03458
0
0.15369
0.04304
0.1281
0.2185
0
0
0
0
0.12939
0.04217
0
0.04075
0
0.21459
0.26046
0
0
0
0
0.20494
0
0
0.03915
0
0
0
0.03427
0
0.24425
0
0.03484
0.18348
0.07381
0
0.04336
0
0
0
0
0.04788
0
0
0
0
0.04613
0.22369
0
0.04015
0.23819
0
0.0846
0.33224
0.28811
0.03435
0.25459
0.08038
0.0479
0
0
0
0
0
0.3007
0.04164
0
0.01388
0
0
0.22521
0
0
0.04005
0.04275
0.07516
0.1935
0.17582
0.0963
0
0.04941
0
0.18564
0.1294
0
0.03211
0.03421
0.23607
0.11325
0.05423
0
0
0
0.06289
0
0.2815
0.04365
0
0.01392
0
0.08098
0
0
0.20044
0.10172
0.32808
0.30822
0.03977
0.18646
0.05912
0
0
0.20919
0.05292
0
0.06638
0
0.03513
0.0351
0
0
0
0
0.03327
0.77753
0
0
0
0.14445
0.07161
0
0.67265
0.04616
0
0.18622
0
0.03934
0.03779
0
0.03321
0.28338
0
0.04025
0
0
0
0.04497
0.03905
0
0.52802
0.07457
0
0.24265
0
0.0463
0.60928
0
0
0.25558
0.07525
0
0.17976
0
0.12988
0.02349
0.04212
0.04182
0.03215
0.15558
0
0.04979
0.06606
0
0.17802
0.03856
0
0.39345
0.02984
0
0
0.38698
0.04103
0
0
0.42201
0.04488
0
0
0
0.12323
0
0.18083
0.26338
0.08214
0.04255
0.03934
0
0
0
0
0.15564
0.34692
0
0.18569
0.03996
0.23459
0
0.03491
0
0.13049
0.06591
0.05525
0.39263
0
0
0.04512
0
0
0
0
0
0.02863
0.25024
0
0.03743
0
0.01312
0
0.28329
0
0
0.08252
0.0516
0
0
0
0.03984
0.17519
0
0.29124
0
0.53554
0
0
0
0.0666
0.03455
0
0
0
0.05374
0.51963
0.03429
0.22572
0.04597
0.07257
0.04169
0.52727
0.0375
0.24126
0.22003
0
0
0
0
0.17554
0
0
0
0.12879
0
0.04688
0
0.17807
0.08719
0
0.03551
0
0
0
0
0.03305
0
0.04659
0
0
0.04145
0
0.27676
0
0.04211
0.26239
0
0.04213
0
0.04216
0
0
0.08608
0.03493
0.03205
0
0.03286
0
0
0.03475
0
0
0
0
0.25478
0
0
0.08561
0
0
0
0
0
0
0
0.14054
0.08447
0.03451
0.03445
0
0.05332
0.21878
0.49484
0.04292
0
0
0.03906
0
0.04167
0
0.04212
0.02504
0
0
0.08467
0
0
0
0
0
0
0
0.27481
0
0
0.53658
0
0
0
0
0.07536
0
0
0.0735
0.13574
0.04328
0
0.13133
0.13032
0
0.12759
0.08577
0
0
0.15634
0
0
0
0.07483
0.10019
0
0.0428
0
0.04357
0
0
0.12258
0.13058
0.1275
0.10958
0.15383
0.03791
0
0.08823
0
0.17366
0
0.37029
0.04155
0.88635
0.25421
0
0
0
0
0.04288
0.0431
0.01443
0.04279
0.04384
0.04301
0.0291
0
0.0343
0.0948
0.08259
0.01522
0
0
0.02778
0.04205
0
0
0.24792
0.17191
0.04709
0
0
0
0
0
0
0
0
0
0
0.03058
0.12293
0.2337
0.01145
0
0.04268
0
0.02846
0
0.21233
0
0
0
0.1392
0
0
0.12767
0
0
0
0.48741
0
0.22195
0.33572
0.1504
0.17656
0.05075
0.13065
0.12714
0
0.16818
0.20798
0
0.26177
0.13691
0
0
0.05415
0.09127
0.05433
0
0
0
0
0
0
0
0
0.05555
0.04381
0
0
0.05461
0.0544
0.40658
0.34796
0.24223
0.09672
0.34165
0.29691
0
0
0.0319
0.15555
0
0
0
0.03413
0.48232
0
0
0.59171
0
0
0.18605
0
0.15777
0.17574
0
0.11632
0.0832
0.04368
0.07603
0
0.18699
0.12162
0
0.04276
0
0
0.0395
0.07473
0
0
0.1753
0.12838
0
0.05105
0
0
0.07188
0
0.21308
0
0
0.12874
0
0.18518
0.0455
0.03493
0
0
0.11281
0
0
0
0
0
0
0.06832
0.04169
0
0.04075
0
0
0
0.05462
0.05366
0.05467
0.28608
0.09251
0
0.24516
0
0
0
0
0
0.22971
0.01412
0
0.14622
0.18137
0.16512
0
0.04783
0.08456
0.17729
0
0.09048
0
0.19049
0
0.05287
0.59294
0.29209
0.66351
0.10933
0
0.79693
0.15419
0.22757
0.04132
0.21633
0.04211
0.05679
0
0
0.61138
0.19111
0.05262
0
0
0.36909
0.14033
0.15455
0.13744
0.28345
0.39147
0.05232
0.29697
0
0
0
0.38844
0.45898
0.03334
0.13846
0
0.33761
0.08253
0.1582
0
0.09783
0.20166
0
0
0.04019
0
0.38688
0
0
0.05374
0
0
0.06935
0.01658
0.01564
0.28945
0.33166
0
0.05535
0.29239
0.12738
0
0.16539
0.13645
0
0
0
0
0
0
0
0
0
0
0
0
0.01443
0
0.04989
0.04836
0
0
0.05454
0
0.05413
0.1377
0.21091
0.08468
0.04658
0.07251
0.06482
0.04646
0.04726
0.04756
0
0.19353
0
0.0805
0.0271
0
0.17115
0.65103
0
0
0.22135
0
0.13787
0.04834
0.07272
0
0.39377
0
0
0.19857
0.03895
0.03918
0.0573
0.29985
0
0.25989
0
0.06981
0
0.35711
0.0627
0.08712
0.08616
0.08653
0
0
0
0.17694
0
0.17752
0
0.10348
0
0
0.31094
0
0
0
0
0.05304
0
0.04189
0.15675
0.32878
0
0
0
0
0
0
0.14596
0
0
0.0296
0.04991
0
0
0.2592
0.56497
0.27643
0.11605
0.16273
0
0
0
0.05945
0.28223
0.39126
0.05034
0
0
0.15541
0.04135
0.13852
0.2811
0.01545
0.39747
0
0.29113
0.03551
0.22518
0.04613
0.13119
0.17527
0.24585
0.08299
0.04589
0.07414
0.15171
0.24341
0.23873
0.07145
0
0.17217
0
0
0
0
0
0
0.05262
0
0.03859
0
0
0.05297
0.17878
0
0
0.24304
0.27191
0
0
0
0
0.04266
0.26187
0.13954
0.10298
0
0.20177
0
0
0
0.04213
0.47248
0.18036
0.04486
0
0
0.20265
0
0
0.07567
0.31971
0
0.04727
0
0
0
0
0
0
0
0
0.05272
0.1297
0
0
0
0
0
0
0
0
0
0.1894
0
0
0
0.18834
0.01659
0
0
0.01557
0.06383
0.0282
0.05504
0.23904
0.19774
0.03806
0
0.03767
0.12617
0.14398
0.03797
0.04063
0.01287
0
0
0.6585
0.07325
0
0
0.12847
0
0
0
0.04789
0
0
0.59567
0.04182
0.15348
0
0
0
0.05255
0
0
0
0
0
0.05419
0.03809
0.13684
0
0
0
0
0.3832
0
0
0
0.29782
0.12148
0
0
0
0.30053
0
0
0
0
0.04144
0
0.04983
0.53861
0.12001
0
0.31173
0.05382
0.29027
0.08727
0.0424
0.08086
0
0
0
0
0.29559
0.24156
0.07602
0.27742
0
0.23976
0.30973
0.05032
0.11476
0
0
0.12754
0
0.04263
0
0.03002
0.04986
0
0.12759
0.18604
0
0
0
0
0.12903
0.50196
0
0.03186
0
0
0
0
0.14028
0.17646
0.27747
0
0
0
0.04342
0
0
0.59139
0.03498
0
0
0.03395
0.08312
0.05564
0.08761
0.14543
0
0
0
0.01438
0
0.08106
0.12778
0.07554
0
0
0.07345
0
0
0.15454
0.17307
0.09793
0.09467
0
0
0.12236
0
0.17594
0.11328
0.08301
0.08322
0.67394
0.07406
0.20427
0
0.04339
0
0
0
0
0.08316
0.14631
0.07704
0.12352
0
0
0.5314
0.50686
0.54975
0.70291
0.04296
0.2184
0
0
0
0
0
0
0.02796
0
0.1346
0.13884
0
0
0.04142
0.32283
0
0
0
0
0.27098
0.15072
0
0.0418
0.18967
0.14436
0.08565
0.27662
0.07667
0
0.0941
0.20588
0.08503
0.12893
0
0.03993
0
0.23301
0
0
0.04287
0
0.37555
0.06566
0
0.15069
0
0
0
0.26701
0.08583
0.08602
0
0.02853
0
0
0
0.1343
0.04212
0.12831
0.01449
0.01124
0
0
0.66551
0
0
0.04321
0
0
0.04227
0
0.04077
0.04051
0
0
0.54068
0
0.04366
0.26851
0
0
0.04571
0.04187
0
0.24201
0
0.05473
0
0.07057
0
0
0.04155
0.03553
0.31133
0.29751
0.04126
0.10121
0.12689
0
0
0
0.07205
0.04244
0
0
0.04772
0
0
0.0937
0.35865
0.1386
0
0
0
0.08516
0
0.1278
0.10505
0.12008
0.24226
0.51801
0.09815
0
0.17628
0.04179
0.17129
0.04035
0
0
0
0
0
0.04982
0
0
0
0.04275
0.154
0.17659
0.05298
0.03336
0.21511
0.04311
0
0
0
0
0.26236
0.21622
0.21531
0
0
0
0.07226
0
0.07278
0.08606
0.04048
0.04068
0
0
0
0
0
0
0.27324
0
0
0
0.06604
0.03449
0.04023
0.13732
0
0
0
0
0
0.43521
0
0
0.46473
0.4117
0
0
0
0.64183
0.2409
0
0.51835
0.54155
0.69336
0.05273
0.05419
0.05383
0.13637
0
0
0.0469
0.32711
0
0.30243
0
0
0.05
0
0
0
0
0
0
0
0
0
0.28194
0.06172
0.17885
0
0
0
0.34305
0
0
0.73166
0
0
0.14963
0
0
0.59698
0
0.18634
0.40654
0.26145
0.02549
0
0
0.04465
0
0
0.37641
0.13738
0
0.41353
0
0
0
0
0.37599
0
0
0.0455
0
0
0
0
0.05142
0
0
0
0.19352
0.34889
0.32379
0
0
0
0
0
0.07183
0.04218
0.12378
0.0496
0.03347
0
0.0133
0.08373
0
0
0
0.05279
0.15953
0.13018
0
0
0
0
0
0
0
0
0.3818
0
0
0.64666
0
0
0.02757
0
0
0
0
0.0421
0.04214
0
0
0
0
0
0.29964
0
0.06275
0.71169
0.10539
0.42611
0
0
0
0
0.28156
0
0.03873
0
0
0
0
0
0
0.15262
0.14648
0
0.15825
0.46575
0.1052
0
0.03964
0
0
0
0.04663
0
0
0
0
0.4335
0.05398
0.30373
0.05371
0.08832
0.0411
0
0
0
0
0
0
0
0
0
0.34385
0.23255
0.38314
0
0
0
0.18235
0.06802
0
0.2699
0.21863
0
0.49057
0.1569
0.06156
0.12601
0.03793
0
0
0.08659
0.05257
0.03043
0.18704
0
0
0
0
0.22503
0
0
0.065
0.26216
0.22867
0.24605
0
0
0.07578
0
0
0.48073
0
0
0
0.03912
0
0.2759
0.08927
0
0.04355
0.04214
0.04228
0.30989
0.01545
0.17737
0.3208
0.33662
0.07602
0.37715
0.13096
0.26579
0.13891
0
0
0.04278
0
0
0.0819
0.05259
0
0
0.60021
0.13963
0
0
0
0
0
0.16335
0
0.31409
0.26948
0.12834
0.07381
0.36153
0
0.04721
0.04656
0.14648
0.05632
0.21756
0
0
0
0.13392
0.20062
0
0.18608
0.26824
0.19292
0.53102
0.55969
0.26989
0.23369
0.05504
0.03968
0
0.15463
0.64176
0.72659
0.11757
0
0
0.04376
0
0.39137
0
0
0.38417
0
0
0.2789
0.121
0.22703
0.31432
0
0.27826
0.77263
0.20135
0.22902
0.05097
0.08355
0.71331
0
0
0.178
0.17181
0
0
0.23908
0
0.18618
0.50723
0.05374
0.24305
0.23721
0.15011
0.03489
0.08299
0.12975
0
0
0
0
0
0
0
0
0.0432
0.38455
0.26559
0.17232
0.18596
0.08427
0.13995
0.04127
0
0.35956
0.06456
0.55639
0.24177
0
0
0.53791
0
0
0.33275
0
0.27542
0.62285
0.42303
0.90281
0.34826
0.05029
0
0
0
0
0
0.04196
0.01251
0.21579
0.59562
0.06056
0.18636
0
0.20916
0.22932
0.16067
0.42948
0
0
0.2605
0
0
0
0.15659
0.31622
0.32848
0.12007
0
0
0.13896
0
0.09787
0.18062
0.18525
0.416
0
0.66384
0.69242
0.31113
0.28991
0.22992
0
0.04291
0
0.04107
0.33616
0.28747
0.04551
0.18498
0.23023
0.18622
0.17279
0.5229
0
0.16
0.04276
0
0.31364
0
0.62214
0.04765
0
0.04849
0
0.39265
0.31466
0
0.59017
0.04178
0
0.18608
0
0
0.03118
0.20839
0.59074
0
0.27541
0
0.29755
0.01752
0.09494
0.75149
0.28059
0.03814
0.40486
0.07726
0.38051
0.13961
0.07132
0.08846
0.18941
0
0
0.57677
0.02489
0
0
0.38046
0
0.38555
0
0
0
0
0
0
0
0.03749
0.38178
0.1086
0.37461
0.35876
0
0
0
0
0.07238
0.26164
0.19444
0.31013
0.35673
0.16297
0.15535
0.02823
0.29508
0.23948
0.34294
0.07551
0
0
0
0.07422
0.44719
0.22198
0.2564
0.05394
0.03997
0
0.50175
0.39231
0.11545
0.255
0.20334
0.60872
0.30434
0.04974
0
0.04983
0.78701
0.05222
0.52415
0
0
0
0
0
0
0.23698
0
0.59672
0
0
0.05049
0.13929
0
0.23421
0.06877
0.72387
0.27194
0.17829
0.08081
0.18602
0.79636
0.21787
0.24463
0
0
0.09034
0.05266
0
0.19349
0.37513
0.10234
0.04815
0
0
0.2348
0.19083
0.73638
0.21719
0
0
0
0
0.09806
0.04622
0.18616
0.04819
0
0
0
0.03461
0.09684
0.23869
0.32913
0.2307
0.22911
0.04102
0.07605
0.18569
0.03455
0
0.04154
0.27179
0.0477
0.29445
0.10287
0.11695
0
0.09503
0
0
0
0
0.05034
0
0.18767
0
0.04795
0.07959
0.15651
0.21858
0.5257
0
0.13937
0.3362
0.11912
0.3274
0.39279
0.19894
0.29615
0.13206
0.04041
0.0543
0
0
0.17819
0.26402
0.25489
0.26326
0
0.08435
0.26439
0.04196
0.13274
0.04827
0.22885
0
0
0
0
0
0
0.1783
0
0
0
0.11935
0.28018
0.245
0.01212
0.10561
0
0
0
0
0.16549
0.08513
0
0.23684
0.15097
0.11715
0.08315
0
0.64189
0.18135
0.07511
0
0.13662
0
0
0.56057
0.5447
0.04296
0.01432
0
0
0
0.26154
0.09359
0.03951
0.65658
0.1677
0.28327
0
0.59483
0
0
0
0
0
0
0.53963
0.36628
0.18596
0
0.04047
0.272
0.19034
0
0
0.0336
0.06537
0.04031
0
0
0
0
0
0.28126
0.0853
0.17848
0
0.16317
0.28997
0
0.08318
0
0
0
0.38023
0
0.04767
0.23397
0
0.03913
0
0.03783
0.22452
0.04132
0
0
0.25091
0
0.07361
0
0
0
0.12861
0
0
0
0
0
0.07317
0
0
0
0
0
0.18258
0
0.22911
0.48257
0
0
0.08851
0.05931
0.04976
0.5894
0.5258
0.19953
0.3893
0.19762
0
0
0.04795
0.04887
0.2439
0.08887
0
0.07281
0.04282
0.12264
0
0
0.23408
0.54529
0.47706
0.21617
0
0.0259
0.03755
0.03754
0
0.24453
0.4752
0
0
0.15947
0
0
0.04744
0
0
0
0
0
0
0.49369
0.3838
0
0
0
0.15359
0
0.09703
0.24447
0.0483
0.03858
0.697
0.07746
0.05205
0.26869
0
0.34389
0
0
0.04279
0.34221
0.31309
0.02814
0.04145
0.04466
0
0
0.04328
0
0
0.30691
0.21766
0.10405
0.10557
0.08124
0
0.34295
0.06778
0.05026
0
0
0
0
0
0.39357
0.31796
0.0669
0.22769
0
0
0.13716
0
0
0.1859
0.03438
0.28051
0
0.28291
0.94272
0.46699
0.03463
0.21271
0.07565
0
0.07518
0.17753
0.161
0
0
0
0
0.04185
0
0
0
0
0
0
0.21001
0.51121
0
0
0
0.04019
0.04047
0.22953
0.08745
0.01415
0
0
0
0
0
0
0.03325
0.12787
0
0.13758
0
0
0.23438
0.03355
0
0.01169
0
0
0.23299
0.2231
0.37898
0.04617
0.0345
0.03423
0
0
0.03445
0
0
0
0.07321
0
0.03504
0.04271
0.04285
0
0
0.18562
0.12277
0.13035
0
0.24241
0.03154
0.04319
0.22196
0
0.13716
0.13785
0
0
0.31728
0.38635
0
0.17185
0.3028
0.33225
0.10735
0.17522
0.3396
0.14678
0.1042
0.23779
0.02284
0
0.07335
0.14788
0.50679
0
0.33552
0.28394
0.03975
0.12709
0.16557
0
0
0.10333
0.14102
0
0.17843
0.16386
0
0
0
0.12754
0.23094
0
0
0
0
0.08972
0
0.03821
0
0.62107
0.19189
0
0
0
0.26817
0.33605
0.27443
0
0.07632
0.0429
0.16911
0
0.04295
0.04279
0.04275
0.04744
0.09398
0
0
0.23548
0
0
0
0.15693
0.04193
0
0.04238
0
0.21256
0.3263
0.08554
0
0
0.18175
0.21215
0.27884
0
0.08815
0
0.04831
0.0155
0
0.28355
0.30708
0
0.05299
0.13236
0
0.29688
0.60719
0.50044
0.93422
0
0.14057
0.21912
0.41097
0.42799
0.47221
0.33171
0
0
0.0472
0.15044
0
0
0
0
0
0.08608
0
0.07919
0
0.01128
0.13816
0.23367
0
0.13639
0
0.08644
0.05525
0
0
0
0
0.17517
0.04374
0.0438
0.13123
0.04598
0.10537
0.5106
0
0.16366
0.13745
0.25536
0.13231
0.21584
0.12467
0.19087
0.25527
0.15136
0.18681
0.09352
0.21292
0.104
0.3398
0
0
0
0.17855
0
0.19055
0.48293
0
0
0
0
0
0.29437
0.48471
0.05443
0
0.25183
0.207
0.29478
0
0
0.68898
0
0
0
0.18534
0.46882
0
0.05212
0
0.46902
0.49675
0.4871
0.48206
0.05008
0.27905
0
0
0
0
0.32579
0.27033
0.12844
0
0
0.05169
0.06976
0
0.01344
0.17149
0
0.04011
0.05296
0.03472
0.05034
0.2269
0.18686
0
0
0.05361
0.02849
0.12682
0.283
0.29931
0
0
0
0
0
0
0.03257
0.04416
0.15233
0
0
0
0
0
0.04084
0.0874
0.26815
0.34719
0.18104
0.28791
0.17975
0.4928
0
0.02773
0.23536
0.15391
0.37365
0.19745
0.29244
0.4404
0.54095
0.33361
0.16364
0
0
0.10127
0.48557
0.46192
0.0403
0.42231
0.05507
0
0.65702
0.11964
0.23819
0
0.08388
0.14483
0
0.24109
0
0
0.33079
0.01741
0.17004
0.17188
0
0
0
0.44077
0
0.18133
0
0.17502
0
0
0
0
0
0
0
0.1376
0.10645
0
0
0
0
0.25156
0.0297
0.0436
0
0
0.0344
0
0.0438
0.04451
0
0.04098
0.19516
0
0.27818
0
0.04846
0.04894
0
0.43798
0.04636
0.59113
0.52166
0.42635
0
0
0
0
0.15585
0.62391
0.07587
0
0
0.17304
0.13725
0.08842
0.07275
0.17739
0.13766
0
0.47408
0.19091
0.03177
0.1198
0.13159
0
0.03424
0
0.18125
0
0.40905
0.0376
0
0
0.04169
0.25214
0.3068
0
0.09748
0
0.2065
0.17216
0
0.32983
0.203
0.15448
0
0.13682
0.05263
0
0.087
0.09569
0
0.08896
0.18629
0.1182
0.17851
0.36962
0
0.04263
0
0.08237
0.03198
0
0.17858
0
0
0
0
0.06731
0
0
0
0
0
0.03925
0.03207
0.0439
0
0.05977
0.04214
0.11028
0.04345
0
0.15529
0.04763
0.106
0.31054
0
0.06571
0.04172
0.04772
0.20017
0.01664
0
0
0
0.04286
0
0.05242
0.13696
0
0.20739
0.04222
0.33304
0.19025
0.10065
0
0.11424
0.03753
0.0419
0.04513
0.07285
0.04575
0.03994
0.22805
0
0.07444
0.04454
0.77942
0.0377
0
0
0.4363
0
0.15708
0.16144
0.30527
0
0
0
0.09424
0
0
0.21328
0.08413
0.09567
0.18124
0.18796
0.01495
0.18583
0.23302
0.04447
0
0.0283
0
0.13343
0
0
0
0.03431
0.0348
0.04318
0
0
0.12791
0.08313
0.18544
0.305
0.3436
0
0.49995
0.05243
0.28049
0.21224
0.26474
0
0
0.48541
0.03958
0.05575
0.27881
0
0
0.29845
0.04048
0
0.31561
0
0.04834
0.0309
0
0.18641
0.03736
0.07283
0.12964
0
0.26221
0
0
0
0.07344
0.36762
0
0.33132
0
0
0.04799
0.12228
0.13985
0
0.15739
0
0.03893
0.0767
0
0.27122
0.1937
0
0
0.25134
0
0.28823
0.32413
0
0
0
0.33605
0.5138
0
0.19937
0.35153
0
0.18619
0.13481
0.31629
0.29139
0.16285
0.39894
0.24246
0
0
0
0.04374
0.12914
0.12276
0.07271
0
0
0
0
0.14611
0.25503
0.18006
0.34393
0.20485
0.29329
0.18724
0.20748
0.1705
0.20344
0
0.06532
0
0.05185
0
0.0974
0.32915
0
0
0.09926
0
0.17264
0.10133
0
0
0
0
0.09859
0
0.04678
0
0
0
0
0.03893
0.11415
0.10121
0
0
0
0
0
0
0
0.28293
0
0
0
0.02654
0
0
0
0.03013
0
0.08022
0
0
0.06536
0
0
0
0.07257
0
0
0.03439
0
0.80178
0
0
0
0.32613
0.29223
0.24617
0.33633
0.26189
0.07501
0.07403
0
0
0.31207
0.30978
0.06014
0.0598
0.19878
0.33162
0.18706
0.04865
0
0.01751
0.01748
0
0.2375
0.328
0.36047
0.08224
0.08232
0.16471
0.08414
0.32735
0.19303
0.22511
0.34355
0.24291
0.86477
0.13769
0.01304
0
0
0.04809
0.12847
0.03957
0
0.52151
0.0429
0
0.3286
0.2617
0
0
0.24264
0.01354
0.0525
0
0
0
0.04134
0.24952
0.05264
0.08674
0.07528
0.03858
0.02811
0
0
0.29677
0
0.31739
0.03782
0.23969
0.41006
0.05246
0.27397
0.27438
0
0.09549
0.08172
0.59204
0.03893
0.19861
0.33966
0.24116
0
0
0.11274
0
0.10639
0.19305
0
0.06462
0.04786
0.12094
0.16478
0.38702
0.12594
0.29085
0.04956
0.32241
0
0.02799
0
0.2407
0.24011
0.25056
0.03032
0.07459
0
0.19868
0.34648
0.22115
0
0.04956
0.08288
0
0
0
0.22843
0.04233
0.21756
0.15769
0.05275
0
0
0.16963
0.31828
0.13728
0.15962
0.07342
0.21054
0.22824
0
0
0
0.0466
0.13042
0.04136
0.12786
0.04065
0.54143
0
0
0.07488
0.2494
0
0.18155
0.13781
0
0
0
0
0
0
0
0
0
0
0
0
0.29548
0
0
0
0
0
0.03495
0
0.07495
0.08301
0.13522
0
0
0.06618
0.29617
0
0
0.04355
0
0.19071
0.70743
0
0.11403
0.03994
0
0
0
0
0
0
0.26178
0
0
0
0.16873
0.18189
0.03492
0
0.13794
0.30587
0.28683
0
0.07298
0
0.14852
0.08559
0
0
0.15409
0.06039
0.1208
0.24477
0.08624
0.07312
0
0.10207
0.19688
0.15043
0
0.08831
0
0.03058
0.3193
0.01523
0.10151
0.03891
0.08768
0.04552
0
0.04811
0.04028
0.30017
0.07823
0.02842
0.298
0.03347
0.16204
0.23963
0.05829
0
0
0.21818
0.3362
0.01319
0
0.04914
0
0
0
0
0.2275
0
0.04175
0.03983
0
0
0.04496
0
0.08535
0.17761
0
0.28294
0
0
0
0.07527
0.01404
0.22086
0.51921
0.55719
0.04155
0.03908
0
0.13808
0.0849
0.01637
0.04196
0
0
0.08659
0.04874
0
0.12223
0.39206
0.0524
0.02556
0.04111
0.03834
0.2284
0.27654
0
0
0.26375
0.07776
0
0
0.48136
0.04522
0.07313
0.1797
0.05207
0
0.08098
0
0.01102
0.04747
0.09473
0
0.18774
0
0
0
0
0
0
0.13524
0.18239
0.12959
0
0
0.01387
0
0
0.05929
0.87919
0
0.22652
0
0.17568
0
0
0
0
0.13785
0
0
0.07125
0.65073
0.05959
0.14399
0.11485
0
0
0
0.09836
0
0
0.12804
0
0.04316
0.01466
0.0439
0.1781
0
0
0.18641
0.39415
0
0
0.11403
0
0
0
0.01632
0
0.11659
0
0.08411
0.08449
0.02676
0
0.05396
0
0.25354
0.04119
0.04806
0.19781
0
0.0408
0.02636
0.15213
0.08242
0.04265
0
0.1705
0
0.34369
0.3184
0.26094
0
0
0.34006
0.26547
0
0
0
0
0
0.14716
0.28012
0.07316
0.08468
0.48302
0.36138
0.04739
0
0
0.01561
0.03895
0
0
0
0
0.2155
0.04236
0
0.22717
0.19939
0
0
0.04002
0
0.26399
0
0.246
0
0
0.03461
0.01666
0.15005
0.06258
0.0235
0.03345
0
0.15502
0.12305
0.24326
0
0
0.23834
0.1365
0
0
0
0.10079
0.50381
0.09411
0
0
0.03467
0
0.49721
0.36597
0
0.04956
0
0
0
0
0
0.0406
0.03502
0
0.41087
0.38388
0
0.0577
0
0.07434
0
0.18148
0.29412
0
0.03615
0.04619
0.05408
0.55096
0.20853
0
0
0.03046
0.1904
0.19062
0
0.23709
0.19561
0.30286
0.11731
0.2132
0.07299
0
0.04235
0.21416
0.04222
0.03764
0
0
0.12687
0
0.03486
0
0
0.10644
0
0.08883
0
0.22628
0
0
0.31885
0
0.05405
0.01749
0.02807
0
0.01416
0.22871
0.16281
0.29336
0
0.03456
0.17969
0.12887
0.0277
0.182
0.20095
0.04026
0.17359
0
0.21398
0.0542
0
0.04053
0
0.04043
0.03438
0
0.05389
0.05352
0.22997
0
0.04042
0.63776
0
0
0
0
0.05265
0
0
0
0
0
0.04009
0
0.05339
0
0
0
0
0
0
0.18321
0.15509
0.13688
0
0.36781
0.06565
0.07829
0
0
0.05248
0
0.04877
0.04069
0.03294
0.24428
0.14575
0
0.01544
0
0.25127
0
0.05363
0
0.03277
0.41245
0.05081
0.0461
0.0451
0.28858
0.12372
0
0
0.23625
0
0.10309
0.42168
0.04883
0
0.42038
0.28989
0.1543
0
0.08718
0
0.40589
0.33442
0.55115
0
0.09435
0.17419
0.34277
0.29129
0.19116
0.27245
0.29076
0.1234
0.17738
0.15216
0.13833
0.15056
0.09511
0.23546
0.13766
0.19991
0.25188
0
0
0.28799
0.33265
0.31784
0.16895
0.0867
0.04112
0.13275
0.01396
0
0.0406
0
0.18597
0
0
0.05411
0
0
0.33107
0.27343
0.22684
0.3674
0.3315
0.17292
0.1903
0.0687
0
0.19407
0.31744
0
0.2552
0.27526
0.57604
0.03294
0
0
0.04281
0.12748
0
0
0.18165
0.28811
0.2355
0.21381
0.13781
0.21614
0.35837
0.23658
0.20314
0.12212
0.32711
0.10299
0.19211
0.01745
0.29303
0.24418
0.36091
0.0993
0.04785
0.31155
0.283
0.59307
0.31792
0.1813
0.41074
0.22943
0.05362
0.34382
0.26212
0.0816
0.46419
0.1749
0
0.03426
0
0
0.47389
0
0
0.19915
0.04162
0.19888
0
0.2774
0.05243
0
0.31619
0.44643
0.05271
0.26897
0.18613
0.32493
0.22161
0.18831
0.36087
0.26118
0.04819
0.47239
0.1874
0.25548
0.26811
0
0.13745
0
0.01773
0.04059
0.04045
0.04618
0.04883
0
0.56115
0.54461
0
0
0
0
0
0.0397
0.1415
0.53554
0.18456
0.20495
0
0.15648
0.08395
0.33358
0.3025
0
0.8717
0.0401
0
0.32945
0.35613
0.32726
0.05944
0.13413
0
0
0
0.27384
0.16768
0
0.07458
0.03861
0.22978
0.17497
0
0
0
0.18548
0.05139
0
0
0
0.383
0.19633
0.16895
0.20651
0
0
0.29845
0.39799
0.2813
0.13643
0.18053
0
0.20893
0.06761
0
0.24609
0
0.24837
0
0
0.23147
0.01283
0.10227
0.27269
0.04846
0.06067
0.30234
0
0.09596
0.23512
0.34438
0.16682
0
0.13048
0.15729
0.15494
0
0.15072
0.1587
0.0424
0.41614
0
0.26554
0
0.23348
0.26142
0.33447
0.04265
0.04011
0.03378
0
0
0
0
0
0.04031
0
0.04516
0.0449
0
0.07291
0.05373
0
0.34413
0.33576
0.11552
0.18809
0
0
0
0.24747
0.09732
0.20338
0.19433
0
0.14963
0.04768
0.04781
0.03362
0
0.18991
0
0.28724
0
0.33521
0.3059
0.12807
0.26157
0.32855
0.29406
0.08891
0.36184
0.23536
0
0.12241
0.15726
0.27243
0
0.23709
0.31889
0.29543
0.07377
0.12948
0.20903
0.08925
0.1649
0
0
0.1794
0.01404
0
0.28061
0.23139
0.16992
0.12122
0.045
0.16427
0.01292
0.27052
0.36847
0.24198
0.37956
0.327
0
0.2392
0.27865
0.26431
0.1857
0
0.07296
0
0.21124
0
0
0
0
0.0732
0.08853
0.17615
0.11405
0.1603
0
0.29145
0
0.30002
0.24052
0.18157
0.17622
0.05541
0.23012
0.26432
0.12991
0
0.13866
0.13818
0
0.28053
0
0
0.01627
0
0
0
0
0
0
0.03781
0
0
0
0
0.21068
0.24191
0.18134
0.31484
0.01529
0
0
0.33181
0.23005
0.22913
0
0.20786
0
0
0
0
0
0.04805
0.2296
0.15199
0.51395
0.1781
0.25509
0.15038
0.20175
0.35267
0.0502
0.04992
0.08523
0.29209
0
0.15394
0
0
0
0
0
0
0
0.04847
0
0.04538
0
0
0
0.0547
0.23488
0.27651
0.29964
0.19796
0.10199
0.21386
0.16497
0.22941
0.16938
0.15107
0.23104
0
0
0.03905
0
0
0.05989
0
0
0.29939
0.1622
0.07343
0.07374
0.04501
0
0
0
0
0
0.0853
0.17797
0.08485
0.78632
0.20194
0
0.78578
0.32642
0.1862
0.02905
0
0
0
0
0
0.01307
0.40887
0
0
0.07341
0.03914
0.03902
0.07302
0
0
0
0
0
0.16261
0
0
0
0
0
0
0
0
0
0.074
0
0
0
0.19545
0
0
0
0
0
0
0
0
0
0.04375
0.0489
0
0
0.04104
0.03842
0.07337
0.09074
0
0
0.04006
0.04181
0
0
0
0.01317
0.01745
0
0.04445
0
0.12701
0
0.18119
0.04063
0.07381
0
0
0
0.41293
0.19029
0
0.3759
0
0.21944
0.10182
0
0.27186
0.09481
0.15707
0.24362
0.04859
0.07377
0
0.05368
0
0.04788
0
0
0
0.2039
0.20658
0.23144
0.01514
0
0.17591
0.14943
0
0.04501
0
0
0
0.01577
0.02728
0.25771
0.05031
0
0
0
0
0
0
0
0.07453
0.02499
0
0
0.01518
0
0.6676
0.13434
0
0
0
0
0
0.04593
0
0
0
0
0
0.04086
0.05276
0
0
0
0
0.35876
0.39748
0.3776
0.12184
0.09899
0.18588
0.27348
0.13815
0
0
0
0
0
0
0.06551
0.17119
0
0.19019
0
0
0.15016
0
0
0.05171
0
0.38478
0
0.18114
0.09499
0.13047
0
0.04073
0.05088
0.04773
0.03988
0.04489
0.0279
0.10207
0.04147
0.02274
0
0.04487
0.64907
0.22535
0
0
0.07261
0.03999
0
0
0.32595
0.14288
0.03795
0.32456
0.17332
0.04483
0.04875
0.1405
0
0
0.14619
0.09073
0.04567
0.03422
0
0
0.05392
0.23463
0.0772
0.08291
0
0.34467
0.41496
0.29894
0.2957
0
0
0
0.04325
0
0.04369
0
0
0
0
0
0.07409
0.04278
0.09577
0.09575
0.07416
0
0.03768
0
0
0.30328
0.32108
0
0.2379
0.28032
0
0.18253
0.22454
0
0.096
0.17044
0.20383
0.14598
0.09145
0
0
0.08473
0.04919
0.23046
0
0.52041
0
0
0
0.09487
0
0.03369
0.04076
0.0337
0.03309
0.03343
0.1497
0
0
0.03393
0
0
0
0.06652
0
0
0
0
0
0
0.04607
0
0
0
0
0.33483
0
0.06325
0
0
0
0
0
0.05526
0
0
0
0.04942
0
0
0
0
0
0
0.19982
0
0
0
0
0
0.05063
0
0.04093
0
0.13813
0
0
0
0.27255
0.04819
0.37472
0
0.15408
0.28342
0
0.19538
0
0
0.04201
0.04165
0.2172
0.05389
0.05276
0.0428
0.13663
0.04502
0.04288
0.08294
0
0
0
0
0
0
0
0
0.08824
0.04304
0
0.04804
0.0467
0
0
0
0
0.03483
0
0.17318
0.04685
0
0.34775
0.05469
0.15791
0
0
0.1285
0
0.03964
0
0
0
0
0
0.17137
0
0.09085
0
0.14866
0.18999
0
0
0.05522
0.11321
0
0
0
0
0
0
0.23789
0
0
0.22365
0.04502
0.48204
0
0.03371
0.22907
0
0
0.128
0.08879
0.04069
0
0
0.18795
0.0339
0
0
0.07469
0.0373
0
0.08297
0.17844
0.03877
0.2075
0
0.32814
0.17959
0.21248
0
0
0
0
0
0
0
0
0
0
0.07346
0.03992
0
0.04334
0
0
0
0.03342
0
0.05557
0.53458
0.24184
0.22621
0.09392
0
0.15736
0.18176
0
0
0
0.28038
0
0
0.03966
0
0
0
0.03767
0
0
0.03933
0
0.04317
0.06632
0.03372
0
0
0
0
0
0
0.01701
0.24183
0.04741
0.04264
0.04635
0.04614
0
0
0.03438
0
0
0
0
0.0438
0.05152
0.29384
0.20845
0.27794
0.03416
0.15891
0.12379
0
0.17194
0.06808
0.27365
0.76285
0.20501
0.27423
0.13925
0.22651
0.04832
0.06504
0
0.04915
0
0
0
0
0
0
0.03349
0
0
0
0
0
0
0
0
0
0.47749
0
0.05258
0.0336
0
0.52476
0
0
0
0
0
0
0.21976
0
0
0
0
0
0
0
0
0.27297
0.23734
0.06598
0.20417
0
0.27142
0.19353
0.1522
0.28801
0
0.0481
0
0.18177
0.04183
0
0
0.583
0
0
0
0
0
0
0.221
0
0.03327
0
0.28034
0
0
0.58104
0.44921
0.04087
0
0
0
0
0
0.0538
0
0
0.07572
0.0344
0
0
0
0
0
0.13819
0.04712
0
0
0.01321
0.01609
0
0
0.25169
0
0
0
0.1071
0
0.2845
0
0.2216
0.04756
0
0.07257
0.0469
0.16377
0
0.45558
0.05391
0
0.01098
0
0
0
0.29708
0.72503
0
0
0
0.03353
0.04467
0.03871
0
0
0.03353
0
0
0
0.04868
0
0.06623
0.04842
0.05264
0.03467
0.01299
0
0
0
0.12787
0.05075
0
0
0
0.35837
0.11615
0
0
0
0
0
0
0
0.0399
0
0
0
0
0
0.03386
0.03351
0
0
0
0
0
0
0
0
0
0
0.26572
0.08635
0
0
0.18639
0
0
0
0.10306
0
0
0
0
0
0
0.09591
0
0.03364
0.1095
0.05034
0.24621
0.04905
0.04473
0.14009
0.20372
0.14052
0
0.08481
0
0
0.37941
0
0.109
0
0.36577
0.18868
0
0.17716
0
0.39151
0
0.01122
0.03328
0
0.24073
0.13766
0
0
0.37812
0.04451
0.33985
0
0
0
0
0
0
0.03332
0.03354
0
0
0.3232
0
0
0.03966
0.08703
0.08145
0
0
0
0
0.07436
0
0.04613
0.22755
0.13953
0.5357
0.25695
0.1555
0.05267
0.1288
0
0.22721
0
0
0.1812
0
0
0
0.1908
0
0.20719
0.17585
0
0.07344
0
0.1991
0
0.07192
0.04086
0.041
0
0
0
0.03445
0.54446
0.04765
0
0
0.23516
0.17609
0.15841
0.04637
0.18632
0.47015
0.56708
0
0.23946
0.04369
0
0.2521
0.13808
0.29173
0.62659
0
0.04145
0
0.03768
0.04145
0.22407
0.21695
0
0
0.25853
0
0.21625
0
0.13687
0.041
0
0.73821
0.78413
0.3825
0.07544
0
0.1371
0.3265
0.04363
0
0.11084
0.09355
0.03252
0.03107
0.05088
0
0.1117
0
0.19647
0.12966
0
0.10185
0.19113
0.06359
0.27063
0.04332
0.05064
0
0.0408
0.1754
0.13521
0
0
0
0
0.18596
0.1752
0
0.30968
0.13727
0
0
0
0
0.18815
0.14945
0.29665
0.05193
0.03817
0.05166
0.05442
0.03978
0.02239
0
0.23617
0.04167
0
0
0
0
0.33277
0
0.31881
0.20331
0
0.17952
0.19243
0.26518
0.25426
0.13674
0.11357
0
0.13186
0.05212
0.05309
0.14875
0.04802
0.10329
0
0.0261
0.03902
0.08661
0
0.08739
0.42144
0
0.15017
0
0.24451
0.2504
0.04801
0
0
0.19026
0
0.15764
0
0.04158
0
0.34595
0
0.089
0.07223
0.2829
0.23788
0.28436
0
0.21824
0.17194
0.24124
0.31153
0
0.32752
0.23293
0.51691
0.0426
0
0
0
0
0.04776
0
0
0
0
0
0.04523
0.19463
0.12604
0.04406
0.07155
0
0.04553
0.14517
0
0.04806
0.02966
0
0
0
0.25904
0
0.14526
0.13717
0.49547
0.26444
0.17776
0.25957
0.25365
0.20201
0.1854
0.13325
0.16014
0.23464
0.2777
0
0.0727
0
0.06536
0.09122
0.23837
0.26905
0
0.16036
0.33074
0.09522
0.20409
0
0.04926
0.22562
0.03787
0.09856
0.20167
0.15761
0.0467
0.18722
0.0949
0.4398
0.21581
0.22903
0.19453
0
0.23008
0.08498
0.08398
0
0.07337
0
0
0.04021
0.04586
0
0.21291
0.17793
0.06667
0.31687
0
0
0.1406
0
0.04248
0.33491
0.22706
0
0.37973
0.04018
0.21645
0.01338
0
0.26853
0
0.18143
0.07548
0.10083
0.27065
0.32711
0.1378
0
0.16412
0.07717
0
0
0.27198
0.04125
0.08241
0
0
0.13336
0.04142
0.04947
0.15984
0.04386
0.29636
0.0528
0.23612
0
0
0
0
0.08095
0
0.30149
0.18814
0
0.01491
0
0.47107
0.12862
0.16026
0.18995
0.34196
0.17216
0.18637
0
0
0
0
0.65336
0
0.08185
0
0
0.20881
0
0.05987
0
0.04227
0.63727
0.33157
0.29079
0.27884
0.11938
0.18572
0.07803
0.15867
0.16217
0.26677
0.09515
0.07353
0
0.03666
0.1151
0.04839
0.07562
0.09601
0
0
0.03715
0.12761
0
0.17262
0.27736
0
0
0
0
0.15649
0
0
0.03766
0.17858
0.0445
0.05096
0.08325
0
0.08715
0
0.03732
0.13786
0
0
0.04057
0
0.04131
0
0.08727
0.15822
0.33136
0
0
0.20332
0.18
0
0.25809
0.09556
0.03766
0.23634
0.20028
0.17366
0.22125
0.03759
0.04409
0.11489
0.33701
0
0.02409
0.1369
0.30813
0.03807
0.0373
0.18906
0.13656
0.11373
0.11547
0.08673
0
0.03661
0.07541
0
0
0
0.03804
0.07684
0.16434
0
0
0
0.05389
0.04051
0
0.18076
0
0
0.03882
0.03756
0.03841
0.07415
0
0.04399
0.07476
0.03642
0.03693
0
0.07432
0.04014
0.12627
0.05985
0
0.08083
0.03628
0.04158
0
0.22671
0.03641
0.05092
0.05488
0.23378
0
0
0.03684
0
0.03725
0.13722
0.07442
0.03651
0.03755
0
0
0.04305
0.13763
0.17241
0.03732
0
0.05417
0.04737
0.11332
0.05775
0.015
0.04018
0.0348
0.09651
0.16374
0.11616
0.03819
0.07366
0.09442
0.15067
0
0.2737
0.165
0.11309
0.22492
0.13201
0.22165
0.15439
0.03701
0.04325
0.04407
0.07385
0.44282
0.5678
0
0.30647
0
0
0
0.03493
0
0
0
0
0
0
0.23889
0.10235
0
0.04982
0.06446
0.0741
0.07342
0
0
0.03898
0.07698
0
0
0.04149
0.10642
0.04435
0.02704
0.03904
0.23877
0.10293
0.04474
0.04356
0.03862
0.04501
0.08737
0
0.30925
0.21415
0
0.08098
0
0.04117
0
0
0
0.27158
0
0
0
0.2167
0
0.05244
0.08894
0
0
0.03984
0.07538
0.03994
0
0.1882
0.04425
0.23123
0
0.24423
0.33645
0
0.28318
0.28309
0
0
0.07546
0
0.21069
0.24521
0.27795
0
0
0
0.03763
0.03033
0.12786
0.04575
0.01351
0
0.25256
0.31666
0
0.03588
0
0.11311
0.70708
0.38029
0.51502
0.13391
0.11396
0.04836
0
0.34175
0.15331
0.10201
0.04752
0.11769
0.048
0.08668
0.04812
0
0.10196
0
0
0
0.0392
0.07334
0.31298
0.0744
0
0
0.03792
0.03819
0.0383
0.03862
0.03837
0
0.02514
0.11503
0.08568
0.0422
0.04174
0.03797
0
0.03924
0.03675
0
0
0.03829
0.03904
0.03745
0
0
0.07674
0.53722
0.03714
0
0.0384
0.03788
0.11235
0.09362
0.11495
0.11257
0.07158
0
0.07395
0.03697
0.01253
0.03682
0
0.04132
0
0.01754
0.04733
0.01602
0.30565
0.24697
0.2034
0.11344
0.03734
0
0
0.16247
0.11019
0.70752
0.14885
0.04413
0
0.02826
0
0.07498
0.31441
0.18957
0.28021
0.26023
0.2823
0.22509
0
0.04801
0
0.18536
0.18949
0
0.05276
0.46562
0
0.12367
0.13294
0.10243
0.18569
0.38321
0
0.04804
0.05706
0.07219
0
0.36952
0.07421
0.0439
0.19224
0.20545
0.38104
0.27876
0.22067
0.327
0
0.05282
0.14715
0.21048
0.72443
0
0.02635
0.32504
0
0.05264
0
0
0
0.17425
0
0
0
0
0.26861
0.13833
0
0.14739
0
0
0.18089
0.02993
0.09741
0
0
0.03852
0.08965
0.04348
0
0.03837
0.35454
0
0.03741
0
0.03875
0
0
0
0
0.01632
0.1004
0.04187
0
0
0.05182
0
0
0
0.73329
0.11247
0.10307
0
0.30284
0.03156
0.03883
0.06495
0
0.03028
0.09098
0.0458
0
0
0.02963
0
0.02794
0.19113
0
0
0.19767
0.09669
0.48886
0
0.08087
0
0.13343
0.04439
0
0.03179
0
0
0
0.04871
0.15262
0.03028
0.03185
0.14385
0.25341
0.23784
0
0.31068
0.56507
0
0
0.04274
0
0
0
0.03182
0.18592
0
0.05409
0.03956
0
0
0.2209
0.02616
0.02963
0
0.24063
0.03173
0
0.03204
0.03142
0
0.06034
0.06526
0.03007
0.0318
0
0
0.28761
0
0.01279
0
0
0
0
0.18112
0.22789
0
0
0
0.12878
0
0.04318
0
0.03173
0.05232
0.34108
0.08617
0.02965
0
0.08745
0.18314
0
0.17186
0.12752
0.17536
0.0436
0
0
0.2934
0
0
0
0
0.06525
0
0
0.07406
0.09678
0.09721
0
0.07327
0.0871
0
0.03671
0
0
0.03291
0.09792
0
0
0
0
0.0731
0
0
0.21195
0
0
0
0.1283
0.36032
0.25247
0.24576
0.24764
0.05898
0
0.08815
0.15555
0.29122
0
0.18779
0.03022
0
0.2369
0.2427
0.02795
0.31279
0.06039
0.09727
0.03451
0
0.03161
0.33969
0
0.09722
0
0.20024
0
0
0
0
0.04646
0.05966
0.22982
0.17331
0.04385
0.03001
0.03817
0.06063
0.03005
0.09863
0.28237
0.03488
0.03198
0.01045
0.13669
0.48819
0.04923
0
0
0
0
0
0.03216
0.09858
0.07285
0
0.06478
0.0987
0.04858
0.04528
0.11097
0
0.04039
0
0.04372
0.33891
0
0.14389
0.12851
0.03368
0
0
0
0
0.06014
0.09815
0.03024
0
0.06634
0
0.2262
0.0322
0
0.04529
0
0.07207
0.21171
0.30631
0
0.34276
0
0
0.20954
0.18298
0.13
0.15072
0
0.07254
0
0
0.03378
0.02035
0
0
0.06026
0.03789
0
0
0
0
0.07442
0.0746
0
0.03162
0.67947
0.15179
0.0255
0.03825
0
0.03011
0.06654
0.32598
0.35962
0.08056
0
0.22471
0
0.02973
0
0.0318
0
0
0.28009
0
0.24502
0
0.03862
0.04576
0.41099
0
0.27842
0
0
0
0.03928
0.07219
0.0381
0.0727
0.06052
0.0971
0.0464
0.03048
0.04248
0.13995
0.03865
0.36603
0
0.07294
0.03006
0.0299
0.48926
0.07212
0.07372
0.04558
0.0379
0.09824
0.2564
0.03204
0
0.03205
0
0.2583
0.27291
0
0.23359
0
0.58915
0.04511
0.04434
0.13147
0.25202
0
0.52342
0
0
0
0.08318
0
0.03967
0.02988
0.36982
0.07604
0.2833
0
0.23798
0
0.03183
0.60972
0.29545
0.18221
0.07184
0.33831
0.18592
0.33174
0.32694
0.25085
0.0978
0.03035
0.28279
0.0399
0.48863
0
0
0.3418
0
0.09465
0
0
0
0
0
0.07423
0
0
0.26901
0
0.09368
0
0
0
0.55771
0
0.16335
0
0.03212
0.4224
0.03168
0.32106
0
0.02952
0.09771
0.05906
0.04505
0.04526
0.03028
0.21552
0.23974
0.29019
0.03023
0.09738
0
0
0
0.07705
0.07281
0.03779
0
0.53666
0
0.03183
0
0.03161
0.591
0.15472
0
0.12766
0
0.54357
0.13726
0.35507
0
0.26999
0
0.15418
0.48218
0
0.13311
0.04281
0.3087
0.29191
0.11419
0.25891
0.04731
0.21459
0.36928
0.20479
0.81078
0.35113
0.13987
0.23597
0.0525
0
0.14499
0.24247
0.23885
0.18826
0.31752
0.21978
0.15064
0
0.18629
0.13559
0
0.04213
0
0.03055
0.30234
0.29632
0
0
0
0.68368
0.18011
0
0
0
0.58521
0.18258
0.59077
0.04899
0
0
0.42542
0.1402
0.23471
0.32804
0.25288
0.2346
0.77313
0.04959
0.20803
0.15507
0.13744
0.59165
0.79552
0
0.03973
0.1881
0
0.07322
0
0.20083
0.3539
0.27696
0.15236
0.0524
0.34639
0.23479
0
0
0.19159
0
0.14205
0.17329
0.20393
0.2347
0.18194
0.08284
0.21559
0.08194
0
0
0.0799
0
0
0.04304
0.65618
0
0.09903
0.04532
0.0511
0.31068
0.37753
0
0
0.7796
0.16881
0.23859
0.23877
0.30775
0.09413
0.10921
0.08286
0.12749
0.03468
0
0
0.20584
0.42606
0.23731
0
0.10333
0
0.03796
0
0.0738
0
0.11408
0.08135
0
0
0.29748
0.0987
0
0.0607
0.67236
0.27968
0
0.3616
0.13717
0
0.03999
0.03894
0.03871
0
0
0
0.03969
0
0.0445
0
0
0
0.28098
0
0.04514
0
0
0
0.11503
0
0
0
0
0.01496
0.08264
0.03979
0.04693
0
0.04571
0.27972
0
0.02884
0.09472
0
0.02691
0
0.60443
0.64387
0
0.23868
0.20469
0.17076
0.17549
0
0.12255
0
0.03927
0.1942
0
0
0
0.08491
0
0.10071
0.24099
0
0.28803
0.12939
0
0.28854
0.11917
0.32844
0.30198
0.18531
0.31198
0.18046
0
0.07791
0.22513
0
0.04043
0.13477
0.11868
0.08913
0.25506
0.2092
0.17029
0.11131
0.61981
0.03896
0
0.08466
0
0.16024
0.13143
0.14655
0.08702
0.08538
0
0.73818
0
0
0.1903
0.09824
0
0.30569
0.74383
0.24092
0.27631
0.05296
0.03964
0.2015
0
0
0.62304
0
0.27946
0.06438
0
0.02983
0.07425
0.26315
0.34466
0
0
0.0886
0
0
0.16368
0.28255
0.11789
0.27617
0
0.04367
0
0.07318
0
0
0.04357
0.18058
0.01432
0.08302
0
0
0.22815
0.17081
0.10571
0.58922
0.05192
0.06259
0.13037
0
0
0
0.06035
0.32436
0.15767
0
0.04301
0.22573
0.04688
0.0782
0
0.05394
0.03741
0.1997
0
0.06312
0
0
0.10926
0
0.04442
0.08302
0.15171
0
0.14527
0.02745
0.02837
0
0.63387
0
0.18965
0.30031
0.12107
0.23085
0
0.03339
0.2745
0
0.2298
0.03989
0
0.04398
0.56262
0.24589
0
0
0.25266
0.33649
0.03483
0.03474
0.04379
0.2812
0.23325
0
0
0
0
0.16778
0.2427
0
0.19066
0.23819
0.04649
0
0.08529
0.08668
0.08508
0.13761
0.14566
0.2627
0.22844
0.16988
0
0
0.18358
0
0
0.01207
0.23839
0.34298
0
0.03423
0.18788
0.29255
0.07216
0
0.09927
0.1866
0.09106
0.30282
0.19622
0.32239
0
0
0
0.06679
0
0.0346
0.0401
0
0
0.04322
0
0
0.03766
0.04471
0.01418
0.0432
0.04362
0.1393
0.23463
0
0.08945
0.04715
0.01662
0.1604
0.27807
0.22897
0
0.08188
0.05218
0.03305
0.29074
0.0519
0.17353
0.05253
0.08306
0.13882
0.18667
0.18871
0
0.04793
0.04685
0
0.27735
0.47998
0.17059
0
0
0
0.12973
0.07305
0.15128
0.13759
0.12791
0.15769
0.04595
0.81293
0.01743
0
0.04705
0.26751
0
0
0.13658
0.10101
0
0.22875
0.18311
0
0.29119
0.12535
0
0.08471
0.27429
0.34387
0.20536
0.15578
0.25567
0.0997
0.29139
0.29053
0.19093
0.23937
0.20752
0.03317
0.24102
0.17281
0.25644
0.17374
0.24124
0.24341
0.18726
0.18829
0.21283
0.14817
0.08443
0.25339
0.19624
0.14824
0.31867
0.17334
0.22135
0
0.03883
0.07613
0.03999
0.28477
0.15062
0.03328
0.24123
0
0
0
0.14626
0.05023
0.04103
0.42345
0.07566
0
0
0.19077
0.03465
0
0
0
0
0.04302
0.05192
0.0351
0.05669
0.11126
0.28031
0.25514
0.20463
0.08519
0.1863
0.26278
0.29479
0.18851
0.23869
0.2382
0
0.12379
0.20062
0.30459
0.04708
0
0.33476
0
0
0.04223
0.15901
0.05514
0
0.28122
0
0.67016
0.59155
0
0.03972
0.27691
0
0
0
0
0.05549
0
0
0.04285
0.18647
0.33923
0
0.28373
0.03453
0.03417
0.54023
0.05473
0
0.0416
0
0
0
0
0.18067
0
0.13804
0.13801
0.22254
0.29496
0
0
0.0523
0.04173
0.11591
0
0.3691
0.01277
0.31548
0.3524
0.17709
0.23464
0.11406
0.08592
0
0
0.04302
0
0.08694
0
0
0.19248
0.27435
0
0.04141
0.06785
0
0
0.08113
0
0.03931
0
0
0
0.22412
0.32018
0.61831
0.04141
0.55136
0.04261
0.10922
0
0
0.03994
0
0.08846
0.011
0.08032
0
0
0.05133
0.04277
0.35242
0.23748
0.3314
0.04427
0.15513
0
0
0
0
0.04871
0.1461
0.03494
0
0
0
0
0
0.04117
0
0
0
0
0.04455
0.39529
0.11351
0.16235
0.04198
0.05514
0.054
0
0.24264
0
0.03489
0.0399
0
0.03884
0
0
0.02215
0.04168
0.59133
0
0.15391
0
0
0.10322
0
0.15444
0
0.19691
0
0
0
0.29405
0
0.07616
0.26039
0
0
0.35908
0.16365
0.03964
0.14205
0.03448
0
0.02852
0.16131
0.27209
0.08461
0.01376
0.04221
0
0.22489
0
0.13776
0.17151
0.21159
0
0.05483
0
0.0432
0
0
0
0
0.11911
0
0.17753
0
0.03302
0.31822
0
0.25976
0.5984
0.26755
0
0
0
0.18701
0.03901
0.20772
0
0
0
0
0
0
0
0.08304
0.15008
0.48628
0
0
0
0.03906
0.20894
0
0.04087
0.19307
0.08249
0.2713
0
0
0
0
0
0
0
0
0
0
0.01081
0.07563
0.32646
0
0
0.03484
0
0.06599
0
0.08302
0.05022
0.07639
0.04354
0
0.13089
0.11808
0
0
0
0
0.0331
0
0
0.03991
0.04132
0
0
0.28746
0.27336
0
0.26407
0.0398
0
0.15068
0
0.04626
0.04607
0.0348
0.13217
0
0
0
0
0
0
0.07518
0
0
0.01728
0.0527
0
0
0
0
0
0.16354
0
0.04363
0.59275
0.25738
0
0.03501
0.03433
0.03237
0.41825
0.05491
0
0
0
0
0.03286
0.28203
0.46778
0
0
0
0.03463
0.09433
0.04171
0.14754
0
0
0
0.23381
0.04429
0
0.14787
0.05173
0.21827
0.15192
0
0
0.08818
0.07355
0
0
0
0
0
0
0
0
0
0.0349
0.01078
0.04375
0
0.11815
0.03452
0
0.13795
0.03486
0
0
0
0
0.13377
0.0495
0
0
0.08696
0
0
0.04152
0
0
0
0
0
0
0
0.05423
0
0.17826
0.04449
0
0
0
0
0
0.40994
0
0
0
0.04253
0.0348
0.17339
0.041
0
0.04219
0.13167
0
0.04336
0
0.05068
0.07541
0
0
0
0.18594
0
0
0
0.05393
0.14038
0.47426
0.36525
0
0.7544
0.17359
0
0.0378
0
0
0
0
0.10284
0.04356
0.2534
0.14849
0.13092
0.04662
0.0731
0.01139
0
0.12928
0
0
0
0
0.12793
0
0
0.083
0.08298
0
0.04376
0
0
0.06716
0
0.05335
0.26348
0
0.12522
0.2783
0
0.25412
0
0.23338
0.23958
0
0.17865
0.48363
0.05072
0.53778
0.29262
0
0
0.04103
0.28546
0.03551
0.17832
0.04118
0
0
0
0
0.04594
0.04705
0.11347
0.05254
0.39221
0
0.29138
0.09525
0
0.05051
0.06308
0.04233
0
0
0.08578
0
0
0.1905
0
0.03452
0.11689
0.3613
0.30821
0
0
0
0
0.27812
0.05203
0.16708
0
0
0
0.05275
0.03749
0.05683
0.04173
0.04155
0.2164
0
0
0.32058
0
0
0
0
0.04165
0
0.18229
0
0
0.03968
0.05389
0
0.14528
0
0.29683
0.18133
0.24501
0.08838
0
0.04138
0
0.20821
0
0
0.04909
0
0
0
0
0.09131
0.07575
0.09538
0.06846
0
0
0
0.05249
0
0.12759
0.14378
0.04366
0
0.33083
0.28226
0.0437
0.08189
0
0.04897
0.3126
0.18002
0.28968
0
0.02767
0
0.42462
0.80237
0.61121
0.22053
0
0.40744
0
0
0.04315
0
0.11467
0
0.41363
0
0.04342
0
0
0.05286
0.53722
0.12378
0
0
0
0
0.07787
0.22483
0.36132
0.03737
0
0.03843
0.12896
0
0.18192
0
0
0
0
0
0.43046
0.05384
0.05447
0.03961
0
0
0
0.59105
0.03903
0
0
0
0
0.27836
0
0.01392
0.03098
0.13657
0.32646
0.27986
0
0.19277
0
0.14053
0.18473
0.1636
0.21608
0
0.22336
0.04827
0.3938
0.59288
0.13785
0.3801
0
0
0
0
0.28748
0.09434
0.04143
0.68771
0.2819
0.2037
0.42811
0.41311
0.13818
0.23114
0
0.66333
0.29529
0
0.10935
0.25421
0
0
0.18097
0.20858
0.23379
0.32684
0
0
0.14307
0.3383
0.3073
0.16
0
0.27013
0.44746
0.04209
0.36368
0.32694
0.30121
0.37382
0.15688
0.04798
0.05004
0.0499
0
0.16962
0
0.12848
0.14583
0.18623
0.42537
0
0.09308
0.26049
0.15611
0.0403
0.33646
0.23373
0.11473
0.31873
0
0.40565
0
0
0.13175
0.04174
0.19825
0
0.08921
0.27856
0
0.17487
0
0
0.28967
0.06001
0.18839
0
0
0.27734
0.23414
0.25328
0.05342
0.02635
0
0.21724
0
0
0.03445
0.05468
0
0
0.04834
0.08117
0
0.3317
0
0
0.33604
0
0
0
0
0.34211
0.31956
0.04017
0.40263
0
0.13489
0.24554
0.37702
0
0.20066
0.04832
0
0
0.12731
0.53458
0.04291
0
0.15011
0.1644
0
0.09113
0
0
0.0499
0
0.20972
0.55053
0.5404
0.03432
0.0914
0.0349
0.11194
0
0.04341
0.15044
0.12168
0.05101
0
0
0.15028
0
0.10195
0.10924
0.13684
0.1779
0
0.07545
0.19809
0.08831
0.04316
0
0.08594
0.28155
0.28365
0
0.04911
0.42729
0
0
0.26124
0
0.12417
0.05582
0
0.13066
0
0.65537
0.10554
0.24828
0.01744
0
0
0
0
0
0.67057
0.50329
0.33453
0.17886
0.17688
0.25
0
0.17807
0
0
0
0
0
0.01319
0.3767
0.18605
0.3371
0.08065
0.13688
0
0
0
0.29992
0.0317
0
0
0.04878
0.1699
0.30396
0.08445
0.05394
0
0
0.21443
0
0.13482
0
0.06003
0.09857
0
0.01428
0.21678
0.35309
0.1447
0.0477
0.24653
0.13001
0.18541
0.17181
0.17682
0.04513
0
0.07505
0.0767
0.48569
0.32435
0.04223
0.04819
0.34406
0
0.13769
0
0.13847
0
0.03004
0.30646
0
0.04813
0.05922
0.05078
0.07317
0
0.08723
0.05054
0
0.04384
0
0
0
0.22446
0.13057
0.2579
0.13514
0.31585
0.1329
0.41326
0
0
0
0.25999
0
0
0
0
0
0.01394
0.0348
0.25595
0.26076
0
0.36342
0.13153
0.2506
0.3571
0
0.03883
0
0.12951
0.3661
0.04996
0.20401
0.35345
0
0.18174
0.05009
0.14974
0.15873
0.08649
0
0.3136
0
0.3804
0.20653
0.3318
0
0
0.0787
0.14308
0
0
0.08568
0.14948
0.12007
0.18183
0
0.19913
0.2545
0.2153
0.08609
0.46992
0
0.16498
0.08107
0.09515
0
0.07384
0.27164
0.34228
0
0.10453
0.27902
0
0.11347
0
0.20727
0.29201
0
0
0.04086
0
0.24782
0.28696
0.21427
0.22889
0
0.24303
0.35846
0.28897
0.25792
0.01662
0.27148
0.07292
0
0.04066
0.23485
0.12315
0.0569
0
0
0
0.04294
0.04143
0.23627
0.04005
0
0
0.30464
0
0.05148
0.09724
0.58575
0
0.08042
0.19854
0.08433
0.11374
0.34461
0.20742
0.27624
0.16695
0
0.12933
0
0.25862
0.22858
0.16386
0.05708
0.04871
0.38028
0.27502
0.12847
0.13073
0.21803
0.17135
0.28052
0.23422
0.24028
0.1813
0.04037
0.18039
0
0.13837
0.0933
0.13689
0.32675
0.14211
0.33138
0.3189
0.2128
0.16534
0.22743
0
0.25275
0.04535
0.22842
0.04849
0.04744
0.04171
0.41657
0.18758
0.07913
0.25154
0.32337
0
0
0
0.14541
0.2447
0.2583
0.20049
0
0
0.12899
0
0.57955
0.23599
0
0.08892
0
0.7195
0.63971
0.07053
0
0
0
0.088
0.07282
0.01381
0.23439
0.04152
0.42776
0.03902
0.3225
0.22424
0
0.03968
0.04489
0.10299
0.13352
0
0
0
0.2362
0
0.10206
0.01757
0.03981
0
0
0
0
0
0
0
0.09914
0.28615
0
0.03883
0.05394
0.13443
0
0
0
0
0
0.27747
0.19843
0.09441
0.28834
0.08439
0.31385
0
0.07383
0.06826
0
0.04209
0
0
0.15678
0.27799
0
0
0.26311
0
0.07953
0.34468
0.02723
0
0.04113
0
0
0
0.33338
0.19181
0.31857
0.2286
0.31177
0.13766
0.39206
0
0.05083
0.08453
0.18182
0.01325
0.03975
0
0
0.33589
0.30361
0.28931
0.29173
0.13774
0
0.1402
0.05598
0.13916
0
0.04109
0
0
0
0
0
0
0.03736
0.27124
0.18971
0.2247
0
0.1676
0.08803
0.08492
0.18208
0
0
0
0
0.23746
0
0.03398
0
0.19077
0
0.07343
0.12772
0
0
0
0
0
0.0527
0.08487
0.2375
0.03298
0.21035
0.04847
0.04605
0.31256
0
0
0
0
0
0
0
0.19716
0
0
0.0335
0.01319
0.19886
0.04455
0.0855
0
0
0.3191
0.37461
0
0
0.07305
0.29216
0.04955
0
0
0
0
0
0
0
0
0
0
0.03371
0.03352
0.06642
0.03479
0.19871
0
0
0
0.03442
0.03343
0.36618
0.02638
0
0
0
0
0.26358
0.0452
0
0.24025
0
0.04878
0.05398
0
0
0
0.02253
0
0
0
0.21371
0.2429
0
0
0.03355
0.0331
0
0
0
0
0.16296
0.07396
0.25716
0.23527
0
0.04451
0
0.08215
0.03986
0.0337
0
0
0
0
0
0
0.15102
0.18577
0.04102
0
0
0
0
0
0
0.23893
0
0
0
0
0.04027
0.03339
0
0.04984
0.04518
0.096
0.32284
0
0
0
0.05711
0.05693
0
0
0
0
0.03367
0.04852
0.01602
0.14278
0.189
0.14541
0.11855
0.27449
0.10814
0.11341
0.28284
0.10196
0.16692
0.17313
0
0.04196
0
0
0
0
0.25797
0.18949
0.23792
0.22094
0.13508
0.23842
0.04542
0.01325
0
0.25114
0.10477
0.34354
0.33599
0
0
0.11554
0.09609
0.03882
0
0.08392
0.25709
0.03486
0
0.28956
0
0.30655
0
0.12913
0
0.07334
0.04267
0.2555
0.25455
0.18055
0
0.05274
0.13821
0.13646
0.29248
0.18641
0.27676
0.31217
0.29253
0.23011
0
0
0.04086
0.1864
0.1169
0.23017
0.11437
0.04955
0.03882
0.08638
0.33363
0.36348
0.35024
0.05482
0.31661
0.13692
0.11287
0.07477
0.03848
0
0.17507
0.03679
0.07546
0.24051
0.03921
0.13083
0.04139
0.03741
0.11321
0.08016
0.03711
0
0
0.0744
0.04311
0
0.13337
0.07469
0.09344
0
0
0
0.04302
0.03859
0.03716
0.07385
0
0
0
0
0.02792
0
0.26968
0.07571
0.03637
0.31056
0.22025
0.04478
0.374
0.19075
0.04734
0.10308
0
0
0.03787
0
0
0.16847
0.06342
0.03832
0.41282
0
0
0
0.04215
0.06702
0.07706
0.07498
0
0.03681
0.03696
0.04197
0.03848
0.04795
0.10228
0.04824
0.04827
0.04758
0.03712
0.03756
0.0751
0.04785
0
0.039
0.03823
0.03684
0.04348
0.11453
0.04826
0.01253
0.32868
0.30507
0.23027
0.07385
0
0.2264
0.1127
0
0.31218
0.34134
0.19093
0.19053
0.19068
0.36161
0.2768
0.18287
0.04829
0.13674
0.04766
0.53604
0.32164
0.04505
0.38073
0
0.68513
0
0.03736
0.03861
0
0.01295
0.0316
0.09702
0
0.06032
0.03003
0.07228
0.07383
0.03219
0
0.24669
0.03054
0.07337
0.20354
0.04557
0.07482
0.09776
0.0725
0
0.07383
0
0.03206
0.03228
0.08605
0
0
0.05157
0
0.18163
0.08669
0
0.09811
0
0.25581
0
0.16711
0.03138
0
0.05091
0.02973
0.05699
0.08489
0
0.08532
0.03206
0
0.02953
0.37257
0.65226
0.11665
0.03039
0.0979
0.0605
0.13971
0
0.02983
0.08585
0.09682
0.02952
0
0
0.07413
0.03155
0.0302
0.06539
0
0.48327
0.04207
0.09359
0.03169
0.06496
0.03198
0.07564
0
0
0.28338
0.20523
0
0.03984
0.20306
0.03037
0.7522
0.52195
0.07338
0
0
0.04257
0.63929
0.03426
0
0.04733
0
0.03801
0.07164
0.09866
0.02027
0.01045
0.06519
0.13787
0
0
0.29019
0
0
0.03894
0.03338
0.6877
0
0
0
0.04424
0.27498
0.34211
0.03796
0.03975
0.03903
0.04
0
0.10543
0
0.03887
0
0
0
0
0
0
0
0
0.03953
0
0.04003
0.176
0.03645
0
0
0.13083
0
0
0
0.69643
0.71956
0.09883
0.40458
0
0.0434
0.03941
0
0
0
0.14675
0
0.13598
0
0.11889
0.07514
0.04363
0
0
0.03929
0.03983
0.04364
0.07746
0.042
0
0
0
0.01422
0.04325
0
0
0.07477
0.42427
0
0.12809
0
0
0
0
0
0
0.06608
0.2005
0.04126
0
0
0
0.22142
0
0.04616
0.03341
0.07402
0.05419
0
0
0.08692
0.17938
0
0.15463
0.27715
0
0.24217
0.18499
0.21458
0.13734
0.28853
0.21987
0
0.22064
0.34344
0.11481
0
0.24398
0
0.48282
0
0
0
0.24401
0.04573
0.22939
0.28094
0.04036
0.11372
0.02685
0
0.0433
0.04258
0.21561
0.18688
0
0
0.09737
0
0
0.03888
0
0.05457
0
0
0
0.04854
0
0
0.18139
0.06222
0.02756
0
0.24133
0.04122
0.1906
0
0
0.13758
0
0.07464
0
0.28751
0
0.31443
0.23685
0
0
0.04368
0.0332
0
0
0
0
0
0.03423
0
0
0.04335
0
0.04374
0
0.0348
0.1603
0
0.12357
0.07573
0
0
0.03458
0
0.02695
0.04475
0.0331
0.03348
0
0
0
0
0
0.04327
0
0.0431
0
0
0.03411
0.0331
0.05562
0.04357
0
0
0
0
0.04647
0
0.03461
0.03455
0
0
0
0.09631
0.12798
0
0
0
0.054
0
0
0
0.4657
0
0.43713
0
0
0.09039
0
0
0
0.06049
0
0.01725
0
0
0
0.4284
0.28294
0
0
0.01553
0.23883
0
0.17845
0
0
0
0.03821
0
0
0
0
0
0.12751
0.04271
0.03422
0.17494
0.07267
0
0
0.03475
0
0.07827
0.05519
0.01645
0
0.17775
0.18551
0
0
0.05861
0.14991
0.28019
0.61126
0.06804
0.15527
0
0.12366
0
0.04325
0.13905
0
0
0.04321
0.19042
0.17334
0
0.05474
0
0
0.07628
0
0.03444
0
0
0
0
0
0.11588
0
0.08555
0.33324
0.05046
0
0
0
0
0.26273
0
0
0.08315
0.01318
0.49247
0.14843
0
0
0.13346
0.10937
0.23038
0
0
0.04126
0
0
0
0
0
0
0.07364
0
0
0
0
0.07326
0
0.03902
0
0
0
0
0.03344
0.03312
0.03345
0
0
0
0
0.03379
0.05418
0
0.05415
0
0
0
0.03337
0.03383
0.03338
0.03289
0
0
0
0
0
0
0
0
0.03364
0
0
0.01774
0
0
0
0.04431
0.0387
0.07529
0.03828
0.03849
0.06429
0.03885
0.0734
0.08694
0
0.11275
0.04406
0.04418
0.01304
0
0.03847
0
0.03009
0.06007
0.03222
0
0.07314
0.0382
0.09692
0
0
0.06666
0.03237
0.0305
0.06058
0.02974
0.03009
0
0.03031
0
0
0.42754
0
0
0.05236
0
0.04744
0.10244
0.63891
0.04731
0.04741
0.04743
0
0.05147
0.05198
0.41311
0.36279
0
0.04782
0.74679
0
0.14026
0.03856
0.03881
0.01372
0.17838
0.06769
0.05235
0.27813
0.21428
0.05239
0.09081
0.17099
0
0.23846
0.1966
0.026
0
0
0
0.21762
0.07677
0.13749
0.27225
0.03842
0.05227
0.05255
0
0.10955
0.1789
0.0434
0.22326
0
0
0
0.1174
0.23029
0
0.23145
0.26087
0.31215
0.2059
0.01643
0.04022
0.0398
0.18097
0.15679
0.18125
0.05292
0.24545
0.27333
0.04116
0
0.04098
0.04564
0.20672
0.34654
0.04855
0.0404
0.17274
0.08478
0.19129
0
0.21795
0.06518
0.24571
0.13797
0.12829
0.08916
0.28562
0.18643
0.12294
0.03964
0.03978
0
0.04187
0
0.22764
0.29389
0
0.03971
0
0.14435
0.17517
0
0.03291
0.15231
0.21138
0.13246
0.06786
0.04285
0.08921
0
0.02929
0.05549
0.23446
0.23807
0.34171
0.12176
0.04801
0.08802
0
0.0411
0
0.0437
0.04419
0
0.17685
0.13326
0.26326
0
0
0
0.0526
0.08319
0.13655
0.23534
0.20819
0.20671
0.17205
0.19883
0
0
0
0
0
0.18196
0.07957
0.12973
0.17154
0
0.06296
0.38493
0.13703
0.23863
0.04929
0.21775
0
0
0
0.15273
0.12722
0.18469
0.41994
0.08935
0.1706
0.15984
0
0
0.157
0.37564
0.24342
0
0.14963
0.18975
0.42578
0.13861
0.15642
0.24352
0
0
0
0.17163
0.07802
0.263
0.32296
0.27196
0
0
0
0
0
0.18117
0.17679
0.30264
0.11989
0.12924
0.21177
0.11417
0.16427
0
0.20698
0.0302
0.34639
0.27137
0
0.18143
0.2161
0.23432
0.27684
0.11076
0.3263
0.07275
0.03843
0.17552
0
0.28051
0.01643
0.19885
0.30006
0.14013
0
0
0
0
0
0.06508
0.17177
0.22855
0
0
0
0.12757
0.23691
0.04854
0.29007
0.16546
0.0985
0.27128
0.20117
0
0
0
0.05236
0.03503
0.21421
0.0764
0.23718
0.05271
0
0
0.05263
0.05273
0.2765
0
0
0
0.04746
0
0
0
0
0
0
0
0
0
0
0
0.15195
0
0.04718
0
0
0
0
0
0
0.04674
0
0
0.07392
0.18193
0
0
0.13676
0.04723
0
0
0
0
0.07368
0
0
0
0
0
0
0
0
0
0.07183
0.17137
0.27203
0.26642
0.31778
0.02295
0
0
0
0
0.01341
0.07443
0.24989
0.22175
0.08233
0.03457
0
0
0
0
0
0
0
0
0.03969
0.03853
0.22159
0.03456
0
0
0
0
0
0
0
0.0396
0
0.2549
0.08408
0.02293
0
0
0
0
0
0.07337
0
0
0
0.32267
0.25498
0
0.20689
0
0
0.03993
0.04022
0.04017
0.07509
0.25658
0.03429
0
0
0.03953
0.26457
0
0
0
0
0.04008
0.03933
0.03883
0.15371
0.35365
0.27258
0.26851
0.12897
0.04606
0
0
0
0
0.18789
0.33993
0.35163
0.03916
0.24032
0.17596
0.09786
0
0
0.40239
0.04571
0
0.03825
0
0.32462
0.1709
0
0
0
0.03924
0
0.03851
0.13485
0
0
0.34333
0.23488
0.12737
0.24797
0.05187
0.14691
0
0
0
0.28774
0.12736
0.12894
0
0.12272
0
0
0
0
0.0377
0.18748
0.12989
0.32281
0.30025
0.31663
0.08822
0.17632
0.12723
0.05348
0.03784
0
0
0.05346
0.30155
0.30517
0.08821
0.14542
0.11487
0.05495
0
0
0.17865
0.17804
0.03788
0.05421
0
0
0
0.03478
0
0.33671
0.20383
0.41323
0.21616
0
0
0
0.24089
0.0426
0
0
0
0
0.21856
0.17771
0.2253
0.0543
0.05475
0.03766
0
0.0545
0.05445
0.03472
0.19209
0.17598
0.33132
0.05395
0
0
0.05415
0
0
0.12174
0.03806
0.18987
0.17755
0.05482
0.05459
0
0
0.06626
0
0
0.0319
0.29922
0
0
0
0
0.01317
0.02637
0
0.22457
0
0
0.01745
0.04075
0
0
0.03996
0.01129
0.06547
0.0323
0.3126
0.40976
0.10265
0.28494
0
0.03352
0.05453
0.39327
0.21032
0.34629
0
0.04038
0.03324
0.03313
0
0.28495
0.31884
0.23579
0
0.03313
0
0.32765
0.26766
0.04068
0
0.04021
0.0332
0.17287
0.32425
0
0
0
0.31427
0.02597
0.13647
0
0.10375
0.0335
0.03315
0
0
0
0.24251
0.09472
0.05115
0
0
0
0.0436
0.03899
0.0169
0
0.07555
0.01359
0
0.02553
0.0447
0.04388
0.25896
0.05057
0
0.07859
0.20525
0.07425
0
0.07694
0.04391
0.35829
0
0
0
0
0.01501
0
0
0.04483
0.04396
0.04396
0.30931
0
0
0.07424
0
0
0
0.07494
0
0
0.07363
0.07492
0.07286
0.04421
0.30227
0.03387
0.03168
0.07419
0.07293
0.04486
0.04444
0.3452
0.27768
0.01683
0.19686
0
0
0
0.11391
0.04343
0.24178
0.25732
0.22146
0.18577
0
0
0
0
0
0
0.03697
0.13207
0.09621
0.11228
0.04815
0
0
0
0
0
0
0.03679
0.32828
0.14799
0.04339
0.04317
0
0
0
0.03727
0.19603
0.09379
0.04274
0
0
0
0.04301
0
0
0
0
0.12545
0.16438
0.18799
0.04814
0.05592
0
0.04343
0
0
0
0
0.03663
0.09491
0.0433
0
0
0
0
0
0
0.03695
0.20557
0.04736
0.04375
0
0
0
0
0.10027
0.12447
0
0
0
0
0
0
0.24033
0.24013
0.22346
0
0
0
0
0
0
0
0
0
0
0
0
0.03034
0
0
0
0
0
0.03016
0.25032
0
0
0
0
0
0.03459
0
0
0
0.03026
0
0
0
0
0
0
0
0
0.04834
0
0
0
0
0
0
0.02997
0.03046
0
0
0
0
0
0
0
0.24575
0.25325
0.25568
0.2769
0.44486
0.44426
0.53976
0.27809
0.75541
0.22384
0.2849
0.24351
0.22898
0.138
0.68294
0.68122
0.57238
0.49667
0.20962
0.23513
0.49435
0.22835
0.59324
0.64618
0.52162
0.55655
0.32495
0.60563
0.2797
0.18998
0.34416
0.26938
0.36841
0.57534
0.24556
0.38023
0.17227
0.43578
0.46511
0.33095
0.23574
0.20006
0.48734
0.28275
0.19337
0.20196
0.37935
0.40185
0.27097
0.39272
0.23488
0.62763
0.31115
0.2133
0.13854
0.33914
0.04844
0.05104
0.31017
0.21088
0.35933
0.13802
0.27394
0.56858
0.11158
0.11255
0.56886
0.36313
0.30764
0.49151
0.21244
0.34359
0.10291
0.21617
0.25367
0.5394
0.76589
0.57302
0.44741
0.17077
0.34976
0.34946
0.33666
0.33313
0.34385
0.17114
0.31979
0.42804
0.23567
0.15022
0.11863
0.29936
0.26848
0.44093
0.56045
0.60679
0.47078
0.50409
0.4412
0.44149
0.44131
0.39301
0.3923
0.42312
0.48773
0.04867
0.06702
0.0482
0.04828
0.04478
0.04834
0.04826
0.59022
0.04839
0.20939
0.04838
0.48265
0.17979
0.04821
0.59253
0.30991
0.04559
0.13815
0.04484
0.04837
0.04446
0.04783
0.04788
0.04821
0.06702
