0
0
0
0
0
0.10845
0
0.52479
0.05692
0.35943
0.7226
0.33987
0.22065
0.63047
0.30633
0
0
0.23009
0
0
0
0
0
0.04062
0
0
0
0
0.2394
0
0.02411
0
0
0
0.09517
0
0
0
0.09111
0
0.27753
0.15364
0
0.29431
0.4315
0
0
0.25849
0
0
0
0
0
0
0
0
0
0.08455
0
0.41873
0
0
0
0.29694
0.29524
0.63757
0
0
0.32534
0
0.08567
0.28103
0
0.49088
0
0
0
0
0.47123
0.08327
0
0
0
0
0.08326
0.09158
0.03343
0.15631
0
0
0.27368
0.32405
0
0
0.07304
0
0.55092
0
0.09496
0
0
0
0.33011
0
0
0.13783
0
0
0
0
0
0
0
0
0
0
0
0
0
0
0
0
0
0
0
0
0
0
0
0.07404
0
0
0
0
0
0
0
0
0
0
0
0.31236
0
0
0
0
0.14349
0
0
0
0
0
0.08509
0.14153
0.53067
0
0
0
0
0.37279
0.47333
0.08631
0.08554
0
0
0
0
0
0
0
0
0
0
0.24568
0
0
0.08562
0
0.28738
0
0
0
0.44327
0
0.14276
0.089
0.29279
0
0
0.14025
0
0
0
0
0
0
0
0
0
0
0.33026
0.66029
0
0
0
0.05539
0
0.26646
0.34444
0
0
0.18385
0
0
0.38624
0
0.23874
0.03064
0
0.08363
0
0
0
0
0
0
0
0
0
0
0
0
0.08439
0
0
0
0
0.42562
0
0.06218
0.18177
0
0
0.11557
0.07316
0
0
0
0
0
0
0
0
0
0.07091
0
0.11585
0.19666
0.07214
0.07924
0
0
0
0
0
0
0
0.07267
0
0
0
0
0.08501
0
0.49237
0
0
0
0.83665
0
0
0
0
0.24295
0
0.08369
0
0.1018
0
0
0
0
0
0
0.07456
0.07123
0
0
0
0
0
0
0
0
0
0.02378
0.08879
0
0
0
0
0.08318
0
0
0
0
0
0
0.12329
0
0.07189
0
0.14186
0
0
0.17265
0
0
0
0
0
0
0
0
0.07413
0
0
0.32405
0.54064
0
0.11834
0
0
0
0
0
0.55909
0
0
0
0
0.07473
0
0
0
0
0.27906
0
0
0
0.11047
0.10091
0
0
0
0
0.81701
0
0
0.66611
0
0
0
0.10108
0
0
0.11878
0.46192
0
0
0.09139
0
0
0
0.07174
0
0.08393
0
0.23876
0
0
0
0.48264
0.08969
0
0
0
0
0
0
0
0
0
0
0
0.35818
0
0
0
0
0
0
0
0
0
0.07209
0
0.16766
0
0.43251
0
0.05764
0
0.58923
0.43956
0.52468
0.31425
0.12381
0.22816
0.15598
0.41756
0.29329
0.54101
0
0.19138
0.29245
0
0
0
0.27304
0
0.13093
0.3553
0
0
0
0
0.0867
0
0
0
0.10592
0
0
0
0
0
0
0
0.10857
0
0
0
0.08427
0
0.02619
0
0.16902
0.60214
0
0
0
0
0.08463
0
0
0.16919
0.30018
0.42196
0
0
0
0
0
0
0.50576
0
0
0
0
0
0
0
0
0
0
0.07211
0
0
0
0
0.08214
0
0
0.02959
0.08629
0
0
0
0
0.43363
0.07393
0
0.1453
0
0.02839
0
0
0
0.08553
0
0
0
0
0
0
0
0.06641
0.46978
0
0
0
0
0.17833
0.10102
0
0
0.33019
0
0
0
0
0.19165
0.07338
0
0
0.09023
0.60399
0
0
0
0
0
0
0.32674
0
0
0
0
0
0
0
0
0
0.0726
0.27427
0.29792
0
0.29202
0.17584
0.36985
0
0.34394
0.08179
0.05589
0.36867
0
0
0.27379
0.47853
0.40506
0.41034
0.293
0
0
0
0
0.07446
0
0.09145
0
0
0
0
0
0
0
0
0
0
0.41183
0.29104
0.20651
0
0
0
0
0.12369
0
0.17377
0
0
0
0
0
0
0
0
0.27391
0
0
0
0
0
0.44365
0
0
0.3052
0.24938
0.32963
0.05853
0
0.27568
0
0
0.74231
0
0
0
0.0733
0.16898
0
0
0.08878
0.0916
0.11868
0.03051
0.08397
0
0.23923
0.24427
0
0
0
0
0
0
0.02413
0.29597
0
0
0.02985
0
0
0
0.80024
0
0.17287
0
0
0
0
0.31711
0
0
0
0
0
0
0
0.38739
0
0.19061
0
0
0
0
0
0
0
0
0.1195
0.08173
0.10052
0
0
0
0
0
0
0.51183
0
0
0
0
0
0
0
0
0
0
0
0
0.19366
0
0
0
0.17971
0
0.15839
0.07128
0
0.07154
0
0
0
0
0.115
0
0
0.11269
0.33997
0.47596
0
0
0
0
0
0
0
0
0
0
0
0
0
0
0
0
0
0
0
0
0.16489
0.25793
0
0
0
0.03001
0
0
0
0
0.86982
0
0
0
0
0
0.45981
0
0
0
0.1707
0.08498
0
0
0
0
0
0
0
0
0.24471
0.25627
0.11666
0
0.02838
0
0.30161
0
0.5934
0
0
0
0
0
0.18978
0
0
0.15673
0
0.27283
0
0
0.23774
0
0
0
0
0
0
0
0.08526
0
0
0.07731
0
0
0
0
0
0
0
0
0
0.40303
0
0
0
0
0.12204
0
0
0.11749
0
0
0
0
0
0
0
0
0
0.09133
0.13587
0
0.02934
0
0
0.07659
0
0
0
0
0.35294
0
0
0
0
0
0
0.07223
0
0
0
0.02918
0
0
0
0
0.09958
0.08473
0
0
0
0
0
0
0.02878
0
0
0
0
0
0
0.08007
0
0
0
0
0
0.07432
0
0
0
0
0
0
0.08713
0
0
0
0
0
0
0
0
0
0
0
0
0.08469
0
0
0
0
0
0
0
0
0
0.23713
0.05236
0.11544
0
0
0
0.0707
0
0
0.91707
0
0.15759
0
0
0
0
0
0
0.31968
0
0
0
0
0
0
0
0
0.13488
0
0
0
0.08832
0.17086
0
0
0
0
0.25773
0
0
0
0
0
0
0
0.50837
0
0
0
0.11956
0
0
0
0
0.71777
0.07411
0
0
0
0
0
0.02848
0
0
0.16926
0.20008
0.08785
0
0
0
0
0.10907
0
0
0.12101
0
0
0
0
0.31688
0
0
0
0
0.10227
0
0.3024
0
0
0.28035
0.29784
0
0
0.07163
0
0
0
0
0.0786
0.07178
0
0
0.05983
0.7696
0
0
0
0
0
0
0
0
0
0
0
0
0.0776
0
0
0
0
0
0
0
0
0
0.07722
0
0
0.07995
0.02988
0
0.24548
0
0
0
0
0.12064
0.08471
0
0.09183
0
0
0
0
0.02855
0
0
0
0
0
0
0
0
0
0
0
0
0
0
0
0
0
0
0
0
0.38264
0
0
0
0
0.08483
0
0
0.02925
0
0.11363
0
0
0.1141
0
0
0
0.08013
0
0.04815
0
0
0
0.08834
0
0
0
0
0
0
0
0.08345
0
0.09936
0
0.19004
0
0
0
0
0
0
0
0.02581
0
0
0.0853
0
0
0
0.48527
0
0
0
0
0.26356
0
0.30972
0
0.08596
0.0715
0
0.0841
0.44841
0
0
0
0
0
0
0.13133
0
0
0
0
0.6013
0.07794
0
0
0.15436
0
0
0
0
0
0
0
0.18907
0
0
0.06645
0.0865
0.18128
0
0.03879
0
0
0
0.02983
0
0
0
0
0
0
0
0
0.24842
0
0
0
0
0
0
0
0
0
0
0
0
0
0
0
0.18224
0
0
0
0
0
0
0
0.5726
0
0
0
0
0
0.10071
0
0.09091
0.09092
0
0.07363
0.0847
0.36975
0
0
0
0
0
0.49114
0
0
0.07408
0
0
0
0
0
0
0
0
0
0
0
0
0
0.08757
0
0.24295
0
0
0.22608
0.08955
0
0
0.07684
0.16632
0
0
0
0.41362
0.30715
0
0
0
0
0
0
0
0.20907
0.14403
0
0
0
0.03352
0
0
0.18405
0
0
0.08819
0.1731
0
0
0
0.0391
0
0
0.13136
0.1051
0
0
0.08458
0
0.07784
0.09156
0
0
0.2772
0
0
0
0.49427
0
0
0
0
0.08538
0.44347
0
0
0.2217
0
0
0
0.07084
0
0
0
0
0
0.3139
0
0
0
0
0
0
0
0.22797
0.84555
0.38921
0
0
0
0
0
0
0.10325
0
0.08749
0
0
0
0.09305
0
0
0
0
0
0
0
0.41073
0
0
0.05776
0
0
0
0
0
0
0
0
0
0
0
0
0
0.17342
0
0
0
0
0.06563
0
0
0
0
0
0.09106
0
0
0.38394
0.22635
0
0
0
0
0
0
0.42109
0
0.08814
0
0
0.37037
0
0
0
0.07068
0
0.17477
0
0
0
0
0
0
0
0
0.03705
0
0
0
0
0
0
0
0
0
0
0.46852
0
0
0.40545
0
0.2102
0
0
0
0.26831
0
0.08716
0
0.32915
0.3009
0.07442
0.08542
0
0.60205
0.1899
0.05754
0
0
0
0
0.07244
0.39828
0
0
0
0
0
0.02842
0
0
0
0
0
0.10207
0
0
0.18304
0
0
0
0
0
0
0
0
0
0
0
0
0
0
0.12161
0
0.02905
0
0
0
0
0
0
0
0.17087
0.08348
0
0
0
0
0.09466
0
0.38145
0
0
0.07205
0
0
0
0
0
0
0.02839
0.03831
0.09681
0
0
0
0
0
0
0
0
0
0
0
0
0
0.4402
0
0
0
0
0
0
0
0
0
0
0.32858
0
0
0
0
0
0
0
0.08621
0
0
0
0.1868
0
0
0.17241
0
0
0
0
0
0
0
0
0
0
0.34131
0
0.06614
0
0
0
0.05366
0
0
0
0
0
0
0
0.1797
0
0
0
0.12178
0
0
0
0
0
0
0
0
0
0
0
0
0
0
0
0
0
0
0
0
0
0
0
0
0
0
0
0
0
0
0
0
0
0
0
0
0
0
0.09112
0
0
0
0
0
0
0
0
0.21927
0
0
0
0
0
0
0
0
0
0
0
0
0
0
0
0
0
0
0
0
0
0.45647
0
0.09927
0
0.17267
0
0
0
0
0
0.02787
0
0.49191
0
0
0
0.31872
0
0
0
0
0.07151
0
0
0
0.27846
0
0
0
0
0
0
0.16914
0
0.29422
0
0.13496
0
0
0
0
0.35551
0
0
0
0
0
0.25844
0
0
0.15241
0
0
0.03789
0
0
0
0.07098
0
0
0
0
0.19922
0
0.07258
0.28613
0
0
0
0
0.22509
0
0.07399
0
0.41804
0
0
0
0
0
0
0
0
0
0
0.09297
0
0
0
0
0.41359
0
0
0
0
0.1199
0.04709
0
0
0
0
0.09164
0
0
0.26672
0
0
0
0
0.15759
0
0
0
0
0
0.02397
0
0
0
0
0
0.03
0
0
0
0
0
0.49547
0
0
0
0
0.31306
0
0
0
0
0
0
0
0
0
0
0
0
0
0
0.47592
0.03054
0
0
0
0.03754
0
0
0.36347
0
0
0
0
0
0.07242
0
0
0
0
0
0.03085
0
0
0
0
0
0
0
0
0
0
0.0292
0
0
0
0
0
0.12352
0
0
0
0
0
0
0
0
0
0
0
0
0.17154
0
0.18494
0.08699
0.43156
0
0.09504
0
0
0
0.02829
0
0.08517
0
0
0.04885
0
0
0.12195
0
0
0
0
0
0
0
0.08588
0.58615
0.02825
0
0
0
0
0
0
0
0
0
0
0
0
0
0
0
0
0
0.08661
0
0
0.08779
0.07708
0
0
0.1946
0
0
0
0
0
0
0
0
0.23776
0
0
0.08165
0
0
0.07452
0
0
0
0
0
0
0
0
0
0.17234
0
0
0
0
0
0.08106
0
0
0
0
0
0
0
0
0
0
0
0
0
0.15684
0.07733
0
0
0
0.15311
0
0
0
0
0
0
0
0
0
0.02835
0
0
0
0.19074
0
0
0
0.13556
0.08933
0
0
0
0
0.09144
0
0
0
0
0
0
0
0
0
0.50029
0.32615
0
0
0
0.46964
0
0
0
0
0
0
0
0.24288
0
0
0.07085
0
0
0
0
0
0.08583
0
0
0
0
0
0
0
0
0
0
0
0
0
0
0
0
0
0.08858
0
0.07212
0.07286
0
0
0.07234
0
0
0
0
0
0
0
0
0
0
0
0.086
0
0
0.58317
0.71457
0
0
0.07978
0
0
0
0
0
0
0
0
0
0
0
0
0
0
0
0.12232
0
0
0
0.12426
0.07156
0
0
0
0
0
0.13743
0
0
0
0.51936
0
0
0
0
0
0
0
0
0
0
0
0.08875
0
0.05984
0
0
0.08887
0
0
0
0
0
0
0
0
0.07803
0.36088
0
0
0.25074
0.10528
0.02632
0.07836
0
0
0
0
0
0
0
0
0
0
0
0
0
0
0
0
0
0
0
0
0
0
0
0
0
0
0.0975
0
0
0
0
0.13687
0
0
0
0
0
0.07859
0.0899
0
0
0
0
0
0
0
0
0
0.15662
0
0
0
0
0
0
0
0
0.19964
0.08972
0
0.08477
0
0
0.08322
0
0
0
0
0
0
0
0
0
0
0
0
0
0.074
0
0
0
0
0
0
0
0.18106
0
0
0
0
0
0.54501
0
0
0
0
0
0
0
0
0
0
0
0
0.08945
0
0.22025
0
0.21901
0
0
0.09283
0.20265
0
0
0
0
0
0
0.09021
0
0
0.2399
0
0
0
0
0
0
0.12315
0
0
0
0
0
0
0
0
0
0
0
0
0
0
0
0
0
0
0
0
0
0.07348
0
0
0
0
0
0
0
0
0
0.16465
0
0.27788
0
0
0.17999
0.08253
0
0
0
0
0
0
0
0
0
0
0
0
0
0
0
0.15466
0
0.39102
0
0
0.05931
0
0
0
0
0
0
0
0
0
0
0
0
0
0
0
0.04804
0
0
0
0
0
0
0
0
0
0
0
0
0
0
0.02852
0
0
0.12306
0.15578
0
0
0
0
0
0
0
0
0
0
0
0
0.08655
0
0
0
0
0.0896
0
0
0
0
0
0.09034
0
0
0
0
0
0
0
0
0
0
0.40864
0.18318
0
0
0
0
0
0
0
0.03943
0
0
0
0.57571
0
0
0
0
0.08362
0
0
0
0
0.12044
0
0
0
0
0
0.08809
0
0
0
0
0
0
0.19268
0
0
0
0
0.03708
0
0
0.37646
0
0
0
0
0
0
0
0
0
0
0.07469
0
0
0
0
0
0
0
0
0
0.08696
0
0
0
0
0
0
0
0
0
0
0
0
0
0
0
0
0.07674
0
0
0
0
0
0
0
0
0
0
0
0
0
0
0
0
0
0
0
0
0
0
0
0
0.31357
0
0.05961
0
0
0.26284
0.06494
0
0
0.08571
0
0
0
0
0
0.08822
0
0.16104
0.02867
0
0
0
0.40155
0.59139
0.08395
0.08683
0
0
0
0
0
0.08433
0
0
0
0
0
0
0
0
0.11581
0.41687
0
0
0
0
0.08636
0.08366
0
0
0
0.08976
0
0
0
0
0
0.02634
0
0
0
0
0
0
0
0.0921
0
0
0
0
0
0.07109
0.31658
0
0
0
0
0
0
0
0
0
0
0
0
0
0
0.36302
0
0
0
0
0
0.11219
0.02749
0
0
0
0
0
0
0
0
0
0
0
0
0
0
0
0
0.09137
0
0
0
0
0
0
0
0
0
0
0
0
0.07091
0
0
0
0
0.08457
0
0
0
0
0
0
0.07759
0
0
0
0.55666
0.10083
0
0
0.09016
0
0
0
0.17182
0
0.04975
0
0
0.11464
0
0.55145
0.07959
0
0
0
0.04794
0.27498
0.11933
0
0
0
0
0
0.07109
0
0
0
0
0
0
0
0
0
0
0
0
0
0
0
0
0
0
0.08786
0
0
0.08458
0.12127
0
0
0
0
0
0.10028
0
0
0.07801
0
0.10388
0
0
0
0.11184
0
0
0
0
0
0
0
0
0
0
0.1474
0
0
0
0
0
0
0
0
0
0
0
0
0
0
0
0
0
0
0
0
0
0
0
0.04762
0
0
0
0
0
0
0
0
0
0
0.08494
0
0
0
0
0
0.11799
0
0
0
0
0
0.03024
0
0
0
0.04471
0
0
0
0.07745
0
0
0
0.08655
0.61821
0.03164
0
0
0
0
0
0
0
0
0
0
0.09874
0.14192
0.03107
0
0.17158
0.73117
0
0
0
0
0.05613
0.15433
0
0
0
0
0
0
0
0
0
0.05887
0
0
0
0.13776
0
0
0
0
0
0.126
0
0
0
0
0
0
0
0
0
0
0
0
0
0.18239
0
0.11287
0
0
0
0
0
0
0
0
0
0
0
0
0.13455
0
0
0
0
0
0
0
0
0
0.11449
0.08534
0
0.71818
0
0
0
0
0
0
0
0
0
0
0
0
0
0
0
0
0.07795
0
0
0
0.15326
0
0.05708
0
0
0
0
0
0
0
0.08584
0
0
0
0
0
0.55637
0.09336
0
0
0.10488
0
0
0
0
0
0
0
0
0
0
0
0
0
0.17352
0
0
0
0.07217
0
0
0
0
0
0
0
0
0
0.03309
0
0
0
0.09178
0
0
0
0
0
0
0
0
0
0
0
0
0
0
0
0
0.14277
0
0
0
0
0
0
0
0
0
0
0
0
0.09714
0
0
0
0
0.07191
0
0
0
0
0
0
0
0
0
0
0
0
0.11829
0
0.18923
0
0
0
0
0
0
0
0
0
0.08462
0
0
0
0
0.68659
0
0
0
0
0
0
0
0
0
0
0
0
0
0
0
0
0
0
0
0
0
0
0.12117
0
0.08971
0
0
0
0
0
0
0
0
0
0.11882
0
0
0
0
0
0
0
0.09085
0
0
0
0
0.08597
0
0
0
0.22318
0.03343
0
0
0
0
0
0
0
0.11356
0
0
0
0
0
0
0
0
0
0
0
0
0.09292
0
0
0
0
0
0
0.08772
0
0
0
0
0
0
0
0
0
0.16845
0
0
0.1144
0.1193
0
0
0
0
0
0
0
0
0
0
0
0.08561
0
0
0.55536
0
0.17573
0
0.17421
0
0.09197
0
0
0
0
0
0
0
0.07226
0.14992
0
0
0
0
0
0
0
0.09028
0
0
0
0
0
0
0
0.12182
0
0
0
0
0
0
0
0
0
0.17219
0
0
0
0
0
0
0.13437
0.36553
0.10276
0
0
0
0
0
0
0
0
0
0
0
0
0.21971
0
0
0
0
0
0
0
0
0
0
0
0.30501
0.10083
0
0
0
0
0
0
0
0
0.09854
0
0
0
0
0
0
0
0
0.04799
0
0
0
0
0
0.67132
0
0
0.03007
0
0
0
0
0.16038
0.08675
0
0
0
0
0
0
0
0
0
0
0
0
0
0
0.54355
0
0
0
0
0
0
0
0.1022
0
0
0.08663
0
0.5491
0
0
0.13881
0
0
0
0
0
0
0
0
0
0
0
0
0.08668
0
0
0
0
0
0
0
0
0
0
0
0
0
0
0
0
0.08486
0
0
0
0
0
0
0
0.10016
0
0
0.49635
0
0
0
0.02831
0
0
0.08816
0
0
0
0.09013
0
0
0
0
0
0
0
0
0
0
0
0
0
0
0.0857
0
0
0.13581
0
0
0
0.11407
0
0
0
0
0
0
0
0
0
0
0
0
0
0
0
0
0
0.47789
0
0.28078
0
0
0
0
0
0
0
0.16829
0
0
0
0
0
0.08745
0
0
0.17368
0
0
0
0
0.1606
0
0
0
0
0
0
0
0
0
0
0
0
0
0
0
0
0
0
0
0
0
0
0
0
0
0
0
0
0.06196
0
0
0
0.06201
0
0
0
0.07881
0
0
0
0.09211
0
0
0
0
0
0
0
0
0
0
0.11989
0.08383
0
0
0.12719
0
0
0
0
0
0
0
0
0
0
0
0
0
0
0.26122
0
0
0.12108
0
0
0
0
0
0.02394
0
0.0997
0
0
0
0
0
0
0
0
0
0
0
0
0.07233
0
0
0.10189
0
0
0
0.04995
0
0
0
0
0.10107
0
0
0
0.09032
0.08853
0
0
0
0
0
0
0
0.08781
0
0
0
0
0.13489
0
0
0.10413
0
0
0
0.11386
0.0382
0
0.05979
0.07145
0
0
0
0
0
0
0.08655
0
0
0.18377
0
0
0
0
0.08837
0
0
0
0
0.17254
0
0
0
0
0
0
0
0
0
0
0
0.08763
0
0
0
0
0
0
0
0
0
0
0.08931
0
0
0
0
0
0
0
0
0
0
0
0.09369
0
0
0.1361
0
0
0.12018
0
0
0
0
0
0
0
0
0
0
0.10922
0
0
0
0
0
0
0.10938
0
0
0
0
0
0
0
0.02875
0.10982
0
0
0
0.12028
0
0
0.33722
0
0
0
0.08949
0
0
0
0
0
0
0.16919
0
0
0
0
0
0.16536
0
0
0
0
0
0.04479
0.06722
0
0
0
0
0.17458
0
0
0
0.08751
0
0
0
0.03365
0.07635
0
0
0.42867
0.09813
0
0
0
0
0
0
0
0
0
0
0
0
0.10282
0
0
0
0
0.31177
0
0
0
0
0
0.4421
0
0
0
0
0
0
0
0
0.41714
0
0
0
0
0
0
0
0
0
0
0
0
0.08616
0
0.08521
0
0
0
0
0
0
0
0
0
0
0.17207
0
0
0
0
0
0
0
0
0
0
0
0
0
0.25591
0.34815
0.28048
0.08493
0.36562
0
0.25634
0.30546
0.15178
0.25437
0.31277
0.20974
0.18985
0
0
0.11798
0
0.08469
0
0
0.26658
0.83394
0
0
0.25657
0.25469
0.11568
0
0.26803
0
0.30279
0.16882
0
0.45513
0.23678
0.34079
0.2834
0.31419
0.39253
0.36822
0.25646
0.586
0.08816
0.36834
0.07388
0
0
0
0
0.08499
0.28361
0.72167
0.19102
0.15122
0.28463
0.30685
0.43506
0.27988
0.15717
0
0
0.76716
0.38004
0.19168
0.29137
0
0.2102
0.50372
0.15292
0.36211
0.51024
0
0.41206
0
0
0.19592
0
0
0
0
0
0.11421
0.16928
0.39017
0.36338
0.11946
0.27758
0.3133
0
0.17077
0
0
0.41659
0.3405
0.5783
0.08217
0.3437
0.2856
0.1971
0.40908
0
0.25567
0
0
0.19248
0.03079
0
0
0
0
0
0.11426
0
0.6911
0.20565
0
0
0
0
0.65391
0
0.11827
0
0
0
0
0
0
0.24535
0
0
0
0
0.26135
0.19491
0
0
0.04954
0
0.09248
0
0
0
0
0.10056
0.02677
0.84456
0
0
0
0
0
0.09047
0
0
0.07168
0.0763
0
0
0
0
0.08563
0
0.2543
0.20878
0.07337
0
0
0
0
0
0
0
0
0.08762
0
0.07166
0.13768
0.07176
0
0.10021
0
0
0.05909
0.09141
0
0
0
0
0
0
0
0
0
0
0.10243
0
0
0
0
0
0
0
0.07257
0.07383
0
0
0
0
0
0
0
0
0
0
0
0
0
0
0
0
0.08968
0
0
0
0
0
0.1921
0.32014
0
0
0
0.09061
0.08784
0
0
0.0919
0
0
0
0
0
0
0.07705
0
0
0
0
0
0
0
0
0
0
0
0
0
0
0
0
0
0
0
0
0
0
0
0
0
0
0
0
0
0
0
0.08912
0
0
0.08942
0.08966
0
0.09032
0
0
0
0
0
0
0
0
0
0
0
0
0
0
0
0
0
0
0
0.67365
0
0.08602
0
0
0
0
0
0
0
0
0
0.02764
0
0
0
0
0.26294
0
0
0
0
0
0
0
0
0
0
0
0.02955
0.09298
0
0
0
0
0
0
0
0
0
0
0
0.07095
0
0
0
0
0.03823
0
0.084
0
0
0
0
0.135
0
0
0
0
0
0.08994
0
0
0
0
0
0.09063
0.08703
0
0
0
0
0
0
0
0
0
0
0
0
0
0
0.09929
0
0
0
0.05647
0
0
0
0
0
0
0
0
0
0
0
0
0
0
0
0
0
0
0
0.67935
0.07229
0
0
0
0
0
0
0
0
0
0.57772
0
0
0
0
0
0
0
0
0
0
0
0
0
0
0
0
0
0
0
0
0
0
0
0.0895
0
0
0
0
0
0
0
0
0.08115
0
0
0
0
0.08793
0
0
0
0
0
0
0
0
0.09163
0
0
0.09391
0
0
0
0
0
0
0
0
0
0
0
0
0
0
0
0
0
0
0.53203
0
0
0
0
0
0
0.13561
0
0
0
0
0.35944
0
0.08786
0
0
0.13871
0
0
0
0.17063
0
0
0
0
0
0
0
0.09247
0.09356
0
0
0
0
0.0924
0.1686
0
0
0
0
0
0
0
0
0
0.06252
0
0
0
0
0
0.08315
0
0
0
0
0
0.13456
0.1119
0
0.09124
0
0
0.13544
0
0.04472
0
0
0.05818
0
0
0
0
0.36859
0
0
0
0
0
0
0
0
0
0.02953
0
0.38751
0
0
0
0.26441
0
0
0
0.39243
0
0
0
0.05923
0
0
0
0
0
0
0
0.03508
0.16659
0
0.0885
0
0
0
0
0.10125
0
0
0
0.0846
0.50831
0.46161
0.25181
0.42395
0.56445
0.49474
0.28924
0.12068
0.23847
0.19823
0
0.29469
0.55002
0
0.64649
0
0.09432
0
0.27449
0.46914
0
0.46734
0
0
0.0856
0
0.3479
0.17562
0.48706
0
0.41151
0
0.11891
0
0.18413
0.55778
0
0.32244
0.29423
0
0
0
0
0
0
0.35468
0.19095
0
0
0
0
0
0
0
0
0
0.44864
0.61052
0.4919
0.16724
0.38583
0.61062
0.4113
0
0.12134
0.2474
0.19178
0
0
0
0.38453
0
0
0
0
0.1368
0.17878
0.24494
0.1791
0.27662
0.17926
0.38835
0
0.25085
0.38938
0.29101
0.41184
0
0.17476
0
0.42942
0.20347
0.07817
0
0
0
0
0
0
0
0
0.4724
0
0
0
0
0
0
0.24372
0.12397
0
0.2022
0.21095
0.2678
0.31842
0.3278
0.14735
0.34284
0
0.34444
0
0
0.24796
0
0.08937
0
0
0.084
0.14618
0.45178
0.46735
0.16866
0.45055
0.63723
0.26482
0.31118
0
0
0
0.02873
0
0
0
0
0
0
0
0.11533
0
0.53409
0.37002
0.41153
0.22051
0.03705
0
0
0.49303
0.50819
0.2559
0.25194
0.39484
0.19005
0.34901
0.2278
0.17584
0.47606
0.29784
0
0.22254
0.14513
0.0871
0.38839
0.29719
0.14536
0
0.11398
0.16691
0
0
0
0
0
0
0
0
0.08722
0
0
0
0
0
0.11411
0
0
0
0
0.57536
0
0
0.09875
0
0
0
0
0.08484
0.16834
0
0
0
0
0
0
0
0
0
0
0.10327
0
0
0
0.17676
0
0
0
0.03065
0
0
0
0.10144
0
0
0
0
0
0
0
0
0
0
0.04732
0
0
0
0
0
0
0
0
0
0
0.19018
0
0
0
0.49646
0
0
0
0
0
0.20796
0
0.4109
0
0
0
0.17225
0
0.08798
0
0
0.4282
0
0
0
0
0
0
0
0
0
0.52233
0
0
0
0
0
0
0
0
0
0
0
0
0
0
0
0
0
0
0
0
0
0
0
0
0
0
0.19992
0
0
0
0.19102
0.1679
0
0
0.1534
0.10062
0
0.02855
0
0
0
0
0
0.07271
0.54321
0
0
0
0
0
0.07068
0
0
0
0
0
0.43925
0.06014
0
0
0
0
0
0
0
0.05357
0
0
0
0
0
0
0
0
0.085
0.08499
0
0
0
0
0
0
0
0
0.05663
0
0
0
0
0
0
0
0
0.05885
0
0
0
0
0
0.38036
0
0
0
0
0
0.08561
0
0
0
0
0
0.08533
0
0
0
0.08839
0
0.20027
0.07163
0.05502
0
0.09853
0
0.43612
0.4667
0
0
0
0
0
0
0.41091
0
0
0
0
0
0.07847
0
0.17072
0
0
0
0
0
0.14274
0.33679
0
0
0
0
0
0
0
0.08413
0.68962
0
0
0
0
0.07619
0
0
0
0
0
0.33182
0.0769
0
0
0
0
0
0
0
0
0
0.60089
0
0
0
0
0.08522
0
0
0
0
0
0
0
0
0
0
0
0
0
0
0
0
0
0
0
0
0
0
0
0
0
0
0.07016
0.08978
0
0.07083
0
0
0
0.07961
0.08113
0
0
0.55823
0
0
0
0
0
0.03708
0
0
0
0
0
0
0
0
0
0
0.1592
0
0
0
0
0
0
0
0.02442
0
0
0
0
0.07845
0
0.07188
0
0
0
0
0
0
0
0
0.82874
0
0
0
0
0
0
0
0
0
0
0
0
0
0
0
0.08691
0
0
0
0.08489
0.05806
0
0.53633
0
0
0.0803
0
0.05012
0
0
0.42603
0
0
0.16771
0
0
0
0
0
0.02353
0
0
0
0
0
0
0
0.08407
0
0
0
0
0
0
0
0
0
0.10015
0
0
0
0
0.15655
0
0
0
0
0
0
0
0
0
0
0
0.07427
0
0
0
0
0
0
0
0.08606
0.07412
0.08692
0.07463
0
0.07962
0
0
0.1212
0
0
0
0
0
0
0
0
0
0
0
0
0
0
0.07942
0
0.73462
0
0
0.07458
0
0.07428
0
0
0.07912
0
0
0
0
0
0
0
0.32917
0.08895
0
0
0
0
0
0.10785
0
0.07869
0
0.07387
0
0
0
0
0.08276
0
0
0
0.02876
0.0878
0
0
0
0
0.15884
0
0.06031
0.16757
0.23616
0
0
0
0
0
0.08474
0
0
0
0
0.02684
0.22794
0.04262
0
0
0.11292
0.08345
0
0.34328
0
0
0.52034
0.50861
0
0.08417
0
0
0.16407
0
0
0
0
0
0.18036
0.88238
0
0.11905
0.20358
0.21786
0.07947
0.39219
0
0
0
0
0
0
0
0.05306
0.07134
0
0.22899
0.22614
0.22777
0.23843
0.26307
0.25152
0
0.07171
0
0
0
0
0
0.4835
0.36325
0.0861
0.22709
0
0
0.1355
0
0
0
0
0
0.20472
0
0
0.52008
0.36332
0.13185
0
0
0
0.38559
0.28843
0.20329
0.2395
0
0.0802
0.15779
0.20192
0.18171
0.08571
0
0.08564
0
0.08476
0
0.15823
0.58392
0
0
0.12421
0.22644
0
0.62605
0.08474
0.24028
0.22469
0.22749
0.17103
0
0
0.27325
0
0.1195
0
0.02585
0
0
0
0
0
0
0
0
0
0
0.58534
0
0
0.33892
0.47244
0.22799
0.15816
0.44076
0.25468
0.47673
0.83235
0.12398
0
0.23999
0.52615
0
0
0.36975
0.28458
0
0
0.15166
0.0276
0
0.1555
0.73758
0.38808
0
0
0.61844
0.25283
0.2953
0.52418
0.21736
0.3616
0.33862
0.22516
0
0.12292
0.23702
0.35114
0.15783
0.0716
0.34333
0.22663
0.21582
0.27799
0.27609
0.59902
0.44744
0
0.36823
0.23709
0.16021
0.33053
0.09852
0.28373
0.38362
0.72101
0.22449
0.47953
0.43946
0.11012
0.22505
0.49748
0
0.09254
0.68485
0.20294
0.1104
0.32032
0.54329
0.47504
0.33663
0.08374
0.29936
0.5195
0.28289
0
0.40104
0.40359
0
0.21093
0.22519
0.22472
0.07149
0.71956
0.24558
0.28279
0.35206
0.51415
0.13143
0.11758
0.23747
0.78281
0.34182
0
0.25254
0.37557
0.29472
0.65735
0.17873
0.56965
0
0.38678
0.33027
0.11706
0.19354
0.22853
0
0.49805
0.53183
0.53604
0.36938
0.66306
0.58335
0.89309
0.19828
0.34271
0
0.53148
0.53872
0.38186
0.29707
0
0.48458
0.36792
0.65863
0.35326
0.2634
0
0
0.34395
0.0897
0
0
0
0
0
0.32631
0.28426
0.08493
0
0
0.21926
0
0
0
0
0
0.12117
0.29192
0
0.32773
0.36551
0.45017
0.16978
0
0.29365
0.08404
0
0.38579
0
0
0
0
0
0
0
0.1167
0.45734
0
0
0
0.17917
0
0.28635
0
0.3088
0
0.06943
0
0
0
0
0.22604
0
0.22497
0
0
0
0.23146
0
0
0
0.06223
0
0
0.26463
0
0
0.10886
0.29732
0
0.08833
0
0
0
0.05939
0.09676
0.09304
0.04031
0
0.07956
0.25464
0
0
0
0.10014
0.51359
0
0.12699
0
0.16802
0
0
0.09316
0.26036
0
0
0
0
0
0
0.26
0
0
0
0.54932
0
0.14687
0
0.08697
0.03104
0
0.36915
0.86649
0
0.24722
0.08983
0.12227
0.33215
0
0.5499
0
0.19201
0
0.52294
0
0
0.39229
0
0
0
0.0908
0.41041
0
0.27798
0.55994
0
0
0
0
0
0
0
0
0.89267
0
0
0.08726
0
0
0.32416
0
0.10075
0.03097
0.10585
0.07104
0
0
0
0
0
0
0.29051
0
0
0
0
0
0
0
0
0.30046
0.09031
0
0
0
0.08686
0.76057
0
0
0
0.53517
0
0
0
0
0.1022
0
0.60719
0.47776
0
0
0.22627
0
0.38965
0.22585
0
0.22327
0
0.167
0
0.12345
0.20637
0
0.08469
0
0
0.05183
0.17199
0
0
0
0
0
0
0
0
0
0.12056
0
0
0.04997
0
0.08423
0.2944
0
0.10026
0
0
0.08306
0
0
0.49168
0
0
0.37185
0.18171
0.07098
0.16931
0
0
0
0.34108
0
0.08946
0.41213
0
0.50218
0
0
0.08543
0
0
0.32568
0.59632
0
0.15184
0
0.17541
0.1202
0
0
0
0.47755
0
0
0
0.09271
0
0
0
0.12964
0
0.05646
0.32534
0
0
0
0.0851
0
0
0
0
0
0.22793
0.17078
0
0
0.11509
0
0
0.49063
0
0
0
0
0.12271
0
0.08522
0
0.47057
0
0
0
0
0.41209
0
0.56799
0
0
0
0.13431
0.29566
0.10757
0.12423
0
0
0.16366
0
0.26511
0
0
0
0.24431
0
0.10517
0
0
0
0.33322
0
0
0
0.72077
0
0
0.43785
0
0
0.22259
0.19987
0
0
0
0
0
0.10936
0.44331
0
0
0
0.08873
0.09209
0
0.2406
0
0
0
0
0.11661
0.31731
0.10463
0
0.45602
0
0
0
0
0.25506
0
0
0
0.52023
0.4257
0.24626
0
0
0.24864
0.13819
0.32282
0
0.2426
0.14874
0.5561
0.47047
0
0.07428
0.05722
0
0
0
0.24973
0
0
0
0.37297
0
0.09268
0.42378
0.08773
0.06208
0
0.22645
0.2846
0
0
0.32418
0.15236
0
0
0.15366
0
0
0.29171
0
0
0.13277
0
0.13196
0
0
0
0
0
0
0.47982
0.40138
0
0.76301
0
0
0.41172
0
0.05759
0.34008
0
0
0
0
0
0
0.17857
0.2808
0
0
0
0.10398
0.10037
0
0
0
0
0
0
0
0
0
0.29769
0
0
0
0
0
0
0
0
0
0.34062
0
0
0
0
0
0
0
0
0
0
0
0.25785
0
0
0
0.25156
0
0.10025
0
0
0
0
0
0.58949
0
0
0
0
0
0
0
0
0
0
0
0
0
0.09212
0
0
0
0.08131
0
0
0
0
0
0
0
0
0
0.1054
0.44004
0.08077
0
0
0.92543
0.12127
0
0.09076
0
0
0
0.46352
0
0
0
0
0
0
0
0.37521
0
0.10119
0
0
0
0
0
0.07153
0
0.07121
0.02854
0
0
0.07802
0
0
0
0
0
0
0.07394
0
0
0
0.38979
0
0
0.08371
0
0.3417
0.3246
0
0.15119
0
0.25137
0
0.2583
0
0
0
0.16928
0
0.13992
0
0
0
0.11348
0
0.43188
0.08047
0
0
0
0
0.19134
0
0.07406
0
0.08707
0
0.09031
0
0
0
0
0.03021
0
0.0853
0.16816
0
0.22026
0
0
0.11491
0.19852
0
0
0
0.18387
0
0.343
0
0
0
0
0.16761
0
0
0
0.19339
0.40798
0.14384
0
0
0
0
0
0
0.08323
0.47883
0.1574
0.09943
0.16566
0
0
0
0.34593
0
0
0
0
0
0
0
0
0
0
0.078
0
0
0
0
0.09959
0
0
0
0
0
0
0
0.22601
0
0.21959
0
0.21557
0
0
0
0
0.18112
0
0
0.08913
0.22276
0
0
0.11908
0
0
0
0.08594
0.07243
0
0.56863
0.08394
0
0.34525
0
0
0
0
0
0
0
0
0
0.05861
0
0
0
0.44696
0
0
0.08559
0
0
0
0.09
0
0.07913
0
0.08381
0
0
0
0
0
0
0.08582
0
0
0
0
0.19104
0
0
0
0
0
0.5096
0
0
0
0.07102
0
0
0
0
0.25616
0
0
0
0
0
0.64368
0
0
0.0909
0
0
0
0
0.21567
0.09135
0
0
0
0
0
0.08405
0
0.53251
0.31043
0
0.14507
0
0
0.11008
0.13487
0.08907
0
0.0258
0
0
0
0.59324
0
0
0
0
0.23509
0.18126
0
0
0
0
0
0.39568
0.08781
0
0
0
0
0
0
0.11517
0
0.03317
0
0
0.09304
0.17967
0.39001
0
0.1822
0
0
0
0
0
0
0
0
0.11066
0
0
0
0
0.63224
0
0.02827
0.45515
0.50212
0
0
0
0
0
0
0
0
0
0
0
0.05764
0.09144
0
0
0
0
0
0
0.06146
0
0
0
0
0
0
0
0
0.03708
0
0
0.66444
0
0
0
0
0
0
0
0
0
0
0
0
0.08373
0.10084
0.0868
0
0
0
0.15829
0
0.08559
0
0.35076
0
0
0
0
0
0
0
0.25412
0.11686
0.09385
0
0
0
0
0
0.08743
0
0
0
0
0
0
0
0.10925
0.09879
0
0
0
0.30256
0
0
0.09824
0
0.07437
0
0
0
0
0
0.03888
0
0
0
0
0
0
0
0
0
0
0
0.54276
0
0
0
0
0
0
0
0
0
0
0.13444
0.49579
0.16676
0
0
0
0
0
0.18171
0
0
0.17235
0
0
0
0
0
0.02965
0
0
0
0
0
0.02802
0
0
0
0.02906
0
0
0
0.49006
0.2214
0
0
0.55129
0
0
0
0
0.19029
0.22434
0
0
0.08709
0
0
0
0
0.13627
0
0
0
0
0
0
0.28172
0
0
0
0
0
0
0
0
0
0
0
0.0794
0
0
0.16775
0.67067
0
0.36597
0
0
0
0
0
0
0
0
0
0
0
0
0
0
0
0
0
0.08794
0.08578
0.65762
0
0
0
0
0.04771
0.08643
0.07341
0
0
0
0
0
0
0
0
0.41216
0.11981
0
0.08793
0
0
0
0
0.0727
0
0.18039
0
0
0
0.22664
0.08792
0
0
0
0
0.1758
0
0
0
0.16935
0
0.0574
0
0
0
0
0
0
0
0
0
0
0
0
0
0
0
0
0
0
0
0
0
0
0
0
0
0
0.08628
0
0
0.41286
0
0
0
0
0
0
0
0
0
0
0
0
0
0
0
0
0
0.28683
0
0
0
0
0
0
0.08376
0.11628
0
0
0
0
0
0
0
0
0
0
0
0
0
0.43701
0
0
0
0
0
0
0
0
0
0
0
0
0
0
0
0
0.08435
0
0.09024
0
0.0852
0
0
0.07751
0
0.10607
0
0.09939
0
0
0
0
0
0
0.08671
0
0
0
0
0.09162
0
0.1235
0
0
0.10237
0.06921
0
0
0
0
0.28341
0.27581
0
0
0
0
0
0.12108
0
0
0
0.07064
0
0.02734
0
0
0
0
0
0
0.13448
0
0
0
0
0
0
0.17517
0
0
0
0
0.22789
0
0
0.0897
0
0
0.14781
0
0.09985
0.16588
0
0
0
0
0
0
0
0
0
0
0
0
0
0
0
0
0
0
0
0
0
0.0716
0.55151
0
0
0
0
0.06357
0
0
0
0
0.03777
0
0
0
0
0
0
0
0
0
0.36656
0.09067
0
0
0
0.05402
0
0
0.18119
0.07278
0
0
0
0
0
0
0
0.11151
0
0
0
0
0
0
0
0
0
0.02871
0
0
0.37303
0
0
0
0
0
0
0
0.44932
0
0.78531
0
0
0
0
0
0
0
0
0
0
0
0
0
0.54984
0
0
0
0.03923
0
0.13383
0.5343
0.21991
0
0
0
0
0
0
0
0
0
0
0.09169
0
0.08888
0
0.24755
0
0
0
0.58087
0
0.09176
0.02903
0.27848
0
0
0
0
0
0
0.07446
0
0
0.08603
0
0.4579
0
0
0
0.1536
0
0
0.09714
0
0
0.07153
0
0
0
0
0
0
0.08594
0.08581
0
0
0
0
0.07095
0
0
0.1031
0
0
0
0
0
0
0
0
0
0.03789
0
0
0.08931
0
0
0
0
0.08048
0
0
0
0
0
0.12046
0
0
0.37245
0
0
0
0
0
0
0
0.50268
0
0
0
0
0
0.04776
0
0
0.33228
0
0
0
0
0
0
0
0
0.13303
0
0
0
0
0.23754
0
0
0.08353
0
0.28177
0
0.17015
0
0
0.12156
0
0.09243
0
0.03382
0
0
0
0
0
0.08786
0.09277
0
0
0
0
0
0.16565
0.14346
0
0
0
0
0
0
0
0.28657
0
0.48136
0
0.23614
0
0
0
0
0.30355
0
0
0
0
0
0.08499
0
0.07479
0
0
0
0
0
0
0
0
0
0
0.06086
0
0
0
0
0
0.15113
0.22868
0
0
0.47709
0
0
0.08742
0
0.47518
0
0
0
0
0
0
0
0
0
0
0
0
0.37814
0.32176
0
0
0
0
0
0.13582
0.07287
0
0.14621
0.11933
0
0
0
0
0
0
0
0
0
0
0
0
0
0
0
0
0
0
0
0
0
0
0.09793
0.0885
0
0
0
0
0
0
0
0
0
0
0
0.34221
0.08477
0
0
0
0
0
0
0
0
0
0.24017
0
0
0.52053
0
0
0
0.29322
0
0
0.18282
0
0
0
0
0.22625
0
0.21955
0
0.19894
0
0.05766
0.09065
0
0
0
0
0
0.27539
0
0
0
0
0.39101
0
0
0
0
0
0
0
0.27373
0
0
0.31132
0
0
0
0
0
0.77713
0.09291
0
0
0
0.08299
0.30127
0
0.45739
0
0.50653
0
0
0
0
0
0
0
0
0
0
0
0
0
0
0
0
0
0
0
0
0
0.07878
0
0
0.08934
0.25642
0
0
0.03243
0
0
0.38543
0
0
0
0
0.15262
0
0
0
0.14457
0
0
0
0
0.09008
0
0
0
0
0.13502
0
0
0
0
0.28336
0
0
0
0
0
0.4674
0
0
0
0
0
0
0
0
0
0
0.05902
0.57279
0.19034
0
0
0
0
0.06411
0.02802
0
0.07147
0
0.07456
0
0
0
0.08345
0
0
0.44901
0.89255
0
0
0
0
0
0
0
0.29935
0.17635
0
0.20023
0.26274
0
0
0.24666
0
0
0.49569
0.13737
0
0
0.42454
0.11315
0
0
0.38153
0
0
0.2984
0
0.09312
0
0
0.08493
0.16746
0
0.13566
0.79404
0
0
0.08785
0
0
0.08512
0.60548
0
0.17223
0.05538
0.07996
0.18038
0
0.89003
0.28066
0
0.12079
0
0.34448
0.08407
0.49391
0.49303
0
0.55181
0
0
0.59855
0.23895
0.34093
0.41329
0
0
0
0
0.15797
0.4779
0
0.22463
0
0
0.06683
0
0
0.28721
0.34046
0.19977
0.36196
0.32076
0
0.07382
0
0
0.21645
0.15765
0.30205
0.07077
0
0
0
0.12362
0
0
0.52257
0.45038
0.33706
0
0
0
0
0.2934
0
0.09639
0
0.1793
0
0
0.08309
0
0
0.24056
0
0.14642
0.29531
0.56546
0
0
0.29519
0.33694
0
0.18607
0.08431
0
0
0
0
0.35775
0
0
0
0
0.33552
0.33568
0
0.07782
0.71095
0
0
0.09355
0.17383
0
0.08097
0.17003
0
0.53069
0
0.27866
0
0
0.22785
0
0.34476
0
0.08461
0
0
0
0.27358
0.21044
0.41372
0.08575
0.07969
0
0
0
0
0
0
0
0
0
0
0
0.10567
0.07385
0
0
0.04106
0.29912
0
0
0
0
0
0
0
0
0
0.22486
0.82039
0
0
0
0
0
0
0
0
0
0
0
0.21265
0
0
0
0.39848
0
0
0.28112
0.26846
0
0
0.29404
0
0.60611
0
0
0.09876
0.34512
0
0.10179
0.11533
0
0
0
0.45908
0
0.507
0
0
0
0
0
0
0
0
0
0
0
0
0
0
0
0
0.08588
0.16765
0
0
0.0711
0
0
0
0.09092
0
0
0.31069
0
0
0.63598
0
0
0
0
0
0
0.20756
0
0.19658
0
0
0
0
0.06139
0
0
0
0.20586
0
0.07281
0
0
0
0
0
0
0
0
0
0
0
0
0
0
0
0
0
0
0
0
0
0
0.34647
0.57929
0
0
0
0
0.79127
0
0
0
0
0.07111
0.07194
0
0
0.11133
0.20317
0
0
0
0.08986
0
0
0
0
0
0
0
0
0
0
0
0
0
0
0
0
0
0
0
0
0
0.17407
0
0
0.07178
0.17591
0
0
0.39507
0
0
0
0.0865
0
0
0
0
0
0
0
0.35916
0
0
0
0
0
0
0
0
0
0
0
0
0.27231
0
0
0
0
0
0
0
0
0
0
0
0
0
0
0
0
0
0.33059
0
0.54815
0
0
0
0
0
0
0
0
0
0
0.76584
0.1172
0
0.23004
0.57735
0
0.33785
0
0.07344
0.34374
0.116
0
0.11352
0
0.25979
0
0
0
0
0
0.08666
0.63636
0
0
0
0.11977
0
0.0334
0
0
0
0
0
0
0
0.22662
0
0
0
0
0
0
0
0
0
0
0
0.07136
0
0
0
0
0
0
0
0
0.27468
0
0
0.09313
0
0.12374
0.3926
0.19175
0
0
0.2932
0
0.07111
0
0.47977
0
0
0
0
0
0
0.68002
0.17434
0
0.18246
0
0.13855
0
0
0
0
0
0
0
0.02904
0
0
0
0
0
0
0
0.08594
0
0
0
0
0
0
0
0.11613
0
0
0
0
0.78199
0
0.51446
0
0
0
0
0.40887
0.36341
0
0
0
0.1442
0.14789
0
0.23145
0.07046
0
0.34578
0
0
0
0.48101
0.19057
0
0
0
0
0.11804
0
0
0.62309
0
0
0.11257
0
0
0
0
0
0
0
0
0
0
0
0
0.12729
0.16979
0
0
0.25682
0
0
0
0
0
0
0.22666
0
0.10408
0
0
0.39147
0
0
0
0
0
0
0
0
0
0.07853
0.25821
0
0
0
0
0.17023
0.22699
0.17151
0.17163
0
0
0
0
0.29371
0.72165
0
0.65988
0
0
0
0
0
0.37156
0
0
0
0.35194
0
0
0
0.02616
0.31569
0.43444
0
0
0
0.08735
0
0
0
0
0.576
0
0.07141
0
0.16845
0
0.1908
0.84036
0.14692
0.20681
0
0
0.29789
0
0
0
0.31264
0
0
0.2393
0
0.32123
0.32389
0.2572
0
0
0
0
0
0
0
0
0.31517
0.12632
0
0
0
0.08867
0
0
0
0
0.05532
0
0
0.28254
0
0
0
0
0
0
0
0
0
0
0
0
0
0
0
0
0
0.11498
0
0.13639
0
0
0
0
0
0
0.02904
0
0
0
0
0
0
0.08623
0.34194
0
0
0
0
0
0
0.09545
0
0
0
0
0.13226
0
0
0.08368
0
0
0
0
0.30744
0
0
0
0
0
0
0
0
0
0
0
0.0891
0
0.15022
0
0
0.38396
0.22544
0.36616
0
0
0
0
0
0
0
0.16987
0.54679
0.45535
0.03844
0
0
0
0
0.15669
0
0.63385
0
0.11609
0
0.02904
0
0
0
0
0
0
0
0
0
0
0
0
0.02889
0
0
0
0
0
0
0
0
0
0
0
0
0
0
0
0
0.10306
0
0
0
0
0
0
0
0
0
0.172
0
0.22564
0
0
0
0
0
0
0
0
0
0
0
0
0
0
0
0
0
0
0
0
0
0.22363
0
0
0
0
0
0
0.61545
0
0
0
0
0
0
0
0
0
0
0
0
0.16003
0
0
0
0
0
0.07687
0
0
0.44682
0
0
0
0.13641
0
0.14091
0
0
0.02811
0
0
0
0
0.08352
0
0
0
0
0
0
0.472
0
0
0.07468
0
0
0
0
0
0
0
0
0
0
0
0
0
0
0
0
0
0
0.10397
0
0.08359
0
0.07305
0
0
0
0
0
0
0
0
0
0
0.28575
0.41529
0.09102
0
0
0.07228
0.39264
0
0
0
0
0
0
0
0
0
0.08431
0.18234
0
0.20556
0.17321
0
0
0
0
0.18374
0.07184
0
0
0
0.02848
0
0
0
0
0
0
0
0
0
0
0
0
0
0
0
0
0
0
0
0
0
0
0
0
0
0
0.24894
0
0.34931
0
0
0
0.08762
0
0
0.14133
0.05669
0
0
0
0.39983
0
0.1917
0
0
0
0.12137
0.08724
0
0
0.1266
0
0
0
0
0
0.3052
0.51778
0
0
0.08086
0
0
0
0
0
0
0
0.05571
0
0
0
0.08936
0
0
0
0
0.08557
0
0
0
0.40718
0
0
0.43706
0
0.02857
0
0
0
0
0
0.0857
0.0843
0
0
0
0.33137
0
0
0
0
0
0
0
0
0
0.46672
0
0.16776
0.22739
0.03395
0.08945
0.0713
0.22592
0
0.02852
0
0.07149
0
0
0
0.2454
0
0
0
0
0
0
0
0
0
0.08956
0
0
0.08605
0
0.10288
0
0.05945
0
0
0
0.21353
0.07459
0
0
0
0
0
0
0
0
0
0
0
0
0
0
0
0.58723
0.22792
0
0
0
0
0
0.12269
0
0
0.02745
0
0.08421
0
0
0
0.17376
0.17058
0
0.29095
0
0
0
0
0
0
0.30505
0
0
0.05278
0
0
0
0
0
0
0.51733
0
0
0
0.08823
0
0
0
0
0
0
0
0
0
0
0
0
0
0
0
0.08475
0
0
0.50864
0
0
0
0
0
0.15778
0
0
0
0
0.10374
0.12019
0
0
0
0
0
0.07077
0
0
0
0
0
0
0.1036
0
0.03017
0
0
0
0
0.02786
0
0.07226
0.07368
0
0.02397
0.22949
0
0
0
0.08512
0
0
0
0
0
0.0909
0
0
0
0
0
0.08635
0
0
0.05852
0.02539
0
0
0
0
0
0
0
0
0
0.08445
0
0
0
0
0
0.34541
0.09026
0
0
0
0
0.20707
0
0
0
0
0
0
0.15756
0
0
0
0
0
0
0.15844
0
0
0
0
0
0
0
0
0
0.11294
0
0
0
0.05937
0
0.34976
0
0
0.17456
0
0
0
0
0.32198
0.0876
0
0
0
0
0
0
0.17239
0
0
0
0
0
0
0.059
0
0.08664
0
0.09247
0
0
0
0
0
0
0.11774
0
0
0
0
0
0.43671
0
0
0
0
0
0.08272
0
0
0.02822
0.08341
0
0.17815
0.58644
0
0
0
0
0
0.42794
0
0.33809
0
0
0
0
0
0.08924
0
0
0
0
0
0
0
0.38622
0.08426
0
0
0
0
0
0
0
0.0802
0
0.11586
0
0
0
0
0
0.03931
0.12023
0
0
0
0
0
0
0
0
0
0
0
0
0
0
0
0
0
0
0.02824
0
0
0
0
0
0
0
0
0
0
0
0
0
0
0
0
0
0
0
0
0.08292
0
0
0
0.02998
0
0.32825
0.0899
0.4063
0.20999
0
0
0
0
0
0.29275
0.08927
0
0
0
0.1479
0
0
0
0
0
0
0
0
0
0.0851
0
0.47306
0
0
0
0
0.02934
0.02949
0.08504
0
0
0.42601
0
0
0
0
0.22638
0
0
0
0
0
0
0
0
0
0
0.06696
0
0
0.08855
0
0
0
0
0
0
0
0
0
0
0.08368
0
0
0
0
0
0.18794
0
0
0
0
0
0.11963
0
0
0
0
0
0
0.06126
0
0
0.23757
0
0
0
0
0
0
0
0
0
0
0
0
0.1151
0
0
0.32792
0
0.0575
0
0
0
0
0
0
0.42423
0
0.23637
0
0
0
0
0
0.32846
0
0
0
0
0
0.15297
0
0
0
0
0
0
0.22635
0
0.08864
0.11395
0.13492
0
0
0.12141
0
0
0
0
0.05928
0.45334
0
0
0
0
0
0
0.1056
0
0
0
0
0
0.12803
0
0
0.07281
0.1004
0
0
0
0
0
0.08667
0
0
0
0
0
0
0.11749
0
0
0
0
0.07141
0
0.07436
0
0
0
0
0
0
0
0
0
0
0
0
0
0
0
0.18487
0
0
0
0
0
0
0
0
0
0.1217
0
0
0
0.25623
0
0
0
0
0
0
0
0
0
0
0.02406
0
0
0.44518
0
0
0
0.59971
0
0
0
0
0
0
0.05836
0
0
0.02793
0.18741
0
0
0
0
0.2081
0
0
0
0.11125
0
0
0
0
0.07138
0
0.07145
0
0.16035
0
0
0
0
0
0.07818
0.25561
0
0.11443
0
0.12094
0.29419
0
0.02442
0
0.07245
0
0
0
0
0
0
0
0
0
0
0
0
0
0
0.1033
0
0
0
0.21022
0.38294
0.03065
0.17118
0
0.28433
0
0
0
0
0
0
0
0.14183
0
0
0.05807
0
0
0
0
0.15486
0.27551
0
0
0.17541
0
0
0.1694
0
0
0
0
0
0
0
0
0.09186
0.2732
0.02808
0
0
0
0
0
0
0
0
0.05807
0
0
0
0
0
0
0.4634
0
0
0
0
0
0
0.10888
0.14074
0
0
0
0.07936
0.61272
0
0
0
0
0
0
0.14819
0
0
0
0
0
0
0
0
0.07167
0
0
0.41032
0.10128
0
0
0
0.05915
0
0
0
0
0.1954
0
0
0
0
0
0
0
0
0
0
0
0.09747
0
0
0
0
0
0
0
0.0816
0.5872
0.66906
0.08913
0
0
0
0
0
0
0
0
0
0
0
0
0
0
0
0
0
0
0
0.08651
0
0
0.07818
0.08312
0
0.0893
0
0
0
0
0
0
0
0.11728
0
0
0.08577
0
0.08337
0
0
0
0
0
0.07121
0
0
0
0
0.56116
0.09954
0
0
0
0
0
0
0.0279
0
0
0
0
0
0
0.10299
0
0
0.32326
0
0
0
0.11658
0
0.08409
0
0
0
0
0
0
0
0
0
0.31055
0
0
0
0.50017
0
0
0
0
0
0
0
0.34725
0.22635
0
0
0.3176
0
0
0
0
0.07098
0
0
0.20892
0.32749
0
0
0.02595
0
0
0
0
0.02905
0.3225
0
0
0
0
0
0
0
0
0.33157
0
0
0
0
0
0
0
0
0
0
0
0.08417
0
0
0
0
0
0
0
0
0
0
0
0
0
0
0
0
0
0
0
0
0.15532
0
0
0
0
0
0.72248
0
0
0
0
0.09402
0
0
0
0
0
0
0
0
0
0
0
0
0.07721
0
0
0
0
0.07166
0.05369
0
0.02499
0.08618
0
0
0
0
0
0
0
0
0
0
0
0
0
0.0584
0.05905
0
0.0845
0
0.02967
0
0
0
0
0
0
0
0
0
0.20925
0.08687
0
0
0.03072
0
0
0
0.08807
0
0
0.07102
0
0
0
0
0
0
0
0.10506
0.11322
0
0
0
0
0
0
0
0
0
0
0.09277
0
0.11301
0
0
0
0
0
0
0
0
0.11737
0
0
0
0
0
0
0
0
0
0.49854
0
0
0
0
0
0
0
0
0
0
0
0
0
0
0
0
0
0
0.26369
0
0
0
0
0.08732
0
0.08283
0.59359
0
0
0
0
0
0.42659
0
0
0.23742
0
0
0.05599
0
0
0.11319
0.15023
0
0.17147
0
0
0
0
0
0.14681
0.18137
0
0
0.07462
0
0
0
0.3292
0
0
0
0
0
0
0
0
0.07154
0
0
0
0
0
0
0
0
0
0
0
0.02962
0.12435
0
0
0
0.75692
0
0
0
0
0
0
0.17044
0
0.05849
0
0
0
0.14418
0.0863
0
0.25422
0
0
0
0
0.10221
0
0
0
0
0
0
0
0
0
0
0
0
0.13571
0
0
0
0
0
0
0
0
0
0.07143
0
0
0
0
0.29695
0
0.27802
0.10144
0.31227
0.07199
0
0
0
0
0
0
0
0
0
0
0
0.52349
0
0
0
0
0
0.05676
0.24782
0
0
0.51808
0
0
0
0
0
0
0
0
0
0
0.09103
0
0.49281
0
0
0.05641
0
0
0
0
0.11852
0
0.16362
0
0
0
0
0
0.30822
0
0.41997
0
0.1773
0
0
0.09854
0.05648
0
0.03017
0.13631
0
0
0
0
0
0
0
0.08789
0
0
0
0.10099
0
0
0
0.24346
0
0
0.08123
0
0
0
0
0
0
0.08635
0
0.12786
0.08727
0.13467
0.1188
0
0
0.23895
0
0.24724
0
0
0
0.02574
0
0.08394
0
0
0
0
0
0
0
0
0.13738
0.34437
0.2746
0
0
0
0
0
0.32602
0
0
0
0
0
0
0
0
0
0.09832
0
0.0889
0.08509
0
0
0
0
0
0
0.07205
0
0
0.52684
0
0.25736
0
0.09082
0.02894
0.37369
0
0.02987
0
0.17134
0
0
0
0
0
0.08637
0.08662
0.07179
0
0
0
0
0.09161
0
0
0.50771
0
0
0
0
0.57202
0.08002
0
0
0
0
0
0
0
0
0
0
0
0
0.09702
0
0
0
0
0
0
0
0.12452
0.13119
0
0
0
0.27792
0
0
0
0.0618
0.328
0
0
0
0
0
0
0
0
0
0
0
0
0
0
0
0
0.16052
0.07214
0
0
0
0
0
0
0.38656
0
0.18178
0
0.07544
0.08694
0
0
0.08675
0.13377
0.40917
0
0.0882
0
0
0
0.35955
0
0
0
0
0
0
0
0
0
0
0
0.10143
0
0
0
0
0
0.02925
0
0
0
0.44939
0
0
0
0
0
0.02384
0
0
0
0
0
0.02868
0
0
0
0
0.08686
0
0
0
0
0.3861
0
0
0
0
0
0
0
0.09038
0
0.63719
0
0
0.29032
0
0
0
0
0
0.23918
0
0
0.57826
0
0
0
0.0853
0
0
0
0
0
0
0
0
0
0
0.08552
0.08746
0
0
0
0
0
0
0
0
0
0
0
0
0
0.10354
0.16893
0.07142
0
0
0
0
0
0
0.46001
0
0
0
0.16745
0.08431
0
0
0
0
0
0.10031
0
0
0
0.35926
0
0
0
0.10003
0
0
0
0.08823
0.08471
0
0
0
0
0
0.08295
0.09679
0
0.1892
0.08642
0.02485
0
0
0
0.52166
0.2022
0
0.48059
0
0
0
0
0
0.49213
0
0
0
0
0
0.19178
0
0
0
0
0
0.42873
0
0
0
0
0
0
0
0
0.08434
0
0
0
0.08832
0
0
0
0
0.02493
0
0
0.45669
0
0
0
0.07262
0
0
0.08298
0
0.02594
0
0
0
0.07104
0
0.36309
0.55705
0
0
0
0
0.07175
0
0.15692
0
0.11676
0
0
0
0
0
0
0
0
0
0
0
0
0
0
0
0
0
0
0.09235
0.09127
0
0.32333
0
0
0
0
0.39182
0
0
0
0.452
0
0
0
0.23705
0.3251
0
0
0
0
0
0
0
0
0
0
0
0
0.08376
0
0
0
0
0
0.33835
0
0.1346
0
0
0
0
0
0.03351
0
0
0
0.10003
0
0.08453
0
0
0
0
0
0
0.60399
0
0
0
0
0
0
0
0
0
0.08358
0
0
0
0
0
0
0
0.02824
0
0
0
0
0
0
0.10427
0
0
0
0
0
0
0
0.08427
0.50972
0.37924
0
0
0
0
0
0.16777
0
0.29046
0
0
0
0
0
0.12303
0
0
0
0
0
0.04829
0
0.27968
0.52367
0
0
0
0
0.08382
0.16696
0
0.14865
0.47381
0
0.31917
0.0859
0
0.41044
0.02621
0
0
0.0851
0
0
0
0.02939
0
0.08608
0
0
0.27357
0.05967
0
0
0
0
0
0
0
0
0.21851
0.0924
0.06234
0
0
0
0
0
0
0
0
0
0
0
0
0
0
0
0
0
0
0
0
0
0
0
0.44312
0
0
0
0
0.09651
0
0
0
0
0.02971
0
0
0.07365
0
0.17191
0
0
0.07477
0
0
0
0
0.41408
0
0
0
0.38527
0
0.10178
0.07129
0
0
0
0
0
0
0
0.31828
0.17264
0
0.0714
0
0
0
