0.263
0
0
0
0.44326
0
0.55365
0.55808
0
0.13139
0.12576
0.02219
0.32953
0
0
0.11425
0.07823
0.32874
0.16262
0.27338
0.07178
0.1062
0.14423
0.07209
0.05043
0.35378
0.41964
0.74995
0.17077
0
0.07236
0.09822
0.07493
0
0
0
0
0
0
0
0
0.07644
0.06756
0
0
0.07586
0
0
0
0
0
0
0
0
0
0
0
0
0
0
0
0
0.07512
0
0
0
0
0.0726
0
0
0.52068
0
0
0
0
0
0
0
0
0
0
0
0
0
0
0
0
0
0
0
0
0
0
0.22927
0.34306
0.30112
0.22673
0.66731
0.13417
0.34569
0.06701
0
0
0
0
0.10297
0
0.07538
0
0
0
0
0
0
0
0
0
0
0
0
0
0
0
0
0
0
0
0
0
0
0
0.29429
0.42096
0.50559
0.2662
0.07481
0.48972
0.0482
0.32497
0.18615
0.15364
0.26327
0.09184
0.31804
0.26293
0.34002
0.13357
0.2167
0.28566
0.45332
0.34714
0.28243
0.40936
0.46587
0.18914
0.14518
0.20687
0.22477
0.10591
0.22966
0.21261
0
0.10873
0
0
0
0.06951
0.07071
0
0
0
0
0
0
0
0.07603
0
0
0
0.07346
0
0.46594
0.14851
0.25444
0.29916
0.31291
0.20151
0.43809
0.25425
0.02468
0.11691
0.53407
0.50791
0
0
0
0.12863
0.07388
0.24703
0.28156
0.27196
0.07371
0
0
0
0.3557
0.05892
0.06303
0
0
0
0.34647
0.22633
0.67118
0
0.39774
0.22302
0.05063
0.78897
0.44307
0.20788
0.36009
0.20535
0.07417
0.11013
0.14672
0.12862
0.66663
0.12842
0.36289
0.16889
0.04746
0.0729
0
0.13138
0.12233
0
0
0.05816
0
0.08384
0.38269
0.26533
0.11798
0.22529
0
0.46863
0
0.3728
0
0.15668
0
0.4965
0
0
0
0
0
0
0
0
0
0
0
0
0
0
0
0
0
0
0.39909
0
0
0
0
0
0
0
0
0
0
0.06909
0.31638
0
0.06117
0.09133
0.02047
0
0.0609
0.08959
0
0
0.11507
0
0.0862
0
0
0
0.04203
0.13135
0
0.26674
0.67537
0.40629
0.16946
0.11912
0.48255
0.36981
0
0.10701
0
0
0
0
0.05285
0
0
0
0
0
0
0
0.31804
0
0
0
0
0
0
0
0
0
0
0
0.04518
0
0
0
0
0.63686
0.62352
0
0
0
0
0
0
0
0
0
0
0
0.06306
0.29248
0.06311
0.14441
0.0631
0
0
0
0
0
0
0
0
0
0
0
0
0.06977
0
0
0.05072
0
0
0
0.0726
0
0.11855
0.07212
0
0.2977
0.55256
0.34297
0.70893
0.06305
0
0
0
0.18944
0.0631
0.11579
0
0.12257
0
0.04636
0
0
0
0
0
0
0.19225
0.12208
0
0
0
0
0.18666
0.19174
0.11586
0
0
0
0
0
0
0
0
0
0.0717
0
0
0.063
0.06082
0.06301
0
0
0.06143
0
0
0
0
0.07562
0
0.0229
0.06692
0
0
0
0.06651
0
0.07502
0
0.07033
0
0.18216
0.54812
0.071
0.07105
0
0
0
0.071
0
0.07119
0
0
0.12861
0
0
0.07082
0
0
0.11646
0
0.25494
0
0
0
0
0
0
0
0
0
0.06741
0
0
0
0.08697
0.06127
0
0
0.2255
0.22061
0.4897
0.19755
0
0
0
0
0
0
0
0
0
0
0.07166
0.07198
0
0.13925
0
0
0.02054
0
0
0.06072
0
0
0
0
0.02373
0
0
0
0
0
0
0
0
0
0
0
0
0
0
0
0.06612
0.06557
0
0.07203
0.07062
0.04379
0.06598
0.07065
0
0
0
0
0
0
0
0
0
0
0.32866
0.36938
0.60876
0.56613
0.34707
0.58325
0
0.07459
0
0
0
0
0
0
0
0.34764
0.55625
0.07592
0.10093
0.0503
0.20691
0.34994
0.14847
0.0829
0
0
0
0
0
0
0
0
0
0
0
0
0
0
0.06593
0
0
0
0
0
0
0
0
0
0.33682
0.35423
0.46002
0.3001
0.31385
0.24871
0.22877
0.24285
0.04311
0.36403
0.19203
0
0
0
0.11968
0.23282
0.19272
0.29439
0.24641
0.13907
0.18631
0.5343
0.52226
0.46388
0.62611
0.31567
0.52529
0.71591
0.39761
0
0.14541
0
0
0.07078
0
0
0
0
0
0
0
0
0
0
0
0
0
0
0
0.38234
0.06308
0
0.09269
0.13129
0.06304
0.17787
0
0
0
0
0
0.16822
0.50662
0.06672
0
0
0
0
0.06558
0.04558
0
0.12577
0
0
0
0
0.06055
0.02546
0.07715
0
0
0
0
0.06631
0
0
0
0
0
0
0
0
0
0.06748
0
0
0
0
0
0
0
0
0.06139
0
0
0
0.06427
0
0
0.45443
0.35558
0.08104
0
0.10108
0.08572
0.08027
0.11857
0.17377
0.06763
0.06454
0
0
0.06632
0
0.1172
0.06202
0
0.11721
0
0.15974
0
0
0
0.06142
0
0
0.23615
0.06267
0
0.11964
0.11717
0
0
0
0
0.06142
0
0
0
0.1172
0
0
0.06186
0
0
0
0
0
0
0.02159
0
0
0
0
0
0
0.06722
0
0
0
0
0
0.07528
0
0.04037
0.06418
0
0
0
0
0
0
0
0.08174
0
0
0
0
0
0
0
0
0
0
0
0
0
0
0
0
0
0.35716
0
0
0
0
0
0
0.02073
0
0
0
0
0
0.40462
0.5888
0.21426
0.38751
0.27595
0.04807
0.21476
0.60281
0
0
0
0
0
0
0
0
0
0
0
0.18656
0
0
0
0
0
0.01655
0
0
0.02082
0.1889
0
0.04441
0
0
0
0.07186
0
0.18811
0
0
0
0
0.47646
0.49918
0.14826
0.05326
0
0
0
0
0
0
0
0
0
0
0
0
0
0.11865
0
0
0
0
0
0
0
0
0
0
0
0
0.1255
0
0.06112
0
0.06986
0
0
0
0
0
0.07016
0
0.07086
0
0
0
0
0
0
0
0
0
0.34312
0.38357
0.43865
0.28709
0.66447
0.6168
0.30507
0.02332
0
0
0
0
0
0
0
0
0
0
0
0.14008
0.10884
0
0
0
0
0.02485
0
0
0
0.49521
0.29445
0.13276
0
0.07121
0
0
0
0
0
0
0
0
0
0
0.11135
0.16427
0
0
0.07614
0
0.07469
0.08375
0
0
0
0
0
0
0
0
0
0
0
0
0
0
0.07655
0.07544
0
0
0
0
0
0
0.11831
0.1199
0.11675
0
0
0
0
0
0
0.06827
0
0
0.02064
0.04222
0.06088
0.11731
0
0
0.07332
0
0.07374
0
0
0
0.02413
0
0
0
0
0.06698
0
0
0
0
0.2784
0.17443
0.18011
0.07582
0.06356
0.07439
0
0
0
0.11883
0
0
0.1169
0
0.07945
0
0.06451
0
0
0
0.02301
0
0
0
0
0
0
0
0.07325
0
0
0
0
0
0
0
0
0
0
0
0
0
0
0
0
0
0
0
0
0
0
0
0
0
0
0
0
0
0
0
0
0
0
0.39247
0
0.0713
0.12843
0
0.25436
0
0.0698
0.12453
0
0.18231
0.04296
0
0
0
0.06607
0
0
0.06554
0.06564
0
0
0
0
0
0
0
0.04263
0.0668
0
0
0
0
0
0
0
0
0
0
0
0
0
0.053
0.05308
0
0
0
0
0
0
0.02365
0
0
0
0
0
0
0
0
0.07095
0
0
0.06811
0
0.07432
0
0
0
0
0.18866
0
0
0
0.19284
0
0
0
0.17093
0
0
0
0
0
0
0
0
0
0
0
0
0
0
0
0
0
0
0
0
0
0
0
0
0
0
0
0
0
0
0
0
0
0
0
0
0
0
0.16125
0.14518
0.25112
0.79301
0.41016
0.41681
0.71805
0.46692
0.79056
0
0
0
0
0
0
0
0.04361
0
0
0
0
0
0
0
0.39745
0.30457
0.5767
0.44446
0.78908
0.27664
0.16562
0.49594
0.19285
0
0
0.06532
0
0
0
0
0
0
0.06421
0
0
0
0
0
0
0
0
0.06441
0
0
0
0
0
0
0
0
0
0
0.06524
0
0
0
0
0
0.45925
0.49029
0
0
0
0
0
0
0
0.07488
0.25887
0.47175
0.61568
0.49612
0.50275
0.36532
0.3121
0.50277
0.36765
0.53559
0.11657
0.09174
0.10931
0.10892
0.0727
0
0
0
0
0
0
0
0
0
0.06786
0
0
0
0
0.06673
0.06485
0
0
0
0
0
0
0
0
0
0
0
0
0
0
0.06171
0
0
0
0
0
0
0
0
0
0
0
0
0
0
0
0
0
0
0
0
0
0.14798
0.77845
0.2831
0.77011
0
0
0
0
0
0
0
0
0
0
0
0
0
0
0
0
0
0
0.49243
0.33656
0.35235
0.24061
0.19487
0.18945
0.58172
0.55183
0.76747
0.46831
0
0
0
0
0
0
0
0
0
0
0
0
0
0
0
0
0
0
0
0
0
0
0
0
0
0.36076
0.02531
0.07582
0.18803
0.15249
0.0765
0
0
0
0
0
0
0
0.10901
0
0
0
0
0
0
0
0
0
0
0
0.06789
0
0
0
0
0
0
0
0
0
0
0
0.06708
0
0
0
0.06407
0
0
0.06548
0
0
0
0
0
0
0
0
0
0
0
0
0
0
0
0
0
0.06625
0
0.07567
0
0
0
0
0
0
0
0
0.0662
0
0.15205
0
0.15345
0.39596
0
0
0
0
0
0
0
0
0
0
0
0.06503
0
0
0
0
0
0
0
0
0.02192
0
0
0
0
0
0
0
0
0
0
0
0
0
0
0
0
0
0
0
0
0
0
0
0
0
0
0
0
0
0
0
0
0
0
0
0
0
0.02344
0
0
0.07186
0
0
0.02227
0
0
0.1927
0
0
0
0
0
0
0
0
0
0
0
0
0
0
0
0
0
0
0
0
0
0
0
0
0
0
0
0.04339
0.02456
0.02355
0
0.07486
0
0
0
0.06751
0
0
0
0
0.05042
0
0
0
0.06668
0.07151
0.024
0
0.12304
0
0
0
0
0
0.13787
0
0
0
0
0.07026
0
0
0
0.07487
0
0
0
0
0
0
0.01705
0
0.18762
0
0
0
0
0
0.19066
0
0.55378
0
0.34741
0
0
0
0
0
0
0
0
0
0
0
0
0
0
0
0
0
0
0.19441
0.1147
0.1929
0.05088
0.11468
0.18007
0.14123
0.08317
0.1593
0.13624
0.20406
0.17315
0.25294
0.14888
0.11403
0.11426
0.07837
0.2993
0
0
0
0
0
0
0
0
0
0
0
0.06699
0
0.05278
0
0
0.19103
0.23693
0
0
0
0
0.07083
0
0
0
0
0
0.09684
0
0.06183
0.18922
0
0.1645
0
0.08495
0.21442
0.06428
0
0
0.07038
0
0
0
0
0.02332
0
0
0
0
0
0
0
0
0.21579
0
0
0
0
0.07197
0
0
0
0
0
0
0
0
0
0
0.06834
0
0
0
0.13619
0
0
0
0
0
0
0
0
0.06438
0.40673
0.63752
0
0
0
0
0
0
0
0
0
0
0
0
0
0
0.07234
0
0
0
0
0
0
0
0
0.05299
0
0
0.05277
0
0
0
0
0
0.18816
0.12854
0.11594
0
0
0
0
0
0
0
0
0
0
0
0
0
0
0
0
0
0
0
0
0
0
0
0
0
0
0.06614
0
0
0
0
0
0
0
0
0.28671
0.3217
0.56447
0.36887
0.50312
0.67187
0.45588
0.41678
0.11345
0.65314
0.61177
0.1704
0.26449
0
0
0
0
0
0
0.0234
0
0
0
0
0
0.19529
0.41982
0.10084
0
0.2564
0
0
0
0
0
0.07494
0.05363
0
0
0.10056
0
0.02482
0
0
0
0
0
0
0
0
0
0
0
0
0
0.06265
0.05336
0
0.07049
0
0
0
0
0
0
0
0
0
0
0.02343
0
0.0715
0
0
0
0
0
0
0
0
0
0
0
0
0
0
0
0
0
0
0
0
0
0.06745
0.07106
0
0
0
0
0
0
0
0
0
0
0
0
0
0.13319
0.11228
0.21636
0.20835
0.21056
0.19997
0
0
0
0
0
0
0
0
0
0
0.14635
0
0
0
0.38309
0
0
0
0.05065
0
0.06454
0.07201
0
0
0
0
0
0
0
0
0
0.19279
0
0
0.07197
0.11608
0
0
0
0
0
0
0
0
0.16703
0
0
0
0.46538
0.67915
0.48217
0
0
0
0.06439
0
0.36849
0.15134
0.09228
0.15518
0
0
0.10889
0.13746
0.22527
0.06488
0.09236
0
0.29086
0
0
0
0
0
0
0
0
0
0
0
0
0.6365
0.38638
0.45756
0.54549
0
0.15066
0.2673
0.26707
0.27187
0
0.02134
0
0
0
0
0.26853
0.10667
0.40451
0.38837
0.31869
0.15663
0.03384
0
0
0
0
0.16845
0.11547
0
0
0
0
0
0
0
0
0
0
0
0
0.06954
0
0
0
0
0
0
0.18649
0.12429
0
0
0.22811
0.2181
0.16971
0
0.06639
0
0
0
0
0
0
0
0
0
0.07371
0
0.04354
0
0
0
0
0
0
0
0
0
0
0
0
0
0
0
0
0
0
0
0
0
0
0
0
0
0
0.07433
0
0.07508
0.07477
0
0
0
0
0
0
0
0
0
0
0
0
0
0
0
0
0
0
0
0
0.04683
0.06616
0
0
0
0
0
0
0
0
0
0
0
0
0
0
0
0
0
0
0
0
0
0
0
0
0
0
0
0.11425
0.37042
0
0
0
0
0
0
0
0
0
0
0
0
0
0
0
0
0
0
0
0
0
0
0
0
0
0
0
0
0
0
0
0
0
0
0
0
0
0
0.09229
0
0
0
0
0
0
0
0
0
0
0
0
0.02221
0
0
0
0
0
0
0
0
0
0
0
0
0
0
0
0
0
0
0
0.26132
0.07435
0.16301
0.5655
0.65968
0.20117
0.34537
0.20137
0.16516
0.3034
0.59817
0.10961
0.14155
0
0.07547
0.07435
0.06399
0.12256
0.07376
0
0
0.05667
0.07564
0
0
0
0.0567
0
0.07598
0.05675
0.05758
0.05393
0
0
0
0
0.11027
0.05322
0
0
0
0
0.05704
0
0.09338
0
0
0
0.05689
0.13161
0
0
0
0
0
0
0
0
0
0
0
0
0
0
0.06177
0.06765
0
0.13582
0
0
0
0
0
0
0
0
0
0
0
0
0
0
0.07717
0.15381
0
0.07801
0
0.07912
0
0
0
0
0
0.07788
0.07227
0.15745
0.11099
0.11069
0
0
0
0
0
0
0.19026
0
0
0
0
0
0.05106
0
0
0
0.07831
0
0
0
0
0
0.27833
0
0
0
0
0
0.01771
0
0.11246
0
0
0
0
0
0
0
0
0
0
0
0
0
0.07073
0
0
0
0
0.06581
0.06575
0
0
0
0
0
0
0
0
0
0
0
0
0
0
0
0
0
0
0
0
0
0
0.26751
0.13217
0.04461
0
0
0
0
0
0
0
0.04409
0
0
0
0.06913
0.07468
0
0
0
0
0.15488
0.1258
0.11675
0.69397
0
0
0
0
0
0
0
0
0.06418
0
0
0
0
0
0
0
0.05974
0
0.06311
0
0
0
0
0
0
0.14479
0
0
0.03454
0
0
0
0.18458
0
0
0
0
0
0
0.23219
0.12404
0
0
0
0
0
0
0
0
0.18737
0
0
0
0.06311
0
0
0.07488
0
0
0
0.0747
0.13208
0.06311
0.11538
0.08027
0.37036
0
0
0
0
0
0
0
0
0
0
0
0
0
0
0
0
0
0
0
0
0.15241
0
0
0
0
0.05017
0
0.1086
0
0.14473
0.07436
0
0
0.21331
0
0
0
0
0
0
0
0
0
0
0
0
0
0
0.16784
0.25215
0.0365
0
0
0
0
0
0.07129
0.12848
0.0648
0.02492
0
0
0.18751
0
0
0.12184
0
0.33077
0
0
0
0
0
0
0
0
0
0
0
0
0
0
0
0
0
0
0
0
0
0
0
0.06796
0
0
0
0
0
0
0
0
0.07582
0
0
0
0
0
0
0
0
0
0
0
0
0.04701
0
0
0
0
0
0
0
0
0
0
0
0
0
0
0
0.06311
0.06305
0.33114
0
0
0.05105
0
0
0
0
0
0
0
0
0
0
0
0
0
0
0
0
0
0
0
0
0
0
0
0
0
0
0
0
0
0
0
0
0
0
0
0
0
0
0.33648
0.10349
0.274
0.27467
0
0
0
0.07281
0
0
0
0
0
0
0
0
0
0
0
0
0
0
0
0
0
0
0
0
0
0
0
0
0
0
0.12395
0
0
0
0
0
0
0
0
0
0.034
0
0
0.06156
0.0676
0
0
0
0
0
0.29123
0
0
0.07259
0
0
0
0.22169
0.05714
0.29385
0
0.08267
0
0
0
0.02409
0
0
0
0
0
0.07341
0.05128
0
0.02173
0
0
0
0
0
0
0
0
0
0
0
0
0
0
0
0
0
0
0
0
0
0
0
0
0
0
0
0
0
0
0
0
0
0
0.13085
0.13142
0
0
0
0
0
0
0
0
0
0
0
0
0
0
0
0
0
0
0
0
0.06301
0
0
0.1505
0
0
0.17031
0
0
0
0
0
0
0
0
0
0
0
0
0
0.52394
0.02223
0.26243
0.11249
0.32522
0.13013
0.18705
0.27245
0
0
0
0
0.19183
0
0
0
0
0
0.07961
0.1194
0
0.02358
0
0.4227
0.66251
0.59624
0.6563
0.31259
0.47195
0.53697
0.67813
0.56712
0.70979
0.4907
0.59362
0.65139
0.39273
0.63571
0.13956
0.06304
0
0.44903
0.63711
0
0
0
0
0
0
0
0.19343
0
0.06645
0
0
0.13557
0
0.04834
0
0
0
0
0
0
0
0
0.36557
0.36543
0.63516
0.58251
0
0.14828
0.48418
0.30158
0.28369
0.46311
0.56056
0.65055
0.39426
0.07384
0.34423
0.20136
0.30075
0
0
0
0
0
0
0
0
0
0
0
0
0
0
0
0.22571
0.35213
0.21247
0.21997
0.06034
0.01704
0.07787
0.12499
0.07759
0.10912
0.18721
0.13002
0.05042
0.01918
0.61986
0
0
0
0
0
0
0
0
0
0
0
0
0
0
0
0
0
0
0.08946
0.13403
0.11784
0.0992
0.07633
0
0
0
0.07081
0
0
0
0
0
0
0
0.04807
0.14868
0.08404
0.29612
0.1297
0
0
0
0
0
0
0
0
0
0
0
0
0
0
0
0
0
0
0
0
0
0
0.06722
0
0.06177
0
0
0
0
0
0
0
0
0.04581
0
0
0
0
0
0.23054
0.33022
0.22836
0.16242
0
0
0.07204
0
0.09185
0
0
0
0.06084
0
0
0
0
0
0
0
0
0
0
0
0
0
0
0
0
0
0
0
0
0
0
0
0
0
0
0
0
0
0
0
0
0
0.02579
0
0.06664
0.04552
0
0
0
0
0.06078
0
0.06809
0
0
0
0
0
0
0
0
0
0
0
0
0
0
0
0.15035
0
0.07677
0.1286
0.16049
0
0
0
0.10907
0.1356
0.21519
0
0
0
0
0.39291
0.61538
0.22312
0.33706
0
0
0
0
0
0
0
0.29524
0.29935
0.1129
0.27462
0.1588
0.27332
0.15336
0.12703
0
0
0
0
0
0
0
0
0.61858
0.54593
0.22873
0.18932
0.13263
0.19627
0.59997
0
0
0.05301
0
0.26088
0
0
0
0.23928
0
0
0
0.05091
0
0.11407
0.13208
0
0
0
0
0
0
0
0
0.1253
0
0
0.14674
0
0
0
0
0
0
0
0
0
0
0
0
0
0
0
0
0.20653
0.12369
0
0
0
0
0
0
0
0
0
0
0
0
0
0
0
0
0
0
0
0
0
0
0
0
0
0.07225
0
0
0
0
0
0
0.069
0
0
0
0
0.02155
0
0
0
0
0
0
0
0
0
0
0.06729
0
0
0
0
0
0
0
0
0
0
0
0
0
0
0
0
0
0
0
0
0
0
0
0
0.09712
0.11473
0.18501
0
0
0
0
0
0
0
0
0.209
0.199
0.11957
0.17407
0.1338
0.10237
0.27178
0.06699
0.314
0
0.11925
0.08455
0.16029
0.06305
0.26783
0
0.1853
0.268
0.01757
0
0
0
0.19397
0
0
0
0.06516
0
0
0.0714
0.06857
0.18883
0
0
0.05098
0
0
0
0
0
0.01655
0
0
0.05596
0
0.18777
0.18932
0
0.26856
0
0
0.11114
0
0.05854
0
0.05671
0.11666
0
0
0
0
0.05862
0
0.01977
0
0.03904
0.05617
0.15872
0
0
0
0
0.01875
0
0
0
0
0.04741
0.18751
0
0
0.04378
0.12856
0
0
0
0.0657
0
0
0
0.06309
0.12
0
0
0
0
0
0
0
0
0
0
0
0
0
0
0
0
0
0
0.26262
0.09796
0.30151
0.59441
0.44144
0
0
0.16217
0.28846
0
0.0655
0
0.46682
0
0
0.06446
0.27781
0
0
0
0.13526
0.16234
0.04951
0.11374
0.07761
0
0.07652
0.06565
0
0
0
0
0.07579
0.19587
0.06536
0.0705
0.07091
0.2065
0
0
0
0
0.236
0.07059
0
0
0
0
0.06513
0
0
0
0.07787
0
0
0
0.18694
0
0.10934
0.24997
0
0
0
0
0
0
0
0
0
0
0
0
0
0
0.14651
0.33008
0.40646
0
0.07852
0
0.10889
0
0
0
0
0.07163
0
0
0.07613
0.07609
0
0
0
0
0
0
0
0
0.07137
0
0.06304
0.13096
0
0.06301
0.08577
0.44424
0.30317
0.39665
0.2733
0.4483
0.22352
0.39781
0
0.1183
0.06524
0
0
0
0.15062
0.24847
0
0
0
0.19303
0
0.2589
0
0
0
0
0
0
0
0
0
0.07149
0
0
0
0
0.02342
0
0
0.04726
0.12243
0
0
0
0
0.07184
0
0
0.06842
0
0
0
0
0
0
0
0
0.30629
0.19984
0
0
0.12366
0
0
0
0
0
0
0
0
0.14025
0.36496
0.66769
0
0.06656
0
0.05064
0.06564
0.13858
0.07137
0.32358
0
0
0
0
0.07185
0
0.04962
0.07995
0
0.10105
0
0
0
0
0
0
0
0
0
0.06086
0.13032
0.17946
0.12169
0.48726
0
0
0
0
0
0
0
0
0
0
0
0
0
0.05069
0.05053
0
0
0
0
0
0
0.21453
0.0511
0.50201
0.05023
0.19813
0.0597
0.02528
0.14913
0.27747
0.18001
0
0.165
0.06594
0
0
0
0
0
0
0
0
0
0.18741
0
0
0
0
0
0.21157
0.18939
0
0
0
0
0
0
0
0
0.04963
0
0.05891
0
0
0.02163
0
0
0
0.18828
0
0
0.45596
0
0.06052
0
0.06311
0
0
0
0.1311
0.14516
0
0.35864
0.10996
0.61665
0.24304
0.68368
0.17525
0
0.10917
0
0.31803
0
0.24613
0.51112
0.75667
0.12158
0.10093
0.24392
0
0
0.11666
0
0.07889
0
0.06481
0
0
0
0.04795
0
0.07874
0
0
0
0
0
0
0.12985
0
0
0
0
0
0
0
0
0
0.04955
0.09905
0
0
0
0.10448
0
0.07285
0.07242
0
0
0.17736
0
0.03462
0
0.04563
0
0
0.04568
0.06447
0.06531
0.12486
0.02509
0
0
0
0.17051
0.21934
0.30593
0
0
0
0.03309
0.12659
0.06658
0.06772
0
0
0
0.08582
0.06951
0
0.12582
0.10491
0
0
0
0
0
0
0
0
0
0
0
0
0
0
0
0.26645
0
0
0
0
0.5208
0
0
0
0.15292
0.13079
0
0.07572
0.01913
0.12247
0.04267
0.07484
0.07408
0.02486
0.07341
0.07398
0
0.14674
0
0.12255
0.0642
0.04266
0.38113
0.14348
0
0.05351
0.01875
0
0.02449
0.11929
0
0
0
0
0
0.15464
0.39572
0
0
0
0
0
0
0
0.07303
0.50323
0.33725
0.26197
0.10922
0
0
0
0.05872
0
0.01817
0
0.1587
0
0
0
0
0.18743
0
0.42425
0.26288
0.30529
0.21219
0
0
0
0
0.05888
0.32914
0.5353
0
0.14047
0.07881
0.26281
0.35023
0.43547
0.69297
0.3633
0.06306
0.03845
0.05868
0
0
0
0.06311
0.13963
0.21667
0.08578
0.06308
0.1896
0
0.03599
0
0.05675
0.10021
0
0.07373
0
0.15872
0
0
0.06223
0
0.11414
0
0
0
0
0.24377
0.41084
0.5354
0
0
0
0
0
0
0
0
0
0
0
0
0.60664
0.53015
0.44905
0.50251
0.29236
0.77218
0.54438
0.52014
0
0.1088
0
0.02399
0.12445
0.55169
0.17486
0.1336
0.17418
0.09687
0.14121
0
0.11689
0
0
0.06299
0.38479
0.63283
0.35701
0.47186
0
0.02099
0
0.132
0
0.05766
0
0
0
0
0.13141
0.03817
0.0938
0.05622
0
0
0.15133
0.14922
0.14633
0
0
0
0.74267
0.63099
0.32828
0.35337
0.23907
0.26285
0.05748
0.05097
0.24273
0.21513
0.17699
0.09786
0.23742
0.08184
0.22972
0.23372
0.48256
0.445
0.24964
0
0
0
0
0
0.05924
0.01898
0
0
0
0
0
0
0
0
0
0.06096
0
0.06192
0
0.11726
0
0.11847
0
0
0
0
0
0
0.12015
0.06409
0
0
0.17944
0
0
0.07566
0.2046
0
0
0
0.09817
0.17924
0
0.06107
0.0648
0
0
0.17975
0.09684
0.02108
0.1192
0
0.13848
0
0
0
0.08051
0.63788
0.49854
0.46729
0.12032
0
0.06106
0
0
0
0
0
0
0
0.17978
0.0403
0.08224
0
0.11801
0
0
0
0
0
0
0
0.11297
0
0
0
0.42205
0.41214
0
0
0.0754
0
0.23866
0.24548
0.42168
0.56627
0
0.28506
0
0.18673
0.16095
0
0.17552
0.10899
0.49866
0.12146
0.29036
0.21397
0.52649
0.04911
0.26633
0.18744
0.29727
0.29953
0.22917
0.1864
0.02409
0.06349
0.0652
0
0
0
0.06364
0
0
0.06609
0.0404
0.04159
0
0
0.33013
0.2889
0.16902
0
0.21123
0
0
0
0
0
0.23532
0.24998
0.09519
0.56804
0.12825
0.29405
0.17698
0.26275
0.18748
0.11255
0.09494
0.18637
0.22511
0
0.06624
0.0631
0
0.32995
0.23704
0.15172
0.22451
0
0.35831
0.45088
0
0.05655
0.0537
0
0
0
0.20807
0
0
0
0
0.07292
0.1085
0.0478
0.08024
0
0
0.02477
0.15284
0
0.08394
0.05019
0
0.07478
0.21137
0.70357
0.06553
0.1503
0
0.12019
0.06781
0
0.02184
0.02294
0
0
0
0.06305
0.13096
0
0
0
0
0.09474
0
0.06299
0.10555
0
0.11759
0
0.04121
0
0.06521
0.06317
0
0
0.11742
0.07478
0.11913
0.1483
0.19615
0
0
0
0
0
0
0.10071
0
0
0.16105
0
0.05789
0.12299
0
0.03764
0.17096
0.12453
0.13219
0.19554
0.05597
0
0
0
0
0.05718
0.17039
0.0826
0
0
0
0
0.05588
0.05735
0.09197
0
0
0.16567
0
0
0
0
0
0.07727
0.10195
0
0.29465
0.12488
0.1074
0
0
0
0
0
0
0
0.1089
0
0
0.06858
0.0653
0
0
0.28363
0
0
0
0
0
0
0
0
0
0
0
0
0
0
0
0
0
0.53701
0.40194
0.60325
0.1085
0
0
0
0
0
0
0.60269
0.05507
0
0.06504
0.07684
0.12022
0
0.11698
0
0
0
0
0
0
0.09813
0
0
0
0
0.11787
0.59638
0.70964
0.06231
0
0
0
0
0.09683
0.15899
0.11946
0
0.06301
0
0.0642
0.53009
0.23841
0.44499
0.59408
0.32092
0.50833
0.20041
0
0
0
0.1503
0
0
0.03907
0
0.11681
0
0
0
0
0
0
0
0
0
0
0
0
0
0.69603
0.05579
0.52686
0.29967
0.08397
0.38202
0.17051
0.1883
0.24361
0.13475
0.09523
0.4603
0.39445
0.12151
0.66683
0.37348
0
0
0
0
0.04109
0
0
0
0
0
0
0
0
0
0.55369
0.18046
0.16844
0.36157
0.17413
0.05051
0.18281
0.36886
0.17955
0.07436
0.18003
0
0
0
0
0
0
0
0
0.04251
0.42377
0.10656
0.2879
0
0.07631
0.26222
0.41236
0.47834
0.44506
0.38087
0.5273
0.46551
0.58262
0.3591
0.188
0
0.09207
0.35252
0.08327
0.14647
0
0.10586
0.19024
0.19577
0
0.06686
0.46507
0.3237
0.2965
0.22063
0.72291
0.46582
0.42378
0
0
0
0
0
0.02042
0
0
0
0
0
0
0
0
0
0
0
0
0
0
0.02144
0
0
0.57513
0.26626
0.32463
0.15557
0
0
0.05785
0.12678
0.17121
0.05611
0
0
0
0
0
0.10622
0.14016
0.50665
0.24965
0.26231
0.24242
0.10677
0.17051
0.17049
0
0.15804
0
0.21222
0
0
0.13812
0.21883
0.12508
0
0
0.03742
0
0.05629
0.07392
0.0743
0
0
0.12693
0.12302
0
0
0.04313
0.25664
0
0.13125
0
0
0.36093
0.20541
0.70181
0.67716
0
0.13153
0
0.05765
0
0.11645
0
0
0.10944
0
0
0
0.33295
0.05204
0.70041
0.35586
0.02099
0.1123
0
0.01923
0.04198
0.13108
0
0.0192
0.08427
0.05104
0.12051
0
0
0
0
0
0.12848
0.19508
0.15925
0.43962
0.10248
0.19418
0
0
0
0
0.01877
0
0.12846
0
0.74213
0.19997
0
0.0584
0
0
0
0
0
0.11737
0
0
0.09711
0.05794
0
0
0
0
0
0
0.02497
0
0.1227
0.26843
0.05142
0.02507
0.02497
0
0
0
0
0
0.11631
0.06771
0
0
0
0
0
0
0
0.26512
0
0
0
0.05554
0.03725
0.12328
0
0.07488
0.51544
0.23209
0.6053
0.23343
0.05185
0
0.07867
0.07458
0
0
0
0
0
0
0
0
0
0
0
0.36149
0
0
0
0.06558
0
0
0
0
0.47057
0.06772
0
0
0
0.21749
0
0
0
0
0
0
0
0
0
0
0
0
0
0.04377
0
0
0
0
0
0.03961
0.05017
0
0
0.05885
0
0
0.20234
0.34023
0
0
0
0
0.07273
0
0.44473
0
0
0.27475
0
0
0
0.07563
0
0.06579
0.0722
0.14127
0
0
0
0
0
0
0
0
0
0.11961
0
0
0
0
0
0
0
0.44517
0.13859
0.32584
0.45151
0
0
0.07278
0
0
0
0
0.54895
0
0
0
0.52144
0.10004
0.1995
0.2662
0
0.07554
0
0.05678
0
0.10115
0
0.05696
0.06097
0
0
0
0.09251
0
0
0
0.09848
0
0
0
0
0
0
0
0.29275
0.41077
0.21839
0.34022
0.26055
0.13032
0.2345
0.21465
0
0
0
0
0
0.19235
0
0
0.07411
0.06661
0.13395
0.11869
0.48153
0.54592
0.24829
0
0
0
0
0
0
0
0
0.22066
0.47947
0
0
0
0
0
0
0
0
0.07258
0.17554
0.53276
0
0
0.07274
0
0
0.29136
0
0
0
0
0
0
0
0
0
0
0
0.06172
0.07828
0
0
0
0.0644
0.07199
0
0.06696
0.0223
0.13109
0
0.07204
0
0.21542
0
0.56491
0.47151
0.39337
0.317
0.08383
0.49029
0
0
0
0.07377
0
0.2547
0.07057
0
0.12454
0.23815
0
0.11112
0.17448
0.25171
0
0
0
0
0
0.17109
0.21788
0
0.09236
0
0
0
0
0.05641
0
0
0.19025
0.01915
0
0.1403
0
0
0.18722
0
0
0
0
0
0.07318
0.33049
0.39363
0
0.14328
0.77973
0.11932
0
0
0.07466
0.09719
0
0
0
0.05628
0.0756
0
0.02482
0.40066
0.05109
0.02102
0.06061
0.09836
0
0
0
0
0
0
0
0
0
0
0.0573
0.07547
0
0
0.01944
0.18254
0
0.0587
0
0
0
0.26835
0
0
0
0.37133
0.13942
0.26949
0.08612
0
0.07142
0
0
0
0
0
0.05654
0
0.03934
0
0.18249
0
0.06307
0.20623
0.53866
0.07128
0
0
0.04712
0.02254
0.49493
0
0
0.05669
0
0
0.07615
0
0
0.05756
0
0
0.21998
0.15387
0
0.30998
0.07267
0.24286
0.12444
0.07486
0.14396
0
0
0.02159
0
0.05388
0.05633
0
0.01813
0.03844
0
0.03877
0.05615
0
0
0
0
0
0
0.11881
0
0.06658
0.22208
0.36639
0.35988
0.35775
0.07209
0
0
0
0.06337
0.06193
0.06103
0.0625
0
0
0.06602
0.08286
0.06304
0.10664
0
0.0575
0.06307
0.13053
0.13074
0
0
0.07423
0
0
0.10072
0.05056
0.08236
0.17169
0
0
0
0
0
0
0
0
0.35937
0.17156
0.58963
0
0.07221
0
0
0
0
0
0
0
0
0.2368
0
0.06544
0
0.06499
0
0
0
0
0
0
0.05054
0.22407
0.07788
0
0.07131
0
0
0
0.53415
0
0
0
0.03508
0.12449
0
0
0
0
0
0
0
0
0.06225
0.02038
0
0
0
0
0.11926
0.09812
0.11858
0.16465
0.16678
0
0
0
0
0
0
0
0.07126
0
0.26661
0.1887
0.2648
0
0
0
0
0
0
0
0
0
0.06564
0.07133
0
0
0.30137
0
0.07336
0
0
0
0
0
0
0
0
0.19024
0.24953
0
0
0
0
0
0
0
0.02497
0
0
0
0
0
0
0
0.06942
0
0
0
0.171
0
0
0
0
0
0
0
0
0
0
0.11741
0.71769
0.24362
0.09788
0
0
0
0.06496
0.28929
0.40147
0.12861
0.26465
0.52846
0.07222
0
0.3455
0.29344
0
0
0
0.02172
0
0.07163
0.07152
0
0.33986
0.38467
0.47204
0
0
0.46387
0.06717
0
0
0.06451
0
0
0
0.04298
0
0
0
0
0
0
0.0655
0
0
0
0
0
0.32264
0.51527
0
0
0
0.05065
0
0
0
0
0.18214
0
0.39318
0
0
0.18211
0.61582
0.60076
0
0
0
0
0
0
0.07158
0
0.07338
0.11893
0.07471
0
0
0
0.1284
0.03755
0
0.21981
0
0
0
0
0
0
0.06764
0.07076
0
0
0.07319
0
0
0.3713
0
0
0.08665
0.4426
0
0
0
0
0.03569
0.07161
0
0.48265
0.49024
0.36302
0.42577
0.60574
0.40933
0.35025
0.35795
0.11714
0
0
0
0
0.07527
0
0
0
0
0
0
0
0
0
0
0
0
0
0
0.07142
0.06529
0.66362
0.06582
0.05515
0
0
0
0.0767
0
0
0
0
0
0.21241
0.10724
0
0.07112
0
0
0
0
0.04151
0
0
0
0
0
0
0
0
0.67586
0
0
0
0
0
0.07169
0.25909
0.01728
0
0
0
0
0
0
0
0
0
0
0
0.20507
0.08426
0.0509
0.0719
0
0
0
0
0
0.125
0
0
0.07147
0
0
0.07171
0.39973
0.30575
0.37452
0.50212
0.50928
0.3558
0.07338
0
0
0
0
0
0
0
0
0
0
0
0
0
0.1712
0.11378
0.13944
0.24722
0.16098
0.0666
0.04873
0.13237
0.07464
0.03412
0
0
0
0
0.07208
0
0
0
0.48202
0.19055
0.51289
0.26243
0
0
0
0
0
0
0.28751
0.12116
0.23682
0
0
0
0
0
0
0
0
0
0
0
0.01719
0
0.073
0
0
0
0
0
0
0
0
0
0.14722
0
0
0
0
0.05642
0.12879
0
0.11913
0.07544
0.18404
0.085
0.18902
0.12161
0
0
0
0.12462
0.12956
0.25324
0.05297
0
0
0.16985
0.27276
0
0.03919
0.05419
0
0
0
0
0
0
0.07474
0
0.1184
0.07304
0
0
0
0
0
0
0
0.07206
0
0
0
0
0.07031
0.06626
0
0
0.02373
0.04715
0
0.25426
0
0.06312
0
0.05751
0
0
0
0
0
0
0
0
0
0
0
0
0
0
0.10864
0.13482
0
0.20648
0
0
0.14048
0.0715
0
0
0
0.31648
0.3599
0
0
0
0
0.0571
0.01787
0
0
0.07875
0
0.05662
0
0
0
0
0.16511
0.11867
0.07393
0
0
0
0
0
0.2855
0.07173
0
0
0
0
0
0.19419
0
0
0.04267
0.19784
0.06496
0.14677
0
0
0
0.12546
0.29189
0.32677
0.11891
0
0
0
0
0
0
0
0.07121
0.23762
0.18445
0
0
0
0
0
0
0
0.0655
0
0.04552
0
0
0
0
0
0
0.05733
0
0.07519
0
0.05698
0
0
0.05661
0.07604
0.48354
0.3042
0
0
0
0
0
0.11935
0.08994
0.63866
0.30629
0.19786
0.34024
0.07297
0.26212
0.11181
0
0.03669
0
0
0
0
0
0.07792
0
0.0659
0
0.14155
0
0
0
0.12434
0
0
0.07334
0
0.06413
0
0
0
0
0
0
0
0
0
0.02527
0
0
0
0
0
0
0
0
0
0
0
0
0
0
0
0
0
0
0
0
0
0
0
0
0
0
0
0
0
0
0
0
0
0
0
0
0
0
0.02188
0.07257
0
0
0.20868
0
0
0
0
0.243
0
0
0
0.12415
0
0
0.12395
0.07322
0
0
0
0
0.63652
0.19632
0.69953
0.53137
0.07629
0
0
0.07075
0
0
0.0641
0
0
0
0
0
0.12537
0
0.08966
0.06133
0
0
0
0.11793
0
0
0
0
0
0
0.12398
0.20785
0.34144
0.10851
0.17507
0
0
0
0
0.06477
0
0
0
0
0
0.32128
0.22209
0.4386
0
0.05849
0.05668
0.13172
0
0
0
0.03975
0.07144
0.02832
0.10607
0
0
0
0
0
0
0
0
0
0
0
0
0.36766
0
0.06737
0
0.06457
0
0
0
0
0
0
0
0
0
0.07101
0
0.12166
0
0.10745
0
0
0.05627
0
0
0
0
0
0
0
0.10814
0
0.09346
0
0
0
0
0
0
0
0.02419
0.07162
0.06489
0.06615
0
0.07583
0
0
0
0
0.07371
0
0
0
0
0
0.06897
0.19103
0.07565
0
0
0
0
0
0.06681
0
0
0.0941
0
0
0
0
0
0
0.12459
0.0731
0.07324
0.16691
0
0
0
0
0.04961
0.07543
0
0
0
0
0
0
0
0
0
0
0
0
0
0
0
0
0
0
0
0.0662
0
0
0
0.07638
0.55651
0
0
0
0.17064
0.06474
0
0
0.18947
0.11361
0.13007
0.53737
0.41388
0
0
0
0.13279
0.46557
0.18393
0
0
0
0
0
0
0
0
0
0.07388
0
0
0.09496
0
0
0
0.06702
0
0.0734
0
0
0
0.70599
0.04791
0.06671
0
0
0
0
0.36482
0.2325
0
0
0
0
0.07759
0
0
0
0
0.06466
0
0
0.67491
0
0
0
0
0
0
0
0
0.1755
0
0
0.15248
0
0.10085
0
0
0.10719
0
0.19211
0
0
0
0
0
0.03548
0.19103
0
0.27752
0
0
0.07134
0
0
0
0
0
0.4127
0
0.13377
0.08999
0.13327
0.08915
0.08601
0.47615
0.47419
0
0
0
0
0
0
0
0.18275
0
0
0
0
0.06655
0
0
0.06435
0.11669
0.12229
0
0
0.33019
0.20937
0
0
0.07706
0
0
0.12092
0.06476
0
0
0
0
0.10911
0
0.31761
0
0.27408
0.23353
0
0.07715
0.14507
0.25252
0.11552
0.20798
0.08142
0.07813
0.47812
0.03493
0.21194
0.16891
0
0.12713
0
0.41603
0.38646
0.25165
0
0
0
0
0
0
0.07087
0
0.11896
0
0
0
0
0
0
0
0
0
0
0.07417
0
0
0.05593
0.38801
0.43405
0.35433
0
0
0
0
0
0.67295
0
0
0
0
0
0
0.47471
0.80639
0.48004
0
0.60435
0.07434
0.19113
0.06738
0
0
0.22611
0.12357
0.07539
0
0
0
0
0.02148
0
0
0
0
0.06698
0
0.14057
0
0
0
0
0.06443
0
0.02013
0
0
0
0.11713
0
0
0
0
0
0.44982
0
0
0
0
0
0
0.11692
0
0
0
0
0
0
0
0
0
0.06206
0
0
0
0
0.06742
0
0
0
0
0
0
0
0
0
0
0.06694
0.06655
0
0.06343
0
0.06851
0.11882
0.41411
0
0
0
0
0.06097
0
0
0
0.06512
0.5962
0.10318
0.18667
0.16013
0.08976
0.18638
0.11121
0
0
0.19003
0
0
0
0
0.07429
0
0
0
0
0
0
0
0
0
0
0
0
0
0
0
0
0.51424
0
0.05956
0
0
0.05774
0
0.1315
0
0
0
0.0593
0
0.26764
0
0
0
0
0
0
0
0
0
0
0
0.20101
0.11869
0
0
0
0
0
0
0
0
0
0
0.06744
0
0
0.06922
0
0
0
0
0
0
0
0
0
0
0
0
0
0
0
0
0.01723
0
0
0.07141
0
0
0
0
0
0
0.10639
0
0
0.04746
0
0
0
0
0
0
0
0
0
0
0.43596
0.27456
0.11942
0.20772
0.11624
0.6277
0.54001
0.286
0.27465
0.07389
0
0
0
0
0
0
0
0
0
0.22571
0
0
0
0
0
0
0
0
0
0
0
0.34244
0.11583
0.11682
0.04391
0.07475
0
0
0.06547
0
0.06471
0.11917
0.02065
0
0
0
0
0
0
0
0
0
0
0
0.25852
0
0.02131
0
0.51535
0
0.0548
0
0.11846
0
0
0
0
0
0.21223
0
0
0
0
0
0
0
0.02511
0.07717
0
0
0
0.11307
0.10991
0.23251
0
0
0
0.07802
0
0.06683
0.1344
0.05068
0.07325
0
0
0
0
0
0
0
0
0
0
0
0
0.28277
0
0
0
0.06454
0
0
0
0.19323
0.26145
0.206
0.06391
0.2673
0.13109
0.06163
0.17047
0
0
0
0
0
0
0.21292
0
0.12966
0.0558
0
0.07883
0
0.1395
0.19014
0.46862
0
0.09957
0
0.20454
0
0
0
0
0.12955
0.11263
0
0
0.17999
0.07281
0.02398
0
0
0
0.41331
0.52195
0.57226
0.06497
0.06473
0.07504
0.10842
0
0
0.21956
0.2235
0
0
0
0
0.073
0.19259
0.13158
0.11746
0.24324
0.40017
0
0
0.09029
0.06744
0
0
0
0
0
0
0
0.07174
0
0
0.06891
0.07202
0
0
0
0
0.23831
0
0.07215
0.06703
0
0
0
0
0
0.18883
0
0.5967
0
0
0
0
0
0
0
0
0
0
0
0
0
0
0
0
0
0
0
0
0
0
0
0
0
0
0
0
0
0
0
0
0
0
0
0
0
0
0
0
0
0
0
0
0
0
0
0
0
0
0
0
0
0
0
0
0
0.12353
0
0
0
0
0
0
0
0
0
0.07387
0
0
0
0.1743
0.41872
0
0
0
0
0
0
0
0
0
0
0
0
0
0
0
0
0
0
0
0
0
0
0
0
0.19178
0.11481
0
0
0
0
0
0
0
0
0
0.07075
0
0
0
0.78465
0.05833
0
0.03784
0
0.13965
0.05727
0
0
0
0.07478
0.05821
0
0
0.19032
0
0.25656
0
0
0.11499
0
0.08536
0.6012
0.45897
0.39235
0
0
0
0
0
0.02388
0.25079
0.42201
0
0.2853
0
0
0
0
0
0
0
0
0
0
0
0
0
0
0
0
0
0
0
0
0
0
0
0.05052
0
0
0
0
0
0
0
0
0
0
0
0
0
0
0
0
0
0
0
0
0
0
0
0
0
0
0
0
0
0
0
0
0
0.01701
0
0
0
0
0.12217
0
0
0
0
0
0.09703
0.13264
0.08987
0.06688
0
0
0
0
0
0
0
0.01728
0
0
0
0
0
0.16095
0
0.07747
0.14441
0
0
0
0
0.12055
0
0.16796
0
0
0
0
0.39242
0.06306
0
0
0
0
0
0
0.14806
0
0
0
0
0
0
0
0
0.05928
0
0
0
0
0
0.08583
0.19382
0.21095
0.62014
0.34534
0
0
0
0.07511
0
0
0
0
0.07078
0
0
0.47143
0
0
0
0.15865
0.09807
0
0
0
0.21531
0.05059
0
0
0
0
0
0
0
0.06421
0
0
0
0
0
0
0
0.24517
0
0
0
0
0
0
0
0
0
0
0
0.07318
0
0
0
0
0
0
0
0
0
0
0
0
0
0
0
0
0.0645
0
0
0
0
0
0
0
0.06058
0
0.06469
0.10784
0
0
0.21421
0.09016
0
0.10938
0
0.0671
0
0.04028
0.06559
0
0.26032
0.41302
0.05058
0
0
0.06629
0
0
0
0.0643
0.06485
0
0
0.05284
0
0
0
0
0
0.52945
0.22394
0
0.13201
0.12521
0
0
0
0
0
0
0
0
0
0.31681
0
0
0
0
0
0
0
0
0
0.13521
0.19455
0
0
0
0
0.07427
0
0
0
0
0.07455
0.51923
0
0
0.11746
0
0
0
0
0
0.17277
0
0
0
0
0
0
0
0
0
0
0
0
0
0
0.66122
0.09373
0.07821
0
0
0
0.05307
0
0
0
0.0669
0
0
0
0.06512
0
0.06442
0
0
0
0.16074
0.04203
0.29496
0.06307
0.14502
0
0.24759
0.18187
0.1159
0
0.14557
0
0.04803
0.02307
0
0
0.67482
0.54033
0.35715
0.69454
0.43187
0.50531
0.36314
0.43483
0.18793
0.07062
0
0
0
0
0
0
0
0.05068
0.50169
0.08107
0.13255
0
0
0.0427
0
0
0
0
0
0
0
0
0
0
0
0
0.15585
0.09768
0
0.07559
0
0
0
0.07702
0
0
0.05735
0.05903
0
0
0
0
0
0
0
0.18819
0.13812
0.25385
0
0
0
0
0.5807
0.13165
0
0
0
0
0
0
0.0589
0
0
0.11756
0
0
0
0.08279
0
0.34538
0.64758
0
0
0.0707
0
0.06668
0
0
0
0.26416
0.05072
0.55371
0.24635
0.14359
0
0.61924
0.22572
0
0
0
0
0
0
0
0
0
0
0.72729
0.12453
0.11874
0.55469
0.04789
0
0.01728
0
0
0
0.05357
0.14778
0
0
0
0
0
0
0.11546
0.17074
0.2939
0.12419
0.17286
0.17362
0.44885
0.05958
0.05893
0
0
0
0
0
0
0.05101
0
0
0
0
0.07058
0
0
0
0
0
0
0
0
0.49366
0
0
0
0
0
0
0
0
0
0.15248
0.24186
0
0
0
0.07493
0.13027
0
0
0
0
0
0
0
0
0
0.22469
0
0
0
0
0
0
0.07108
0
0
0
0
0
0
0.017
0.05582
0.10969
0.07564
0
0
0
0
0
0
0.0712
0
0
0.11863
0
0
0
0
0
0
0
0.38676
0
0
0
0
0
0
0.13036
0
0
0
0.16013
0.15579
0.25173
0
0
0
0.06837
0
0.0652
0
0
0
0
0
0
0
0
0
0
0
0
0
0
0
0.07419
0.38772
0
0
0
0
0.22511
0
0.10472
0
0
0
0
0
0
0
0
0.06582
0.01705
0
0
0
0
0
0
0
0.21419
0
0.42268
0.44443
0.13069
0.04643
0.12352
0
0.06835
0.40551
0
0
0
0
0
0
0
0
0
0
0
0
0
0.19781
0
0
0
0
0.53624
0.39282
0.05042
0.49629
0
0.07403
0
0
0
0.18674
0.09177
0.25254
0.21491
0.41369
0.57181
0
0.22953
0.26521
0
0.05762
0.06309
0.08022
0
0.05789
0.08007
0
0.08186
0.01917
0
0
0.13103
0.13139
0.06304
0
0
0.13058
0
0
0
0.11915
0
0
0
0
0
0
0
0
0
0
0
0
0
0
0
0.31264
0.06306
0
0
0.06026
0
0
0
0
0
0
0
0
0
0.07231
0.19641
0.03805
0
0.415
0.131
0.16611
0.06302
0
0
0.12185
0.07196
0
0.04739
0
0
0
0
0
0.07491
0
0.07001
0
0
0
0
0.55942
0
0.02437
0.02606
0
0.12895
0.16751
0
0
0.07151
0
0.11909
0
0
0
0
0
0
0
0
0.16766
0
0
0
0
0
0
0
0
0
0.11941
0
0.4446
0
0
0
0
0
0.7335
0.46092
0.32813
0.0507
0.05898
0.06306
0.08279
0
0
0
0
0
0
0
0.05179
0.27268
0.02361
0
0
0
0
0
0.07177
0
0.63898
0.18615
0
0
0
0
0.41456
0
0
0
0.07682
0
0
0
0
0
0.17258
0.11162
0
0.04266
0
0
0
0
0
0
0.11723
0
0
0
0
0
0.06346
0
0
0
0
0
0.26451
0
0
0.07116
0
0.06601
0
0
0.02361
0
0
0.05053
0.55601
0
0.07396
0
0
0.06434
0
0
0
0
0.04714
0
0
0.06427
0
0
0
0.07671
0
0
0
0
0.046
0
0.07441
0.0749
0
0.10932
0
0
0
0
0
0
0.02523
0
0
0
0
0
0.06719
0
0.07097
0.07146
0
0
0
0
0
0.01754
0.42565
0.42272
0
0
0
0.47446
0.06356
0
0
0
0.06639
0.53108
0.51969
0.70222
0.60891
0.47522
0
0
0
0
0
0
0.68918
0
0.11876
0.34076
0.3967
0
0
0
0.06444
0.11659
0
0
0
0
0.06494
0
0.1092
0.07607
0
0
0
0
0.19507
0.07028
0
0.18723
0
0
0
0.07969
0.56351
0
0
0
0
0
0
0
0
0
0
0
0
0
0
0
0
0
0
0
0
0
0
0
0
0.09938
0.1174
0
0
0.0739
0
0
0
0
0
0.05075
0.14653
0.05097
0.08893
0.02195
0
0.07404
0
0.08225
0
0
0
0
0
0
0
0
0
0
0
0
0
0
0
0.17558
0.04946
0
0.04945
0
0
0
0.10962
0
0.07177
0
0
0
0
0
0
0.25507
0
0.56117
0.18861
0.24237
0
0
0
0
0
0
0
0
0.07228
0
0
0.26124
0
0
0
0
0
0.05324
0
0
0
0
0
0.12436
0
0
0
0.26142
0.06586
0.14873
0.2599
0
0
0
0
0.0193
0.03862
0
0
0.13159
0.13171
0
0
0.05741
0
0.09324
0
0
0
0
0
0
0
0
0
0
0
0
0
0
0
0
0
0
0
0
0
0
0
0
0
0
0
0
0
0
0
0
0.03519
0
0
0
0.07253
0
0
0
0
0
0
0
0
0
0
0
0
0.4355
0.34424
0.14897
0
0
0
0
0
0
0
0
0
0
0
0
0
0
0
0
0
0
0
0
0
0
0
0
0
0
0
0
0
0
0
0
0
0
0
0
0
0
0
0
0
0
0
0
0
0
0
0
0.1518
0
0.0537
0.05657
0
0.07636
0.05628
0
0
0.05718
0
0.07497
0
0
0.02064
0
0
0
0
0
0
0
0
0
0
0
0
0.05061
0
0
0
0
0
0
0
0
0
0
0
0
0
0
0
0
0
0
0
0
0
0
0.07629
0.06648
0
0.13881
0
0
0
0
0
0
0
0
0
0
0
0
0.017
0
0.05082
0
0
0.1087
0.23495
0
0
0
0.16636
0
0
0.0744
0.07701
0
0
0.06601
0
0
0
0
0
0
0
0
0
0
0
0
0
0
0
0
0
0
0
0
0
0
0
0
0
0
0
0
0
0.27445
0
0
0
0.02539
0
0
0
0
0
0
0
0.05283
0
0
0
0
0
0
0.06676
0.1308
0.02507
0
0
0.06701
0
0
0
0
0
0
0
0
0
0
0
0
0
0
0
0
0
0
0
0
0
0
0.05836
0.10253
0.27266
0.14711
0
0
0
0.1802
0
0
0.06573
0.45563
0.34692
0.39784
0
0
0
0
0
0
0
0
0
0
0
0.50305
0.34017
0.41491
0
0
0
0
0
0
0
0
0.07543
0.70512
0.54804
0.4935
0.13002
0.128
0
0
0
0
0.05038
0.15405
0
0
0
0
0
0
0
0
0
0
0
0
0
0.02274
0
0.07203
0
0
0
0
0
0
0
0
0
0
0
0
0
0
0
0.06642
0
0
0.06091
0
0
0
0.62282
0.285
0
0
0
0.15352
0
0
0.16154
0
0
0
0
0
0
0
0
0
0
0
0
0
0
0.23302
0.0427
0.07206
0
0
0.10766
0
0
0
0
0
0
0
0
0
0.04052
0
0
0.0668
0.02632
0
0
0
0
0
0
0
0
0.18864
0.19952
0.11732
0.10811
0
0
0
0
0
0.04961
0
0
0.18949
0.05756
0
0
0
0.07533
0
0
0
0.06528
0
0
0
0.18685
0
0.19323
0
0
0
0.02337
0.06705
0
0.38364
0.10889
0
0
0.42175
0
0
0.07704
0
0
0
0
0
0
0
0
0
0.03401
0
0.07503
0.0668
0
0
0
0
0
0
0
0.06552
0.06577
0.05032
0
0
0
0.17169
0.13826
0.23801
0.07934
0.03655
0
0.1302
0
0
0.07114
0
0
0.07933
0.38274
0
0.11457
0.07319
0
0
0
0
0
0.11868
0.7658
0.26295
0.12059
0
0.15681
0
0
0.1692
0
0.29656
0.06181
0.10657
0.12816
0.15025
0
0.10884
0.36801
0
0.09796
0.13007
0
0.10937
0
0.07258
0
0
0
0
0
0
0.06746
0
0
0
0
0
0
0.07459
0
0.0571
0
0
0
0.07769
0.0542
0
0
0
0.07814
0.07741
0
0
0.07173
0.02385
0
0.05732
0
0
0.08068
0.11856
0.13045
0.06633
0
0
0.09495
0
0
0.11611
0
0.01808
0
0.54957
0.56315
0.58739
0
0.27522
0.38879
0
0
0
0.44234
0.52233
0.45336
0.70742
0.10968
0.36708
0.26233
0.36942
0.22413
0.29713
0.18788
0.36972
0
0
0.05815
0
0.11655
0
0.11946
0.06083
0
0
0
0.06338
0.05504
0
0
0
0.13146
0.20919
0
0
0.06116
0.08088
0.06347
0
0
0.082
0.11718
0.06077
0.06189
0
0
0
0
0
0.01904
0.05921
0
0.48944
0.54698
0.33182
0
0
0.06419
0.33045
0
0.15746
0.23655
0.09846
0
0.307
0
0.18979
0.08319
0.02511
0.13161
0.05856
0
0.16341
0.0372
0
0
0.03693
0
0.10852
0
0.10038
0.34411
0.06161
0.01962
0.29937
0.70449
0.4843
0.30533
0.094
0.14833
0.0823
0
0.18252
0
0
0.14692
0.03813
0
0.07763
0.32173
0.12516
0
0
0
0.2248
0
0
0
0
0
0
0
0
0
0
0
0
0
0
0.23492
0.11912
0
0.11991
0
0
0.54669
0.63789
0.50566
0.12931
0.11684
0
0
0
0
0.05478
0.06125
0.47852
0.16987
0.1873
0.12327
0.16772
0
0
0
0
0.07236
0
0.06307
0
0.35086
0
0.12352
0
0
0.07454
0.54842
0
0
0
0
0.20368
0.59671
0.06124
0
0.34131
0.12762
0
0.03777
0.04475
0.05136
0.07458
0.03843
0
0.112
0.02099
0.61376
0
0
0
0
0.81132
0.5196
0
0
0
0
0.10842
0.27256
0.05097
0
0.35302
0
0
0
0.41286
0
0
0.03824
0.05882
0
0.17002
0
0
0.11752
0
0
0
0
0.11929
0
0.28191
0.07116
0
0.07782
0
0
0
0.18249
0.09649
0.06672
0.05528
0
0
0
0
0.08076
0.13471
0.06731
0.11237
0.07218
0
0
0
0
0
0.07306
0
0
0
0
0
0.18971
0.06305
0.14848
0.20743
0
0
0
0
0
0
0
0
0
0
0.06693
0
0
0.13094
0
0
0
0.41603
0.34993
0.08036
0
0.01845
0.02458
0.26723
0
0.05087
0.13372
0
0
0
0
0
0
0
0.12282
0
0.41135
0.06786
0
0.0721
0.1465
0
0.35674
0
0
0
0
0
0
0
0.06509
0.07079
0
0.07138
0.04691
0
0
0
0.06641
0.0534
0.07076
0
0
0.21567
0.11544
0.30732
0.08603
0
0.07801
0.02236
0.34645
0.04034
0
0.07218
0
0
0.25668
0.11783
0
0
0
0
0
0
0
0
0
0
0
0
0.02466
0.33558
0
0.07144
0
0.06933
0
0
0.06957
0.07221
0.07192
0.33789
0
0
0.0417
0
0
0
0
0
0
0.07678
0
0
0.07132
0.07363
0
0.07064
0
0.07136
0
0
0
0.07136
0
0.07184
0
0
0
0
0
0
0.0478
0.06827
0.14965
0
0
0.09069
0
0
0.05076
0.05105
0
0.24251
0
0.20015
0.07213
0
0.10146
0.10224
0
0
0
0
0.11321
0.14309
0
0
0
0
0
0.19083
0.14395
0
0
0
0
0
0
0
0
0
0.0727
0
0
0
0
0
0
0
0.71635
0.86154
0.06675
0.12961
0.14336
0
0
0
0
0.05768
0
0.0388
0
0
0
0
0
0
0
0
0.3661
0.4266
0
0
0.04683
0.07233
0
0
0
0.11855
0.07361
0
0
0
0
0.07625
0.07412
0
0
0
0.06752
0
0
0.0526
0
0
0
0.20634
0
0
0
0
0
0
0.14915
0
0
0
0.11581
0
0
0.05086
0
0.07182
0.19601
0
0
0
0
0
0.1414
0
0
0.07088
0
0.06827
0
0
0
0
0
0
0
0
0
0
0
0
0
0
0
0
0.13991
0
0
0.07597
0
0.17016
0.07204
0
0
0
0
0.02432
0
0
0
0
0.22763
0.40665
0
0
0
0
0.7458
0
0
0
0
0
0
0
0
0
0
0.12341
0.10245
0
0
0
0
0
0
0
0
0
0
0
0
0
0
0
0
0.32808
0
0.06846
0
0
0
0
0
0.04373
0
0.33619
0.07968
0.26114
0
0
0
0
0
0.21885
0
0
0
0
0
0
0
0.07303
0
0.0945
0
0
0
0.04306
0
0
0
0
0
0
0
0.15006
0
0.13822
0.1537
0.09773
0.06661
0.07308
0
0
0
0
0
0
0
0.26608
0
0.10921
0.03865
0
0
0.31564
0
0
0
0
0
0
0
0.04815
0
0.07639
0
0.29926
0
0.58077
0.05097
0.24164
0.24283
0
0.26744
0
0.06587
0.0649
0
0
0
0
0
0
0
0
0
0
0
0
0
0.06323
0.26248
0
0
0
0
0.07266
0
0
0
0.14766
0.34464
0
0.11651
0
0
0
0
0
0
0.07114
0
0
0
0.06536
0.06752
0
0.1961
0
0
0
0.31793
0
0
0
0
0.06135
0
0
0
0
0
0.10987
0
0.14896
0
0.07748
0.26881
0
0
0
0
0
0.21254
0.07134
0
0.32345
0
0
0.14599
0
0
0
0.07404
0
0
0
0
0
0
0
0
0
0
0
0.25773
0.19223
0
0
0.07137
0
0.07726
0.09199
0
0
0
0
0.27457
0.38836
0.07535
0.11864
0
0
0
0
0.14894
0.35291
0.21467
0
0
0
0
0
0
0
0
0
0
0
0
0
0
0
0
0
0.2063
0.14395
0.21018
0
0
0
0
0
0
0
0
0.06306
0
0.06308
0.18979
0
0
0
0.11594
0
0
0.25082
0
0.17343
0.17361
0
0
0.06431
0
0.06627
0.28065
0.52968
0
0
0
0
0
0.1354
0.1329
0
0
0.102
0.06695
0.04704
0.07043
0
0
0
0
0
0.09519
0
0
0
0
0
0.11888
0
0
0
0
0
0.2754
0
0
0
0
0.0723
0.10833
0
0
0
0
0
0
0
0
0.07426
0
0.05745
0
0
0
0.09016
0
0
0
0.21643
0.05743
0
0
0
0
0
0
0
0
0
0.16961
0.05042
0
0.07601
0
0.07882
0
0
0
0
0
0.61171
0
0
0
0
0.07444
0.32417
0
0
0
0
0
0
0
0
0
0
0
0
0
0
0
0.04946
0
0
0
0.54956
0.05864
0
0.06304
0
0
0
0
0
0.06302
0.18962
0
0
0
0
0.13071
0
0
0.17021
0
0
0.19061
0
0
0
0
0
0
0
0.11887
0
0.0809
0
0
0
0
0
0.41423
0
0
0
0.1192
0
0
0
0
0
0.05893
0.05786
0
0
0.06036
0
0
0
0
0
0
0
0
0
0
0.11556
0
0.07443
0.07425
0.02513
0.09022
0.072
0
0.07366
0
0
0
0
0
0.1268
0
0
0
0
0
0
0.06533
0
0
0
0
0.26251
0
0
0
0.29919
0
0.18505
0
0
0
0
0
0
0
0
0
0
0
0.0651
0.11372
0.12101
0.06752
0
0
0
0
0
0
0
0
0
0.191
0
0.07229
0
0.05884
0.01817
0
0
0
0
0
0.26012
0.07492
0
0
0
0
0
0
0
0
0
0
0.5678
0.05074
0
0
0
0.02293
0.07259
0.13042
0
0.06288
0
0
0.15039
0
0
0.07699
0
0.06499
0
0.06809
0
0
0
0
0
0
0
0
0
0
0
0.04695
0.37244
0.04517
0
0
0
0
0.59873
0.21232
0.58823
0.3355
0
0
0
0
0
0.04293
0.12479
0
0
0
0
0
0
0
0
0.22271
0
0.21311
0
0
0.10081
0.05484
0
0
0
0
0
0
0
0.33739
0
0
0.18802
0.15032
0.52409
0
0
0.27747
0
0.04345
0
0
0
0
0
0.19005
0
0
0
0
0
0.18915
0
0.19353
0
0
0.07206
0
0
0
0
0
0
0.50937
0.51512
0
0.10347
0
0.40617
0.07322
0
0
0
0
0
0
0
0
0
0.0826
0.26393
0.13002
0.33751
0
0.11878
0
0
0
0
0.07368
0.07473
0.11904
0
0
0.12247
0
0.19005
0.16504
0
0
0.18259
0
0.26682
0.27319
0
0
0.37483
0
0
0.02122
0.04253
0
0.65938
0.21556
0.64111
0.28357
0
0
0
0
0.33702
0.06825
0.26312
0
0
0
0
0
0
0
0.07195
0
0.10712
0
0
0
0
0.11546
0.07478
0.03619
0
0
0.05704
0.39321
0
0.07547
0
0.05698
0.27482
0
0
0.05747
0
0
0
0.07485
0
0.05711
0.05675
0.12844
0
0
0.07571
0
0
0
0.21671
0
0
0
0.03822
0
0
0.05396
0
0.05885
0.03792
0
0.21564
0.3017
0.18765
0.15064
0
0.72126
0
0
0
0
0
0.12375
0
0
0
0
0
0
0.22903
0
0
0
0
0
0
0.06428
0
0.02075
0
0
0.14635
0
0
0.03412
0
0.2163
0.06036
0.13365
0
0
0.18958
0
0
0
0
0
0
0.23966
0.13204
0
0
0
0
0
0.10691
0
0.31286
0
0
0.13712
0
0
0
0.02307
0
0.59906
0.28583
0.06706
0
0
0
0
0
0
0
0.07463
0
0
0
0
0
0
0
0.30292
0
0
0
0
0
0
0
0
0
0
0
0
0.03641
0
0.0425
0
0
0
0
0.5967
0.08649
0.06689
0
0
0
0
0
0
0.06633
0.16172
0.11891
0
0
0
0
0
0
0
0
0
0.07212
0
0
0
0
0
0
0
0
0.07117
0
0
0.02296
0.06561
0
0.09861
0
0
0
0
0
0
0
0
0
0
0
0
0
0
0
0
0
0
0
0
0
0
0
0
0
0
0.06943
0
0.07196
0
0
0
0.06766
0
0.19264
0.12915
0
0.18994
0
0
0
0
0.10001
0
0.14972
0
0
0.20621
0.29745
0
0.04293
0.07491
0.09564
0
0
0
0
0.18676
0
0
0
0
0.1741
0
0
0
0
0
0
0
0
0
0
0
0
0
0.11687
0.06274
0.54516
0.50342
0.33202
0.50522
0.80821
0.44536
0.41713
0.68761
0.4509
0.30525
0.54148
0.56197
0.54343
0.2627
0.72248
0.30705
0.79025
0.4086
0.3772
0.34734
0.37608
0.64859
0.55624
0.07595
0.43273
0.16889
0.4844
0.70146
0.45883
0.27662
0.50326
0.35624
0.37302
0.70936
0.05063
0.08978
0.27482
0.24243
0.33621
0.21194
0.22651
0.20727
0.11328
0.07495
0.22931
0.14042
0.09326
0.24273
0.09012
0.34168
0.32948
0.29244
0.33086
0.24629
0.45963
0.49392
0.3472
0.3686
0.32448
0.36618
0.31435
0.37249
0.09219
0.26193
0.04816
0.53223
0.25559
0.23863
0.2224
0.34927
0
0.10297
0
0.06303
0
0
0.04205
0.02515
0
0
0.06303
0
0.01977
0.17028
0.05807
0.15086
0.1168
0
0.15713
0.33844
0.02512
0.13193
0.13166
0.05867
0.05681
0
0.03892
0.24273
0
0
0
0
0
0
0
0
0.05666
0.05781
0
0
0.53781
0.41669
0
0
0.04487
0
0
0
0.02015
0
0
0
0
0
0
0
0
0
0
0
0
0
0
0
0
0
0.07759
0
0
0
0
0
0
0.06662
0
0
0
0
0
0
0
0
0.35429
0
0
0
0
0.15435
0.06904
0
0
0
0
0
0
0
0
0
0
0
0
0
0
0
0
0
0
0.07111
0
0
0
0
0
0
0
0
0
0
0
0.24813
0.0701
0
0
0
0
0
0
0
0
0
0.07333
0.18952
0
0.12801
0
0
0.07153
0
0
0.072
0.07057
0
0
0
0
0
0
0
0
0
0
0
0.04776
0
