0
0.26807
0
0.26801
0
0
0.41414
0
0
0
0
0
0
0.03942
0.42788
0
0.10637
0
0.20112
0.2495
0.22995
0.14499
0
0
0
0
0
0
0.30914
0
0
0
0.24747
0
0.18507
0
0.19818
0.12399
0.15246
0.84597
0.38973
0
0
0
0
0
0
0.2864
0
0
0
0.15264
0.28115
0.4168
0
0
0.25453
0
0
0.14891
0
0.14558
0
0
0.23084
0.19395
0.15904
0
0.14521
0
0
0.18021
0
0
0
0
0
0
0.12702
0.22662
0
0
0
0
0.3422
0
0
0
0
0.15146
0
0
0
0
0
0
0.09477
0
0
0
0
0
0
0
0
0
0.11701
0
0
0
0
0
0.21444
0
0
0
0.12157
0.14329
0
0
0.51833
0
0
0
0
0.19328
0
0
0
0.24138
0.46409
0.11667
0
0
0
0
0
0.11681
0
0.80121
0
0
0.11511
0
0.84319
0
0
0
0.44901
0
0
0.23977
0
0
0
0
0
0.59357
0.50715
0
0
0
0
0.2502
0
0.49999
0.11882
0
0
0
0
0
0
0.37725
0
0
0
0
0
0
0
0
0.12661
0
0
0
0
0
0
0
0
0
0
0
0.15562
0
0
0.19859
0
0
0.23381
0
0.11433
0
0
0
0.2972
0.35524
0
0
0
0
0.04799
0
0
0
0
0.12702
0
0
0
0.55157
0
0
0.42644
0.1298
0.1675
0
0.99051
0.13842
0.3971
0
0
0
0
0.32631
0
0
0
0
0.09316
0.12048
0
0
0
0
0
0.23374
0
0
0
0.60376
0
0.20222
0
0
0
0
0.11512
0
0
0
0
0.37867
0
0.04394
0
0
0.18737
0.33857
0.25507
0
0
0
0
0
0
0.12444
0.03947
0
0
0.04926
0
0
0
0.61943
0
0
0.60681
0
0.37905
0
0
0.55851
0.1164
0.20963
0
0.71192
0
0
0.30825
0.16862
0.18944
0.59114
0.26481
0.72812
0
0
0.229
0
0.13108
0
0.1731
0
0
0.11142
0
0.12545
0
0.14172
0
0
0.11553
0
0
0.24006
0
0.19952
0
0
0
0.04642
0
0
0
0.19745
0.84743
0
0
0
0
0
0
0
0.35362
0.3093
0.15187
0
0
0
0
0.19203
0
0
0
0
0
0
0
0
0
0.70304
0.10273
0.24534
0.42111
0
0
0
0
0
0
0
0
0.25029
0.11222
0
0
0
0
0
0
0
0
0.58406
0
0
0.5732
0
0
0.13855
0
0
0
0
0.14544
0
0.1263
0.36085
0
0
0
0
0
0
0
0.142
0
0
0
0.18942
0
0.25164
0
0
0
0
0.10522
0.1529
0
0
0
0
0
0
0
0.1265
0.08561
0
0
0
0.52462
0.49541
0
0
0.16453
0
0.23169
0
0
0.09853
0.28526
0.56066
0.48652
0
0.36131
0
0
0
0.38352
0.57661
0
0
0
0.63165
0.14505
0
0
0
0.20234
0
0
0.21212
0
0.13825
0
0.23246
0
0.123
0
0
0.10295
0
0.40642
0.38249
0
0.04945
0.0844
0
0
0
0.15782
0
0
0
0.08949
0
0
0.4064
0.191
0
0.38977
0
0
0
0
0
0
0
0.19013
0
0
0
0
0
0
0
0
0.11704
0
0
0
0.2363
0
0.14743
0
0.63773
0
0.13446
0.03743
0.04729
0
0
0
0.19005
0
0
0
0
0
0.31017
0
0
0.16981
0
0
0.11135
0
0
0
0.60412
0
0
0
0
0
0
0
0
0
0
0.31752
0
0.1803
0
0
0
0
0
0
0
0.12458
0.13819
0
0.24973
0.11894
0.33953
0.12228
0
0
0.72984
0
0
0.14013
0
0
0
0
0
0
0
0.23177
0
0
0
0
0
0
0
0.2462
0
0.04279
0
0.31879
0.0347
0.12881
0.50032
0.11325
0.17177
0.12537
0
0
0
0
0.14892
0
0
0.03774
0
0
0
0
0
0.144
0.76742
0
0
0.1517
0.1854
0
0
0
0.22876
0
0
0
0
0
0.13081
0
0.62331
0
0
0
0.13732
0
0
0
0.16904
0
0
0
0.11741
0
0
0.29965
0
0
0
0
0
0
0
0
0
0
0
0
0.12921
0.14416
0
0
0
0
0
0
0.38938
0
0
0
0
0.4566
0
0
0
0
0
0.13488
0
0
0.16901
0
0
0
0.09399
0.12158
0
0
0
0.63739
0
0
0
0
0
0
0.23461
0
0.51754
0
0.23788
0
0.39971
0.54239
0
0.39146
0.15226
0
0
0
0
0.20587
0
0.38839
0.11868
0
0.12121
0
0
0
0
0
0
0.40827
0.34066
0
0.1155
0
0
0
0.45589
0.17457
0
0.25958
0.15686
0
0
0
0.12523
0.23292
0
0
0
0
0
0
0
0
0
0.19196
0
0.18437
0.74141
0
0.37672
0
0
0
0
0
0.12161
0
0
0.14787
0
0
0.12643
0
0
0
0.21876
0.14853
0
0.50964
0.09409
0
0
0.58972
0
0.40922
0
0
0.155
0
0.16001
0
0.31133
0.15191
0
0.10507
0
0
0
0
0
0
0
0.38264
0
0.415
0.14821
0
0.71784
0.29902
0
0.29105
0.56881
0
0
0.14283
0
0
0
0.10427
0
0
0
0
0.04005
0
0.23378
0.4136
0
0.26029
0
0
0
0.12628
0.1891
0.12486
0.05001
0.23115
0
0
0.15172
0
0
0
0.33235
0.12819
0
0.21671
0
0
0
0
0
0.13126
0
0
0
0.1507
0
0
0
0.11639
0.12238
0
0
0.12313
0
0
0
0
0
0
0
0
0
0
0.2285
0
0.08475
0
0.04245
0
0
0.11151
0
0.1583
0
0.18426
0
0.27719
0.11639
0.20068
0
0
0
0
0
0.53419
0
0
0
0
0.03931
0
0.10458
0
0
0.46783
0
0
0
0
0.41802
0.31962
0.61187
0
0
0.67083
0.19582
0
0
0
0.25069
0.1269
0.15002
0
0
0
0.18311
0
0
0
0
0
0
0.20871
0.41831
0
0
0.04185
0
0
0
0
0
0.14776
0.31862
0.20294
0.81904
0.11614
0
0
0
0
0.12707
0
0
0
0.30899
0.17546
0
0
0
0.04126
0
0
0
0.32701
0
0
0.61997
0.28551
0.35519
0.71295
0
0.11553
0.16258
0
0
0
0
0
0.07772
0
0
0.63485
0.75342
0.46797
0
0
0.2164
0
0
0
0
0.52257
0
0
0.11943
0.12953
0
0
0.04971
0
0
0
0.1252
0
0.1896
0.15436
0.16643
0
0
0
0
0
0.33675
0.05694
0.10249
0
0.12599
0
0
0.18086
0
0.1163
0
0
0
0
0
0.14707
0
0.12602
0
0
0
0.19119
0
0
0
0.30065
0
0
0.4946
0
0.29813
0
0
0
0
0
0
0
0
0.63044
0
0
0
0
0.31036
0
0
0
0
0.40257
0
0
0
0.62679
0.19783
0.19871
0
0
0
0.09941
0.12731
0
0
0
0
0
0
0
0.5723
0
0
0
0.06547
0
0
0
0
0
0.22317
0
0
0
0
0
0
0
0
0.2386
0
0.27459
0
0
0.12969
0.46558
0.07823
0.12466
0.03828
0
0
0.11579
0.32674
0
0
0
0.13737
0.67313
0
0.1714
0
0.15691
0.18407
0
0
0.19124
0
0.17666
0
0
0.0368
0
0.31075
0
0
0
0.34832
0
0.12078
0.13349
0
0.66808
0
0.30426
0
0
0
0
0
0
0
0.32567
0.12935
0
0
0
0
0.64991
0
0
0
0.23288
0
0
0.10539
0.17913
0
0
0
0
0.43721
0
0
0.29366
0
0
0.29707
0.07454
0.14132
0
0.22768
0
0
0.326
0
0
0
0.13194
0.30321
0
0.6515
0
0.13512
0.12254
0.0393
0.18007
0
0
0
0
0
0.16621
0
0
0
0
0
0
0.10469
0
0
0
0
0
0
0.71208
0
0.11625
0.26977
0.21717
0
0.1486
0
0
0
0
0
0.41758
0.16015
0
0.04575
0
0
0
0.61544
0.79827
0
0
0
0.11608
0.15505
0
0
0
0.57754
0.1221
0.11088
0
0
0.05735
0.12073
0.22074
0.23428
0.03802
0.32147
0
0.11359
0.21339
0
0.40629
0
0.15657
0
0
0
0
0
0.31833
0.52829
0
0
0
0
0.13959
0.34631
0.16085
0
0
0
0
0
0.28874
0
0.40294
0
0
0
0
0
0.24926
0.11046
0.23765
0
0
0
0
0
0
0
0
0
0.11827
0
0
0.22027
0
0
0
0.16005
0.04251
0
0.28308
0
0
0
0
0
0
0
0
0.12163
0
0.13445
0
0
0.39927
0
0
0
0
0
0
0
0
0.0407
0
0
0
0
0
0.18947
0
0
0.15727
0
0
0.18447
0
0
0
0.09446
0
0
0
0
0
0.13967
0.15529
0.23962
0.3111
0
0.14521
0.19897
0
0
0.18828
0
0.82838
0.14772
0
0
0
0.79955
0.29408
0
0.23813
0
0.17367
0
0
0
0
0
0.12094
0
0
0
0.35382
0
0.14964
0
0.12132
0
0.26846
0
0
0
0.49907
0
0
0.14043
0.48515
0.40467
0
0
0
0.29721
0.82913
0.1995
0.27185
0.12913
0
0.52339
0
0.13514
0.52207
0
0.5049
0
0
0
0
0
0.12347
0
0.23543
0
0
0
0.12716
0
0
0
0.30009
0.11153
0.17636
0.47483
0
0
0.23555
0.3906
0
0
0
0
0
0
0.2303
0
0.75058
0.15675
0
0.2191
0.75322
0
0
0.22954
0
0.49713
0
0
0
0.11153
0.0416
0
0.12679
0.21544
0.38036
0.13843
0
0
0
0.29772
0
0
0
0
0
0
0.79889
0.2955
0
0.3384
0
0.38539
0.15665
0
0
0.19829
0.22775
0.90171
0
0
0
0
0
0.14352
0
0.29798
0
0.17188
0.15915
0
0.2569
0.41174
0
0
0
0
0
0
0.70823
0
0.24851
0
0
0
0
0
0
0
0.77681
0
0.1267
0
0
0
0
0
0
0
0
0
0
0
0.04255
0
0.51468
0
0.2289
0
0.17994
0
0
0
0
0
0.14159
0.16191
0
0
0
0.08446
0
0
0.40598
0
0.31753
0.50826
0
0
0.07917
0.50421
0
0.313
0
0.03635
0
0
0.25407
0
0
0
0
0.13725
0
0.6224
0.42836
0.71346
0
0.52149
0.05077
0.11511
0.22254
0
0.23945
0
0
0.517
0
0
0.0841
0
0.05286
0.16024
0.35166
0
0
0
0
0.46018
0
0
0.15721
0.22452
0.14504
0
0
0
0
0.14462
0.09185
0
0
0.11584
0
0
0.26441
0
0.15922
0.16777
0.08118
0.1393
0.14068
0
0
0.27846
0.12615
0.13113
0.2602
0
0
0.14321
0
0
0
0.37616
0
0.29749
0.35191
0
0.64871
0.11564
0
0
0
0
0
0.12904
0.15445
0
0
0
0
0.22892
0
0.1566
0.11635
0
0
0.13701
0
0
0
0.30932
0
0
0
0.14842
0
0
0.12207
0
0
0
0.18386
0.14734
0
0
0.27337
0
0.27186
0.27083
0
0.45493
0.21173
0.29397
0
0.16797
0.56115
0
0.13907
0
0
0.18599
0
0
0
0
0.26038
0
0
0
0.12579
0
0
0
0
0
0.33183
0
0
0
0
0
0
0
0
0
0
0
0
0
0
0.12069
0
0
0
0
0
0
0
0
0
0.0404
0.2908
0
0
0.17825
0
0
0.35089
0.1167
0
0.3182
0.03869
0.23758
0
0
0
0
0
0
0
0.13451
0
0
0
0.32023
0.11792
0.66429
0.31782
0
0.12493
0.12913
0
0.12579
0.12178
0
0.53253
0
0.1407
0.31041
0.31993
0.10535
0
0
0
0
0
0
0
0
0
0.15392
0
0.13814
0.48838
0
0
0
0
0.14379
0
0
0
0
0.17971
0
0
0
0
0
0.0738
0
0.14729
0.32779
0
0
0.04263
0
0
0
0
0.64738
0
0
0
0
0.13473
0.51381
0.19003
0.35835
0
0.68648
0
0.04886
0.31591
0.36903
0
0.31261
0
0
0.48364
0
0
0
0
0
0
0.13815
0
0.37649
0
0
0.47299
0
0
0.66637
0
0.16127
0
0
0
0
0
0.64523
0
0.12831
0
0.29486
0.12673
0
0.15888
0
0
0
0
0.45207
0
0
0
0.2664
0
0
0.19726
0
0
0
0
0
0
0
0.43227
0.71374
0
0
0.12487
0.13971
0
0
0.1216
0
0
0
0
0
0.1734
0.31631
0
0
0.78989
0
0
0
0.13883
0
0
0.41869
0.36716
0
0.47899
0.16659
0
0
0
0
0
0.18568
0
0
0.91888
0.46064
0.22117
0
0
0
0
0
0.13918
0
0.25183
0
0
0
0.26051
0
0.234
0
0
0.10267
0
0
0.06053
0
0
0
0
0.32045
0.63308
0
0
0
0
0
0
0.25114
0
0.48221
0
0
0.36242
0
0.12152
0
0
0
0.15586
0
0.11463
0
0
0.16178
0.08422
0
0.40998
0
0
0
0
0.43232
0.13601
0
0
0.26352
0
0
0
0
0
0
0
0.6524
0
0
0
0
0
0
0
0
0
0
0
0
0
0
0
0
0.4578
0
0
0
0.11224
0.1607
0.11744
0
0
0.2558
0.38389
0
0.15003
0
0
0
0
0
0.12304
0.19137
0
0
0
0
0
0
0.12709
0
0
0
0
0
0
0.12688
0.2825
0
0.19057
0
0.09392
0
0.23883
0
0.37439
0.15193
0
0
0.65874
0
0
0.14692
0
0
0.03513
0
0
0
0.32386
0.30265
0
0
0.07919
0
0.12844
0
0
0.09373
0
0.21068
0.32461
0
0
0.15925
0.12491
0
0
0
0
0
0.151
0
0
0
0
0
0
0.72851
0
0
0.44981
0.41619
0
0.10521
0
0.21003
0
0
0.23309
0.1486
0.30501
0
0
0
0.1234
0.46659
0
0
0.38496
0.18829
0
0
0
0
0
0
0
0
0
0
0
0.12895
0
0
0
0
0
0.31987
0
0
0
0
0.18797
0
0.29726
0
0
0
0.13917
0
0
0
0.37506
0
0
0
0
0
0.15653
0
0.10533
0.10964
0.12548
0
0
0
0
0.26719
0.30947
0.27328
0
0.16249
0.37441
0
0
0.14379
0
0
0
0
0
0
0
0
0
0
0.27756
0.40428
0
0.23237
0
0
0.41382
0
0
0.27782
0.45785
0.09767
0
0
0
0
0.16985
0
0.2986
0.05617
0
0.37539
0
0
0
0
0.17248
0
0.22106
0.07971
0.34623
0
0
0
0
0
0
0.08358
0
0
0
0.34115
0
0
0.61391
0
0
0.47582
0
0
0
0.04967
0.65887
0
0.12778
0
0.14478
0.12682
0
0
0.08133
0.14222
0.12893
0.12165
0
0
0
0
0
0
0.11679
0
0
0
0.42462
0.23084
0
0
0.22217
0
0.04239
0
0
0.03954
0
0
0
0.13091
0.14838
0.39995
0
0
0.13347
0
0
0.04076
0.13838
0.20623
0.40049
0.46143
0
0
0.15116
0
0
0
0
0.15375
0.55488
0
0
0
0.1109
0
0
0
0
0
0
0.37858
0
0.37886
0
0.41001
0
0.42482
0.22469
0.2014
0.07934
0.23433
0
0.39517
0
0
0.23121
0.51055
0
0
0
0
0
0.28083
0
0
0
0
0
0.13893
0.40838
0.30911
0
0.12729
0
0
0
0
0
0
0
0.51948
0
0.51398
0.16288
0
0.15091
0
0
0
0
0
0
0.42045
0
0.20939
0
0
0.10518
0.12874
0.32297
0
0
0
0
0.21668
0.7276
0
0
0
0
0
0.27474
0
0
0
0
0.0441
0
0
0.75157
0.12105
0
0
0
0
0
0.18885
0
0
0.14251
0
0.3516
0
0
0.35968
0.09895
0
0.68797
0
0
0
0
0.11719
0.31953
0
0
0
0.16251
0.14412
0
0
0
0.0442
0
0
0.23991
0
0
0
0
0.14091
0
0
0
0
0.31972
0.08831
0
0
0.28092
0
0
0
0.42062
0.03465
0.14264
0.15442
0.1552
0.19538
0
0
0.04818
0
0
0.12714
0
0
0
0
0
0
0
0
0.39204
0
0.24026
0.03797
0.76733
0
0
0
0
0
0
0.19798
0
0.18458
0.23276
0.8207
0.55829
0
0
0
0.11681
0
0
0
0
0
0
0
0
0
0
0.16602
0.63736
0
0
0
0.34196
0.26758
0
0
0.05206
0.44522
0
0
0.22182
0
0
0.15497
0.41623
0
0
0.20933
0
0
0
0.54238
0
0
0
0
0
0.10799
0
0
0
0
0
0
0
0
0.13494
0
0
0
0
0.3862
0.18031
0
0
0.26036
0.1841
0
0
0
0
0
0
0.15851
0
0
0
0
0
0.11389
0
0
0
0.30763
0.4303
0
0
0
0
0
0
0
0
0
0.17115
0
0
0
0
0.18212
0
0
0
0.11038
0.17319
0
0
0
0
0.26538
0.12783
0
0
0.12551
0.41445
0.1193
0
0
0.18329
0
0
0
0.14137
0
0
0.14613
0.1257
0
0
0.16636
0.23952
0.25373
0.09232
0
0
0
0.14455
0.1153
0
0.42826
0
0
0
0.04284
0
0.12491
0.24645
0
0
0.10485
0
0
0.12683
0.29538
0
0.50579
0
0.18652
0
0
0
0
0
0.74708
0.24974
0
0
0.40018
0
0
0.14898
0.12029
0.17379
0
0
0
0
0
0
0
0.3521
0.41752
0
0.36734
0.77331
0
0.4633
0.20049
0.78743
0
0
0
0
0
0
0.63593
0
0
0
0
0
0
0.13452
0
0.46508
0.2643
0
0
0
0
0
0
0
0
0
0
0
0
0
0
0
0
0
0.23532
0
0.28906
0
0
0.3392
0.1072
0
0
0
0.07831
0
0
0
0
0
0
0
0.131
0
0
0
0
0.05656
0
0.37455
0
0.31893
0
0.38337
0.22035
0
0.40713
0
0
0
0.03843
0
0
0
0.14825
0.14031
0
0
0.17789
0
0
0
0
0
0
0
0
0
0
0
0.13105
0
0.14562
0
0
0
0.07225
0
0.03769
0
0.18635
0
0
0.84708
0
0
0.26553
0
0.05611
0
0
0.84668
0.37406
0
0.22978
0
0
0
0.11389
0.32035
0
0
0.20431
0
0
0
0
0
0
0
0
0
0.20906
0
0.30176
0
0.10128
0
0.532
0.18172
0.55222
0.25865
0
0.70659
0
0
0
0.41303
0.11888
0
0
0.41083
0
0
0.37421
0.30873
0.38896
0
0
0
0.18254
0
0
0
0
0
0
0
0
0.42546
0.64529
0
0.17469
0
0.32061
0
0
0
0
0
0
0
0
0.37091
0.11338
0
0
0
0
0
0
0
0.4169
0.11607
0.28893
0
0.19864
0.11043
0
0.15577
0
0
0
0
0
0.13287
0.2294
0
0
0
0.18777
0.3464
0
0
0
0.11691
0
0
0.28674
0
0.03514
0
0.08014
0
0
0.1483
0
0.15613
0
0
0
0.15611
0.05165
0
0
0.09304
0
0
0
0.29543
0
0
0
0
0.18927
0
0
0
0
0
0
0
0.12174
0.11003
0.11853
0.27048
0
0
0
0
0.38518
0
0
0
0
0.38523
0
0.41582
0
0
0.13109
0.34816
0.19889
0.12998
0.07213
0.12524
0.22139
0
0
0
0
0.35354
0
0.25145
0
0
0
0
0
0.2435
0
0.84582
0
0.03748
0.76746
0.45477
0
0.12239
0.09647
0
0
0.11676
0
0
0.25792
0
0
0
0
0
0
0
0
0
0
0.38934
0
0.25228
0.11621
0.10499
0.1738
0.32062
0
0
0.05271
0.34377
0
0.13068
0.13436
0.39992
0.14601
0
0
0
0.12692
0
0.12807
0
0
0
0.23885
0.03918
0.11669
0
0
0
0
0.12201
0
0.14914
0
0.27257
0
0
0
0
0
0.128
0
0
0.27125
0
0.42552
0
0
0
0
0
0
0.16797
0
0
0
0
0.40177
0.08505
0.25628
0
0.31244
0
0
0
0
0.12474
0
0.11677
0.12554
0.19759
0
0.1711
0
0
0
0.12391
0
0
0
0.14748
0
0.3431
0
0
0.11323
0.72947
0
0.31576
0
0
0
0.12688
0
0
0
0
0
0
0
0
0.48959
0
0
0.25471
0.35931
0.26933
0
0
0.1487
0
0
0
0.08374
0
0
0
0
0.74999
0
0
0
0
0
0.39839
0
0
0
0
0.0548
0
0.19952
0.11827
0.13813
0.40973
0
0.28306
0
0.29121
0.10932
0
0
0
0
0
0.22247
0.31609
0
0.04259
0
0.10551
0
0
0.49464
0
0.1406
0
0
0.68724
0.11873
0
0
0.09475
0
0
0.30818
0
0
0
0
0
0
0
0
0
0
0
0.41119
0.25225
0
0
0
0
0
0
0
0
0
0
0
0.46495
0
0
0
0
0
0
0
0
0
0
0.45903
0.5124
0.29059
0.11727
0
0
0
0
0
0
0
0
0
0
0
0
0.14541
0
0.29551
0.3736
0
0
0
0
0
0
0
0
0
0
0
0
0.18623
0
0
0
0
0
0
0
0.51407
0
0.087
0.32286
0
0.39454
0
0
0.22089
0
0
0.12199
0
0
0
0
0
0
0.38311
0
0
0.13582
0
0.12927
0
0
0
0.31877
0
0
0.15554
0
0
0
0.27137
0
0.04191
0
0
0
0
0
0
0
0.28239
0
0
0.23442
0.36296
0
0.48627
0
0
0
0
0
0
0.35147
0
0
0.44702
0
0
0.239
0
0
0
0
0
0.04476
0.17003
0.5851
0
0
0.16585
0
0
0
0
0.04029
0
0
0.24162
0.12965
0
0
0
0
0
0.262
0
0
0
0
0
0
0.1216
0
0.29762
0
0.75065
0.1136
0
0
0
0
0
0
0
0.16915
0.07829
0
0
0
0.39512
0
0
0
0
0
0
0
0.0939
0
0
0.64772
0.15027
0.33653
0.1825
0.1627
0.19059
0.16087
0.14906
0
0
0
0
0
0
0
0
0
0.32638
0
0
0.04043
0.54237
0
0
0
0
0
0
0.16494
0.38678
0
0.12114
0
0
0
0.12456
0.12257
0
0.17128
0.08968
0
0.04248
0
0
0
0
0
0.04745
0
0
0
0
0.06327
0.12898
0
0
0.2604
0
0
0
0.1153
0
0.80097
0
0
0
0.23868
0
0
0
0
0
0
0
0
0.65949
0.18885
0
0
0.12469
0
0
0.13826
0.22955
0
0.5765
0
0.04763
0
0
0.21952
0
0
0
0.35651
0
0.08425
0.14912
0
0.11752
0
0.11414
0.2857
0
0.38522
0
0
0
0
0
0.04187
0
0
0
0
0
0
0.15395
0
0
0
0.55269
0
0
0.13413
0.23001
0
0
0
0
0.12493
0
0.14568
0.5104
0
0.07681
0
0
0
0
0.13026
0
0.20262
0
0
0.1784
0
0
0
0
0
0
0
0
0.29453
0
0
0.27254
0
0
0
0
0
0.15578
0
0.14373
0.43186
0
0.04246
0
0
0
0.43145
0
0.23595
0
0
0.50973
0
0
0.14537
0
0.62213
0
0
0
0
0.16556
0
0.42388
0
0.18861
0
0
0
0
0
0
0
0.19112
0.05826
0
0
0
0
0
0.1856
0
0
0
0
0
0.24763
0.26562
0
0
0.3781
0
0
0.2337
0
0
0
0
0
0
0.11454
0
0
0
0
0.14274
0
0
0
0.19203
0
0.14311
0
0.1832
0
0
0
0
0
0.27092
0
0.1427
0
0
0.09937
0
0.11671
0.90955
0.12193
0
0
0
0
0
0
0.14077
0
0
0
0.29018
0.12477
0
0
0
0
0
0
0.1679
0
0.14439
0
0.1413
0.1253
0
0.25008
0.13794
0
0
0
0.12283
0
0
0
0
0.13626
0
0.12401
0
0
0
0
0
0
0
0
0
0
0.20967
0
0.28052
0.27299
0
0
0
0
0
0
0
0
0
0
0
0
0
0
0
0
0
0
0
0.12318
0
0
0
0.12721
0
0
0
0
0
0
0.25278
0
0
0
0
0
0
0
0
0
0
0
0
0
0
0
0.14195
0.12723
0
0
0.12391
0
0
0
0
0
0
0
0
0
0
0.14608
0.14639
0
0
0
0
0
0
0
0
0.08411
0
0
0
0.12723
0
0
0
0
0
0
0
0
0
0
0
0
0
0
0.41253
0
0
0
0
0.17293
0
0.17183
0
0.06313
0
0
0
0
0
0
0
0
0
0
0
0
0
0
0
0
0.03775
0.16853
0
0.04052
0
0.11367
0
0
0
0
0
0
0
0
0
0
0.2207
0
0
0
0
0
0
0
0
0
0
0
0.07613
0.16536
0
0.16809
0
0.15052
0.16546
0
0
0
0.28086
0
0
0.04266
0.1266
0
0
0
0
0
0
0
0
0
0.1226
0
0
0
0
0
0
0
0
0
0
0
0
0.10476
0
0.10512
0.37133
0
0.14907
0
0
0.32046
0.12336
0
0
0
0
0.45396
0
0
0
0
0
0
0
0
0.17232
0
0.28108
0
0
0
0
0.30733
0
0.1179
0
0.12593
0
0
0
0.15499
0
0
0.12783
0
0
0
0
0
0
0
0.14807
0.09503
0
0
0.09345
0
0.7451
0
0.28966
0
0
0
0
0
0.30877
0.22361
0
0.2499
0
0
0
0
0
0
0
0
0.14175
0
0.03676
0.34999
0
0.1948
0
0.21653
0
0.64794
0.04948
0
0
0
0.21268
0.16994
0.04917
0
0.27983
0
0.12374
0.35884
0
0.1685
0.09156
0
0
0.15998
0
0
0
0
0
0
0
0
0
0
0
0
0.91302
0.03465
0.25274
0
0
0
0
0
0
0.39974
0
0.14848
0.13784
0
0.34563
0.13838
0
0.49146
0.12817
0.35121
0.12436
0.13994
0
0.1252
0.32848
0
0.1716
0
0
0
0.20475
0.30637
0
0
0
0
0
0
0
0.10534
0
0
0
0
0
0.57425
0
0
0
0
0
0.18023
0.11182
0.55863
0.08387
0
0
0
0.2378
0.32035
0
0
0.37287
0.25092
0.0512
0
0.1737
0.25086
0
0.8853
0
0.5064
0.14158
0
0
0
0
0
0
0
0
0
0
0
0.10431
0.10468
0.21518
0
0
0
0
0.12036
0
0.20801
0.16839
0
0
0
0.60216
0.43005
0
0
0
0
0
0
0
0
0.27496
0.10483
0.14227
0.18004
0
0.09866
0
0
0
0
0
0
0
0
0
0
0.23459
0
0
0
0.25137
0.21112
0.08025
0
0
0
0
0
0.07808
0.3091
0
0
0.29678
0.28715
0.15015
0.14186
0
0
0
0
0.20028
0
0.66945
0
0
0
0.48975
0.62232
0
0.64928
0
0.12438
0
0
0.19993
0.10691
0
0.17012
0
0
0
0
0
0
0
0
0
0
0.18346
0.40474
0.35392
0
0
0
0
0
0
0
0
0
0
0.69386
0.12478
0
0.12597
0
0
0.13914
0.32388
0.18085
0.18666
0.4155
0.24747
0.39196
0
0.11796
0.16131
0
0.58436
0.17457
0.11661
0.12532
0
0.60332
0.20121
0.45044
0
0.38135
0
0.22779
0
0.25139
0
0
0.39597
0
0.42977
0
0
0
0
0.09278
0.15799
0
0.55005
0
0
0
0.1127
0
0
0.04139
0
0
0
0
0.57109
0
0.05162
0.85705
0.58264
0.41619
0.74606
0.1573
0.11562
0
0.45922
0.29001
0.12449
0
0
0.12733
0.63199
0.63193
0
0
0
0
0
0.6652
0
0
0
0
0
0
0
0
0
0
0.15127
0
0.12782
0
0.188
0.2326
0
0
0
0
0
0
0.42168
0.12231
0.42545
0
0.12382
0.14728
0.234
0
0
0
0
0
0
0.44796
0
0.12185
0.39208
0.4001
0
0.2941
0.42275
0
0
0.1861
0.75406
0.53302
0
0
0.23055
0.60441
0
0.54843
0.15094
0.24921
0
0
0
0
0
0
0.11622
0
0
0
0.28034
0.10654
0
0.10669
0
0
0
0
0.42551
0
0.12279
0
0
0
0.23481
0
0.13017
0
0
0.18453
0.18707
0
0
0
0
0
0.46979
0.24636
0
0
0
0
0
0
0
0.13445
0
0
0
0
0.12572
0
0
0
0.39767
0.41403
0
0
0.15149
0
0
0
0.70094
0.38255
0.149
0.14367
0
0
0
0.06017
0.2966
0
0
0
0.33266
0
0.26804
0
0.12567
0.07896
0
0.12329
0.15236
0.30645
0
0
0
0.23099
0.77116
0.49375
0.19121
0.65062
0.73337
0.05711
0
0.12692
0
0
0.26706
0
0.23114
0
0
0
0.11583
0
0.11839
0.15733
0.4133
0
0
0.25664
0
0.41439
0.2189
0.18067
0
0
0.12125
0.55646
0
0
0
0.18739
0.30981
0.53711
0.22143
0.14664
0.59849
0.47216
0.31738
0.34951
0.94079
0.28336
0
0
0
0.34486
0.10661
0
0
0
0.40655
0
0.14819
0
0
0
0
0
0.11821
0
0
0
0.41393
0.24507
0.14923
0
0.23615
0.38406
0.41328
0.3105
0
0.12452
0.04203
0.12981
0.1538
0.47055
0.12986
0.69526
0
0.18812
0
0.04712
0
0.14256
0
0.80184
0
0.60323
0.28251
0.29392
0.45179
0.29751
0.12389
0
0.27978
0
0.71596
0.81107
0
0
0
0
0
0.21004
0
0.77434
0.03908
0
0
0
0.19157
0
0.03562
0
0
0.05389
0
0
0
0.14755
0
0
0.16233
0.0879
0.37281
0
0.29581
0.71232
0
0
0.83531
0.10478
0
0.52977
0
0.22167
0.12395
0
0
0
0.15571
0
0
0
0.11334
0.21887
0.15029
0
0
0
0
0
0
0
0
0.0861
0.13768
0.38633
0
0
0.42633
0
0.30817
0
0
0
0
0
0
0.24892
0
0
0
0.15831
0
0.11172
0
0.10895
0
0.41782
0
0.03777
0
0.07574
0
0
0
0.11546
0.0786
0
0
0
0
0
0
0
0
0
0.04348
0.3401
0
0
0
0.65795
0
0.55891
0.75048
0
0
0
0.24963
0
0.23624
0
0
0
0
0.11355
0
0
0
0.11676
0.15104
0
0.15074
0
0
0
0.11605
0
0
0.45872
0
0
0.15463
0.72286
0.22349
0
0.59259
0.17763
0.37629
0
0.33605
0.1296
0.32219
0.61429
0
0.19366
0
0
0.11655
0
0
0.07956
0
0.12583
0.08826
0
0
0.48979
0
0
0.22631
0.22706
0
0.4395
0
0
0
0
0.11193
0
0.27725
0
0
0
0
0.14636
0.41675
0
0.45862
0.2639
0.17775
0.14947
0
0.12334
0
0
0.29446
0
0
0.12717
0
0.85106
0
0.19887
0.65372
0.34971
0.31861
0.10547
0.06946
0.16234
0.1267
0.11983
0.23244
0
0
0
0.14835
0
0
0
0.30459
0
0
0
0
0
0
0
0.18103
0
0
0
0.32195
0
0
0
0
0
0
0
0.80112
0.23346
0
0.04231
0
0
0.4074
0
0
0
0.07975
0
0.15041
0.15271
0.0538
0.34585
0.15026
0
0
0
0
0.13124
0
0.23662
0
0.18016
0
0.08798
0
0
0
0
0
0
0.19898
0
0.30132
0
0
0
0
0
0
0
0
0.15945
0.14188
0
0
0
0
0.21815
0.50368
0.22908
0.35343
0
0
0.56722
0.10493
0.2186
0
0
0.34773
0
0.14861
0
0.32485
0
0
0
0
0.1869
0
0
0.1977
0
0
0
0
0.13137
0
0
0
0
0
0.09507
0
0
0
0
0
0
0.32569
0.16037
0
0.20644
0
0.10718
0.10527
0.45762
0.1872
0
0.24954
0
0.26018
0.12742
0
0
0.32537
0
0
0
0
0
0
0
0.23121
0
0
0
0
0
0
0.4157
0
0.23612
0
0.30461
0
0.51196
0
0
0
0
0.15829
0
0
0
0
0
0
0.10535
0
0
0
0
0.07767
0.29793
0.1481
0
0.19018
0
0
0.13156
0
0
0.37451
0
0.30871
0
0
0.12542
0.32271
0
0
0
0
0.35799
0
0
0.31098
0
0
0.12571
0
0.14117
0.13481
0.11921
0.18919
0.16625
0
0
0.64597
0
0
0
0
0.15696
0
0
0
0
0.14044
0
0
0
0
0
0
0
0
0
0
0
0.23239
0.41542
0
0
0
0
0
0.82054
0
0.18437
0.16311
0
0
0.23877
0.99224
0.03927
0
0
0.15624
0
0.51505
0.14694
0.19076
0.05231
0
0
0
0
0
0
0
0
0
0.52572
0.41746
0
0
0.46498
0.31106
0
0
0
0
0
0
0
0
0
0
0.22255
0.13931
0.92993
0.21003
0.18932
0
0
0.12034
0
0.17304
0.22634
0
0
0
0
0
0.136
0
0.14104
0
0
0
0
0
0
0
0
0
0.03864
0
0.20605
0.15571
0
0
0
0.5955
0
0
0
0
0
0.12704
0
0
0
0
0
0
0
0
0.51383
0
0
0
0.24561
0
0
0
0
0.4255
0
0.14252
0.06394
0
0
0
0.07678
0
0
0.1396
0.4218
0
0.14278
0
0.18942
0.43224
0
0.13766
0
0
0.58963
0
0
0
0
0
0
0
0.16007
0
0
0
0
0
0
0.12949
0.42095
0
0
0
0
0
0
0
0
0
0.03872
0
0.15666
0.10625
0
0.13129
0
0
0.19148
0
0
0
0
0
0.55834
0.32679
0
0.78953
0
0
0
0
0
0
0
0
0
0
0
0
0
0
0
0.21184
0
0
0
0
0
0.15804
0.13458
0.42987
0
0
0
0
0
0.64501
0
0.2434
0.50446
0
0
0
0
0
0
0
0
0.30462
0.70087
0
0
0
0
0
0
0
0.15994
0.20001
0
0.1443
0.03754
0.32301
0
0
0.5061
0.15593
0
0
0
0
0
0
0
0
0
0
0.12707
0
0.32083
0.14411
0
0
0
0.12358
0
0.14217
0
0
0
0
0
0
0.18923
0
0
0.2143
0.22054
0
0
0
0
0
0
0.27059
0
0
0
0
0
0.14332
0
0
0
0
0
0
0
0.33308
0
0
0
0
0
0
0
0
0
0.34772
0
0
0.03964
0
0
0
0.13072
0
0
0
0.1656
0
0
0.36456
0
0
0
0.04237
0.12857
0
0.12513
0
0.14431
0.12418
0.39941
0
0
0
0.24539
0
0
0
0
0
0
0
0.39246
0
0
0
0
0
0.12188
0.40229
0
0
0
0
0
0.31984
0
0
0
0
0
0
0
0.32555
0
0
0
0.30018
0
0
0
0
0
0
0.18641
0
0
0
0.27449
0
0.14565
0
0
0.39785
0
0
0
0.29194
0
0.15149
0
0
0
0
0
0
0
0
0.26596
0.22762
0
0.11062
0
0
0.12525
0
0
0
0.46656
0.19152
0
0
0
0
0.28132
0
0
0
0
0
0
0.20112
0
0
0
0
0
0
0
0.29053
0
0
0
0
0.52076
0
0.80164
0
0
0.12584
0
0
0
0.28266
0.11129
0.50639
0
0
0
0.11121
0
0.16792
0.11695
0
0
0.61319
0
0
0
0.15912
0
0
0.17082
0.11502
0.6321
0
0
0.52511
0
0.30435
0
0
0
0.87209
0.11258
0.29708
0
0.49088
0
0
0
0.12219
0.44742
0
0
0
0
0
0.1896
0.46872
0.23692
0
0.22718
0.18576
0
0
0
0
0.14985
0.28908
0
0
0.2468
0
0
0.0879
0
0
0.14681
0
0
0
0
0.07771
0
0
0
0
0
0
0.22203
0
0.13057
0
0
0.32399
0.07777
0.13999
0
0
0
0
0.33608
0
0.15017
0
0
0
0
0
0
0
0
0
0
0.12692
0.26063
0.35332
0.42843
0
0
0
0
0
0
0
0
0.21989
0
0
0
0
0
0
0.36551
0
0
0
0
0
0.1251
0
0
0.61258
0
0
0
0
0
0.63257
0
0
0
0
0
0
0.31864
0
0
0
0
0.22313
0.12116
0
0
0
0
0.55575
0.34393
0
0
0
0.13762
0
0
0
0
0
0
0.44926
0
0
0
0
0.28277
0.35313
0
0
0
0
0
0
0
0
0.23016
0
0.21135
0
0.87217
0
0.61742
0.40917
0
0.41646
0
0.11137
0.7588
0
0
0
0
0.30735
0
0.57494
0
0
0.42079
0
0
0
0
0.14593
0
0
0
0
0.10974
0
0
0
0
0
0
0
0
0
0
0.11371
0
0.15204
0
0
0
0.37821
0.13435
0.15151
0
0
0
0
0
0.11601
0
0.1247
0.31762
0.12421
0
0
0
0.29939
0
0
0
0
0.4654
0
0
0
0.12552
0
0
0
0.08098
0
0
0
0.04903
0
0.68042
0.12495
0
0.29531
0.39476
0
0.04963
0.12122
0.31165
0
0
0
0
0
0.10535
0
0.10675
0
0
0
0.07156
0
0.0487
0
0.14902
0
0.28318
0
0
0.12486
0
0
0
0.59893
0.6227
0
0
0.31085
0
0
0
0
0.12687
0
0
0
0.16736
0.1466
0
0
0
0
0
0.14334
0
0
0
0
0.24661
0
0.1053
0.42843
0.22998
0
0.16942
0
0
0
0.0824
0
0
0
0.41966
0
0
0
0
0
0.14878
0
0
0
0
0.1126
0.14171
0
0.14375
0.31933
0
0.35991
0
0
0
0
0.54881
0.44209
0
0.2948
0
0
0
0.8001
0.15475
0
0
0
0
0
0
0
0.23476
0
0.65573
0.1246
0.25459
0
0
0
0
0
0.87885
0
0
0.12581
0.5022
0
0.37728
0
0
0
0.51407
0
0.11588
0.08939
0
0
0
0
0.08465
0
0.41602
0
0
0
0.19888
0.30518
0.0393
0.11425
0
0.5453
0
0
0
0
0.10319
0
0.24651
0
0
0.39005
0
0
0
0.29867
0.14301
0
0
0
0
0
0
0
0
0
0.27417
0
0
0.05219
0.21445
0.25095
0.12704
0
0
0
0
0.16717
0
0.15371
0
0.12016
0
0
0
0
0
0.29681
0
0.23748
0
0
0
0
0.24924
0.2707
0
0
0
0
0.27266
0
0
0.24687
0.64478
0
0
0.30673
0
0
0
0
0
0
0.1286
0.17217
0.7065
0
0.14857
0.85115
0
0
0
0
0.11487
0
0.23703
0
0.3641
0.04654
0.14032
0.09358
0
0
0
0
0.19217
0
0.42661
0.87307
0.16735
0
0
0
0
0
0.04176
0
0
0.14715
0.12154
0
0
0
0
0.41711
0
0
0
0
0
0.1161
0
0
0
0
0
0.51058
0
0.56983
0
0.13007
0.58472
0
0.34791
0.35404
0
0
0.22385
0
0.16545
0
0
0
0.37035
0.25167
0.13921
0.12396
0
0.4533
0
0
0
0
0
0
0
0
0
0
0
0.16824
0.13502
0.2774
0
0.37474
0.12768
0
0.11101
0
0
0.28199
0.11788
0.13349
0
0.65768
0
0.38873
0
0
0.08491
0
0
0.27275
0
0.2008
0.30605
0
0
0
0
0
0
0.23168
0
0
0.13917
0
0
0.04643
0
0
0.18628
0
0
0
0
0
0.56114
0
0
0.14198
0
0.14932
0.14435
0
0
0.12079
0
0
0.12204
0.26662
0.14157
0
0
0.38768
0.61458
0.178
0
0.12059
0
0
0
0
0
0
0
0
0
0
0.14715
0
0
0
0
0
0
0.63217
0
0.16277
0
0
0
0.12383
0
0
0
0.25254
0
0.23777
0.24596
0
0.12695
0
0.21727
0.24907
0
0.16906
0.16156
0.12127
0
0
0.11949
0
0
0
0
0
0.12593
0.30355
0.42058
0
0.38199
0
0
0
0
0.2576
0
0
0
0.12709
0
0
0
0.33712
0
0
0
0
0
0.04866
0.1229
0
0
0.10382
0
0
0.49726
0.14783
0.18999
0
0
0
0
0
0
0.12724
0
0.19755
0
0.27847
0
0
0.29736
0
0.12666
0.04948
0
0.12761
0
0
0
0
0
0
0
0
0
0
0
0
0
0.12669
0
0
0
0.32742
0
0.41835
0
0
0.1257
0
0.36603
0
0
0
0
0
0
0.14575
0
0
0
0
0.32103
0.38503
0.18961
0.26099
0.14585
0
0
0
0
0
0
0.2511
0
0.35946
0.40618
0
0.14515
0
0
0
0
0
0
0
0
0
0
0.197
0
0
0
0
0
0
0
0
0.28124
0
0
0.09392
0
0
0
0.31042
0.15295
0
0
0
0
0
0
0
0
0
0.74957
0
0
0
0
0
0
0
0
0
0.37233
0
0
0.16985
0
0
0
0
0
0
0.05089
0
0
0.11102
0.03852
0
0
0
0
0
0.19291
0
0.17111
0
0.5445
0.81249
0.49329
0
0.29968
0
0
0
0
0
0
0
0
0.14416
0
0
0
0
0.11636
0
0
0
0
0
0
0
0
0
0
0.87045
0
0.04258
0.14768
0
0
0
0
0.12498
0
0
0
0
0
0
0
0.52067
0
0.08625
0
0.16889
0
0.46364
0
0
0
0
0
0.11422
0
0.28019
0
0
0
0.24525
0
0
0.31725
0
0
0
0
0
0
0
0.26062
0
0
0.14399
0
0
0
0.12698
0
0
0
0
0
0
0
0.23414
0
0
0
0
0
0.15436
0
0.12238
0.03873
0.63665
0
0.45684
0.24896
0
0
0
0.30774
0
0
0
0
0
0.44621
0
0.12151
0
0
0
0
0.14174
0
0
0
0.12129
0
0
0
0
0.26361
0
0
0.04063
0
0
0
0.41807
0
0
0.42031
0.04
0
0
0
0
0
0
0
0
0
0
0.54951
0
0
0
0.1923
0
0
0.16986
0
0
0.05663
0
0
0
0
0
0
0.17714
0
0.48805
0.18005
0
0.31835
0
0
0
0
0
0.55045
0
0
0.56586
0
0
0
0
0
0
0
0.11818
0
0.16806
0.29565
0.24594
0.14523
0
0
0
0
0
0.10472
0.27897
0
0.15077
0.13766
0
0
0
0
0
0
0.0417
0.28457
0.51896
0
0
0.04069
0
0
0.63212
0.14475
0.46229
0
0.386
0
0.22354
0.15583
0.58791
0
0
0
0
0
0
0
0.39858
0
0
0
0
0.20934
0
0
0
0.11618
0
0
0.12556
0
0
0.1469
0
0
0.11646
0
0
0
0.07772
0.18859
0
0
0.14986
0.12707
0
0
0
0
0.45733
0.40665
0
0
0
0
0
0
0
0
0.14842
0
0
0
0
0
0
0
0.12513
0
0.26954
0
0
0
0
0
0
0
0
0
0
0.16835
0.19837
0.43393
0
0
0
0
0
0
0
0
0
0
0
0
0.09844
0.45535
0
0
0
0
0
0.31754
0.64603
0
0
0
0.32528
0.16587
0.32805
0
0.12661
0
0
0
0.55003
0.18951
0.45636
0
0
0
0.12181
0
0.54242
0.28466
0
0
0
0
0
0
0.24928
0.17139
0.49569
0
0
0.12758
0.18945
0
0
0
0
0
0
0
0
0
0
0
0.38045
0
0
0
0
0
0
0
0
0
0.12134
0.3187
0
0.29277
0.12713
0
0.1168
0
0
0
0
0
0.13695
0
0.27019
0
0.11574
0
0
0
0
0
0
0
0.15036
0
0.11688
0.41213
0
0
0
0
0
0
0
0.12677
0.3007
0
0.1407
0
0.14466
0
0
0
0
0
0.04919
0.22307
0
0
0
0
0
0
0.05534
0
0
0
0
0
0
0
0.38715
0
0
0.35266
0
0
0.0852
0
0
0
0
0.05195
0.28923
0.11519
0.37178
0
0
0
0
0
0
0
0
0
0.25223
0.09636
0.17265
0.64636
0.42567
0
0
0
0
0
0
0.34418
0.65566
0
0
0.11762
0
0
0
0
0
0.1037
0
0
0.45661
0.14395
0
0
0
0
0
0
0.0465
0.14421
0
0.45537
0
0
0
0
0.36245
0
0
0
0
0
0
0.12951
0.1151
0
0
0.11602
0
0
0
0.37561
0.15889
0
0
0.15792
0.29879
0
0
0.40706
0
0.11902
0
0
0.2477
0
0.12324
0
0
0.23965
0.10428
0.12576
0
0.14526
0
0.11466
0
0.52431
0
0
0
0.48585
0.11524
0.12315
0.41388
0
0
0.29726
0
0
0.05014
0.28022
0
0.45882
0.14916
0
0
0
0
0.04146
0.10319
0
0
0.17423
0
0
0
0
0
0
0.20276
0
0
0.11478
0.45275
0
0
0
0
0
0
0.73071
0.52647
0
0
0.12249
0
0.22657
0
0
0
0
0
0.22229
0
0.14537
0
0
0
0
0.2885
0
0
0.05715
0.12749
0.37023
0
0.13696
0
0
0
0
0
0
0
0
0.7911
0.35609
0
0.12149
0
0
0
0
0
0
0
0
0
0
0
0
0
0
0
0.66306
0
0.28389
0
0
0.37901
0
0.38122
0
0
0
0
0
0.79892
0
0
0.05034
0
0
0
0
0
0.53402
0
0
0
0.14225
0.12326
0
0
0
0.33584
0
0
0
0.03895
0.16789
0
0
0
0
0
0
0
0
0.34637
0.1533
0.13818
0
0
0
0.15024
0.16416
0.28761
0
0
0
0
0.12839
0.11051
0
0.11691
0
0.31083
0
0
0
0.2281
0.15455
0
0
0
0
0
0
0
0
0
0
0
0.19496
0.09467
0
0
0
0.04636
0.11647
0
0.32715
0
0.15412
0.53452
0
0
0.25622
0.14773
0
0.28402
0
0.20677
0.5262
0
0.63094
0.22412
0
0
0
0
0
0
0
0.21853
0
0.14611
0.74383
0
0
0.12458
0.12836
0.34579
0
0
0
0
0
0
0.42661
0
0
0.05304
0
0.1149
0
0.60482
0.04605
0
0.30766
0
0
0
0
0.24928
0.14312
0
0
0
0
0
0
0
0
0
0
0
0
0
0.3814
0
0
0.11444
0.45682
0
0
0
0
0.24921
0
0.1814
0.12048
0.0424
0
0
0
0
0
0
0
0
0.10342
0
0.32274
0
0
0
0.32586
0
0
0
0
0
0
0
0.10473
0.11248
0
0.11701
0
0
0
0
0
0
0
0
0
0.0512
0.10181
0
0
0.0851
0.2511
0
0.32577
0
0
0.18938
0.31931
0
0
0
0.24447
0
0
0
0
0.06551
0
0.15979
0
0.12156
0.11204
0.3554
0.30935
0
0
0
0.2856
0
0
0.60933
0.13505
0
0
0
0
0
0
0
0
0
0.14035
0
0.14953
0.12247
0
0
0.2319
0.27139
0.10547
0
0
0
0
0
0
0
0
0
0.12763
0
0
0.32306
0
0
0
0
0
0
0
0.13867
0
0
0.4643
0
0
0
0
0
0
0.29159
0.20425
0
0
0.15246
0.04731
0
0
0
0.14723
0
0
0.1193
0
0.25005
0
0.30099
0
0
0
0.14559
0
0.50176
0.45973
0
0
0
0
0.31987
0.23283
0
0
0.56654
0
0
0
0
0.04923
0
0
0.15848
0
0
0.0487
0
0
0
0
0
0.58507
0
0.13092
0
0
0
0.22998
0.35183
0
0
0
0
0
0
0
0
0.08112
0
0
0
0.11215
0.08303
0.10419
0
0.23037
0
0
0
0
0
0
0
0.18045
0
0
0
0
0
0
0.45547
0
0
0.80482
0.28451
0
0
0
0.12222
0
0.03938
0
0
0
0.12157
0
0
0
0
0
0.41854
0.30214
0.08163
0
0.1171
0.12365
0
0
0.33828
0
0.11825
0
0
0
0
0
0
0.20346
0.07869
0.09797
0.04163
0
0
0
0
0
0.13144
0
0
0
0
0
0
0
0.13925
0
0
0
0.12078
0
0
0
0
0
0
0
0.28041
0
0
0
0.23479
0.32492
0.07695
0.43233
0
0
0
0.31842
0.04676
0.74697
0
0
0
0
0
0
0
0
0.12489
0
0.18494
0.49796
0
0
0
0
0
0
0
0.22386
0
0
0
0
0
0
0.50142
0
0
0
0.24026
0.12534
0.03669
0
0
0
0.15916
0
0.23421
0.08408
0
0
0.59536
0.03669
0
0
0.54552
0
0
0
0.05891
0
0.12784
0.08371
0.16943
0.41575
0
0
0
0
0
0.36371
0
0
0
0
0
0
0
0.30714
0.12658
0
0.12075
0
0
0
0
0
0
0
0.19667
0.41048
0.38808
0.08439
0.11118
0
0
0.15519
0.20484
0
0.13731
0
0
0
0
0
0
0.76401
0
0.39056
0
0.12669
0.24536
0
0
0
0
0
0.12746
0
0.22038
0
0
0
0
0
0
0.3992
0.04654
0
0.52619
0.1913
0
0.14629
0.26971
0
0
0
0
0
0.15327
0
0
0
0.12137
0
0.35154
0
0.09199
0.11183
0.16171
0
0.12687
0
0
0.1167
0
0
0
0
0
0.1212
0
0
0
0
0
0
0
0
0.38038
0
0
0.23624
0
0
0
0
0
0
0
0
0.5907
0
0
0
0.21704
0.74601
0
0
0
0
0
0.14425
0.12542
0.18132
0
0
0
0.06548
0.09606
0
0
0.30602
0
0.99735
0
0
0
0
0
0.3078
0
0.12889
0
0
0.12685
0.8465
0.67639
0.16178
0
0.55677
0.61061
0
0
0
0.30539
0
0
0
0
0
0
0
0
0
0.24943
0
0
0.45623
0
0
0.14952
0
0
0
0
0
0.12314
0
0
0
0
0
0
0
0
0
0
0
0
0
0
0.32348
0.19024
0.15256
0
0
0
0.13978
0
0
0.04645
0
0
0
0
0
0
0
0
0
0
0
0
0
0
0
0
0.04043
0
0.15368
0.09398
0
0
0.15866
0
0
0
0
0
0
0
0.27652
0
0
0.12692
0
0.18535
0
0.31512
0
0.12534
0
0
0
0.33925
0.31787
0
0
0.13944
0
0
0
0
0
0
0
0
0
0
0.13363
0.11769
0
0
0
0.26633
0.319
0
0.10688
0
0.37991
0.14371
0
0
0.24632
0
0.36303
0.20347
0
0
0.14452
0
0
0
0
0
0.19893
0
0
0
0
0
0.17753
0
0.40244
0
0.25411
0
0.08755
0
0.24868
0.42605
0
0
0.29398
0.27253
0
0.15861
0
0
0.0525
0
0
0
0.08496
0
0
0
0.14948
0
0.20241
0.20183
0.11251
0
0
0
0.11729
0
0
0
0.04354
0
0
0
0
0.31988
0
0
0
0.4434
0
0
0.38636
0
0
0
0
0.12646
0.11361
0
0
0
0.47082
0
0
0
0.09778
0
0
0
0
0
0.37729
0
0
0
0.16228
0
0
0
0.1966
0.3052
0.08069
0.55987
0
0.16446
0
0
0
0
0
0
0
0.11702
0
0.23642
0
0
0
0.22675
0
0
0
0
0
0.14715
0
0.35599
0.19129
0
0
0
0.0484
0
0.1502
0
0
0.29856
0.05125
0
0.14726
0.18369
0
0
0
0
0
0
0
0.1899
0
0
0
0
0
0.13577
0.15388
0.12809
0
0
0
0
0.14274
0
0
0.14124
0.51969
0
0
0.11749
0.29624
0.14673
0.12732
0
0.08335
0
0.15586
0
0
0
0
0
0.29514
0.44917
0
0
0
0
0.17664
0
0.4879
0.41317
0
0
0
0
0
0.32497
0
0
0
0.12887
0
0.44643
0.14659
0.61751
0
0.46223
0
0.25401
0
0
0
0
0
0
0.16086
0
0.49148
0.28836
0.2314
0.14012
0
0.12098
0
0
0
0.30406
0
0.14867
0
0.18729
0
0
0.14388
0
0.15296
0
0.46783
0
0
0.0847
0.11124
0.21201
0.42503
0
0
0.34996
0
0
0
0
0.12428
0
0.22147
0
0
0
0
0
0
0
0
0
0
0
0
0
0
0.4704
0
0
0.64834
0
0.19618
0.68354
0
0
0
0
0
0
0
0
0
0
0.10667
0
0
0
0
0.18433
0
0
0
0.86645
0
0
0.12495
0.1988
0
0
0.12532
0
0.19729
0
0
0
0
0
0
0
0
0.24994
0
0
0
0
0
0.10353
0
0.12925
0
0.34868
0
0
0
0
0.43868
0
0
0
0
0
0
0.33084
0
0
0
0.46161
0
0
0
0
0.16806
0.41396
0
0
0.09264
0
0
0
0
0.17049
0
0
0
0.11378
0
0.3522
0
0.12634
0.17616
0
0.2807
0
0
0
0.14356
0.31914
0
0
0
0.35323
0.52148
0.12419
0.10514
0
0
0
0.36843
0
0
0
0.33705
0
0
0
0.65698
0.10249
0.19918
0
0
0
0
0
0
0
0
0
0
0
0
0
0.39779
0
0.14113
0
0
0
0.04059
0
0.32617
0.11714
0.40551
0
0
0
0
0.27551
0
0
0
0
0
0.21728
0
0.47812
0
0
0
0
0.2822
0
0
0.14819
0
0
0
0.2823
0.04874
0.13309
0.32587
0
0
0
0.25106
0.27469
0
0
0
0
0
0
0
0
0.11431
0
0
0
0
0
0
0.18059
0
0
0
0
0
0.46984
0
0
0
0
0.19011
0.12593
0
0
0.57097
0
0
0
0
0
0.14032
0
0
0
0
0.12716
0
0
0
0
0
0
0
0.13761
0
0
0
0
0
0
0.38039
0.30066
0.54118
0
0.19172
0
0
0
0.16213
0
0
0.48984
0
0
0.14963
0.16259
0.86976
0
0.25628
0
0
0.17135
0.14643
0
0
0
0.16
0
0.1477
0
0
0.11393
0.21199
0
0.20555
0.11315
0
0.4094
0
0
0
0
0
0
0
0.06534
0
0.13843
0
0
0
0
0
0
0.148
0.14164
0.33857
0
0
0.14183
0.12912
0.13723
0
0
0
0
0
0.17782
0
0.48257
0.24816
0.11238
0
0
0.10399
0
0.28092
0
0.37325
0.21067
0
0.12532
0.27988
0
0
0.12594
0
0
0.1287
0.12991
0
0
0
0.14517
0
0
0
0
0.11594
0.16793
0.11607
0.04178
0.14487
0
0
0
0
0
0
0
0
0.13102
0
0
0.21631
0.12021
0
0
0
0
0
0.19969
0.04181
0
0
0
0.36713
0
0
0
0
0
0.14564
0
0.78873
0
0.04358
0.12915
0
0
0
0
0
0
0
0
0
0
0.28698
0.35906
0
0
0
0.21639
0.10411
0.13861
0
0
0
0
0
0
0
0
0.11446
0
0.28025
0
0.52152
0
0
0
0
0
0.28063
0.32897
0
0.32003
0
0.19688
0
0
0
0
0.12077
0
0
0.16295
0
0.29545
0
0
0.04059
0
0
0.28803
0
0.714
0
0.48341
0.3486
0.59899
0
0
0
0.12336
0
0
0
0.11618
0.25715
0.23973
0
0.13759
0
0
0.04402
0.39692
0
0.12142
0.14706
0
0
0
0
0
0
0
0
0.12907
0
0
0.29161
0
0
0
0
0
0
0
0
0
0.31774
0
0
0
0.65761
0
0
0.12788
0
0
0
0
0.18883
0
0.05377
0
0
0
0
0
0
0
0
0
0
0
0
0.21938
0
0
0
0.05078
0.14639
0
0
0
0.21573
0.22567
0.11564
0
0
0.04704
0
0
0.31941
0
0
0.5083
0
0
0
0.04245
0.3189
0.50086
0.09476
0
0.22186
0
0
0
0.25096
0
0
0
0
0
0.37331
0
0
0
0
0.40919
0.27972
0.24648
0.1605
0
0
0
0.18028
0.04236
0
0.11594
0
0
0
0.42053
0.29512
0.99841
0
0
0.13763
0
0
0
0.68105
0
0
0
0.38156
0.32098
0.13304
0
0
0
0
0
0
0.07673
0
0
0
0
0.11955
0.11683
0.34434
0
0
0
0
0
0.07785
0
0.22127
0.13432
0
0.31995
0
0
0
0
0
0
0
0
0.10414
0.23285
0.13793
0
0
0
0
0
0
0.1138
0.15831
0
0.42645
0.1169
0
0.13482
0
0
0.36536
0
0
0.13725
0.0526
0.63545
0.91472
0.2166
0
0
0
0.62616
0
0
0.23353
0.04826
0.04842
0.13746
0.04314
0
0
0.12727
0.35715
0
0
0.18742
0
0.11582
0
0.12765
0
0
0
0
0.07827
0
0
0
0
0
0
0.08477
0.18081
0
0
0
0
0
0.36802
0
0
0
0.15147
0
0.35579
0
0
0
0.17293
0.94013
0.12242
0.21591
0
0
0
0.24602
0
0
0.28342
0
0.34762
0.23312
0.07509
0.42654
0
0.6838
0.20904
0
0
0
0.10402
0.35127
0
0
0
0.31967
0.14906
0
0
0.52203
0
0
0
0
0
0
0.63253
0
0
0
0
0.15311
0
0
0
0
0
0.19262
0
0
0
0
0
0.20389
0
0.14057
0
0
0
0
0.84657
0
0
0
0
0
0
0
0
0
0
0
0
0
0.23508
0.48932
0
0
0
0
0.22909
0
0
0.14264
0.10227
0.3456
0
0
0
0.12132
0.40003
0
0
0
0
0.2507
0.15671
0
0.12681
0
0
0.1748
0
0
0
0
0
0.3261
0.12139
0.11724
0.2552
0
0
0
0.08528
0
0
0
0
0.14292
0.40711
0.04605
0
0
0
0
0.1868
0
0
0
0.11578
0
0.19364
0
0
0.05545
0
0
0
0
0
0
0
0.12136
0
0.10537
0
0
0
0
0
0.12707
0.1607
0
0
0.04833
0.42059
0
0.25625
0
0
0
0
0
0
0
0.68921
0
0
0
0
0.41365
0
0.14142
0
0.32171
0.32899
0
0
0.03829
0
0.23129
0
0
0
0
0
0
0
0.18898
0.37726
0
0.10533
0
0.3888
0.38194
0.10394
0.15724
0
0
0
0
0
0.4162
0
0
0.55339
0.14618
0.16961
0
0
0
0
0
0
0.32031
0.12513
0
0
0.44925
0
0.1811
0.9365
0
0
0
0.14954
0.11853
0.70068
0.12185
0
0
0.15851
0.70451
0
0
0.41208
0.29241
0
0.2341
0
0
0.04168
0
0
0
0
0
0
0
0.15699
0.21532
0.05224
0.05605
0.76354
0.12695
0
0.04249
0
0.32745
0
0
0.39787
0
0
0
0
0.49433
0
0.12377
0
0
0
0
0.23655
0
0
0
0
0
0
0
0
0.11897
0
0
0.30926
0
0
0
0
0
0
0
0.37426
0
0.8223
0
0
0
0.12253
0
0
0
0
0.14485
0.32175
0
0.11245
0.62368
0.08798
0
0
0
0
0
0
0
0
0
0
0
0
0
0
0.13529
0
0.55827
0.12791
0
0
0.1301
0
0
0.58588
0.24759
0.1537
0
0.14214
0
0.12698
0.04348
0
0
0
0.18857
0.5642
0.20279
0
0
0
0
0
0
0
0.11817
0
0
0
0.27482
0.38125
0
0
0.07707
0.09704
0
0
0
0.75316
0
0.23304
0.38371
0
0.3609
0
0
0.35876
0
0
0
0.72817
0.19771
0
0
0
0.26201
0.25057
0
0
0
0.03775
0
0
0.35235
0.11575
0.18771
0
0.0894
0
0.12868
0
0.1468
0
0
0.31505
0
0
0
0
0
0.22724
0.30426
0
0
0
0
0
0
0
0.11614
0
0.12051
0
0.28245
0
0.21294
0.11648
0.28459
0
0.07931
0
0
0.39529
0
0
0.44237
0
0
0.10032
0
0.086
0
0.193
0.19242
0
0.1172
0
0.14756
0.13388
0
0.23715
0.5754
0
0
0
0
0
0.05525
0.33559
0
0
0.52818
0
0.12441
0.06962
0
0
0
0.08298
0.41786
0.30852
0
0.22165
0
0
0
0
0
0.12105
0
0.13086
0.15128
0
0
0.1872
0.19314
0
0
0.36713
0
0
0.14012
0.28168
0.18034
0
0.05514
0.11597
0
0.42919
0
0
0
0
0
0.23031
0
0
0.04701
0.11816
0.24902
0.15619
0.44791
0.11568
0
0
0
0
0
0
0
0
0
0
0
0
0.51418
0.24012
0
0
0
0.59722
0
0.11567
0
0.22024
0.10778
0
0.54993
0
0
0
0
0
0.63119
0.22182
0
0
0.59156
0
0
0.1164
0
0.15356
0
0.15317
0.10094
0.50812
0
0.19917
0
0
0.15652
0.45348
0
0.12313
0
0
0
0.15702
0
0
0.17589
0
0
0.41454
0.16038
0
0
0
0.17483
0
0
0.04649
0.86955
0.06212
0
0
0
0
0.81167
0.44735
0.80038
0.16268
0
0.61777
0
0
0.16807
0
0
0
0.03917
0.04937
0.16485
0
0.12545
0.14597
0
0
0
0
0
0
0
0
0.12608
0.4907
0
0
0.14046
0.32026
0
0.15915
0
0.13744
0
0
0
0
0.51415
0
0.2561
0.38438
0.24018
0
0
0
0
0
0
0
0
0
0
0
0
0.15705
0
0
0
0.23411
0
0.23242
0
0.59742
0
0
0
0.07811
0
0.28309
0
0.16653
0
0
0
0.27116
0.31731
0
0
0
0
0
0
0
0.4945
0
0
0.7216
0
0
0
0.12713
0.7041
0
0
0
0
0
0
0
0
0
0
0.11288
0
0
0
0
0.44979
0.10361
0
0.31912
0
0.29589
0
0.62007
0
0.13032
0
0
0
0
0.17623
0.15028
0
0
0
0
0
0
0
0
0.53801
0.28332
0
0
0
0.07023
0.10484
0
0
0
0
0
0
0
0.20027
0.10739
0.04417
0.30106
0
0
0.19852
0
0
0
0
0
0
0
0
0
0
0
0
0
0
0
0
0
0
0.41779
0.39439
0
0
0
0
0
0
0
0
0
0
0
0
0
0
0
0.70378
0.29688
0.1257
0
0
0
0
0
0.10676
0.15697
0
0
0
0
0.69715
0.23099
0
0
0.03923
0.2198
0
0.45628
0
0.12788
0
0.5927
0
0
0.49121
0.12788
0.35007
0
0
0.09748
0.15127
0
0.69757
0
0
0
0
0
0.17387
0
0.23186
0
0
0
0
0.13104
0
0
0
0
0
0
0
0
0
0
0
0.18998
0.1045
0
0
0
0
0.13421
0
0
0.42162
0.41414
0.15631
0.51426
0
0
0.09248
0.4188
0
0.32408
0
0.55987
0.4556
0
0
0
0.31483
0
0
0
0
0.23941
0.29605
0
0
0.04886
0
0
0
0
0
0.12794
0.15803
0
0
0
0.08827
0
0.24814
0
0
0
0
0
0
0
0
0
0
0
0
0
0
0
0
0.15943
0
0
0
0
0.10711
0
0
0
0
0
0
0
0
0
0
0.1716
0
0
0
0
0
0.36495
0
0
0
0
0
0
0
0.4602
0
0
0.10974
0
0.46453
0
0
0.12714
0.13807
0
0
0.13201
0.1059
0.25989
0.15951
0
0
0
0
0
0
0
0
0
0
0
0
0
0.04026
0
0.12321
0.1863
0
0
0.37173
0.14366
0
0
0.15911
0
0.11475
0
0.3407
0.17654
0.12386
0.13841
0.42134
0
0
0.46116
0
0
0.32771
0
0.04779
0.13057
0.20489
0
0.12534
0
0.39482
0.28286
0
0
0.20966
0.43004
0
0
0.1133
0
0
0
0.12168
0
0
0
0
0.1627
0
0
0
0.18689
0
0.13414
0.15851
0.037
0
0.29588
0
0
0
0
0
0
0.1984
0.26544
0
0
0
0.13767
0
0
0
0
0.14495
0
0.36856
0
0.20013
0.20154
0.12039
0
0.42648
0
0
0.23291
0
0
0.31983
0
0.15892
0.19101
0.8741
0
0
0
0.11076
0.14882
0
0
0.09662
0.1391
0
0
0
0
0
0
0
0
0.03884
0.31912
0.19598
0.33117
0
0
0
0
0.81184
0
0.25824
0
0
0.25128
0
0
0
0.44571
0
0
0
0
0
0.18756
0.5556
0
0
0.18789
0.14142
0.03931
0
0.29845
0
0.36438
0
0.12761
0
0
0
0
0.2537
0
0
0.19841
0
0
0
0
0
0
0
0.57828
0
0.27338
0
0
0.31043
0
0
0
0.05248
0.21529
0.71349
0
0
0.11557
0
0
0
0.07668
0
0.25351
0
0
0
0
0
0
0
0
0
0.15362
0
0
0
0.23199
0
0
0.04672
0
0
0
0
0.22578
0
0
0
0
0.15888
0.14436
0.0392
0
0.19369
0
0
0.12146
0
0
0
0.52963
0
0
0
0
0
0
0
0
0
0
0.13647
0.15612
0.20075
0
0
0
0
0
0.1046
0.11629
0
0.31827
0.08413
0.63882
0.11333
0.42457
0
0
0
0
0
0.04281
0
0
0
0.18712
0
0
0
0.45681
0
0
0.1141
0
0
0.84138
0
0
0.10411
0
0
0.17993
0
0.42696
0
0
0
0
0
0
0
0.2527
0
0
0
0.40727
0
0.47229
0
0.24682
0
0
0.22369
0
0.14677
0
0
0
0
0
0
0
0
0.43047
0
0.28813
0
0
0.41115
0
0.06978
0
0
0
0
0
0
0
0
0.0697
0
0
0.16797
0
0.13092
0.12188
0
0
0
0
0
0
0
0
0
0
0
0.18191
0
0
0
0
0.11156
0.24938
0
0
0.11253
0.32203
0
0.15628
0
0
0
0
0.25586
0.12684
0
0
0
0
0
0.24731
0
0
0
0
0
0
0
0
0.30109
0
0
0
0.41113
0
0.10827
0
0
0
0
0
0.2783
0.09517
0
0
0.19944
0
0
0.25564
0.2919
0.1543
0
0
0
0.0442
0
0.09336
0
0.12621
0.11158
0
0
0
0.35062
0
0
0
0
0
0
0.37642
0
0
0.12696
0
0
0.13861
0.65842
0.42711
0
0.23706
0.10704
0
0.05577
0
0.31986
0.04663
0.31617
0
0
0.06208
0
0.13013
0
0.66901
0
0.48535
0
0.14203
0
0
0
0
0
0.1627
0
0
0
0
0.15079
0
0.43399
0
0
