0.24412
0.08755
0.11565
0.30703
0.46483
0.11381
0.09734
0.11899
0.51488
0.34411
0
0.13527
0
0.41659
0
0
0.40574
0
0.41391
0.87821
0
0.11773
0
0.03015
0.80267
0
0.11813
0.65424
0
0.17084
0.39223
0.16179
0
0.60664
0.44352
0.23319
0
0.43321
0
0.27921
0.62451
0.09454
0.28219
0.11823
0
0.06309
0.11411
0.20405
0.22273
0.4356
0.11718
0.16402
0
0.24493
0.08217
0.75107
0.74853
0.32444
0
0
0
0.51321
0.11433
0.15348
0
0.4097
0.46311
0.21936
0.22756
0.37121
0
0.86009
0
0.76838
0
0.30164
0.11383
0.47402
0.11166
0.22416
0.09669
0.59973
0.23086
0
0.36643
0.17049
0.45912
0.11778
0.22154
0.16844
0.49912
0.46283
0.24802
0.17771
0.51904
0.54543
0.30315
0.24505
0
0.12909
0
0.3443
0.17013
0.51968
0.63976
0.30359
0
0.10063
0.11585
0.43262
0.24148
0.08916
0.40556
0.09778
0.80535
0.11724
0
0.76284
0.64071
0.07063
0.40976
0.04424
0.08005
0.03072
0.47495
0.79201
0
0.39033
0.41222
0.52075
0
0.18946
0.19919
0
0.16144
0.65163
0.13238
0.10078
0.80219
0.39069
0.23255
0.13571
0
0.40954
0.20553
0.2243
0.36675
0.84365
0.13524
0
0.16957
0
0.50843
0.1191
0.39143
0
0.20522
0
0.08517
0
0.16423
0.24101
0
0.06022
0.39886
0.15558
0.24092
0.35085
0.19298
0.09987
0.22509
0.12186
0
0.11695
0.17627
0.14776
0
0.09239
0.36815
0.11807
0
0
0
0
0.22561
0.12119
0.17785
0.52105
0
0
0
0
0
0.09867
0.20642
0
0
0
0.1761
0.15103
0.12702
0
0.09191
0.70958
0.28071
0
0
0
0.02885
0.25077
0
0
0.08645
0.19221
0.09666
0
0.24516
0
0.09278
0
0.13421
0.51992
0
0
0
0.09371
0
0
0.2934
0
0
0.46412
0.11523
0
0.08971
0
0
0
0
0
0.15429
0.17772
0
0.13069
0.09575
0
0
0
0
0.09319
0.1728
0.7806
0
0.28427
0.19188
0
0.68703
0.02827
0.59776
0
0
0
0
0.19292
0.17796
0
0.17243
0
0
0
0.06466
0.18889
0.22256
0.1193
0
0
0
0
0
0.39663
0
0
0.09316
0.09633
0
0
0.08711
0.14894
0.07095
0
0.63485
0
0.13397
0
0.31907
0
0.74265
0.18892
0
0.0329
0
0.15553
0.31532
0
0
0.13322
0
0
0
0.13402
0
0
0.08589
0.5277
0
0
0.09748
0.08543
0
0
0.53522
0.13224
0.09187
0
0.24354
0
0
0
0
0
0
0
0.24622
0
0.24136
0.2335
0
0
0.3395
0
0
0.23621
0.3083
0.47179
0
0.1063
0
0.178
0.11643
0
0.04434
0.20204
0
0.11816
0
0
0.09678
0
0.39664
0.19862
0.26318
0.18979
0
0.38666
0.09218
0.34944
0
0.1783
0
0.2035
0
0.08613
0
0.20062
0
0.08596
0.36117
0
0
0
0.26759
0
0.80503
0
0
0
0
0
0
0
0
0.14362
0.22837
0
0.29623
0
0.04033
0.08571
0
0.34227
0.62747
0.22552
0
0
0
0.30302
0
0
0.11512
0.11777
0
0.40793
0.09631
0.13587
0
0.03291
0.03371
0.06027
0
0
0.1689
0
0.19356
0.28016
0
0.17966
0.08614
0
0.33528
0.20219
0
0.22817
0.06758
0
0.17529
0
0.22752
0
0.78328
0.34365
0
0
0
0.08799
0
0.02833
0.47347
0
0
0.24187
0.35283
0.17159
0.09832
0.82723
0.64483
0
0
0
0
0.09033
0.22696
0
0
0.09355
0
0.03251
0.34996
0.0979
0
0.24121
0
0
0
0
0.77965
0
0.29028
0.0336
0.24228
0
0
0
0
0.12904
0.08704
0.25693
0
0.64241
0.08536
0
0
0
0
0.09045
0
0
0
0
0
0
0.16551
0.04269
0
0
0.23904
0
0
0.11735
0
0
0.19075
0.09093
0
0.09062
0
0.08979
0
0
0
0
0.0861
0
0
0
0
0
0.23207
0
0
0
0
0
0
0
0
0.13544
0
0
0
0
0
0
0
0
0.18628
0
0.03371
0.10032
0
0
0
0.15358
0
0.11534
0.13554
0.37815
0
0.09777
0
0.03961
0
0.09694
0
0
0
0.08842
0
0.11703
0.22643
0.1394
0
0
0.09771
0
0.09961
0
0.07389
0
0.15586
0.47287
0.03263
0
0
0.25126
0
0
0
0
0
0
0
0
0
0.09718
0
0.11556
0.06424
0
0
0
0
0
0.09964
0.61873
0
0.2779
0.09461
0
0.10024
0.08959
0.24796
0
0.11769
0
0
0
0.09769
0
0.04228
0.19157
0
0.09891
0
0
0
0
0
0.11603
0.13638
0
0.47818
0.22154
0
0
0
0.06636
0
0
0.09912
0.09421
0
0
0
0
0.2779
0
0.11631
0.08751
0.10862
0.22696
0
0
0
0
0
0
0
0.03911
0.19495
0
0
0.23174
0
0.11943
0.22846
0
0
0
0.05674
0
0
0
0
0
0.03911
0
0
0
0
0
0
0
0
0.08721
0.03429
0
0
0
0
0.25852
0.03778
0.14475
0.2434
0
0
0.07864
0
0.08726
0
0.14319
0.15426
0.08875
0
0.19153
0.24981
0
0.08821
0
0
0
0.12172
0
0.06516
0
0
0
0
0
0.32935
0
0.10038
0
0
0
0.06875
0.36757
0.07899
0
0
0.08878
0
0
0
0.11272
0.03373
0
0
0.22038
0
0.09659
0
0.06276
0.66669
0
0
0
0.19272
0
0
0
0.03076
0
0
0.29462
0.25569
0
0
0
0
0
0
0
0
0
0.23233
0
0
0
0
0.07935
0
0
0
0
0
0
0
0
0
0
0
0
0
0
0
0.08827
0
0
0
0
0
0
0
0
0.07411
0
0
0.31563
0
0
0.20144
0
0
0
0.41105
0
0
0
0.10738
0.02924
0
0
0
0
0.04013
0.18209
0
0.07176
0
0.04437
0
0
0
0
0.1607
0
0
0
0
0.03289
0
0
0
0.09803
0.10626
0
0
0
0
0
0
0
0
0.2225
0
0.36727
0.08696
0
0.09018
0.10079
0
0
0
0.03325
0
0
0
0
0
0
0
0.40093
0
0
0.11696
0.13289
0
0.70335
0
0
0
0.22681
0
0
0
0
0.09062
0
0
0
0
0
0
0.07373
0.04984
0
0.13516
0.34108
0
0.05505
0
0.07412
0
0
0
0
0
0
0
0.13426
0
0.02755
0
0
0
0
0
0.08812
0
0.07689
0
0.13099
0
0
0.22232
0.14473
0
0
0
0
0
0.10281
0
0.19535
0
0
0
0
0.17147
0
0.28971
0
0
0.21978
0
0.1934
0
0
0
0
0
0
0
0
0
0.13317
0
0
0
0
0.13107
0
0
0
0
0
0.13971
0
0
0
0
0
0
0
0
0
0.27621
0
0.24294
0
0.08528
0
0.28166
0
0.1168
0
0
0
0
0
0.1349
0
0.2246
0.13429
0.09777
0
0.12725
0
0
0
0.19386
0
0.1658
0.07425
0
0.02814
0
0
0
0
0
0.04001
0
0
0.06695
0
0
0.22149
0.0875
0
0
0
0.09581
0
0
0
0
0.09551
0
0
0
0
0
0
0
0
0
0.08178
0
0.20742
0
0
0
0
0
0.09667
0
0.15849
0.08052
0
0
0
0
0
0.59599
0
0.11772
0.13218
0.3397
0
0.22388
0
0
0
0.08744
0
0
0.09163
0
0.43511
0.1299
0
0.07323
0.11548
0
0
0
0
0
0.60635
0.04876
0
0.13567
0
0
0
0.19134
0
0
0
0.27634
0
0.16134
0
0
0
0
0
0
0.75047
0.21213
0
0.22154
0
0.17127
0.40535
0
0
0.18717
0.08985
0
0
0
0
0.31677
0.48294
0
0.11123
0
0
0
0
0
0
0.11687
0
0
0
0
0
0
0
0.42764
0
0
0.03017
0.43326
0.34354
0.05365
0.33774
0
0.34047
0.08139
0.09075
0.08138
0
0.11459
0
0
0.19559
0
0.11556
0.31114
0
0
0
0.08172
0
0
0
0
0
0.16122
0.24857
0
0.34807
0.21476
0
0.10028
0
0
0.18887
0.21474
0
0
0
0
0
0.0821
0
0.13016
0
0
0
0.15689
0.07343
0
0
0
0.30374
0
0
0.11326
0.07794
0
0.64105
0
0
0
0.03467
0
0
0.11857
0
0.10015
0.2908
0
0.08705
0.03778
0
0.1135
0
0
0
0
0
0
0
0
0.14273
0.23038
0
0
0
0
0.19516
0
0
0
0.29223
0
0
0
0
0.3042
0
0
0
0.37191
0
0.12039
0
0.18677
0
0
0
0.19083
0
0
0
0
0.03
0
0
0
0
0.19729
0
0.22455
0
0
0.10281
0.02737
0
0
0.11355
0
0.07659
0
0
0
0
0.18974
0
0
0
0
0.38266
0.36731
0
0.11192
0.14136
0.06016
0
0.18541
0.05706
0.09987
0
0.11541
0.19248
0
0
0
0
0.1281
0
0.17017
0
0
0.15542
0.34078
0
0
0.11528
0
0.38386
0.07366
0
0
0
0
0
0
0
0
0.1658
0.09165
0.0792
0
0
0
0.0907
0
0.24267
0
0
0
0
0.09688
0
0
0
0
0.10167
0
0
0
0
0.09232
0
0.34397
0.22784
0.02969
0
0.17353
0
0
0
0
0
0
0.13647
0
0
0.24049
0
0.22676
0.29787
0
0.15657
0
0
0.43056
0.22315
0
0.19254
0.10328
0
0
0.11863
0
0.17216
0
0
0
0
0.02963
0.24985
0
0
0
0.16939
0
0
0.43694
0
0.08708
0
0.60086
0
0
0
0.13246
0
0
0
0
0.15933
0
0.08524
0
0
0.43502
0
0
0
0
0
0
0
0.22137
0
0.15718
0.24909
0.21684
0.08423
0.07343
0
0
0
0
0
0
0
0.09701
0
0
0
0
0
0
0
0
0
0.03838
0.22398
0
0
0
0
0
0
0
0
0.04963
0
0
0.08194
0
0
0
0
0
0
0
0.35257
0
0.16986
0.101
0
0
0
0
0
0
0
0.19209
0.08632
0.03333
0
0.16607
0
0
0
0.158
0.2207
0
0
0
0.15546
0
0.11718
0
0
0
0.18919
0.09375
0.11672
0
0.07343
0
0
0
0
0
0.62581
0
0
0
0
0
0.17209
0.0691
0
0.0668
0
0
0.22251
0.07338
0
0
0
0
0
0.13363
0
0.22109
0.29667
0.08587
0
0.09176
0
0.06712
0
0.21282
0
0
0.08696
0.12857
0
0
0.06103
0
0
0
0
0
0
0
0
0.19508
0
0
0
0
0
0
0
0.09229
0
0
0
0
0.10101
0
0
0.04888
0.10059
0.18717
0
0
0
0
0.13258
0.10064
0.0729
0
0.05733
0
0
0.08462
0.09735
0.18886
0.16827
0
0
0
0
0
0.05723
0
0.22143
0.11677
0
0
0.22595
0
0
0
0
0
0
0.16958
0.17686
0
0
0.12375
0
0
0
0
0.15502
0
0.19133
0
0.22921
0
0.10451
0.19256
0
0.10244
0
0.03362
0.21387
0
0
0
0
0
0
0
0.03191
0
0
0
0
0
0.10255
0.24249
0.10626
0
0
0.34902
0.11777
0
0.09045
0.16924
0
0
0
0.11916
0
0.17331
0
0
0
0
0
0
0
0
0
0
0.0541
0
0
0
0
0
0.19856
0
0.07911
0
0
0.15503
0
0
0.14216
0
0
0
0
0
0.10021
0
0
0
0
0.0858
0
0.06205
0
0.10024
0
0
0.09207
0
0
0.02759
0.08674
0
0
0
0
0
0
0.22223
0
0
0.02884
0.09108
0
0
0.09287
0
0.22342
0.12433
0
0
0
0
0
0
0
0
0
0
0
0
0
0
0
0.19296
0
0
0
0.08631
0.08584
0
0
0.19298
0
0.09249
0
0
0.08647
0.08115
0
0.09981
0
0.19027
0.15179
0
0
0
0
0
0.09319
0
0.17386
0
0.09246
0
0
0
0
0
0
0
0
0.19419
0.34242
0
0
0.06567
0
0
0
0
0
0
0.10362
0
0.11339
0
0
0
0.03067
0.14373
0
0
0
0.15952
0
0
0.21839
0.08721
0
0
0
0.08545
0.21559
0
0
0
0
0.22348
0
0
0
0.08397
0
0.17195
0
0
0
0.08514
0
0.09896
0
0
0
0
0
0.13598
0
0
0
0.07915
0.21777
0.19343
0
0
0.28648
0
0
0.03644
0
0.17408
0.18255
0
0
0
0.091
0.2232
0
0.15772
0.09261
0
0.17074
0
0
0.19212
0.09638
0.10168
0
0
0
0
0
0
0
0.097
0
0
0.02714
0.17592
0
0
0.03107
0.09118
0
0.1305
0
0
0.1923
0
0
0
0.22068
0
0
0
0
0
0.11689
0.16545
0
0
0
0.09288
0
0.08687
0
0.34224
0.17339
0
0
0
0.11651
0.07436
0
0
0.22294
0
0.06265
0
0.19509
0.16834
0
0
0
0
0
0
0.22445
0
0.10474
0
0.22115
0.15669
0
0
0.08459
0.16475
0.03806
0
0
0
0
0.09314
0
0
0.12957
0
0
0
0
0
0.25264
0
0
0
0
0.2591
0.09127
0
0
0
0.03684
0
0
0
0.25248
0.17255
0.03024
0
0
0.07499
0
0
0.22149
0
0
0
0
0
0.18271
0.09085
0
0
0.14805
0
0
0
0.09781
0
0.03536
0.11319
0
0
0.11353
0
0
0
0
0
0.15701
0
0
0
0.03499
0
0.25226
0
0.10809
0.39789
0.08729
0.09642
0
0
0
0
0
0.31894
0
0.09952
0
0
0
0
0.03343
0
0
0
0
0.05764
0.11937
0
0.10223
0
0
0
0
0
0.07599
0
0
0
0
0.09901
0
0
0.2209
0
0
0
0.12632
0
0
0
0
0.05968
0
0
0
0
0.09126
0
0.09968
0
0.09305
0.09399
0
0
0
0.12664
0.2261
0
0
0
0.22101
0
0
0
0
0
0
0
0
0
0
0.18116
0
0
0
0.09855
0.26064
0
0
0.09256
0.08661
0
0
0.03547
0
0
0.21443
0.09798
0
0.21606
0
0
0.09437
0
0
0.06254
0
0
0
0
0
0
0
0
0.25202
0.08706
0.12627
0
0
0.08398
0
0
0
0.21567
0
0
0
0
0
0.05951
0
0
0
0
0
0.2207
0
0
0
0.09844
0
0.03854
0
0.03182
0
0
0
0
0.21529
0.22635
0
0.09419
0
0.05803
0
0
0
0
0
0
0
0
0.03621
0.19569
0
0
0
0
0
0
0
0.18518
0
0
0
0
0.14799
0
0.17891
0
0
0
0
0
0.11716
0
0
0
0
0.21935
0.22542
0
0
0
0
0
0
0
0
0
0.11221
0
0.14622
0
0.09769
0
0.03545
0
0
0
0
0
0.08572
0
0.08881
0
0.1253
0
0
0
0
0
0.09853
0
0.26753
0.08202
0
0
0
0
0
0
0
0
0.09541
0
0
0
0
0.02895
0
0.22337
0
0
0.09345
0
0.09243
0
0
0.17199
0
0.09797
0.17641
0
0
0
0.10262
0.09372
0
0
0
0.10174
0
0.09374
0.08566
0
0
0
0
0
0
0.15513
0
0
0
0
0
0
0.19181
0
0
0
0.06061
0
0
0
0
0
0.12736
0
0
0
0
0.2398
0
0.25381
0.10164
0
0
0
0
0
0
0
0
0.07517
0
0
0
0
0
0.02879
0
0
0.1737
0
0
0
0
0
0
0
0.09044
0
0
0
0.17169
0.18136
0
0
0
0.10022
0
0
0
0
0
0
0
0
0.10317
0
0
0
0
0.25784
0
0
0
0
0.08129
0
0
0
0
0
0
0
0
0
0.18444
0
0
0.08765
0
0
0
0
0.07386
0
0
0
0
0
0
0
0.19348
0
0
0
0
0
0
0
0
0
0.19997
0.03153
0
0
0
0
0.12129
0
0
0.44483
0.22137
0
0
0.44437
0
0
0
0
0
0.11864
0.09915
0
0
0
0
0.17673
0
0
0.10053
0
0
0
0
0
0
0.26193
0
0
0
0
0
0
0
0
0.07619
0.3425
0.09907
0
0
0
0
0.12732
0.12765
0
0
0.19771
0.10324
0
0
0.17188
0
0
0.20306
0.22498
0
0
0
0
0.44364
0
0
0.12585
0
0
0
0
0
0
0
0
0
0.17212
0.34265
0
0
0
0.11407
0.09255
0
0.19699
0.21904
0
0
0
0
0
0
0
0
0
0
0
0
0.22653
0
0
0.1412
0
0
0
0.06932
0.3677
0
0
0
0
0
0
0
0
0.11085
0
0
0
0.08307
0
0
0
0.13717
0
0
0
0
0
0
0
0.09186
0
0
0.07472
0
0.28034
0
0.10914
0
0.09921
0
0
0.03935
0
0
0
0
0
0
0
0
0
0
0
0
0
0.10069
0
0.17731
0
0
0.10199
0
0.19567
0
0
0
0
0
0.12989
0
0
0
0.22554
0
0.28036
0
0
0
0
0
0.12843
0
0
0
0
0
0.09283
0
0
0
0
0
0
0
0.11068
0
0
0
0
0.10821
0
0
0.30048
0.11202
0
0
0.10337
0
0
0
0
0
0
0.06968
0
0.22018
0
0
0
0.10097
0
0
0
0
0
0.11478
0.4049
0
0
0
0
0.24983
0
0
0.10117
0
0.11574
0.17866
0
0.12772
0
0.17489
0
0
0
0
0.10459
0.10304
0.02801
0.38284
0.22149
0
0
0
0
0
0.21929
0
0
0.21205
0
0
0
0.31769
0
0
0
0
0
0
0
0
0
0.10368
0
0
0.15484
0
0
0
0
0
0
0
0.29016
0
0
0.11115
0
0
0
0.14436
0
0.08775
0.32496
0
0.067
0.31234
0
0
0
0
0.21905
0
0.13658
0
0
0
0
0.08746
0.0337
0
0
0
0.16264
0
0
0
0
0
0.15706
0
0
0
0
0.15888
0.28289
0.18678
0.22657
0
0
0
0
0
0
0
0
0.1249
0
0
0
0
0
0
0.09374
0
0
0.08792
0
0.03368
0.14726
0
0.2756
0.44508
0
0
0.15709
0
0.19267
0
0
0.10106
0.11237
0
0.29253
0
0.10474
0
0
0
0
0
0
0.21729
0
0.38162
0
0
0
0.11112
0.19636
0
0
0
0
0.09235
0.38302
0.3289
0
0
0.15495
0.10147
0
0.10261
0
0
0.31043
0
0
0
0
0
0
0
0
0.21946
0
0.17509
0.05876
0
0
0.08751
0
0
0.099
0.18759
0
0.11079
0.1997
0
0
0
0
0
0.13514
0
0.13066
0.495
0
0.21427
0
0
0.32824
0
0.12602
0.10313
0
0
0
0
0
0.10628
0
0
0.10334
0.31074
0
0
0
0
0
0
0.16814
0.07345
0
0.0413
0.21587
0
0
0.10468
0
0
0
0
0.06251
0.15513
0
0.11186
0
0.17541
0.12024
0
0
0.13506
0.21768
0
0
0.29254
0
0
0
0
0.22547
0
0.02903
0
0
0.19799
0.06021
0.26642
0
0
0
0
0.10238
0
0
0
0
0
0
0
0
0
0
0.24115
0
0
0
0
0
0
0
0.06679
0
0
0.09578
0
0.14715
0
0
0
0
0
0.17411
0
0
0.0989
0.22115
0
0
0
0.1033
0.13492
0
0.09772
0.14186
0
0
0.09754
0.22479
0
0
0
0
0
0
0
0
0
0.08605
0
0.1989
0.17654
0
0
0
0
0.09421
0
0
0.12738
0
0
0.10286
0.08657
0.10199
0
0
0
0
0
0
0.22482
0
0
0
0.10363
0
0
0
0
0.08724
0.12774
0
0.15887
0
0
0
0.12741
0.49248
0
0
0
0
0.09836
0
0
0
0
0
0
0
0
0
0.05839
0
0.1032
0.19686
0
0
0
0.11503
0
0.08725
0
0
0
0
0
0
0.43662
0
0
0
0.0901
0
0
0
0.15513
0.16493
0
0
0
0.17982
0
0.2171
0
0
0.37555
0.13228
0
0
0
0
0
0
0
0
0.10469
0
0.14218
0
0
0
0
0
0.2212
0
0.06723
0.09584
0.26634
0
0.17863
0
0
0
0
0
0.06813
0
0
0
0.27432
0
0.2981
0
0.06332
0
0
0.05639
0
0
0
0
0
0
0.14992
0
0
0
0
0.259
0
0.1306
0.10725
0
0
0
0.16683
0.08499
0
0
0
0
0
0
0.52468
0
0
0
0
0
0
0
0
0
0
0
0
0
0
0.10263
0
0
0.171
0
0
0.08154
0
0
0
0.16058
0
0.11568
0
0
0.09658
0
0.11004
0
0
0
0
0
0
0
0.11531
0
0
0
0.03388
0
0
0
0
0
0.1389
0
0
0.03793
0
0
0
0
0.21607
0
0.38103
0
0
0
0.38157
0.22179
0.09013
0
0.19078
0
0
0
0
0.19949
0.08453
0.06833
0
0
0
0
0.32922
0
0
0
0
0.12688
0
0
0.2203
0
0
0
0.06714
0
0.15346
0
0
0
0
0
0
0
0
0
0
0
0
0
0
0
0
0
0
0.21508
0
0
0
0
0.08547
0
0
0
0
0.09375
0.08638
0.21341
0
0.09361
0
0.18868
0
0.20213
0.38178
0
0
0
0
0.08701
0.12801
0
0.35163
0
0
0.16028
0
0
0.15502
0
0
0
0.10586
0
0
0.21572
0
0.19615
0
0
0
0.15706
0
0
0.07384
0.10614
0
0
0.09404
0
0
0
0
0
0.03566
0
0.05847
0
0
0.21944
0
0
0
0
0
0
0
0
0
0
0
0
0
0
0
0.24841
0
0
0
0
0
0
0
0
0
0.17434
0
0.04358
0
0
0
0.10812
0
0.03483
0
0
0
0.12626
0
0
0.13145
0
0
0.10969
0
0
0
0.121
0
0
0
0
0
0
0
0
0
0
0
0
0
0
0
0
0
0
0
0
0
0
0.10429
0.1323
0.16324
0
0.06307
0
0
0
0.09377
0
0
0
0
0.10776
0
0
0
0
0
0.17824
0.09643
0.14381
0
0
0
0
0.11231
0
0
0
0
0
0
0.09864
0.23324
0
0.10423
0
0
0
0
0
0.14457
0
0
0
0.06764
0
0
0
0.08704
0
0
0.10406
0
0
0
0
0
0
0
0
0
0.09709
0
0.10398
0
0
0.10338
0
0
0
0.20478
0.17204
0.06981
0
0
0
0.11439
0.08688
0.12021
0
0.24749
0
0.08713
0.19702
0.21532
0
0.20877
0
0.11083
0
0
0.10864
0
0.16111
0
0
0
0
0
0
0.10609
0.10279
0
0
0
0.17461
0
0
0
0
0
0
0
0
0
0
0
0
0
0
0
0
0
0.0868
0
0
0
0.1054
0
0
0.10827
0.13506
0
0
0
0
0.1115
0
0.25501
0
0
0.17285
0.11357
0.10374
0.09795
0
0
0
0.08723
0
0
0
0
0
0
0
0
0
0
0
0.14534
0.14846
0.29606
0
0
0
0.19904
0
0
0
0
0
0
0
0.12024
0
0
0.0862
0.1091
0
0
0
0.10878
0
0.09965
0
0
0
0
0.23042
0.17099
0
0
0
0
0
0
0
0
0
0
0.10199
0.13124
0.16236
0
0
0.06811
0
0
0
0
0
0
0
0
0.10004
0
0.21887
0
0
0
0
0
0.10213
0.12425
0
0.09856
0
0.09728
0
0
0
0.17512
0
0
0.08609
0
0
0
0
0
0
0
0
0
0
0.11256
0.13346
0
0
0.03379
0
0.10231
0.11205
0
0
0
0
0
0
0.07023
0.11419
0.12011
0
0.06231
0.10094
0
0
0
0
0.1711
0.11381
0.23696
0
0
0.03376
0
0
0
0.09627
0.25929
0.32832
0
0.30037
0
0
0.10278
0
0
0
0
0
0
0
0
0
0
0
0
0
0
0
0
0.10214
0
0
0
0.108
0
0.10275
0
0.17054
0
0.12165
0
0.20268
0.09455
0
0
0
0
0
0
0
0.03301
0
0.09936
0
0
0
0.09489
0
0
0
0.1899
0
0
0.22162
0.27302
0.09948
0
0
0
0.08417
0
0.03361
0
0
0.10801
0
0
0
0.10792
0.09768
0
0
0.09791
0
0
0
0
0.29947
0.10492
0
0
0
0
0
0.13373
0
0
0
0
0
0
0.21926
0
0
0.13685
0
0
0
0
0.13014
0
0
0.10357
0
0
0.10385
0
0.09958
0
0
0
0
0
0
0
0
0.1987
0.11432
0
0
0
0
0
0
0.1143
0
0
0.1017
0
0
0
0
0
0
0.30894
0
0
0.10371
0
0
0
0
0.19784
0
0.09506
0
0
0
0
0
0.08594
0
0
0
0
0.13105
0
0
0
0.07705
0
0
0
0
0.1026
0
0
0
0
0
0.32557
0
0
0
0.05727
0.11668
0
0.28516
0.10189
0.27682
0.32473
0
0
0
0
0
0
0
0.11678
0
0
0.26197
0
0.18278
0.21646
0
0
0
0.10824
0
0.10434
0
0
0
0
0
0.07167
0.10278
0
0
0
0.13514
0
0
0
0
0.19521
0.06256
0
0
0
0
0
0.09471
0
0
0
0
0
0
0.16853
0
0
0
0
0
0.10395
0
0
0
0.1065
0
0
0.09879
0
0
0
0.03886
0.09723
0
0
0.07039
0
0.11133
0
0
0
0
0
0.10765
0
0
0.12808
0
0
0
0
0
0.25028
0
0
0
0
0
0
0
0.21746
0
0.11607
0
0
0
0.11686
0
0
0
0
0
0
0
0
0
0.10597
0
0.151
0
0.2128
0
0
0
0
0
0
0
0
0
0
0.06334
0
0
0
0
0
0.05617
0
0
0
0
0.10678
0
0
0
0
0
0
0
0
0
0
0
0
0
0
0
0
0
0.15276
0
0
0
0
0
0
0
0
0
0
0
0.05759
0.08689
0
0
0
0.19632
0.36932
0
0.10715
0
0
0
0
0
0.07857
0
0
0
0
0
0.10385
0
0
0
0
0
0
0
0.27421
0
0
0
0.10299
0.07933
0
0
0
0
0
0
0
0.2096
0.09924
0.10367
0.09819
0
0
0
0
0
0.02912
0
0.10668
0
0
0
0
0
0
0
0
0.10886
0.33451
0.10184
0
0
0
0
0.09833
0
0
0
0
0.10437
0
0
0
0.10858
0
0
0
0
0
0
0
0
0
0
0
0
0
0.10544
0
0
0
0
0
0
0
0
0
0
0
0
0
0
0
0
0.21367
0.30476
0
0
0
0
0
0
0
0.20974
0.20794
0
0
0
0
0
0
0
0.06247
0
0
0
0
0
0
0
0
0
0
0
0
0
0
0
0.22315
0.0874
0.07932
0
0
0
0
0
0
0
0
0.24011
0
0
0.209
0
0.08712
0.032
0
0
0
0
0
0
0
0
0
0
0
0
0
0
0
0
0
0
0
0.20778
0
0
0.32792
0
0
0
0.07314
0
0
0
0
0
0
0
0
0
0
0
0
0
0
0.14561
0.0718
0
0
0
0
0
0
0
0
0
0.07017
0
0.10715
0
0.26668
0
0.06661
0
0
0
0.03187
0
0
0
0
0
0
0
0.06986
0.02818
0
0
0
0
0
0
0
0
0
0.03229
0
0.22636
0
0
0
0
0
0
0.21365
0.03319
0
0.18331
0
0
0
0
0
0.3273
0
0
0
0
0.18279
0
0.10225
0
0
0
0
0
0.0348
0
0
0
0
0
0.13518
0
0.26763
0.1837
0.10026
0
0.09753
0.10651
0
0
0
0
0.09723
0.35132
0.10425
0
0
0.37307
0.06877
0
0
0
0.13839
0
0
0
0
0
0.08443
0.21737
0
0
0.09776
0.159
0
0
0.17253
0
0
0
0
0
0
0
0.03761
0
0.2485
0
0
0.07537
0
0.03469
0
0
0
0.295
0
0
0
0
0
0
0
0.08548
0
0
0
0
0
0
0.23743
0
0
0
0
0
0
0.06743
0
0.15629
0
0
0
0.11831
0
0
0
0
0
0
0
0
0
0
0.37098
0
0
0
0
0.10587
0
0.0553
0.42977
0
0
0
0
0
0.12579
0.10418
0
0
0
0
0.03461
0
0
0
0.06426
0
0.10374
0
0
0
0
0
0
0
0
0.26741
0.08671
0.32864
0.362
0.09719
0
0
0
0
0
0
0
0
0
0
0
0.10139
0
0
0
0
0
0
0
0.10406
0.2472
0
0
0
0
0
0
0
0
0
0.29493
0
0
0
0
0
0.20278
0
0.12096
0
0
0
0
0
0
0.20288
0.12846
0
0
0
0.10706
0.07901
0
0
0.20223
0
0
0.10486
0.26212
0.16035
0
0
0.09824
0
0
0
0
0
0
0
0
0
0
0.25042
0
0
0
0
0.13259
0
0
0
0
0
0
0.14474
0.3313
0
0
0
0
0
0
0
0.34598
0
0
0
0.10747
0
0.03399
0
0
0
0
0.21375
0
0
0
0
0
0
0
0
0
0
0
0.13139
0.23356
0.09641
0
0.10242
0.10243
0.2058
0.11211
0
0.10793
0
0
0
0
0
0
0
0.09444
0
0
0.09787
0
0.3921
0
0
0
0.27657
0
0
0
0
0.19677
0
0
0
0.20275
0
0
0.20332
0.11576
0
0
0.08571
0
0
0
0
0
0
0
0
0
0
0
0
0
0
0.32837
0.27448
0.21748
0
0
0.21344
0
0
0
0
0
0
0
0
0.08721
0
0.2025
0
0.12674
0
0
0
0
0
0
0
0
0.03317
0
0.0839
0
0
0.1843
0.03566
0
0
0
0.06744
0
0
0.02761
0.11473
0.10123
0
0
0
0
0
0
0
0
0.21694
0.03041
0
0
0
0
0
0
0
0.02899
0
0
0
0
0
0
0
0
0
0.21124
0.18203
0.34868
0
0
0
0
0.37813
0
0
0
0
0
0
0
0
0.11847
0
0.21509
0.36134
0
0.22005
0
0
0.10676
0
0
0
0
0
0
0
0
0
0
0.20538
0
0
0
0
0.14851
0.16068
0.17356
0.16046
0.18353
0
0.16429
0
0
0
0
0.20268
0
0
0.03449
0
0
0.27019
0
0.10136
0
0
0
0
0
0
0
0
0
0
0.16007
0
0
0
0.08618
0
0
0.33482
0
0
0.07041
0
0
0
0.23034
0.06463
0.06865
0.19547
0
0
0.03159
0.10409
0
0.03012
0
0.20268
0
0
0
0
0
0
0
0
0.17428
0
0
0
0
0
0
0
0
0
0.20554
0
0
0.11371
0
0
0
0
0.21531
0
0.11859
0.38239
0.31271
0
0
0
0
0
0
0
0
0.12751
0
0
0
0
0
0.10185
0
0.02789
0
0
0
0
0.4107
0
0
0
0
0
0.15068
0
0.20437
0
0
0
0
0
0
0
0
0
0
0
0
0
0
0.08461
0
0
0
0
0.06332
0.08713
0
0.37341
0.1025
0.26051
0.03582
0
0.08419
0
0.09683
0
0
0
0.08691
0.19815
0
0.15996
0.29579
0.32709
0.20281
0
0
0
0
0
0.07891
0.0349
0
0
0.26993
0.10568
0
0
0.12709
0.09533
0
0.33147
0.03138
0.13125
0
0
0.18963
0.0862
0
0
0.19828
0
0
0.23358
0.22124
0
0
0
0
0
0
0
0
0
0
0
0
0
0.20206
0.12569
0
0
0
0.20293
0.03304
0
0
0
0
0.09552
0
0
0
0
0.40632
0.25899
0
0.0869
0
0
0.24829
0.02854
0
0.10209
0
0.22284
0
0
0
0
0
0
0
0
0
0
0
0
0.24587
0.20705
0.10215
0
0
0.08737
0.0335
0.29273
0
0.36977
0
0
0.21916
0.0971
0
0
0
0
0
0.24563
0
0
0
0
0.09117
0
0
0
0.10285
0
0.14329
0
0
0
0
0
0
0
0
0.20793
0
0
0
0
0
0.12044
0
0.17066
0
0
0
0
0
0
0
0
0
0
0
0
0
0.1981
0.09419
0
0
0.08045
0
0
0
0.12104
0.10144
0.41047
0
0.12631
0.04579
0
0.2484
0
0
0
0
0
0.10774
0
0
0.10264
0
0
0.21581
0
0.36932
0.12522
0
0
0
0
0.12345
0
0
0
0.06903
0
0
0.32695
0.18157
0
0
0
0.10459
0
0
0
0
0
0
0.08647
0
0
0
0
0
0.18393
0.09717
0.4915
0.2595
0
0
0
0
0
0
0
0
0
0.09033
0.17244
0
0
0
0
0.08417
0
0
0
0
0.0961
0.17141
0
0
0
0
0.25725
0
0
0
0.07075
0
0
0
0
0
0
0
0
0.13919
0
0
0
0
0
0
0
0.02818
0
0.18398
0.10538
0
0
0
0
0
0
0.10204
0
0
0.10542
0
0.24562
0
0.20279
0
0.08363
0
0
0
0
0
0
0
0
0
0
0
0
0.49151
0.25962
0
0
0.06087
0
0
0.11823
0.12205
0
0.0876
0
0
0.10298
0.25095
0
0
0
0
0
0.21325
0.02863
0.10569
0
0
0
0
0
0
0
0
0
0.25306
0
0
0
0
0
0
0
0
0.02905
0.06728
0.20686
0
0
0.02843
0
0.17211
0
0
0
0
0.0639
0
0
0
0
0
0.1648
0
0.08497
0
0
0
0
0.10707
0.14137
0.05827
0.09636
0.2688
0
0
0.06432
0
0
0.10117
0
0
0
0
0
0.03514
0
0
0
0
0
0.13122
0.07006
0
0
0
0
0
0
0.09906
0
0.08362
0.09377
0.24248
0
0.08509
0
0
0
0
0
0
0
0.12729
0
0
0.10586
0.19765
0.10771
0
0
0
0.10635
0
0
0.23654
0
0
0
0
0
0.1626
0
0
0
0
0.19734
0
0
0
0
0
0
0
0
0.10796
0.17776
0
0.20265
0.0852
0
0.0803
0
0
0
0
0
0
0
0
0
0
0.2027
0
0
0
0
0
0
0.09847
0.06947
0.30769
0
0.1409
0.02822
0
0
0
0
0
0.09375
0
0
0.10632
0
0
0
0.3281
0
0
0
0
0
0
0
0
0
0
0.09643
0.232
0
0
0.15639
0
0.06787
0
0
0
0
0.09631
0
0.10472
0
0.10254
0
0
0.08502
0
0
0.097
0.45726
0
0.32223
0.36432
0
0.17166
0.03566
0.35256
0
0
0
0.07366
0.30752
0
0
0
0
0
0
0.07042
0
0
0
0
0
0
0
0
0
0
0
0
0
0
0.10417
0.16051
0
0
0.32376
0.18366
0.30835
0
0
0
0
0
0
0.27462
0
0
0
0
0.02556
0
0.10084
0
0
0
0.09598
0
0
0
0
0
0
0.09672
0
0
0.16927
0.21184
0
0.26731
0
0.06206
0.0824
0
0
0
0
0
0
0
0.20754
0
0.10201
0
0
0
0.10778
0
0
0
0
0.14179
0
0.15583
0
0
0.33875
0
0
0.03409
0
0
0.10312
0
0
0
0.14041
0
0.18176
0
0
0
0.26551
0
0.2124
0.21569
0
0.10367
0.26732
0
0.19753
0
0.03825
0
0.03403
0.08632
0.20192
0.09592
0
0.12482
0
0.10902
0.10253
0.1774
0.17336
0
0
0
0
0.10482
0
0
0
0
0
0
0
0
0
0
0.17773
0
0
0
0.23424
0
0
0
0.0823
0
0
0.21208
0
0
0
0
0
0.11491
0
0.37124
0
0
0.10508
0.18183
0.19262
0
0.09567
0.08715
0
0.08139
0
0.16374
0
0
0
0.26927
0
0
0
0
0
0
0.08054
0
0
0
0
0
0
0
0
0
0
0.29904
0
0.03545
0.10398
0
0
0
0.30599
0.10227
0
0.10144
0
0.09647
0.08412
0
0.07962
0.10198
0
0
0
0.10385
0.10446
0
0
0
0.0296
0
0
0.26881
0
0
0
0.08227
0
0.16644
0
0
0
0
0
0.0621
0
0
0.12578
0
0.21078
0
0
0
0
0
0.03232
0
0
0
0.05793
0.17332
0
0.10035
0
0.1246
0
0
0
0
0
0
0
0
0
0
0
0
0
0.19261
0
0
0.08461
0
0
0.21535
0
0
0
0
0
0
0
0
0
0.18293
0.03953
0.08344
0.23645
0
0.09446
0
0.1175
0
0.12225
0
0
0
0
0.38243
0
0
0
0
0
0
0
0.08591
0
0.14043
0
0.30199
0.15125
0
0.0352
0.1017
0
0.08485
0
0.12803
0.12843
0.13874
0
0
0.37865
0
0.19041
0.19349
0
0
0.10335
0
0
0
0
0
0
0.29526
0
0.12564
0
0
0
0
0
0.10037
0
0.10618
0
0
0.09668
0
0
0.12709
0
0.08759
0
0
0
0
0
0
0.09751
0.17811
0
0
0.03423
0.08657
0
0
0.20904
0
0.08719
0
0
0
0.23387
0
0
0
0
0
0
0.19402
0
0
0
0
0
0
0
0
0
0
0
0
0.0939
0.03195
0
0.1271
0.21407
0
0
0
0.08446
0
0
0
0.08464
0
0
0
0.08272
0
0
0.20139
0
0.0805
0
0
0
0
0
0
0
0
0.23516
0
0
0
0
0
0
0
0
0.04575
0
0.0871
0.13015
0
0
0
0
0.12573
0.21185
0
0
0
0
0.15557
0
0
0
0
0.04408
0
0
0
0
0
0
0
0.10406
0
0
0.08318
0
0.13134
0
0.21028
0.11245
0
0
0
0
0
0
0
0
0
0
0
0
0
0
0.08738
0.2794
0
0
0.13462
0
0
0.12823
0
0.12119
0.17418
0
0
0
0.17381
0
0.12664
0.20641
0.23024
0.12193
0
0
0.27906
0.21649
0
0.13546
0.21372
0.20126
0.0335
0
0
0.10685
0.12083
0.17746
0.22355
0
0.02788
0.11299
0
0
0.08296
0
0.2328
0.10352
0
0
0
0
0.04576
0.09643
0.32443
0
0.23023
0
0.0335
0
0
0
0
0
0
0
0.0352
0
0
0
0.13101
0
0
0.26485
0
0
0
0
0
0
0
0
0
0
0
0
0
0
0
0.12719
0
0.02756
0
0
0
0
0
0
0
0
0.11495
0
0
0.32376
0
0.08691
0.10534
0
0
0.08539
0.08453
0
0
0
0
0
0
0
0.15871
0
0
0
0
0
0
0
0.04012
0
0.08341
0
0
0
0
0
0.13034
0
0
0
0
0
0
0.17463
0.08694
0.09176
0.08561
0.13211
0
0
0.03539
0.15656
0
0.30448
0
0
0
0.07484
0.0846
0.21465
0
0.10123
0
0
0
0
0
0.11793
0
0.11299
0
0
0.18154
0
0
0
0.06988
0.17515
0
0.18286
0
0
0
0
0.31228
0
0
0.10012
0
0
0
0
0
0
0
0.06298
0
0.09652
0.10433
0
0
0
0
0
0.24834
0
0
0
0.1789
0
0
0
0.11682
0.20473
0
0.16116
0
0.16513
0
0
0
0
0
0
0
0
0
0.10225
0
0
0.21545
0
0
0.20636
0
0
0.0871
0
0.30866
0
0
0.12022
0.12922
0
0
0
0
0.08699
0
0.12123
0
0
0.20782
0
0
0.11443
0.20636
0
0.0923
0.09095
0
0
0
0
0.11325
0
0
0
0.17662
0.29515
0.10267
0.08692
0.05819
0
0.22127
0
0
0.08465
0.13463
0
0
0.08715
0.13233
0
0
0.22712
0
0
0
0.18286
0
0.1693
0
0
0
0.15401
0
0
0
0
0
0
0
0
0
0
0
0
0
0
0.08341
0
0
0.22501
0
0.08409
0
0
0.12952
0.30943
0
0
0
0.08645
0
0
0.11646
0.08693
0
0
0
0.08971
0
0
0
0
0
0
0
0
0
0.29492
0
0
0
0.18242
0
0
0
0.08537
0.21493
0
0
0
0
0
0.17913
0
0
0.12283
0
0
0
0
0
0.13209
0
0
0
0.20126
0
0
0
0
0.13785
0.08188
0
0
0.16113
0.13056
0.17574
0.14135
0.10205
0.19366
0
0
0.02782
0.10395
0
0
0
0
0
0.28362
0.23784
0
0
0
0
0
0.08004
0
0
0
0
0
0
0.04106
0
0
0
0.16898
0
0.13163
0
0.08434
0
0
0.10227
0.08171
0
0.19071
0
0
0.13899
0
0
0.11834
0.03844
0.25747
0
0
0
0
0.18119
0
0.12058
0
0
0
0
0
0
0
0
0
0
0.29888
0
0
0
0
0
0
0
0
0.08113
0
0.08885
0
0.08293
0.205
0
0
0.20615
0.09678
0
0
0.29801
0.09169
0
0.07444
0
0.20949
0
0
0
0
0.18989
0.08462
0.0289
0.08027
0
0
0
0
0
0
0
0
0
0
0
0
0
0
0
0
0
0
0
0.13016
0.21921
0
0
0
0
0
0.0813
0
0.23395
0.16103
0.16465
0.17457
0
0
0.18254
0
0
0
0
0
0.17317
0
0
0
0
0.21497
0
0
0.11787
0
0
0
0.10245
0.21884
0
0.05652
0
0
0
0
0.18066
0.19456
0
0
0.08629
0
0
0
0
0
0.24847
0
0.0843
0.10347
0
0
0
0
0
0.09722
0.11985
0
0
0
0.08536
0
0
0.08634
0
0
0
0
0.11319
0
0
0.14074
0.0869
0.39868
0
0
0
0
0
0.09963
0
0.13863
0
0
0
0.15886
0.0914
0
0.13762
0
0
0.0843
0.17795
0
0
0
0
0.08515
0
0
0
0
0
0
0
0
0
0
0
0.05356
0
0
0.10246
0
0
0
0
0.06921
0
0.27085
0.05446
0.37739
0
0.17967
0
0
0.04569
0
0
0
0
0
0
0.21291
0.2027
0
0
0
0.13783
0
0
0.09028
0
0
0.21109
0
0
0
0.08423
0
0
0
0
0.11936
0.1789
0.12811
0
0.18077
0
0
0
0
0.16
0
0.17617
0.13303
0
0.08628
0
0.1053
0
0.34573
0
0
0
0
0
0
0
0
0.10806
0
0.11172
0
0
0
0
0
0.20279
0
0.08444
0
0
0
0.02681
0
0.21554
0.10495
0
0
0
0
0
0.38202
0
0
0.41358
0
0
0.10144
0
0
0.08368
0
0
0
0.09895
0
0.18333
0
0
0
0
0
0
0
0
0
0.02554
0
0
0
0
0
0
0
0.23388
0
0
0.31165
0
0
0
0.03644
0
0.11522
0
0
0
0
0.10226
0
0
0
0
0.10394
0
0
0.02707
0.11136
0
0
0.1522
0
0.19476
0
0
0.08445
0
0.09118
0
0.10113
0
0.05411
0
0
0
0
0.10703
0
0
0.09972
0.39794
0.11092
0
0.08437
0.46032
0.03696
0
0.47849
0.09281
0
0
0
0
0.03604
0.09933
0.08019
0.20945
0
0
0
0
0
0.10165
0.12539
0.08528
0
0
0.20245
0
0
0
0
0.20693
0.23383
0
0.1017
0
0
0
0.1417
0.02765
0.06707
0
0.11481
0
0
0
0
0
0
0
0.38109
0
0.1045
0
0
0.06857
0
0.0541
0
0.39645
0.08033
0
0.16125
0.08504
0
0
0
0.14904
0
0
0.13346
0
0.21602
0.21352
0
0
0
0
0
0.02845
0
0
0.18119
0
0
0
0
0
0
0.02705
0
0
0
0
0
0
0
0.07222
0
0.20804
0.03947
0.42577
0
0
0
0.05686
0.25798
0.18192
0.11488
0.03038
0.08017
0
0
0
0
0.22672
0.08477
0
0.16562
0
0
0
0
0
0
0
0.09809
0
0.26093
0.08616
0
0.08419
0.20969
0.10016
0.26041
0
0
0
0
0
0
0
0
0
0
0
0
0
0
0
0
0
0
0
0
0
0
0.41507
0
0
0.10538
0.17621
0.19259
0
0
0
0
0
0
0.03875
0
0.13511
0
0
0
0.23307
0
0
0.2572
0
0
0
0.03618
0
0
0
0
0
0
0.08214
0
0.29347
0
0
0
0
0.10285
0.2043
0
0
0
0
0
0
0
0
0
0
0.08468
0
0.0966
0.07793
0
0
0
0
0.24496
0
0
0.12116
0
0
0
0
0
0
0.16782
0.08977
0
0
0
0
0
0
0
0
0
0
0
0.13294
0.20424
0
0.08525
0.18466
0.09539
0
0.04259
0
0
0
0
0
0.0765
0
0
0
0
0.1011
0
0
0
0
0
0
0
0.08471
0
0
0.08449
0
0.10055
0
0.25361
0
0
0.20537
0.10896
0.10019
0
0
0
0
0
0
0.05354
0
0
0
0
0
0
0.0564
0
0
0
0
0
0.08272
0
0.1312
0
0
0
0
0.08694
0
0
0.20543
0
0.13851
0.14364
0.18062
0
0
0.02697
0.12019
0
0
0
0
0
0.20711
0
0
0
0
0
0
0
0
0.08478
0
0
0
0.13113
0.11345
0
0
0
0
0
0
0.19765
0
0
0
0
0
0
0
0
0.20893
0.12386
0
0
0.10014
0.20577
0
0
0.25379
0
0
0
0.08997
0
0
0
0
0
0.09595
0
0.08655
0
0
0
0.08967
0
0
0
0.13719
0
0
0
0.0847
0
0
0.17009
0
0
0
0
0
0
0
0
0.19763
0
0
0
0
0
0
0.0415
0
0.12493
0
0
0
0
0
0
0.16038
0
0.08066
0.11485
0.2037
0.13827
0.05653
0.08617
0.12844
0
0.09792
0
0
0
0
0
0
0.10012
0.09044
0.09155
0.06792
0
0.10055
0.21702
0
0
0
0
0
0
0
0
0
0.09536
0
0.16026
0
0
0
0.19129
0.20621
0
0
0
0
0.0924
0.08485
0
0
0
0.09147
0
0.13731
0.09874
0
0
0.05795
0
0
0
0.10116
0
0
0
0
0
0.29853
0
0.04152
0
0
0
0
0.10286
0
0
0
0.27191
0.06755
0
0
0.09551
0
0.21088
0
0
0
0.16079
0
0
0.43811
0.30071
0
0.37422
0.30276
0
0
0
0
0
0
0.16056
0
0
0.17067
0
0
0
0
0
0.20212
0.11966
0
0
0.13728
0
0.0805
0.05658
0.11684
0
0
0.11985
0
0
0.02954
0
0
0.13474
0
0
0
0
0
0.09177
0.15419
0
0
0
0
0
0
0
0
0.37747
0
0
0
0.10212
0
0.10196
0
0.25753
0.08281
0
0
0.25728
0
0
0.12564
0
0
0
0.12884
0.13124
0.09761
0
0.08059
0
0
0
0
0
0.15542
0
0
0
0
0.1186
0.12121
0
0
0.11366
0.25794
0.12417
0.17056
0
0.15938
0.08339
0.11362
0.18112
0
0
0
0.08538
0
0
0.21363
0
0
0
0
0.03271
0.11868
0.1607
0.11959
0
0.08076
0
0.16636
0.13242
0
0
0
0
0.21719
0
0
0.10129
0
0
0
0.03362
0
0
0.09796
0.18793
0.12453
0
0
0
0
0.29211
0
0
0
0.09148
0
0
0
0
0
0
0
0
0.16111
0.15742
0.08289
0
0
0
0
0.05599
0
0.03219
0
0.13274
0
0.18167
0
0
0
0.09133
0.20656
0
0.0617
0
0
0
0
0
0
0.03071
0
0
0.16012
0.11668
0
0.09753
0
0.08378
0
0.12588
0
0
0
0.15191
0
0
0
0
0
0
0.03936
0
0
0.10143
0.16056
0
0
0
0
0.09667
0.09856
0
0
0
0.09107
0
0
0
0
0
0
0
0
0.08454
0
0.11366
0
0
0.2228
0.18182
0
0.16907
0.08092
0.12595
0
0
0.08898
0
0
0
0
0
0
0
0
0
0.08625
0
0
0.08095
0
0
0.16072
0.05847
0
0
0.05451
0
0.10035
0.08574
0
0
0
0
0
0
0
0
0
0
0
0
0
0
0.14284
0
0
0
0.0953
0.05802
0
0.08469
0.12325
0
0
0.09745
0
0
0
0.11333
0
0
0
0
0
0
0
0
0
0.09816
0.03448
0
0
0
0
0.09782
0
0
0.03349
0.18122
0
0
0
0
0
0
0
0.15955
0
0
0.08483
0
0
0
0
0
0
0.0457
0.25782
0.18024
0.08593
0
0
0.0918
0
0.10232
0.06531
0
0.02801
0.11622
0.08546
0.14474
0
0
0
0
0.11849
0.37186
0.1426
0.08486
0.17088
0.16127
0
0
0
0
0
0
0.08403
0.05512
0.03024
0
0.08334
0
0
0
0.10123
0
0
0
0
0
0
0
0
0
0
0
0
0.08908
0.06741
0.05983
0.18449
0
0
0
0
0
0
0.09676
0.16149
0
0
0
0
0.10002
0
0
0
0
0
0.17177
0
0
0.12421
0.20873
0
0
0.17476
0.09686
0
0
0.37847
0
0
0
0
0.08063
0
0
0
0
0
0
0.02875
0
0.08513
0.08086
0
0.12048
0
0
0
0
0
0
0
0
0.02851
0
0
0
0
0
0
0.41913
0
0.11858
0
0
0.02884
0
0
0.08648
0.13435
0.09931
0
0.16056
0
0.12607
0.20474
0
0.11753
0
0.085
0.26128
0
0
0
0.0457
0
0
0
0.12468
0
0
0
0.05339
0.02756
0
0.23919
0
0.13301
0
0
0
0
0
0
0.09704
0.168
0
0
0
0
0
0.11207
0.02997
0.09065
0
0
0
0.05521
0.09938
0.1934
0
0
0
0
0
0
0.19753
0.28325
0
0.05549
0
0
0
0
0
0
0
0
0
0
0
0.20424
0.11745
0.08974
0
0
0
0
0.03298
0
0.06682
0.1249
0
0
0.0457
0
0
0
0.08446
0.08578
0.08477
0
0
0
0
0
0
0
0
0.11448
0
0
0
0
0
0
0
0.03694
0
0.11703
0.09004
0
0.1018
0.08534
0.02884
0.28377
0
0
0
0
0.2812
0
0
0
0
0
0.23461
0.05662
0.0835
0
0
0
0
0
0
0
0
0
0
0
0.09668
0
0
0
0.09221
0
0
0.21414
0.21203
0.2691
0
0.17448
0
0.10687
0.08456
0
0.09049
0.05723
0
0.20705
0
0
0.08469
0
0
0.20567
0
0
0.11588
0
0
0.17359
0.08528
0.0306
0
0.08628
0.12598
0
0
0.0996
0.09135
0
0
0
0
0
0
0.09927
0
0
0
0.08467
0.02788
0
0
0.06135
0.09177
0
0
0.12414
0
0.13456
0
0.05761
0
0.1252
0
0
0.20604
0
0.118
0
0.03725
0
0.04264
0
0
0
0
0
0
0
0
0
0
0.08915
0.02833
0
0
0
0
0
0.21436
0
0
0
0
0
0.20953
0
0
0
0
0
0.03073
0
0
0
0
0
0
0
0
0
0
0.11646
0
0.08004
0
0
0
0
0
0.0861
0.08342
0.21119
0.07988
0.12399
0
0.10256
0.12751
0
0
0
0
0
0
0.08036
0.0287
0.13234
0.02878
0
0
0
0
0
0.08936
0
0.11292
0
0
0.09883
0
0.08907
0
0
0
0
0
0
0.08492
0
0
0
0
0.08422
0
0
0.08839
0
0
0
0
0
0.0865
0.09734
0.09294
0
0.07672
0.12692
0
0.02818
0
0
0.10955
0
0.17917
0.13782
0
0
0
0
0.1194
0.09969
0
0
0
0.06533
0
0
0.08432
0
0
0.05728
0
0
0
0.07968
0
0
0.09698
0.08839
0.09042
0
0
0.0877
0
0
0
0
0.12686
0
0
0.2068
0
0.03173
0.09213
0
0.32762
0.15436
0
0
0.0418
0
0
0
0
0
0
0
0.0816
0
0
0
0
0
0
0
0
0
0
0
0.10359
0
0
0
0
0.12654
0
0.18825
0
0
0
0
0
0
0.08081
0.45349
0
0
0
0
0.04177
0
0
0
0
0.17032
0
0
0
0.10516
0
0.08332
0
0
0.06484
0
0
0
0
0.09653
0
0
0.1277
0.08468
0.0926
0
0.08425
0
0
0.12478
0
0
0.08019
0
0
0.08384
0.0954
0
0
0.27121
0.08127
0
0
0
0.12607
0
0.14742
0
0
0.08457
0
0.18327
0
0.12586
0.169
0
0
0
0
0.276
0
0
0
0.10777
0
0
0
0.0546
0.08117
0
0
0
0
0.12749
0.0802
0.14958
0
0
0
0.09808
0
0
0
0.06004
0.03099
0.08425
0
0
0
0
0.39086
0
0
0
0
0.09691
0
0
0
0
0
0.12241
0
0
0.47729
0
0
0.11885
0
0.16029
0.11258
0
0.32767
0
0
0
0
0
0
0
0
0
0
0
0
0
0
0
0
0
0
0
0
0
0.05585
0
0
0
0
0
0
0
0.10794
0.23139
0
0.10885
0.02821
0.26408
0.09631
0
0
0.03242
0
0
0
0
0.08351
0
0
0
0.43132
0
0
0.07992
0.10777
0
0
0
0
0
0
0
0
0
0
0
0
0
0
0.09028
0.12036
0.13021
0.12207
0
0
0.08412
0.13999
0.03093
0
0
0
0
0.09976
0.0996
0
0
0
0
0
0
0
0
0.09308
0
0
0
0
0.11556
0.05607
0.07689
0.12652
0.12275
0
0
0
0
0
0
0.08595
0
0
0
0
0.09044
0
0
0.10914
0
0
0.12058
0
0
0
0
0
0
0.24768
0
0
0.09724
0
0
0.25063
0
0
0
0.09973
0
0.1385
0
0
0.21767
0
0
0
0.12433
0
0
0
0
0.03995
0
0.13223
0
0.06994
0
0
0.08532
0
0
0.27558
0.08491
0
0
0
0
0
0
0
0
0.08594
0
0.32955
0
0
0
0.28768
0.12215
0
0
0.09625
0
0
0.32466
0.13839
0.16885
0
0
0.11715
0
0.09734
0.11979
0.21199
0.03874
0
0
0.06734
0
0.03093
0.1802
0
0
0
0
0.12626
0.25993
0
0
0
0.0868
0.08822
0.12007
0.11935
0.14011
0
0.11001
0
0.11555
0.12488
0
0
0
0.14571
0
0.03778
0.2178
0
0.08633
0.15647
0
0
0
0
0.07956
0.02869
0.25886
0
0
0
0
0
0
0
0
0
0.03647
0
0
0
0.11969
0
0.14581
0
0
0.08459
0
0
0
0.11787
0.12478
0
0
0
0
0
0
0
0.08508
0
0.22517
0.03378
0
0
0
0
0
0
0
0
0
0
0.10117
0
0
0.08891
0
0.16922
0.09747
0.15056
0.09578
0
0.05591
0
0
0
0
0
0
0
0
0.0269
0
0
0.09246
0
0
0.25286
0.09626
0.07335
0.02853
0
0
0.09219
0.03673
0
0
0
0
0
0
0
0
0
0
0
0.03975
0
0
0
0.11708
0.0812
0.06388
0
0
0
0.09547
0
0.27423
0
0
0.24677
0.12652
0
0.2171
0.13134
0
0
0.06471
0
0
0.02949
0
0.13858
0.12712
0
0
0.09686
0
0.07707
0
0
0
0.12592
0
0
0
0
0
0.03835
0.22578
0.1324
0
0
0
0
0
0
0.08737
0
0.20481
0.09618
0
0.07673
0.04135
0
0
0
0
0
0.05382
0.09667
0
0
0
0
0
0
0
0
0
0.3331
0
0
0.20175
0
0
0
0
0.25029
0
0.02734
0
0
0
0
0
0
0.04423
0.1137
0
0
0
0
0
0
0
0.11623
0
0
0
0
0
0
0
0
0
0
0
0
0.09665
0
0.19832
0.08059
0
0.03174
0.1266
0.12518
0
0
0
0
0
0
0
0.24274
0
0.09804
0
0.10471
0
0
0
0.08648
0
0.24186
0
0
0
0.38085
0
0.02707
0.08566
0
0
0.37435
0.24251
0.02928
0
0.24314
0
0.16695
0.12099
0
0
0.26559
0
0
0
0
0
0
0
0
0.0386
0
0
0
0
0
0
0
0.08682
0.02724
0
0
0
0.0669
0
0.14354
0.08374
0.09921
0.11564
0
0
0
0
0
0.08429
0
0.11539
0
0.17089
0.39217
0.08646
0
0.24436
0.02788
0
0.06732
0
0
0
0
0.09656
0
0
0.11589
0
0.29711
0
0
0
0.08541
0
0
0
0.09615
0
0
0.17517
0.0842
0
0
0.08149
0.24221
0
0
0
0
0.09138
0
0.14558
0
0
0.05574
0
0
0.11878
0.31048
0
0
0.0286
0
0.20815
0
0.43101
0.09622
0
0
0
0
0
0.20805
0.11762
0
0
0
0
0
0
0
0
0
0.14698
0
0
0.1255
0.08688
0
0
0
0
0.08471
0
0
0
0.23867
0.08048
0
0.33706
0
0.1179
0.18854
0.09051
0
0
0
0
0
0.08687
0
0
0.27611
0
0
0
0.12278
0
0
0
0
0.09722
0
0
0
0
0.23857
0
0
0.12108
0.13151
0
0.11643
0.08508
0
0
0
0
0
0
0
0
0
0
0.02785
0
0
0.11736
0
0.11726
0.06331
0
0
0
0
0
0.14421
0
0.2941
0
0.08475
0.12573
0
0.08551
0
0.03825
0.03739
0
0.08461
0
0
0.08569
0
0
0
0
0
0
0.14531
0
0
0.1285
0.10251
0.24437
0
0.11992
0
0
0.08493
0
0
0
0.33279
0.09655
0
0
0.08857
0
0
0.02767
0
0
0
0
0
0
0
0.12539
0
0.08468
0
0.26144
0
0.1205
0.12001
0.19968
0
0.09534
0.03942
0
0
0.26549
0
0
0
0.12193
0
0
0
0.08339
0
0
0
0
0
0
0
0
0
0.12697
0
0.11192
0.13008
0.0805
0.35289
0
0.16995
0
0
0
0.09585
0
0
0.27794
0
0
0
0
0
0.12605
0.16932
0.05136
0
0
0
0
0
0
0
0
0.08523
0
0.07941
0
0
0
0.08316
0
0
0.26111
0
0
0.0981
0.04216
0.07743
0.06224
0
0
0.11749
0
0
0
0
0
0
0.09038
0
0
0.09289
0.12098
0
0.11856
0.25738
0
0.05151
0.33306
0.34989
0
0.24055
0
0
0.08042
0
0.25298
0
0.081
0.12588
0
0
0.08059
0.21674
0.34977
0
0
0
0
0
0.18147
0
0.08523
0.11287
0.20418
0
0
0.29126
0
0
0
0
0.12515
0.21658
0
0.02829
0
0
0
0
0
0.09828
0
0.17009
0.05415
0.0325
0
0.12054
0
0
0
0
0
0
0.07482
0.08976
0.2651
0.05675
0
0
0
0.27431
0.28958
0.37886
0.12051
0.05508
0
0.09524
0
0
0.08552
0
0.12385
0
0
0.31826
0.08484
0
0
0
0.11741
0.19606
0.20409
0
0.19964
0
0.33284
0.0851
0
0
0
0.03871
0
0.06442
0.2498
0
0
0
0
0
0.25516
0
0.33316
0.05736
0
0.0856
0
0
0
0
0
0
0
0
0
0
0.08599
0
0
0
0
0.24097
0.171
0
0
0.28254
0.08451
0.13733
0
0
0.10429
0
0
0
0.27501
0
0.08714
0
0.04146
0
0.09229
0.0985
0.05342
0
0
0.21128
0
0
0.08432
0
0
0
0
0
0
0.13296
0
0.24898
0
0
0.08545
0
0
0
0
0
0.02788
0.11682
0
0.09895
0
0
0
0
0
0
0.08904
0.05849
0.1273
0
0
0
0
0
0.08502
0.09335
0.2042
0.11433
0
0
0.12559
0.12596
0
0.0344
0
0
0
0
0
0
0
0
0.08525
0.19804
0
0
0
0.02698
0
0
0
0.05885
0.21392
0.19183
0.08303
0.11888
0.17109
0
0
0
0
0
0.11668
0
0
0
0.12485
0.23284
0
0
0.26292
0
0
0
0
0
0
0.08523
0
0.1325
0
0
0.27381
0
0.21221
0.09699
0.08514
0
0.16995
0.13251
0
0
0
0
0.3027
0
0.08481
0
0
0
0
0
0
0.21575
0.16098
0.10496
0.11588
0.06138
0
0
0
0
0.11069
0
0.13239
0.1545
0
0
0
0
0
0
0
0.37726
0
0.06122
0
0.12053
0
0
0.2988
0.03864
0.33282
0
0.20351
0.08171
0
0.12737
0
0.37349
0.08559
0.20629
0.11716
0
0.29677
0
0.24963
0
0.2499
0.12669
0
0.11733
0.12037
0.17124
0.27172
0
0.08131
0.09586
0.21672
0
0
0
0
0
0.21451
0.12424
0
0
0.17999
0
0.13252
0.20665
0
0
0.29643
0
0
0
0.18089
0.02861
0
0
0
0.13751
0
0.29849
0.08541
0
0.26296
0
0.32555
0.17662
0
0.08403
0
0.08891
0
0.12069
0
0.10599
0.21129
0
0
0.08597
0.08174
0
0
0.12688
0.12093
0
0.10423
0.14135
0
0
0.10487
0.17473
0.0887
0.24357
0
0
0
0
0.08604
0
0
0.08876
0.03515
0.11759
0.12692
0
0.12068
0
0.0288
0.10083
0
0
0.15403
0
0
0
0
0
0.14028
0.08441
0.3446
0.12637
0
0
0.08319
0.18008
0
0.27111
0
0.29982
0
0
0
0
0.25326
0.15458
0
0.08395
0
0.28007
0
0.08469
0.38069
0
0.08545
0.10523
0.16346
0.03434
0.20469
0.1612
0.06036
0
0
0
0.12031
0
0
0
0
0
0.10465
0
0
0
0
0
0.09737
0.24359
0.22279
0
0
0
0
0.26182
0.08457
0
0.12527
0.08454
0.08553
0
0
0.11668
0.10812
0
0
0
0.07747
0
0
0
0
0
0
0
0
0
0
0
0
0
0
0
0.09129
0
0
0
0.09508
0
0.22119
0.08017
0
0
0
0
0
0
0.12095
0.08997
0.06888
0
0
0
0
0
0
0
0
0
0
0
0
0.07374
0
0
0
0
0
0.13884
0
0
0.08361
0
0.08941
0
0.08372
0
0
0.1061
0
0
0.20969
0.07073
0.02951
0
0
0
0.08468
0
0
0
0
0
0.12038
0
0
0
0
0
0
0.21119
0.06469
0
0.1199
0
0.10848
0
0.07953
0
0.10402
0
0.21041
0
0
0
0.03032
0.03099
0.09553
0
0.06366
0
0
0
0
0
0.08659
0.03098
0
0.11013
0
0.03024
0
0
0.02804
0.09727
0.03233
0
0
0
0
0
0
0
0.09616
0.08062
0.09617
0
0.09325
0
0
0.0654
0
0
0
0
0
0
0
0.03191
0.0961
0.09305
0
0.0805
0
0.09545
0.10489
0
0.09686
0
0.05832
0.10593
0
0
0
0
0.07148
0
0.12027
0.10662
0
0
0
0
0
0.09697
0
0.09787
0
0
0.08072
0
0.02996
0
0
0
0
0.09261
0.09732
0
0
0.10796
0
0
0.15099
0
0
0.07996
0.06241
0
0
0
0
0
0
0.12561
0
0
0
0
0
0
0
0
0
0
0
0
0
0
0.08474
0
0
0
0
0.0348
0
0
0.08076
0
0
0
0
0
0.06683
0
0
0
0
0
0.02921
0
0
0
0.09924
0
0
0
0
0
0.03267
0
0.06648
0
0
0
0
0
0
0
0
0
0
0
0
0
0
0
0
0
0
0
0
0
0
0
0.09319
0
0
0
0
0
0
0
0
0
0
0
0
0
0.03129
0
0
0.08572
0
0.2055
0
0
0
0.0287
0
0
0
0.10672
0
0
0
0
0
0
0
0
0
0
0
0
0
0
0.09288
0
0
0
0.33337
0.05785
0
0
0
0
0
0
0.08374
0
0
0
0.2846
0.08606
0.12087
0
0
0
0
0
0.08354
0.08658
0
0
0.09748
0
0
0
0
0
0
0
0
0
0
0.25193
0
0
0.14931
0
0
0
0
0.08658
0.33332
0
0
0
0
0
0
0
0.11773
0
0
0
0
0
0
0
0
0
0
0.05733
0
0.0925
0.09316
0
0
0
0
0
0.05435
0
0
0
0.08686
0
0.09275
0
0
0
0
0
0
0
0
0
0
0
0
0
0
0
0
0
0
0
0
0
0
0.08509
0
0
0
0.20098
0
0.14075
0.08522
0
0
0
0
0
0
0
0.03117
0
0
0
0
0
0
0.08536
0
0
0.12106
0.08594
0
0
0.0931
0
0
0
0
0
0
0
0.1838
0
0
0
0.05921
0
0.08557
0.08858
0
0
0.09282
0.0856
0.0297
0.21313
0
0
0
0
0
0.21155
0
0
0
0
0
0
0
0.05568
0
0.1248
0
0.16842
0
0
0
0
0
0
0
0
0
0.08651
0
0.08554
0
0
0
0
0.08799
0.3357
0.08672
0.21089
0
0
0.08709
0
0
0
0
0.08667
0
0
0.2036
0.09331
0
0.15899
0.05594
0
0.08609
0
0
0.02796
0
0.08796
0
0
0
0
0.1128
0.21172
0
0
0
0.08693
0
0.08811
0.08592
0
0.12557
0
0.21292
0
0
0
0.08522
0.12518
0.13496
0.12843
0
0.21012
0.05784
0.19931
0
0.12614
0
0.20915
0
0
0.11815
0.19947
0.20126
0.24939
0.14022
0.10736
0.30868
0.08255
0.20042
0.23437
0.08224
0.2201
0
0.17886
0.12636
0
0.08226
0.204
0.17456
0
0.16732
0.11337
0.13253
0.11545
0.25136
0.08533
0.1695
0.12539
0.333
0.1368
0
0.15416
0.082
0
0
0.31189
0.16515
0
0.04408
0.16204
0.1744
0.19565
0.08462
0
0.09507
0.12807
0.11465
0.17971
0.17529
0.09592
0.24739
0.05156
0
0
0.17625
0.16949
0.02712
0.12924
0
0.14553
0.19763
0.2858
0.11909
0.08446
0.08816
0.19729
0.04409
0.24825
0.24941
0.24904
0.16072
0
0.10086
0.12777
0.10079
0.11933
0
0.09987
0
0.0273
0.05452
0.10049
0.13242
0.12694
0.02847
