0
0.09678
0.37938
0
0
0
0.16361
0.33718
0
0
0
0
0.05415
0
0
0
0.2019
0.20373
0
0.30361
0
0.11388
0
0
0.30309
0.11931
0
0
0
0
0.46897
0
0.1179
0.34942
0
0
0
0.07802
0.17271
0
0
0
0
0.09254
0
0.96899
0
0.21511
0
0.12896
0.11383
0.03506
0
0
0.46139
0.13441
0.13059
0
0
0.10962
0
0
0
0
0
0.09228
0.0298
0
0.05442
0
0.34154
0
0.33326
0.22655
0
0
0
0
0.4429
0
0
0
0.20074
0.11149
0
0
0
0
0
0
0.19447
0.27309
0.08727
0.12007
0
0
0.20702
0.08036
0
0
0
0
0
0.15403
0.27631
0
0
0
0
0
0
0
0
0
0.03573
0.22461
0
0
0
0
0
0.44198
0
0
0
0.0368
0.14195
0
0.20785
0
0.16244
0
0
0.14754
0
0
0.18277
0
0.31896
0.09849
0.13177
0
0
0
0.11322
0
0.15987
0
0
0
0.30195
0.11368
0.07091
0
0.46551
0
0
0.0781
0.08164
0
0.09664
0
0
0.18074
0.10763
0.11054
0
0.03179
0
0.16763
0
0
0
0.13877
0
0
0
0.22166
0.08167
0
0.08057
0.35376
0.09258
0.14252
0.03366
0
0
0
0.08587
0
0.0788
0.11583
0
0
0.0953
0
0.03566
0
0.08724
0
0.19979
0.11281
0.3654
0
0.37471
0
0
0
0.07272
0
0.10809
0
0
0.42568
0
0.02862
0.16317
0.20074
0
0
0.10749
0.258
0
0.10005
0
0.09231
0
0.02897
0
0.11374
0
0.03164
0
0.02895
0.1183
0.0952
0
0.30117
0.15274
0.11218
0.19101
0
0.0904
0
0.08573
0.22956
0.23935
0
0
0.1089
0
0.10933
0
0
0
0
0
0
0
0
0.08525
0.16707
0.16087
0
0
0
0
0.31849
0.23014
0
0.30527
0.21602
0
0.08984
0
0
0.22134
0
0
0
0.05396
0.17426
0
0.09369
0
0.19944
0
0.21329
0.22128
0.16512
0
0.03577
0
0.10092
0
0
0.21573
0
0
0
0
0
0
0
0
0
0
0.12662
0.12921
0.11009
0.09417
0
0
0
0.11461
0.10763
0.4163
0.31866
0.03232
0.09481
0.09427
0
0.16773
0
0
0
0
0
0
0.21425
0
0
0
0.08993
0.17063
0.08304
0.07734
0
0
0.09021
0.37783
0
0
0
0.10247
0
0
0
0.12235
0.08024
0.09739
0
0.11156
0
0
0.30661
0
0.21295
0
0.21669
0
0.10007
0
0
0
0
0.07498
0
0.21484
0
0
0.49768
0
0
0
0.09415
0.11068
0.22105
0
0.09764
0.03295
0
0
0.11252
0
0.21457
0
0
0
0
0.06324
0
0
0
0.08629
0
0.37174
0.10268
0
0.10858
0
0
0.23492
0
0.46519
0.0953
0
0
0
0.20244
0.2143
0.08598
0
0.57178
0
0
0.11001
0.22906
0.09722
0
0
0
0.09711
0.09874
0.10822
0.1226
0
0.08686
0
0
0
0
0
0.10649
0.11454
0.22733
0
0.0747
0.56309
0.26726
0.1097
0.11837
0
0
0.34992
0.10742
0.03077
0.1158
0
0
0.07128
0.10059
0.10291
0
0
0
0
0.28031
0.11305
0
0.12181
0
0.37634
0
0.03514
0
0
0.14984
0
0
0
0
0
0.08617
0.34491
0.20816
0
0
0
0
0
0.08911
0
0.35828
0
0
0
0.04007
0
0.25801
0.19648
0
0
0
0.37287
0.5614
0
0.09955
0.11046
0.512
0
0
0
0
0
0
0.18666
0.103
0.08302
0
0.09147
0
0
0.11516
0
0
0.3774
0.19208
0
0.20133
0
0
0
0.11389
0.23255
0
0.11209
0
0
0.04126
0.30519
0
0.19159
0
0.10514
0.2025
0.08677
0
0.19896
0
0.21358
0
0
0.09793
0.15101
0
0.03683
0.1187
0.55724
0.13625
0
0
0.1113
0.10639
0
0
0.06738
0
0
0
0
0.19266
0.09934
0.13072
0.50115
0
0
0
0.11174
0
0
0
0.31926
0
0
0.23873
0
0
0.38886
0
0
0.11182
0.10968
0.03496
0.22992
0.0607
0
0.03788
0
0
0.06499
0.12616
0
0
0
0
0
0
0
0
0.31695
0.12062
0.20465
0.20188
0
0.11523
0
0.03554
0.37904
0.09575
0.09061
0.11818
0
0.28798
0
0.21862
0.2128
0
0.11121
0.10881
0
0.09727
0.17445
0
0
0
0.03726
0
0.17551
0.21269
0.09208
0
0
0.21328
0.30561
0.35892
0.27939
0.12136
0
0.03822
0.23064
0.08798
0
0.23558
0
0.34888
0
0.10277
0.20013
0.73297
0.225
0
0
0.11586
0
0.11863
0
0.03664
0
0.19681
0
0
0.16293
0
0.06131
0.0817
0.54537
0.09631
0
0.44921
0
0
0.28074
0
0
0.03692
0.15876
0.22379
0
0.0924
0
0
0.20135
0.09476
0
0
0
0
0
0
0.53266
0.14198
0
0.11889
0.10892
0.23145
0.21466
0
0
0.18786
0.07332
0.11015
0
0.15511
0.11081
0
0
0.23174
0
0.16178
0.21342
0.21249
0.07367
0
0.09583
0
0
0
0.3159
0
0
0
0
0.19654
0.23574
0.05766
0
0
0.72672
0.41753
0
0.4943
0
0
0
0.11521
0.11627
0.09914
0.10819
0
0
0
0
0.42241
0
0.41599
0.06939
0.09487
0.1133
0
0
0.17998
0.03664
0.31201
0
0.08591
0
0.10055
0.12913
0
0
0
0
0
0
0.11835
0.09285
0.09258
0
0.23716
0.11338
0
0
0.46187
0.30733
0.18071
0
0.10875
0
0.07942
0.05189
0
0.09229
0
0
0.11389
0
0
0
0
0.26285
0
0
0
0
0
0.46587
0
0.36314
0.20198
0.43146
0
0
0
0.45843
0.11208
0
0
0.11218
0
0.34518
0.22491
0
0.07271
0
0
0
0
0.11188
0
0
0.14941
0
0
0
0
0
0
0.2159
0
0.12423
0
0.46008
0.15821
0.03649
0
0
0.10971
0.14492
0
0.28881
0
0
0.06256
0
0
0.16126
0.07267
0.09481
0
0
0.40165
0
0
0
0.33612
0.26411
0
0
0.31235
0
0
0.09018
0.09473
0
0
0
0
0.20868
0
0.0972
0.11553
0.11315
0.19235
0
0
0
0
0
0
0.19619
0.1066
0
0
0
0.21268
0
0
0
0
0
0
0.18363
0
0.35231
0.10823
0
0.11708
0.11329
0.11227
0
0.24917
0
0
0.10958
0.33743
0
0
0.03864
0
0
0.2432
0
0.06472
0.09758
0
0
0
0
0.28871
0
0.33551
0.1672
0
0.10496
0.1349
0
0
0
0
0
0
0
0
0.40022
0
0.07867
0.07737
0.10603
0
0.14584
0
0.11767
0
0
0.08764
0
0.11566
0
0.19586
0.22985
0.02698
0
0.19954
0.12316
0.33724
0.21476
0
0
0
0
0.08778
0.30264
0.42396
0
0.5898
0.04132
0
0.11846
0
0.08603
0
0
0.57382
0
0
0
0
0
0.22554
0
0
0.07939
0.05846
0
0
0.11812
0.11841
0
0
0.37832
0
0.06516
0
0.18494
0.09049
0.03047
0
0
0.20011
0
0
0.14274
0
0.1068
0
0.21742
0
0
0
0.09033
0
0.15939
0
0.09657
0
0
0
0
0
0
0
0
0
0.21447
0.22933
0
0
0.17778
0
0
0.09529
0.2126
0.02497
0
0.42554
0
0
0
0
0
0.30092
0
0
0
0.1983
0.11253
0.11658
0.30521
0
0
0.42082
0
0
0.11561
0
0
0.28211
0.13776
0
0
0.31497
0
0
0.37591
0
0
0.08185
0.16823
0.11414
0
0.11059
0.10555
0.07305
0
0.36358
0
0
0
0.48241
0.21645
0.18268
0.11016
0
0.09067
0
0.25325
0
0.11544
0
0
0.10991
0.11239
0
0
0
0
0.22979
0.09798
0.09684
0
0
0
0
0
0.09711
0
0.10292
0.13516
0.10688
0
0.02934
0
0.09326
0
0.30812
0.22922
0.3109
0.03238
0
0
0
0.42464
0
0
0.32052
0.30451
0.11451
0.1196
0
0
0
0
0
0.11455
0
0.11507
0.10028
0
0
0
0.09588
0
0.21487
0
0
0
0.09456
0
0
0.16929
0.08508
0
0.18978
0
0
0
0.0851
0.10077
0.03128
0.8526
0
0
0
0
0.07495
0
0
0
0.41695
0
0
0.56167
0
0.1018
0.23821
0
0.07958
0.18205
0
0
0
0
0.33624
0.20975
0.06143
0
0
0
0.0776
0.12339
0
0.42927
0
0
0
0
0
0.22214
0.11813
0
0
0.22888
0
0
0
0.11088
0
0.0854
0.23716
0
0.13496
0.20188
0
0
0
0
0
0.11271
0.10814
0
0
0
0
0.11879
0
0.55493
0.1031
0
0.04028
0
0.11098
0.07915
0.27285
0.08055
0
0.41583
0
0.31804
0
0
0.16984
0
0
0.02597
0.19989
0.10199
0.09614
0
0
0.11926
0
0
0
0.03239
0.09807
0
0
0
0
0.16346
0
0
0
0
0
0
0.18327
0
0
0.22173
0
0
0.14165
0
0.11255
0
0.08965
0.09896
0
0
0
0
0
0.09053
0.09594
0.12144
0.19085
0
0
0.21392
0
0.07799
0.43316
0
0
0
0
0.03592
0
0
0.02724
0.08911
0
0.52491
0.1348
0
0.1686
0
0.21685
0
0.03598
0.23723
0
0
0.09747
0
0
0.09932
0
0.37555
0.23268
0
0.08606
0.09816
0
0
0
0
0
0.11039
0
0.2332
0
0.05869
0
0
0.11418
0.16644
0.28306
0
0
0
0.12158
0
0
0.41621
0
0
0
0.07737
0
0
0
0
0
0
0.18886
0.2172
0
0
0
0
0
0.45215
0
0
0
0
0.0627
0.19486
0
0.87294
0.42454
0.26344
0.16906
0
0.16734
0.16745
0
0.16755
0.16786
0.21633
0
0
0
0
0.09961
0
0
0
0.05887
0.45865
0
0
0
0
0.25189
0.06371
0.32731
0.31913
0
0
0.09919
0
0
0
0.19577
0
0.10807
0
0
0.09863
0.11721
0
0
0.16767
0
0.03768
0
0.09203
0
0
0
0
0.19445
0
0
0.10512
0
0.11063
0.17427
0
0.09597
0.15753
0
0
0
0.18104
0
0
0
0.17314
0.32435
0.10965
0.1251
0
0.19412
0.11388
0.21635
0.06748
0.09464
0.37607
0
0
0.53359
0
0.07013
0.07844
0.12401
0
0
0
0
0
0
0.111
0.59008
0.19604
0.10891
0
0
0.39302
0.12131
0
0.03547
0
0
0
0
0.22416
0.03833
0
0
0.09097
0
0
0
0.06359
0
0.25085
0.10944
0
0.22383
0.9676
0.12302
0.10644
0
0.12831
0
0
0
0
0.10736
0
0.21329
0.23627
0.16318
0
0
0
0
0.10468
0.10832
0
0.30401
0
0
0
0
0
0
0
0.31247
0.21795
0
0
0
0
0
0
0
0
0.08542
0.39708
0.0942
0.22589
0.11976
0.11706
0.20091
0.10976
0
0
0.21028
0
0
0
0.1749
0
0.10073
0.27054
0.15459
0.11246
0.03223
0.09696
0
0
0
0.08816
0
0
0.16165
0
0
0.29508
0.09002
0.09639
0
0.1295
0.20297
0
0
0
0.22407
0.10543
0.07422
0
0
0
0
0
0
0.64516
0
0.10569
0.12406
0.12292
0
0
0
0
0.11059
0
0
0
0
0
0
0.11825
0.84126
0
0
0.23686
0.32532
0
0.11278
0.11099
0
0.22996
0.10184
0
0.17481
0.07739
0
0.15242
0.35001
0.36899
0.18727
0
0
0.18139
0.12792
0.35029
0
0.13675
0
0
0.17309
0.13333
0
0.08491
0.12793
0.04017
0.22391
0.19691
0.02845
0.04003
0
0.1679
0.22455
0.4152
0
0
0.15494
0.22101
0
0
0
0.09829
0
0
0
0.11897
0.45986
0
0
0
0.09227
0.40907
0.12236
0
0.54436
0
0
0.53377
0
0.42354
0.20899
0
0
0
0
0
0.07078
0
0
0
0
0.09259
0.28051
0
0
0.16341
0.08024
0.40844
0
0.34833
0.28653
0.18995
0.11467
0
0
0.09514
0.41565
0.10562
0.12302
0
0.05635
0.09198
0
0.21477
0.23502
0
0.02509
0
0
0.2338
0.08774
0
0.11404
0.26038
0.05798
0.21292
0
0.09628
0
0
0.08774
0
0
0
0.22408
0
0.11966
0
0.07254
0
0
0.19829
0
0
0
0.2167
0.09251
0.23745
0.53036
0.10676
0.23696
0.17805
0.11119
0.09687
0.22846
0.09126
0
0
0
0
0.1082
0.03396
0
0
0
0.46288
0
0.10915
0
0
0.11426
0
0
0
0.30158
0.24558
0.19715
0.11373
0.08909
0.11903
0
0
0
0
0.03107
0
0.1078
0.31695
0
0.12375
0
0.47501
0.11697
0.02995
0
0
0
0.1051
0.11583
0.14871
0
0
0
0
0
0.03296
0
0
0.34494
0
0
0.12408
0
0
0
0
0.09524
0.08929
0
0
0.26022
0
0.09705
0
0.11206
0
0.37499
0.46559
0
0
0.34753
0.10181
0.20983
0
0
0.09274
0
0
0
0.02596
0.10211
0.19154
0.11007
0
0.066
0.19848
0.55926
0.11279
0.08557
0.1671
0.23528
0
0
0.2146
0.52979
0.10771
0
0.1658
0
0.16107
0
0.14156
0.30092
0.11089
0
0
0
0.10804
0.11826
0
0
0
0.18105
0.17783
0.43904
0.37405
0
0
0.75353
0
0
0
0
0.09525
0
0
0
0
0
0.07442
0.39468
0.11081
0.07468
0
0.13967
0.03335
0
0.03952
0.10182
0
0
0
0.3968
0
0.12196
0
0
0
0.35233
0
0
0.12571
0
0.07759
0
0.21191
0
0
0.75926
0.73261
0.10176
0.18777
0.12573
0
0.2
0
0.11015
0.12639
0.11338
0
0.12925
0
0
0.58896
0.23507
0.23057
0.08601
0.14902
0
0
0.11012
0.37562
0
0
0.09693
0
0
0
0
0
0.10906
0
0
0
0
0.22896
0
0.22538
0
0.37456
0.30861
0.30378
0
0
0
0
0
0.07227
0.08621
0.11103
0.105
0.1014
0
0.09121
0.10622
0
0.12387
0
0.94698
0
0.12321
0
0
0.21852
0.23845
0.1233
0.09744
0.30155
0.1822
0.22283
0.22372
0
0
0.12074
0
0
0.11543
0.12698
0.08165
0
0
0.21611
0
0.16534
0
0
0.19598
0.1265
0
0
0
0
0.04039
0
0
0.12203
0
0
0.0981
0
0
0.04526
0.02974
0.43282
0
0.09412
0
0.09591
0.42749
0.11727
0
0.12057
0.19953
0
0
0.07682
0.36881
0
0
0
0
0
0.23764
0
0.16908
0.06554
0
0.06094
0
0
0.20116
0.11491
0
0
0
0
0.19535
0
0
0
0
0
0.07233
0.11482
0
0.42686
0.11805
0
0
0
0
0
0
0
0.31891
0.32523
0
0
0.08995
0
0.1208
0
0
0
0
0
0.09184
0
0.11907
0
0
0.06974
0.45256
0.41325
0
0
0.07491
0.46533
0
0.16953
0
0
0
0.03056
0
0.12091
0
0.42631
0.71981
0
0
0.35058
0.0783
0.16335
0.03299
0.2396
0
0
0
0.09601
0
0
0
0.30274
0.10005
0
0.31373
0.09577
0
0.42555
0
0.04148
0.19972
0
0.22108
0
0
0
0
0.11954
0
0
0.42897
0.36334
0
0
0.19696
0
0.12504
0
0.2181
0
0.33217
0.1152
0
0.115
0.07481
0
0
0
0.13057
0.07375
0
0.08602
0
0
0.21231
0.14026
0.13277
0.09141
0
0.11682
0.22489
0.10615
0
0.09282
0
0.11427
0
0.43603
0.18632
0
0
0
0.19261
0
0.11956
0
0.10301
0
0.17012
0.19742
0.12506
0.11935
0
0
0
0.10641
0
0.21578
0
0.09583
0
0
0.13211
0
0
0.32349
0
0
0.11742
0
0
0.09232
0
0.09746
0
0.13859
0
0
0.54503
0.24305
0.20959
0
0.07132
0
0
0
0
0
0
0
0
0.061
0.29418
0.21382
0
0
0
0.32034
0.11399
0
0
0
0
0
0.09728
0
0
0.09047
0.10986
0
0
0.23687
0
0
0
0
0.13819
0.08997
0
0.37675
0.0933
0.11264
0.44281
0
0.096
0.07166
0
0
0
0
0.15127
0
0.09594
0
0
0
0
0
0.22361
0
0
0.59522
0
0.25236
0
0
0.23367
0.35032
0
0.13644
0.09521
0.12464
0
0
0
0
0.16861
0.05399
0
0.10584
0.21754
0
0
0
0
0
0
0.03087
0
0.322
0.22596
0
0.12248
0
0.12579
0.10859
0.09841
0
0.13071
0
0
0.11738
0
0.08831
0
0.09272
0
0
0.11411
0.3496
0
0.18204
0
0.149
0
0.19855
0
0.0852
0
0
0
0
0
0.02905
0
0
0.10787
0
0
0.21317
0
0
0.06397
0
0
0.28097
0
0
0.11862
0
0
0.08583
0.03654
0
0.34807
0
0
0.27822
0.19475
0
0.34251
0
0.12295
0
0
0.09803
0.17691
0.21237
0.03753
0.06276
0
0.1111
0.11977
0
0
0
0.23213
0.13222
0.15133
0.13764
0
0
0.1518
0
0
0
0.07892
0.19937
0
0.12427
0.09384
0
0
0
0
0
0.55914
0.09465
0
0
0
0.21605
0.09845
0.10379
0.19874
0
0
0.33489
0
0
0.09449
0
0.03995
0
0
0.37675
0.44233
0
0.22108
0
0
0
0
0.11946
0
0.18302
0.08571
0.22192
0.07608
0.31778
0
0.08619
0.05664
0
0
0.14113
0.09058
0.09986
0
0.11253
0
0
0
0.22485
0.22247
0
0.12098
0.1014
0
0.08034
0.19742
0.40216
0
0.1146
0.05315
0
0.27596
0.09091
0.10155
0.16762
0
0.09943
0
0
0.20003
0.09584
0
0.19319
0.11709
0
0
0
0
0.09587
0
0
0
0.30045
0.09863
0.23628
0.07945
0.24526
0.38288
0
0.16348
0
0
0
0.09299
0
0.10816
0.18952
0.11698
0
0.09766
0.09101
0
0.20613
0
0
0
0
0
0
0
0
0
0
0
0.22149
0.10536
0
0.12319
0.38163
0.09336
0.2295
0
0
0
0
0.5411
0.14393
0
0
0.19931
0.2366
0.15231
0.11003
0
0.37048
0.10448
0.40732
0
0.1078
0.12856
0.18247
0.1997
0.1878
0
0.09321
0
0
0
0
0
0.50171
0
0.03771
0
0.12131
0.23456
0.11526
0
0.09118
0
0.13931
0
0
0
0
0.19456
0.11423
0.22762
0
0.20277
0
0
0.33465
0.06182
0.14532
0.08358
0.10731
0
0
0
0.08042
0
0.46264
0
0
0
0
0.0767
0
0
0
0.16991
0
0.09174
0
0.16793
0
0
0
0
0
0
0
0.28091
0
0
0.57276
0.16335
0
0
0.32382
0.09579
0
0
0.08913
0.07844
0.08028
0.09859
0
0
0.11073
0
0.16113
0
0.10845
0
0.07304
0
0
0
0.11312
0
0
0.21309
0
0.09542
0
0
0
0.12516
0
0
0.42564
0.02499
0.16888
0
0.20917
0
0
0
0
0.03902
0.08762
0
0
0
0
0.11217
0
0
0
0
0.60995
0
0
0
0.40754
0
0
0.23545
0
0
0.22504
0.27041
0
0
0.09692
0
0.36347
0
0
0.09398
0
0.15507
0
0.38659
0
0
0
0.08649
0
0.1995
0
0.11254
0.23352
0
0
0
0
0
0
0
0.06901
0.14788
0.10148
0.25032
0
0.11911
0
0
0
0.10712
0
0.19912
0
0.29118
0.41577
0
0.32404
0.11752
0.09169
0.12293
0
0
0.06488
0
0
0
0.10709
0.1036
0
0
0
0
0.31972
0
0.36283
0
0
0.21439
0.22716
0
0
0.20883
0
0
0.05673
0.09443
0.09959
0
0
0
0
0.12698
0
0.24016
0.11057
0.13485
0.10729
0.09673
0.12963
0
0.30629
0.09475
0
0.23697
0.11975
0
0
0.09628
0
0
0
0.30258
0
0.17601
0.19592
0
0.09845
0
0.09604
0.35364
0.22899
0
0
0
0.09614
0
0.03197
0.3945
0
0.10999
0.11743
0
0
0
0.03948
0.32194
0
0
0
0
0
0.07278
0.11694
0
0
0
0
0
0
0.17011
0
0
0.33797
0
0
0.12658
0.14903
0.10226
0.02569
0.0883
0
0.09927
0.35714
0.1547
0
0.10968
0
0.12303
0.08232
0
0.21499
0.12135
0
0
0
0.12506
0.13587
0
0.22263
0
0
0.1296
0
0
0
0.11056
0.11792
0.12082
0
0.1065
0
0.22278
0
0.13693
0
0
0
0.10756
0
0
0.13554
0
0.30866
0
0
0
0.13579
0
0
0.29984
0.03863
0
0.21563
0
0.83813
0
0.17112
0
0
0.31435
0
0
0.04125
0.07071
0.31646
0.07243
0.54207
0.11702
0.03662
0
0
0.05436
0.03896
0
0.07559
0
0
0.0826
0
0.07134
0
0
0
0
0.0993
0.10859
0.0562
0.07368
0
0.338
0
0
0
0.10694
0
0.19827
0
0
0.11966
0.51569
0.08318
0
0
0.09719
0
0
0
0.16936
0.07685
0.22564
0.0897
0.40537
0
0
0
0
0
0.02594
0.13881
0
0
0.21874
0
0.12421
0
0.05746
0
0
0
0.12069
0
0.17941
0
0
0
0
0
0.12213
0
0.0299
0
0
0.11168
0.74939
0
0.09249
0
0.03611
0
0
0.22847
0
0.41133
0.23502
0
0
0
0.03685
0
0.14514
0.11478
0
0.08658
0
0
0.3486
0
0
0.44298
0
0.31452
0
0
0
0
0.11498
0
0
0
0.22191
0
0.06388
0.08585
0.29102
0.11156
0
0.10101
0.19002
0.20034
0.10543
0.62724
0.352
0
0
0
0
0
0.10965
0.07718
0.09731
0
0
0
0
0.11138
0.68579
0.21404
0
0
0
0.18715
0
0
0
0.12453
0
0
0
0
0.2436
0.22733
0
0.12437
0
0
0.25199
0
0.12531
0
0.18806
0
0
0
0.10312
0.21931
0
0
0.08226
0
0.60864
0.12979
0.05942
0.09273
0
0
0.09628
0.09237
0.03167
0
0.16547
0
0
0
0.24623
0.26743
0.23241
0.11815
0.33619
0.11021
0.37813
0
0
0.09644
0
0.11744
0.09224
0.09238
0
0
0
0.09738
0
0
0
0.12109
0
0.11279
0.18227
0
0
0
0
0.06566
0.12127
0.11208
0.19169
0
0
0.12487
0
0.11981
0.09674
0
0
0
0.2125
0
0.33502
0.18301
0
0.22539
0
0
0.11133
0.07292
0.15131
0
0
0.11403
0
0
0
0
0
0.30067
0.23839
0.11435
0
0
0
0.21818
0
0
0.09201
0
0.06209
0
0.16339
0
0.11041
0.04055
0
0.09545
0
0.14439
0
0.33894
0
0.22996
0
0.22551
0
0
0
0
0.09331
0
0
0.16149
0
0
0.11164
0.10876
0
0
0
0
0.34117
0.1031
0
0.11349
0.37838
0
0.11722
0
0
0.12147
0
0
0.39426
0.03154
0
0.07865
0
0
0
0
0.14151
0
0
0
0.11153
0.09162
0.07375
0.14666
0
0
0.21309
0
0.09102
0
0
0.09559
0
0.33587
0.09024
0.10788
0.25652
0.19795
0.38153
0
0
0
0.23194
0.19692
0.19692
0.10595
0.57663
0.26019
0
0
0.21917
0.08267
0
0
0.07336
0.07712
0
0
0.17491
0
0
0.11323
0
0.12501
0
0.2348
0.22744
0
0.2141
0.18676
0
0.18961
0.21794
0.41847
0
0
0.30845
0
0
0
0.14209
0.42369
0
0
0
0
0.54967
0.12217
0.09074
0
0
0.02499
0.08188
0.37541
0.37721
0
0
0
0
0
0
0
0
0
0
0.12913
0
0.1142
0.08281
0.94484
0.37814
0
0
0
0.11204
0
0
0.19597
0
0
0
0
0
0.06971
0
0
0.11301
0
0
0
0.12079
0.19574
0
0
0
0
0
0
0
0.18749
0
0
0.11116
0
0.0922
0
0
0
0
0
0.33805
0
0
0.36673
0
0.22806
0.1117
0
0
0
0
0.29468
0
0
0.11864
0
0.21226
0
0
0
0.28485
0
0.14315
0.20542
0
0
0
0
0
0.12367
0
0.09613
0
0.29689
0
0
0
0.12627
0
0
0
0.04136
0.08618
0
0
0
0.10672
0
0.09599
0.13571
0
0
0
0.11844
0.11256
0
0.09599
0.0711
0
0.21181
0.06195
0
0
0
0.20355
0.10481
0
0
0
0.19999
0.09509
0
0.1613
0
0.08565
0
0.12527
0
0.08911
0
0.1103
0.22458
0
0.2607
0.09912
0.10805
0.09252
0.09305
0.19314
0
0
0
0.09872
0
0
0
0
0
0
0
0
0.11398
0
0
0.13339
0
0.089
0.20898
0.28806
0.10762
0
0.09861
0
0.10045
0
0
0
0
0
0
0
0
0.0713
0.25396
0
0.11651
0.12455
0
0
0.17968
0
0.06721
0.1118
0
0
0.28855
0.20396
0
0
0
0.15163
0
0
0.196
0
0
0.0909
0
0
0
0
0.07242
0.0954
0.21981
0.19422
0
0
0
0.10909
0.09536
0
0.11808
0.1821
0.06095
0
0
0.03524
0
0.0373
0
0.08641
0
0.23963
0
0
0
0
0.05657
0
0.23968
0
0.37253
0
0
0
0
0.16762
0.0723
0.08348
0
0.16703
0.13205
0.11971
0
0
0.10644
0
0.36619
0
0
0.30093
0
0.22784
0
0
0.07351
0
0
0.03533
0
0
0.16241
0
0.22722
0
0
0
0
0
0.10184
0
0.22407
0
0.11313
0
0
0
0
0
0
0
0
0
0
0
0.0918
0.07625
0
0.02798
0
0.09624
0
0
0.07233
0
0.10576
0
0
0.10134
0
0
0
0
0
0
0
0
0.09029
0.22352
0.14438
0.11342
0
0.16843
0
0
0
0
0
0
0
0.29934
0.09449
0
0.07772
0.1528
0.20061
0.1047
0.47753
0
0.22012
0
0
0
0
0.1023
0
0
0.12544
0.20348
0.0851
0
0.19913
0
0
0
0.14575
0.34872
0
0
0.1193
0
0
0
0
0
0.14584
0
0.34972
0
0.83763
0.83442
0.20065
0.41286
0.09471
0
0.27747
0.14777
0.25862
0
0.19976
0.11648
0.19832
0
0
0.21416
0.30441
0
0.12189
0
0.06393
0.10874
0
0
0.16286
0.02727
0
0.10961
0.21724
0.25352
0
0.0352
0.4609
0.10471
0.1502
0.14584
0.07884
0.18206
0.32645
0
0
0.16661
0
0
0.09239
0.20934
0
0
0
0
0.18746
0
0.12205
0
0.29449
0.12946
0
0.56046
0
0.19261
0
0.1248
0.17928
0.16729
0
0.11325
0.14432
0
0
0
0.10995
0
0.1373
0
0
0
0.11875
0
0.10858
0
0
0.10755
0.11262
0
0.08635
0
0
0
0
0
0
0
0.1198
0
0.08859
0.11358
0.20465
0
0
0
0
0
0.3705
0.22259
0.22979
0
0.12044
0.48615
0.31982
0.03034
0.22788
0.12115
0
0
0.13565
0.11049
0
0.16345
0.15248
0
0
0.11686
0.32005
0.19458
0.14622
0
0.12704
0.12175
0.3994
0
0
0
0.32586
0
0
0
0
0
0
0.37534
0.12112
0
0
0
0.08275
0.51846
0
0
0
0
0.07834
0
0.10804
0
0.16353
0
0
0.1127
0.09038
0
0.15601
0.08025
0
0
0
0.07226
0.11019
0.11244
0
0
0
0
0.7504
0
0.07042
0
0
0.12009
0.37434
0.11491
0.12769
0.09518
0
0
0
0.14012
0
0
0
0.02769
0.10603
0
0
0
0
0
0
0
0
0.10738
0.3372
0
0.34081
0
0
0
0
0
0.11073
0
0
0.09985
0
0.46605
0.21745
0.47753
0
0.41591
0.12451
0.31109
0.10708
0.23464
0.1154
0
0
0
0.21699
0.16366
0.0516
0
0
0.19801
0
0.11288
0.13119
0
0
0
0.08901
0
0
0
0
0.04062
0
0.05361
0.03232
0.22321
0
0.10694
0.30692
0
0.27299
0
0
0.1164
0
0
0.23127
0.09277
0.11793
0
0.31776
0
0
0.2277
0.57269
0.23672
0.54057
0.2585
0.21506
0.14026
0
0
0
0
0
0
0.64208
0.10205
0.11347
0
0
0
0.60851
0.21441
0.07358
0
0
0.30447
0
0
0
0
0
0.10184
0
0.10788
0
0.42773
0
0
0.10036
0.3191
0.44855
0
0
0
0
0.03322
0.11858
0
0.23869
0
0.1071
0.07166
0.31986
0
0.08818
0
0
0.2513
0
0.09681
0
0
0
0
0.20669
0
0.15038
0
0
0
0.03468
0.11923
0.03391
0.19728
0.28252
0
0
0.2877
0.11181
0.10542
0.12147
0
0.08624
0
0.09189
0
0
0.15471
0
0
0
0
0
0
0.03201
0
0
0
0
0
0.2167
0.43901
0
0
0.09677
0.10692
0
0.12206
0.09964
0.10136
0.10886
0.29081
0
0.0958
0
0
0.11227
0
0
0.07088
0
0
0
0
0
0
0
0.20679
0.12074
0.21223
0.12307
0.51217
0.12266
0.20625
0
0.07917
0.10725
0.25148
0.31446
0
0.19961
0.02866
0.22389
0.19866
0
0.11397
0
0
0.31861
0
0.05684
0
0.03096
0
0.10731
0
0
0
0
0.11872
0.12472
0
0
0
0.26261
0
0.09719
0.02941
0.26095
0.0974
0.08086
0
0.03707
0
0
0
0
0
0.07764
0.10367
0
0.26377
0
0
0
0.05954
0
0.0954
0
0
0.10966
0.12069
0.35105
0
0.19228
0
0
0
0
0
0
0
0.08554
0
0.09672
0
0
0
0
0.24802
0.09712
0
0.06305
0
0
0.06397
0
0
0
0
0
0.44598
0.37374
0.20712
0
0
0.20735
0
0.11712
0.3048
0
0.22921
0
0
0
0.08797
0.23645
0.11056
0.04059
0.23376
0.08687
0.10675
0.22424
0.21766
0
0.3101
0.129
0
0.10246
0
0
0
0.11681
0
0.0633
0
0.26986
0
0.09273
0.0259
0
0
0
0
0
0
0.27295
0.19605
0.30055
0
0
0
0
0
0
0.21495
0.29036
0.11242
0
0
0
0
0
0.10637
0
0
0
0
0
0.12333
0
0
0
0
0
0.09266
0
0.12476
0.04145
0
0.03373
0
0
0.26706
0
0
0.08633
0
0
0.2389
0
0
0.17282
0
0
0
0
0
0
0.12564
0.09592
0.23994
0.27094
0
0.45351
0.16739
0
0
0
0.37584
0
0
0.09969
0
0.33758
0.0798
0.12282
0
0
0.38107
0.11549
0
0
0.18268
0
0.11236
0
0.35457
0
0
0
0.65503
0.37871
0
0
0.28764
0
0
0.06607
0.20657
0
0
0.1227
0
0.09281
0
0
0.10044
0
0.23358
0.50239
0
0
0
0
0.14521
0.10966
0.32524
0
0.09918
0
0
0.03796
0
0
0.09288
0
0.09265
0
0
0
0.33801
0
0
0
0
0
0
0
0
0.08279
0
0
0.12858
0
0
0.39403
0.1818
0
0
0
0.09172
0
0
0
0.09881
0
0.09715
0
0
0
0.16306
0.22393
0
0.38303
0
0
0
0.16361
0
0
0.10606
0.11387
0.12162
0.39797
0
0
0
0.21558
0.18881
0
0
0
0
0
0.06057
0
0
0.1174
0
0
0.23288
0
0.28252
0.28001
0.0325
0
0.05939
0.16746
0
0.0771
0
0
0.0772
0.25379
0
0.13464
0.11171
0
0.21062
0.03354
0
0.07638
0
0
0
0
0.03618
0.33571
0
0.11166
0
0.19953
0.13079
0.07026
0.12571
0.05606
0
0.09559
0
0
0.10853
0
0.07618
0
0
0.37576
0
0.21398
0.08717
0.14614
0
0.11817
0.14678
0
0.11371
0.07193
0.29964
0
0
0
0.17677
0
0
0.27608
0
0
0
0
0.122
0.11835
0.09592
0.15806
0.19901
0.07273
0
0.21054
0.11028
0
0
0.11151
0
0.09539
0.53822
0
0.19492
0.09569
0
0.26017
0.12391
0.11144
0
0.09774
0
0.18966
0.03895
0
0.03539
0.32031
0
0.03661
0
0.09476
0
0
0.21096
0
0.21353
0
0.22854
0.94453
0
0
0.41849
0
0
0
0.28742
0
0.10824
0.08898
0.16753
0
0.46347
0
0.30568
0.09786
0.1085
0
0
0
0.11363
0
0
0
0.09597
0.37591
0
0.08249
0
0.1122
0
0.09088
0
0
0.03198
0
0.19011
0.2147
0
0
0.17035
0
0
0
0
0
0.07826
0
0
0
0.30675
0
0.06139
0.21579
0.27067
0.19336
0
0
0.33758
0
0
0.27637
0
0.07788
0
0.35248
0
0.12648
0
0
0.07876
0.09743
0
0
0
0.11562
0.06673
0
0.25662
0.3696
0
0
0
0.0951
0
0.10014
0.13503
0
0.08603
0
0
0
0.11252
0
0
0.47806
0
0
0.18164
0
0.1896
0.08937
0.086
0.17797
0
0
0
0.69124
0.10364
0
0.11864
0
0
0
0.21744
0
0.11136
0
0
0.17955
0
0
0.38191
0
0
0.0591
0.08872
0
0
0.2817
0
0.0909
0.21107
0
0.22901
0
0
0.18793
0.07896
0.22098
0.11719
0
0
0.38215
0
0
0.10488
0
0.19106
0
0
0
0.17057
0.33835
0
0
0.3356
0
0.1214
0.17037
0.21256
0.2102
0
0
0
0
0
0
0
0
0
0.15233
0
0
0
0.0733
0.22303
0
0
0
0.08115
0.04252
0.19824
0.10416
0.12204
0
0.05337
0
0
0
0
0
0
0
0.11181
0
0.232
0
0.46073
0.20014
0
0
0
0
0
0
0
0.31356
0
0.19917
0
0
0.03206
0.20956
0
0.19265
0
0.03711
0.17523
0.12921
0
0.16961
0.13221
0
0.03547
0.1128
0
0
0.23694
0.42307
0
0
0.24572
0
0.1119
0
0.12229
0.22535
0.30171
0
0
0
0
0
0
0.0349
0
0
0
0.30827
0
0.23118
0.0858
0
0.11485
0.02936
0
0
0.0361
0.04123
0
0
0
0.07551
0
0.25602
0
0.0972
0
0.07356
0.21568
0
0.11588
0.1226
0.26421
0.10509
0.02939
0
0
0.12209
0
0
0.0701
0
0
0
0
0
0.16807
0
0
0
0.02551
0.12048
0.09565
0
0
0
0
0
0.0931
0.09616
0
0
0
0.09063
0
0.1147
0.42958
0
0.09503
0
0
0
0.37447
0
0
0
0.23169
0
0
0
0.04184
0.10141
0.22275
0.27616
0
0
0.51857
0
0.13574
0.0964
0.09705
0
0
0.16732
0
0.23924
0
0
0
0.24135
0.07555
0.1198
0
0
0.09529
0.19844
0
0.33465
0
0
0.11531
0.22741
0
0.08715
0
0.2122
0
0.1106
0.12144
0
0
0.03689
0.18959
0.39056
0
0
0.08162
0.56031
0
0
0.12079
0.12023
0
0
0
0
0
0
0
0
0.10751
0
0
0.37964
0
0
0.09448
0.37382
0.38717
0.1173
0
0
0
0.0957
0
0
0
0
0.31954
0.09498
0.07298
0.02416
0
0
0.0318
0
0.31115
0
0
0.09197
0.22119
0.11395
0.08678
0.12711
0.04087
0
0.19626
0.08878
0.20311
0.24396
0.30096
0
0.0968
0.13794
0
0
0.11006
0.10685
0
0
0
0
0
0.11058
0
0
0
0
0.10816
0
0
0
0.12112
0
0.27156
0.14492
0
0
0.14558
0
0.11414
0
0
0.12198
0.22667
0
0
0
0.10748
0.092
0
0
0
0.07278
0.12528
0.2806
0.19658
0
0
0
0
0
0
0
0.08961
0.1122
0
0
0.10553
0
0.30613
0
0.31338
0
0
0
0.46631
0.34072
0
0
0
0.21279
0.18955
0
0
0
0.08913
0
0
0.21327
0.03503
0
0
0
0.11942
0.03135
0
0.12183
0
0
0
0
0
0
0
0.2142
0.37502
0.10418
0
0.23601
0
0
0
0
0
0
0
0.0909
0
0.18981
0.09589
0
0
0
0
0
0
0
0
0
0.20069
0.0978
0
0.1057
0.09625
0
0
0.08949
0.22237
0.39448
0.12515
0.11186
0
0
0
0
0
0
0
0.12602
0.0762
0
0
0.30294
0
0
0.22362
0
0
0
0.19531
0
0
0
0
0
0
0
0.21772
0
0.19364
0.4658
0.54398
0.19689
0
0.23552
0
0.20328
0.3182
0
0
0
0.07903
0.11136
0.07667
0.19904
0.30748
0.1097
0.20143
0
0.31273
0
0.115
0
0.2545
0
0.11412
0
0
0
0
0
0.2287
0.17178
0.13791
0.07832
0
0
0.11681
0
0.06362
0
0.30627
0.03108
0.10064
0
0.21713
0.12421
0
0.3053
0
0
0
0.15302
0
0
0
0
0
0
0
0
0.0889
0
0
0.1407
0
0.19399
0
0.093
0.09247
0.12203
0.05526
0.53474
0.41687
0.15387
0
0
0
0
0.03223
0.21814
0.11494
0.09605
0
0
0.30448
0
0
0
0
0
0
0.1058
0.23328
0
0
0
0
0
0
0.24808
0
0.13962
0
0
0
0.10644
0.09314
0
0.16484
0
0.19652
0
0
0
0
0.1524
0.22693
0.18265
0.07245
0
0.09735
0.03406
0.31819
0
0.37577
0.15236
0
0
0
0.03278
0.13006
0.09438
0.2349
0
0
0.16713
0.20495
0.30716
0
0
0
0.11214
0.11499
0
0
0.28298
0
0.12984
0
0
0
0
0
0
0.10079
0.11782
0.10951
0.10888
0.06666
0
0
0
0
0
0
0.20919
0
0.10539
0
0.11218
0.14201
0.20245
0
0
0.0359
0
0.21617
0
0
0
0.04399
0
0
0
0.55967
0.10964
0
0.19599
0
0
0
0
0.10636
0
0
0
0.10315
0
0
0.09448
0
0
0
0
0.11722
0
0
0
0
0
0.0784
0
0
0.08547
0
0.07212
0.40956
0.08429
0
0
0.08873
0.07454
0.1191
0
0.10876
0.09259
0.25895
0.09629
0
0
0
0
0
0.10552
0
0.09358
0.16749
0.08989
0
0.16305
0
0
0
0
0.09045
0
0.33685
0
0
0.07914
0
0
0.38721
0.0341
0.07933
0
0.11328
0
0
0
0.12217
0.11468
0
0
0.43477
0.16949
0
0
0
0
0.91706
0.22408
0.08568
0.10591
0.20237
0.03933
0
0
0
0
0
0.31858
0.31282
0
0.12303
0.10526
0.02714
0.11711
0
0.22891
0
0
0
0.03162
0.21666
0
0
0.07374
0
0.25045
0
0.11662
0.11686
0.23234
0
0.38025
0.39335
0
0
0
0.32627
0.20733
0.14836
0
0
0.24139
0
0
0
0
0
0.16939
0
0
0
0.07899
0.15595
0.07728
0.39275
0
0
0.12476
0
0
0
0
0.11503
0
0
0.05779
0
0
0
0
0.13715
0.14081
0
0.1658
0.02811
0.10059
0.08892
0.34882
0
0.06089
0.22862
0.0381
0
0.0284
0.07734
0
0
0.03459
0
0
0
0
0.12242
0.1258
0.20677
0
0
0
0.20254
0
0
0.08882
0
0
0
0
0
0.12068
0.0964
0.15234
0.10505
0.11137
0
0
0
0
0
0.13574
0
0
0.21305
0
0
0.07246
0
0.08777
0.09293
0
0.32855
0
0
0
0
0
0
0
0
0
0
0
0
0.07381
0.5625
0
0.18909
0.31009
0
0
0
0
0
0.1623
0.21644
0
0
0
0
0.12917
0.09996
0
0.11198
0
0
0.15876
0
0.09277
0.35285
0
0
0.06997
0
0
0
0.10543
0.114
0
0
0
0.24537
0
0.10059
0
0.42824
0
0
0.1458
0.45888
0.09708
0
0.09119
0
0
0
0
0.2262
0.12224
0
0
0
0.15129
0.21469
0.44117
0
0
0
0
0.03692
0.17442
0
0.07452
0.10977
0.23418
0
0
0
0
0
0.11362
0.25608
0.09195
0.80793
0
0.14795
0.12489
0
0
0.11599
0
0
0
0
0
0
0.0345
0
0
0
0.06737
0.41566
0.11199
0
0
0
0.11969
0
0.07384
0.31712
0
0.23213
0.67672
0.04043
0
0
0
0
0
0.30147
0.15634
0.1693
0
0
0.07632
0.09947
0.1134
0.10353
0
0
0.21842
0
0
0.39338
0.07586
0
0
0.19292
0
0
0.19725
0.34792
0.1136
0.36367
0
0
0.21676
0
0
0
0.02885
0
0.03539
0.11875
0.12979
0
0
0
0.08991
0
0.13682
0.29892
0.33122
0.11686
0
0
0.10092
0.10574
0.30952
0.22833
0.19846
0
0.20109
0.24259
0
0
0
0
0
0
0.25087
0
0
0
0
0
0
0.34784
0
0.10763
0.06786
0.12179
0
0.11107
0.28909
0
0.03798
0.11359
0.12063
0.10714
0
0
0
0
0
0.0825
0.08268
0.12335
0.32458
0.07944
0.09407
0.08172
0
0
0
0
0
0
0.52492
0
0
0
0.09192
0.26248
0
0
0
0
0
0
0
0
0.09553
0.2251
0.24437
0.14553
0.09023
0.43579
0
0.17019
0
0.11258
0.09785
0
0
0.03924
0.11512
0
0.11992
0
0
0
0
0
0
0
0.07109
0
0
0.34809
0
0
0
0
0.14025
0.12014
0
0
0
0
0.11445
0
0
0.14745
0.34357
0
0.07646
0
0.09678
0.2958
0.09291
0.10361
0
0
0
0.09746
0
0
0
0
0
0.34179
0.11195
0.1263
0
0
0.12255
0.12881
0
0
0
0
0.05763
0
0.11832
0
0
0.19673
0
0.22588
0
0
0
0.12245
0.47338
0
0
0
0.22842
0.41731
0.28484
0
0.08896
0.15844
0
0.07856
0
0
0
0.21855
0
0.33654
0
0
0.06741
0.12614
0
0
0
0
0.0977
0
0
0
0.23318
0
0
0
0
0.16822
0
0
0.1898
0
0
0
0
0
0.1418
0
0
0
0.11634
0
0
0
0
0
0
0
0
0.35095
0
0.16535
0
0.10768
0
0.1121
0
0
0
0.11928
0.60145
0
0.37407
0.11157
0
0.25885
0.32533
0.09686
0
0
0.11729
0
0.06394
0.32733
0
0.12132
0
0
0
0
0
0
0
0.08821
0.07871
0
0.11912
0
0
0.12009
0
0.11365
0
0
0
0.05666
0
0.10515
0.03042
0.10538
0.02431
0
0.1197
0
0
0.33693
0.09842
0
0.19341
0.18812
0
0
0
0
0.05756
0
0.18961
0.39474
0
0.21452
0
0
0
0.17084
0
0
0.08098
0.12048
0.08879
0
0
0
0
0
0
0
0
0.07735
0
0.27117
0.3868
0
0
0.39416
0
0
0
0.23086
0
0
0.09799
0
0
0
0.50802
0
0.09301
0
0.35054
0
0.2068
0.11778
0
0
0
0
0
0
0.15164
0.4421
0.08706
0
0
0.17009
0.05688
0
0
0
0.08677
0
0
0
0.18163
0.12107
0.0943
0
0
0.07845
0
0.14825
0.22466
0.07927
0.03637
0.09316
0.22752
0
0.19705
0.09154
0
0
0
0
0
0
0
0.45192
0.72528
0
0
0
0
0.34476
0
0
0
0.11302
0
0.12034
0.06606
0
0.09859
0
0.22746
0.10851
0.11722
0.09161
0.2167
0.08551
0.21438
0
0.09309
0
0.0927
0
0
0
0
0.03314
0
0
0.25296
0
0.11458
0
0
0
0
0.2613
0.03208
0.03564
0
0.3043
0
0.13833
0
0
0.09446
0.19612
0
0.11447
0
0.28432
0.18081
0
0
0.10995
0.1029
0
0
0.11269
0
0
0
0
0
0.15244
0
0.33573
0
0
0
0
0.11517
0.11508
0.08619
0
0
0.27574
0.25055
0.09679
0
0
0
0
0
0
0
0
0.13358
0
0
0
0.12058
0.11443
0.10294
0.06868
0
0
0
0
0
0.09991
0.10034
0
0.19736
0.09063
0
0
0.1946
0.11322
0.07174
0.23101
0.10706
0.11319
0.02699
0.29801
0
0.3052
0.09826
0
0.06173
0.03141
0
0.1067
0
0
0
0
0
0
0.10171
0
0.10782
0.57572
0
0
0
0
0
0
0
0.09202
0.1205
0.11735
0
0
0
0
0.19684
0
0
0
0
0
0
0.10711
0.35013
0
0.18294
0
0.09172
0
0
0.2802
0.10505
0
0.21219
0
0.06271
0
0
0.10328
0.39084
0
0
0
0
0.19547
0.29975
0
0.0664
0.32715
0
0
0
0.11376
0.24667
0
0.1172
0.07615
0
0
0
0.04324
0
0
0
0
0
0.09411
0
0
0.12253
0
0
0
0
0
0.10628
0.43434
0
0
0
0
0.05278
0
0.1867
0
0.28837
0.09462
0.05358
0
0.07908
0
0
0.1742
0.11035
0.17192
0.0926
0.13429
0
0
0.12513
0
0
0.4397
0.21503
0.09532
0
0.21404
0
0
0.12241
0
0
0
0
0.10597
0
0
0.39441
0
0.07849
0.32033
0.08074
0.09442
0
0
0
0
0
0.11129
0
0
0.20001
0
0
0
0.11652
0
0
0
0.19934
0
0
0
0
0
0
0.11931
0
0
0.12634
0
0
0.16789
0
0
0.18132
0
0
0
0
0
0
0
0
0.17447
0
0
0
0.09474
0
0.29952
0.03837
0.37745
0
0
0
0
0
0
0
0.20631
0
0.12397
0
0
0
0
0
0
0
0
0.13268
0.18222
0.08991
0.06569
0
0.07477
0
0.34404
0
0
0
0
0.19585
0
0
0.21836
0
0.08433
0
0
0.09244
0
0
0.17241
0
0
0.11133
0.10044
0.08848
0.19856
0
0.18767
0.18735
0
0
0.10817
0.15954
0.08598
0
0.20963
0.27101
0
0.13835
0.12376
0
0
0
0.09388
0
0
0
0.08992
0
0
0.07806
0
0.9493
0.30649
0
0.32531
0
0.2411
0
0.11931
0.17937
0.10824
0.63278
0.07285
0.56212
0.32723
0.21348
0.19769
0.18927
0
0
0.31976
0.17032
0
0.35199
0
0
0
0
0
0
0
0
0.07305
0.13853
0.11977
0.42504
0
0.19539
0
0
0.08588
0.11626
0.09944
0
0
0.36561
0
0
0.027
0.39842
0.11981
0
0
0
0.19976
0
0
0
0.11472
0.25502
0
0
0
0.0939
0
0.06151
0.09048
0
0.03632
0
0.12137
0.18957
0
0
0
0.11377
0.21192
0
0
0.21339
0.10037
0.11992
0.16296
0.17218
0
0.12125
0.30083
0.11207
0
0
0
0.03153
0
0.12119
0
0
0
0
0.29693
0
0
0
0
0.11492
0
0
0
0
0.09649
0
0.04055
0
0.09071
0.23879
0.1936
0
0
0
0
0
0.09111
0
0
0.03297
0
0
0
0.08588
0.09525
0.03948
0
0.09009
0.09601
0
0
0.12396
0.22605
0
0.39432
0.06304
0.09598
0
0.03306
0
0
0
0.15028
0.34656
0.32973
0
0
0.08626
0.10693
0
0.03653
0
0
0.11362
0
0
0
0.03932
0
0
0.19891
0
0.19857
0
0
0.09722
0
0
0.18151
0.11038
0
0
0
0
0.09285
0.03074
0
0
0.22432
0
0.21685
0.20492
0.09612
0
0
0
0
0.21187
0
0.15523
0
0.1372
0.14555
0.19719
0
0.0929
0
0.0957
0.42196
0
0
0
0
0
0
0
0
0.16296
0
0.39798
0.08606
0.09725
0.0779
0
0
0
0
0.09718
0.16052
0.34874
0.11736
0
0
0
0
0.10336
0.1121
0
0
0.12289
0
0
0.21268
0
0.14339
0.09136
0
0
0.06552
0.06138
0.2007
0
0
0
0
0.3278
0
0
0
0
0.09251
0
0.16604
0.42676
0.03302
0.09822
0
0
0
0.03209
0
0
0
0.1673
0
0
0.23894
0
0.26046
0
0
0.0297
0.17442
0
0
0
0
0
0.19862
0
0.22564
0
0
0
0.09719
0.10759
0.11317
0.06016
0
0
0.3203
0
0.14306
0
0
0.10715
0
0
0.31693
0.25276
0.32681
0
0.23339
0
0
0.30877
0
0
0.10228
0
0
0
0
0
0
0
0.11769
0
0
0
0.14936
0.16756
0.11251
0.08894
0
0
0
0
0.11108
0
0
0
0
0.0314
0.08781
0
0.02683
0.17992
0
0.22797
0
0.1633
0
0.09066
0.10815
0
0.34019
0
0
0
0
0
0
0
0
0.07982
0.11667
0.13728
0.16206
0
0
0
0.3135
0
0
0
0.09682
0
0
0
0.12408
0.10229
0.15931
0
0.10921
0
0.14976
0.11939
0
0
0
0.12088
0
0.1875
0
0.09266
0
0
0.41615
0.11715
0.09614
0
0.10065
0
0.31815
0.22457
0
0.06448
0
0
0.2155
0
0
0.02842
0.12281
0
0
0.09221
0
0.1128
0.09073
0
0
0
0.19587
0.11876
0.10618
0
0
0
0
0.11678
0
0
0
0
0
0
0
0
0
0
0.08723
0
0
0.2
0.11782
0
0.1194
0
0
0
0.28269
0
0.0955
0.09503
0
0
0
0.03154
0
0
0.0782
0
0.10578
0
0.06164
0
0.07481
0.42663
0.21714
0.06031
0
0
0
0.16357
0
0.31789
0.05597
0
0
0
0
0.10516
0.19934
0.18731
0.21274
0
0.08872
0.19741
0.14119
0.21512
0.11339
0.17188
0.10637
0
0.16708
0
0
0
0
0
0
0.09579
0
0
0
0.03184
0.09309
0
0
0
0
0.19624
0.09314
0.09385
0
0
0
0.30534
0
0.38512
0
0.10368
0.25947
0
0
0
0.16867
0.07726
0
0.14173
0
0
0
0.07022
0.19367
0.08947
0.04184
0
0
0
0
0
0
0
0.19364
0
0.18821
0.11406
0
0
0
0
0.09189
0
0.16074
0.08071
0
0.23478
0.31563
0.21661
0
0
0.11495
0
0
0
0
0
0
0
0
0.31483
0.13036
0.11202
0
0
0.09818
0.09555
0.09559
0
0.10138
0.17981
0
0.09406
0.21501
0
0.10172
0
0.09705
0
0
0.15247
0.20848
0
0.16788
0
0
0.18839
0.09483
0.09519
0.05715
0.21287
0
0.11988
0.18785
0.16163
0.45916
0.16774
0
0.08558
0
0
0
0
0.09596
0
0.21348
0.13629
0.26349
0
0.15748
0.28291
0.06275
0
0.16713
0.10852
0.15841
0
0.11384
0.1065
0.27094
0.08288
0.19973
0.26868
0.1217
0
0.27166
0.11854
0.10923
0.12722
0.03816
0.1173
0.30559
0
0
0
0
0.19066
0.22415
0.16141
0
0.36679
0.09822
0.12695
0.09607
0.22519
0.0989
0
0.17714
0.08759
0.55442
0.31508
0.31831
0.5193
0.24602
0.32403
0.38569
0.54442
0.4186
0.44257
0.34638
0
0.22116
0.3556
0.18768
0
0.11247
0.10251
0.10174
0.3501
0.41051
0.22089
0
0.50529
0.32455
0.09246
0
0
0.32167
0
0.21467
0.2548
0.22894
0.21446
0.075
0
0.11656
0.10754
0
0.22126
0.25883
0.2138
0.35287
0
0.1007
0.23106
0
0.23408
0
0.10756
0
0
0.22308
0.10687
0.10425
0
0.09137
0.21118
0.06377
0
0
0
0
0.28235
0.35342
0
0.0955
0
0.08634
0
0.13251
0
0.09044
0
0
0
0
0
0.29464
0.32226
0.10657
0.03276
0
0
0.35364
0
0
0
0
0.13548
0.11144
0
0
0.09551
0
0.07846
0
0
0
0.10521
0.11209
0.07486
0.12388
0.21615
0
0.47291
0
0
0.21969
0
0.07441
0.07369
0.21912
0.07214
0.19914
0
0.2995
0.21714
0.10893
0.10711
0.11157
0.11635
0.18791
0.18472
0.213
0.21306
0.39458
0.12167
0.17887
0.11175
0.10847
0
0.25163
0.19569
0
0.21552
0
0.07199
0.20117
0.086
0.33567
0.22367
0.25515
0.10676
0.55842
0.12354
0.3372
0
0.10813
0.26359
0
0.10664
0.07225
0
0
0.33874
0
0.58868
0.33723
0
0.18379
0.13244
0.03462
0.10335
0
0.1177
0.10232
0.11891
0.1025
0.11888
0.17314
0
0.12156
0.10375
0.11908
0.14545
0.10153
0.09403
0.10447
0.28173
0.19816
0.1172
0.22142
0.22181
0.11942
0.09441
0.12249
0
0.53222
0.61974
0.07436
0.46565
0.94539
0
0
0.71735
0.70045
0
0.10813
0
0
0
0.10145
0
0.19487
0.6107
0.03072
0.10257
0.0914
0.09175
0
0
0.09175
0.26702
0.53065
0.75603
0.11701
0.42883
0.10397
0.1051
0
0.09166
0.45831
0
0.07646
0.30853
0.45049
0.09208
0.09039
0.1108
0.0922
0.19848
0
0.13689
0.03163
0.41383
0.15206
0.2243
0.22887
0.22715
0.159
0.39278
0.09801
0.22503
0.39755
0.22524
0.39284
0.39689
0.19337
0.12196
0.16936
0.32246
0.0769
0.09506
0.17672
0.07288
0.22367
0.19773
0.07276
0
0
0.39465
0.34305
0.33429
0.14021
0.19668
0.10804
0.13616
0.16899
0.09399
0.30718
0.16844
0.30592
0.09645
0.39797
0.2989
0.31786
0.22762
0.09995
0.39169
0.12981
0.09537
0
0
0.03208
0.30278
0.34827
0.39693
0.30776
0.39743
0.41712
0.31115
0.30921
0
0.30859
0.10583
0.30085
0.30813
0.07305
0.07088
0.24931
0.28395
0
0.07297
0.2442
0.24674
0.19928
0.30612
0.30505
0.21594
0.11034
0.34494
0.19805
0.31056
0.11702
0.09452
0.10729
0.28074
0.10119
0.215
0.12552
0.20047
0.07318
0.41582
0.26389
0.20784
0.14726
0.40495
0.6258
0.10839
0.19566
0.15074
0.26211
0.03685
0
0.57268
0.15022
0.2739
0.11216
0.07368
0.15105
0.1965
0.0983
0.09773
0
0.30801
0.47097
0.36292
0
0.19998
0.37753
0
0.41305
0
0.08649
0.11911
0
0.31069
0
0
0.18899
0.21244
0.4002
0
0.21946
0.20689
0.33519
0.08379
0.19748
0.47343
0.29696
0.30919
0.50293
0.18917
0.18785
0.26259
0.12416
0.23234
0.10811
0.32737
0.20071
0.24504
0
0.081
0.11981
0.41601
0
0.46144
0.44867
0.3626
0.40543
0
0
0.37141
0.46524
0.15391
0.47635
0
0.11949
0
0.37806
0
0.4969
0.31388
0.09952
0.10715
0.12389
0.23205
0.12471
0
0
0
0.1793
0.06999
0.21514
0
0.21362
0
0
0
0.09736
0.21264
0.07325
0
0.06359
0
0
0.12179
0
0.11075
0
0.09538
0.21535
0.22637
0.09705
0.09705
0.09609
0.48677
0
0
0
0.22537
0
0.32584
0
0
0
0
0.0915
0
0
0
0
0
0
0
0.10135
0.19054
0
0.11022
0.20869
0.24742
0.20729
0.24824
0
0.20416
0
0.26777
0
0
0
0
0.10502
0
0.13979
0.06073
0.11691
0.1049
0
0.20071
0.03832
0
0.11968
0
0.11477
0.09599
0
0
0
0
0.16774
0.22504
0
0.22894
0.12794
0.12721
0.07258
0
0.06482
0.11487
0.09863
0.13049
0.1922
0.39441
0.09857
0.25619
0.13034
0
0
0.11667
0
0.11494
0
0
0.11374
0
0
0.45773
0.11749
0.03802
0
0.3941
0.03302
0.09975
0
0.12915
0.22956
0.15901
0.11949
0.04076
0.16678
0.09795
0.11663
0
0.22823
0.09941
0.07643
0.14828
0.11525
0.11523
0.11591
0.12476
0
0.11327
0.07585
0.15817
0
0
0.12056
0
0.12083
0.11511
0.11211
0.11789
0.12233
0.11589
0.11513
0.11374
0.1107
0.12132
0.12242
0
0
0.11388
0
0
0
0.11466
0.11651
0.16651
0.15842
0.11535
0.11589
0.1974
0
0
0
0.11556
0.11549
0.34575
0.22991
0
0.11509
0
0.23494
0.12319
0.16086
0.09594
0
0.12725
0.09604
0
0
0.12198
0
0.07537
0.08532
0.11544
0.07425
0.12285
0.09602
0.06432
0.08648
0.20481
0.06401
0
0
0
0.09499
0
0.09443
0
0.15842
0
0.0408
0
0.09596
0
0.12037
0
0.09719
0.19501
0.14988
0.12048
0.12822
0.2425
0.19654
0.15082
0.12326
0.19092
0.27685
0.07338
0.11717
0.09592
0.21325
0.35029
0.15352
0.21268
0.34987
0.21538
0.3873
0.06474
0.09742
0.09802
0.10999
0
0.11873
0
0.12242
0.12207
0
0
0.23164
0.21652
0.09617
0.21281
0
0.11221
0.21136
0.06614
0.21437
0
0.11083
0
0.22721
0.2219
0.10886
0.09591
0.06661
0.11259
0
0.07213
0
0.11695
0
0.09545
0.13529
0.10736
0.11568
0.09691
0.22391
0.17322
0.21638
0.21281
0
0.09301
0
0.05652
0.21569
0
0.21703
0.03665
0
0.21237
0.21272
0.09722
0.09684
0.06337
0.09503
0.06474
0
0.17178
0
0.22562
0.1766
0
0.09586
0.09861
0
0.06409
0
0
0.09705
0.09489
0.09817
0
0
0.05895
0
0
0
0.09772
0
0
0
0.17233
0.03592
0.23357
0.21619
0
0.10784
0.11475
0
0.23117
0
0.10853
0.10586
0
0.06344
0
0
0
0.07304
0.31057
0.09129
0.11448
0.42484
0.16705
0.42418
0.18048
0.217
0.09726
0.0958
0
0.21048
0
0.21836
0.21248
0
0
0.10046
0.09986
0
0
0.06744
0.10289
0
0.42918
0.33725
0.37936
0.33196
0
0
0.17416
0
0.11329
0.30581
0
0.03411
0.2176
0
0
0.10239
0.42049
0
0.44986
0
0.31278
0.32475
0
0
0
0
0
0.50445
0
0.10624
0.10136
0
0
0
0
0.23616
0.1022
0
0
0
0
0
0
0
0
0
0.10512
0
0
0
0.12056
0.18404
0
0
0
0
0
0.06916
0
0
0.08827
0
0.1886
0
0
0
0
0.10643
0
0
0.03457
0.09231
0
0
0.0871
0.08911
0.08946
0.15162
0.09216
0
0
0
0
0
0
0.08763
0
0.08857
0
0
0
0
0
0.55176
0
0
0.08794
0.0917
0.05825
0.03082
0
0
0
0
0.08669
0.08679
0.27073
0.08843
0
0
0
0
0
0.1406
0
0.10551
0.3103
0
0.09883
0
0
0
0
0
0
0
0
0
0
0
0
0
0
0
0
0
0
0
0
0
0
0
0
0
0
0
0
0
0
0
0
0
0.08683
0
0.05964
0
0.08625
0
0
0
0
0
0
0
0
0
0.09583
0
0
0
0
0
0
0
0
0
0
0
0
0.03241
0
0
0.0314
0
0
0.09688
0
0
0
0.23886
0
0.09842
0
0
0
0.09522
0
0
0
0.30155
0
0
0
0
0
0
0
0
0
0
0
0
0
0
0
0.09045
0
0.16289
0
0
0
0.15047
0
0
0
0
0
0
0.21308
0
0.06032
0
0
0
0
0
0
0
0.08169
0
0.37973
0.38153
0
0
0
0.08917
0
0
0.08976
0
0
0
0
0.09431
0
0
0.17974
0
0.20957
0.21922
0.22838
0
0
0.10225
0
0.03352
0
0.06315
0.06279
0.09188
0
0
0
0.10152
0
0
0
0
0.10377
0.10165
0.10417
0
0
0
0
0
0
0
0.09089
0
0
0
0.20066
0
0.20077
0
0
0
0.26053
0.11747
0.12511
0
0
0
0
0
0.06875
0
0.20117
0
0
0
0.46609
0
0
0
0
0
0
0.10571
0.30123
0
0
0
0
0.06019
0
0
0
0
0
0.09505
0.24404
0.12088
0.64793
0
0.11141
0.10231
0.09534
0.03428
0.30108
0.80541
0.10175
0.20476
0
0.13725
0.09245
0
0.62173
0
0.78291
0
0.12066
0
0
0.12511
0
0
0
0
0
0
0
0
0
0
0.11869
0
0
0
0
0
0
0
0
0
0
0
0
0
0
0
0
0
0
0
0
0
0
0
0
0
0
0
0
0
0
0
0.0956
0
0
0
0
0
0
0
0
0
0
0
0
0
0
0
0
0
0.08797
0.0877
0
0
0
0
0
0
0
0
0
0
0
0
0
0
0
0
0.16193
0
0
0
0.16166
0
0.16142
0
0
0
0.09593
0
0
0
0
0
0.09459
0
0
0
0
0
0
0.16117
0
0.0295
0
0
0.16227
0.1678
0.24532
0
0.23911
0.1894
0.32742
0
0
0.11301
0
0
0
0.19954
0
0
0.03338
0
0.11269
0.30876
0.2291
0
0
0
0.30063
0.11683
0
0
0.035
0
0.27006
0.29146
0
0
0
0.29537
0
0.09453
0
0
0
0
0
0
0
0
0
0
0
0
0
0.11134
0
0
0.12004
0
0
0.33636
0.33549
0
0.55986
0
0.07604
0.60797
0.5377
0
0.52801
0.46143
0
0
0
0
0
0
0
0.51982
0
0
0
0
0
0
0
0
0
0
0.44156
0
0
0.50556
0.46609
0
0
0
0
0
0
0
0
0
0
0
0
0.105
0
0
0
0
0
0
0
0
0
0
0
0
0
0
0
0
0
0
0
0
0
0
0
0
0
0
0.11227
0
0
0
0
0
0
0
0
0.21679
0
0
0
0
0
0
0
0
0
0.0621
0
0
0
0
0
0
0
0
0
0
0
0
0
0.09285
0
0.09288
0
0
0
0
0.40452
0.1705
0.09241
0
0.09322
0
0.37826
0
0
0
0
0
0
0
0.09236
0
0.10871
0
0
0
0
0
0
0
0
0
0
0.06218
0
0
0
0
0
0
0
0
0
0
0.09296
0
0
0
0
0
0.0926
0.09309
0
0
0
0.16875
0
0.23475
0
0.09535
0
0.16945
0.22523
0
0.22505
0
0
0
0
0
0
0
0.0895
0
0.21596
0
0.17958
0.07235
0.33592
0.09547
0
0.17755
0.31958
0.21493
0
0
0
0.08801
0
0
0
0
0.32031
0.08833
0
0.08849
0.08804
0.08831
0
0
0
0
0.10117
0
0.08809
0.08793
0.07742
0.22621
0.12192
0.1083
0.19921
0.22987
0
0
0
0
0
0
0
0.11082
0
0.14494
0
0
0.10129
0.21699
0
0.09458
0.18097
0
0
0.1036
0
0
0
0
0
0
0
0.11487
0
0
0
0
0
0
0
0
0
0.10135
0
0
0.10148
0
0
0
0
0.15405
0.31178
0.11099
0.30845
0.10694
0
0.10911
0
0.47627
0.35641
0.33219
0
0.31443
0.43134
0.10592
0.03878
0
0
0
0
0
0
0
0.08695
0
0.07925
0
0
0.07961
0
0
0
0
0
0
0
0
0
0
0
0
0
0
0
0
0
0
0
0
0
0
0
0
0
0.26819
0
0
0
0
0
0
0
0
0
0
0
0
0.02671
0.07906
0
0
0
0
0
0
0
0
0.08
0.05307
0.07984
0
0
0
0
0.07949
0
0.0797
0
0
0
0
0
0
0
0
0
0
0.07816
0
0
0
0.08004
0
0
0
0.16793
0
0
0.07883
0
0
0.0898
0
0
0.05197
0
0
0
0
0.09297
0
0
0
0.22563
0
0
0.07998
0
0.33859
0.15955
0
0
0
0.37608
0.3784
0.15157
0.08136
0
0.1652
0.08094
0
0
0.09107
0
0
0.08655
0.37526
0
0.09042
0
0.37806
0.08512
0
0
0.0426
0
0
0
0
0
0.0972
0.2
0
0
0.19522
0.03826
0
0.11655
0.08656
0.22365
0.21488
0
0.03751
0.44562
0
0.20668
0
0
0.22854
0.21671
0.36354
0
0
0.13948
0.31835
0.2348
0.10123
0
0.21312
0.09941
0.1359
0.22224
0
0.58811
0.41107
0
0.13929
0.02974
0.22458
0
0
0
0.18015
0.12918
0
0
0.11058
0.10806
0.10849
0
0.43525
0.10855
0.20852
0.229
0.10862
0
0.19713
0.1109
0.1912
0.09065
0.1158
0.11226
0.10943
0.11664
0.11149
0.21395
0
0.14631
0.54631
0.21761
0
0.13028
0.16461
0.33849
0
0.08342
0.10922
0.09361
0.22839
0.10128
0.10222
0.09254
0
0.22168
0.09148
0.19399
0.12854
0.16756
0.10295
0.20879
0.56181
0.75303
0
0.80212
0.55191
0.03431
0
0
0.1033
0.72863
0.1207
0.46585
0
0.08938
0
0.11309
0.07211
0.03163
0.0315
0.07265
0.22405
0.41653
0.22471
0.07388
0.10477
0.37552
0.23715
0.28559
0.2572
0.30052
0.09457
0
0.30471
0.2674
0.12476
0.178
0.29936
0.17651
0.21423
0.06428
0.53256
0.10385
0.19698
0.21886
0.07352
0.10723
0.13514
0.51019
0.6542
0.20133
0.30841
0.2083
0.08625
0.37402
0.07744
0
0.11039
0
0.18743
0.34508
0.33785
0.51084
0.18553
0.14824
0
0
0.24221
0.51371
0.07354
0
0
0.13916
0
0.57854
0.16225
0.11871
0.03901
0
0
0.03836
0.40261
0.10673
0
0.27414
0
0.11296
0.03704
0.21604
0
0
0.0749
0.19716
0.11565
0.20038
0
0.33693
0
0.58351
0.54661
0.30243
0.23489
0
0.0901
0
0
0.19912
0.10707
0
0
0.0807
0.20266
0.0966
0.18236
0.09662
0.14912
0
0.1156
0
0
0.09643
0.07219
0.21669
0
0.09711
0.09777
0
0.18045
0.11414
0.11368
0.1389
0.3177
0.11621
0.12316
0.11723
0
0.11445
0
0.03933
0.08676
0.12531
0.10922
0.11443
0.11757
0.11726
0.10917
0.23304
0.1228
0.12144
0
0.04162
0
0.12311
0.11026
0.09481
0.1249
0
0
0
0.29443
0.18965
0.31988
0.11521
0.08745
0.08726
0.11459
0.09665
0
0.0965
0.0406
0
0
0.11876
0
0.11655
0.22611
0
0.11841
0.22815
0
0.11645
0.21164
0.11682
0.09594
0.21233
0
0
0
0.11614
0.09541
0
0
0.21731
0.23529
0
0
0
0.1505
0.11025
0.22806
0
0.03722
0.11117
0
0.11936
0
0.09653
0.10083
0.10024
0.03796
0.16083
0
0
0.21753
0.28118
0
0
0
0
0
0
0
0
0
0
0.08953
0
0.06908
0
0
0
0
0
0
0
0
0.09017
0
0.21329
0
0
0
0
0
0
0.11791
0
0
0
0
0.09448
0.09407
0
0
0
0
0
0
0
0
0
0
0
0
0
0
0
0.09481
0
0
0
0
0
0
0
0.09611
0
0
0
0
0
0
0.08894
0
0
0
0
0.08887
0.11948
0
0.11266
0
0
0
0
0.20719
0.18141
0.18159
0
0
0.10301
0.09117
0.09552
0.10176
0.06238
0.11806
0.10342
0.20103
0
0.12334
0
0
0
0
0
0
0.10146
0
0
0
0
0
0.39668
0
0.09485
0
0
0.09189
0
0
0.09034
0.94876
0.08265
0.08348
0
0
0.14348
0.22271
0
0
0
0
0
0
0
0.09685
0
0
0
0
0
0.09462
0.09803
0
0
0
0
0
0
0
0
0.16163
0.18826
0.16316
0.09856
0
0
0
0.16358
0
0
0
0
0
0
0
0
0.20099
0
0
0
0.07426
0
0
0
0.08285
0.30169
0
0
0.10705
0
0.12114
0
0
0.10992
0
0
0.45606
0.11421
0
0.561
0
0
0
0
0.1048
0
0
0
0
0
0
0
0
0
0.1417
0
0
0
0
0
0
0
0
0
0
0
0
0
0
0.22849
0.22835
0.02806
0.22273
0
0
0
0
0.11519
0.31932
0
0
0
0
0
0.11104
0
0
0.33442
0
0
0.11499
0
0.0391
0.10397
0.09731
0
0
0
0
0
0.06903
0
0.22316
0.10741
0.31326
0.10947
0
0
0
0
0
0.08705
0
0
0
0
0
0
0
0
0
0.11095
0
0
0
0
0
0
0
0
0
0.07936
0
0
0
0
0
0
0.24915
0.09172
0.40555
0
0
0
0.08873
0.09149
0
0.45993
0.18024
0.10981
0.12718
0.46453
0.04391
0.2267
0.07701
0.09832
0.31817
0.43585
0.11554
0.03775
0.11624
0.13551
0.11158
0.10647
0
0
0.19016
0.24208
0
0
0
0.10611
0.22727
0.11492
0.08235
0.19664
0
0.33758
0.70096
0.10285
0.11858
0.32547
0.09313
0.09454
0.12431
0.81269
0
0.22488
0.28218
0.22493
0.17991
0.35218
0.41369
0.16584
0.12008
0.23841
0.33478
0.55376
0.09065
0
0
0.23152
0
0
0
0.16975
0
0.30858
0
0.16128
0
0.29191
0
0
0
0.11545
0.03597
0.40984
0.11501
0
0
0.11545
0
0
0.09664
0
0
0
0.33456
0.10737
0
0.10804
0
0
0.0967
0
0.1159
0.04141
0
0.22835
0.05956
0
0.31977
0
0
0
0
0
0
0
0
0.09668
0.03072
0
0.16781
0
0
0.10429
0.09463
0.09222
0
0.11746
0.91018
0
0.1085
0.10399
0
0
0
0
0
0
0
0
0
0
0
0
0
0.1999
0
0.08708
0.11099
0.30228
0.07915
0
0
0
0
0
0
0
0
0
0.22328
0
0.21785
0
0
0
0
0
0.0928
0.10811
0
0
0
0
0
0.17983
0.2244
0.06357
0
0.29589
0
0
0
0
0.17193
0.31824
0
0
0
0
0
0
0
0
0
0
0
0
0
0
0.09207
0.19703
0.14491
0.19441
0
0.12504
0.14977
0.39863
0.22786
0.62294
0.16882
0.23458
0.09616
0.10072
0.11148
0
0
0
0.17411
0.09813
0
0
0.10259
0
0.0319
0
0
0
0.2867
0.09473
0.08576
0
0.1123
0.37612
0
0
0.10543
0
0.0351
0
0.1041
0.10443
0.21816
0
0
0.10522
0.06166
0.09917
0.07696
0.1056
0.70494
0.4573
0.37498
0.20623
0.09951
0.17481
0
0.2065
0.22641
0.11411
0.03823
0.41564
0.18964
0.18537
0.09589
0
0.11708
0.1947
0.09148
0
0
0.55459
0
0.43963
0
0
0
0
0
0.09401
0
0
0
0.91894
0.10401
0
0
0
0
0
0
0
0.09682
0
0
0.15231
0
0
0.07759
0
0
0.11195
0
0.21984
0
0
0
0
0
0.31971
0
0.36742
0
0
0.32847
0
0
0.12173
0
0
0.12594
0.27309
0
0
0.1771
0.09874
0.0925
0
0.16964
0.3571
0
0
0
0
0
0.09549
0
0
0.0943
0
0
0.12124
0
0
0
0
0
0
0.10552
0
0
0
0
0.3316
0.11914
0.57053
0.25997
0.11735
0.19036
0.11216
0.35192
0.11493
0.19729
0.06087
0.10691
0.22827
0.5754
0.09699
0.14545
0.12892
0
0.06436
0.11714
0
0
0
0
0.11436
0.21435
0
0
0
0.10281
0.12067
0.10734
0
0.22339
0
0.60738
0.15246
0.21723
0.07143
0
0.0371
0
0.10841
0.21764
0.13961
0
0
0.34807
0
0
0
0.09622
0.30307
0.12128
0
0.56292
0.07932
0.11589
0.09814
0.21617
0
0.05876
0
0
0.22712
0.18589
0.19874
0.1407
0
0
0.09704
0.09736
0.08847
0.0338
0
0
0
0
0.03704
0.03089
0
0.23313
0
0.2294
0.09468
0.12217
0.12748
0.10976
0
0
0.08992
0
0
0
0.07955
0.17477
0.15426
0.11425
0.26749
0.10324
0.09818
0
0
0
0
0
0
0
0
0.06422
0
0
0
0
0
0
0.10669
0.07319
0
0.10088
0
0.23479
0
0
0
0
0.10944
0.26406
0.13861
0
0
0.08014
0.12403
0.0348
0.10714
0.07981
0.21653
0
0
0.50179
0.41038
0
0
0
0
0.18118
0
0.21118
0
0.09532
0
0.10209
0
0
0
0
0.05906
0
0.30952
0.22699
0
0
0
0
0.08003
0.6165
0
0.19906
0
0
0.16029
0.07098
0
0
0
0
0.12076
0.22747
0.11895
0
0.07427
0
0.10215
0.25431
0.21437
0
0
0
0.03459
0.13069
0
0.11043
0
0.0926
0
0.09702
0.2606
0.09883
0
0
0
0
0
0
0.11352
0.09844
0.08741
0
0.03393
0
0.42566
0.09545
0
0
0
0
0
0
0.21636
0
0
0.22372
0
0.41916
0
0.23504
0
0.0908
0
0.06084
0
0
0.39393
0.56158
0
0.23912
0
0
0
0
0.2882
0
0
0
0.14418
0
0
0
0
0.13849
0.08035
0
0
0.22891
0
0
0
0.10898
0.11815
0
0
0
0.21454
0.12388
0.16743
0
0
0
0
0
0.13183
0
0
0
0
0.09776
0
0
0.05745
0
0.38047
0
0.1051
0
0
0
0.56864
0
0.1811
0
0.11081
0.08722
0.32144
0.04142
0
0.18592
0.28749
0.35444
0
0.09913
0.11388
0.33462
0.19784
0
0.11413
0.11476
0.22276
0.09534
0
0
0
0.11043
0.09349
0
0
0.1172
0.19207
0
0.42564
0.64482
0
0
0
0
0
0.03695
0
0.22447
0
0.2172
