0.96857
0.96832
0.94845
0.94689
0.9671
0.97001
0.94741
0.95293
0.97027
0.94751
0.96682
0.96843
0.94812
0.96769
0.96787
0.94731
0.94952
0.9484
0.94829
0.94796
0.98698
0.9487
0.94522
0.96704
0.94692
0.96801
0.96926
0.9484
0.96681
0.96857
0.94905
0.96772
0.98001
0.97059
0.98007
0.94591
0.94925
0.96999
0.94863
0.9468
0.94725
0.96865
0.96877
0.96698
0.96692
0.96744
0.96931
0.96672
0.94592
0.94811
0.94875
0.95432
0.96731
0.98581
0.96948
0.96917
0.98677
0.9679
0.96659
0.96822
0.98558
0.96942
0.9853
0.96974
0.94782
0.9482
0.98349
0.97423
0.9856
0.97919
0.98667
0.98718
0.98737
0.9678
0.96744
0.98346
0.94734
0.94647
0.94781
0.9673
0.94873
0.96873
0.94588
0.96853
0.98407
0.98586
0.98729
0.98747
0.94682
0.96879
0.98665
0.96835
0.98638
0.94806
0.94829
0.94535
0.96651
0.96624
0.94557
0.96906
0.94877
0.98094
0.96733
0.96799
0.96029
0.94684
0.96811
0.96764
0.96993
0.94823
0.96822
0.98438
0.96772
0.97047
0.96748
0.9874
0.96724
0.98479
0.94721
0.96841
0.97025
0.94934
0.9699
0.98636
0.96848
0.98642
0.96844
0.97363
0.98552
0.96938
0.94811
0.98474
0.98332
0.96593
0.96861
0.96964
0.96919
0.96679
0.94716
0.9486
0.94798
0.97447
0.96954
0.96742
0.98471
0.96928
0.97595
0.94617
0.96682
0.96924
0.96789
0.9694
0.96913
0.98126
0.98738
0.98566
0.94544
0.98717
0.94748
0.94659
0.94748
0.9459
0.94578
0.94783
0.98431
0.96742
0.94579
0.98543
0.98334
0.96901
0.9476
0.96745
0.94902
0.9684
0.94721
0.9462
0.96658
0.96991
0.94683
0.98074
0.98547
0.9841
0.98408
0.96914
0.9843
0.9678
0.96666
0.96829
0.97066
0.98393
0.97829
0.97024
0.96992
0.9477
0.96669
0.98466
0.9684
0.96692
0.98691
0.98586
0.947
0.96826
0.9469
0.94833
0.99088
0.97119
0.96649
0.96761
0.96904
0.96726
0.98457
0.96717
0.96775
0.98586
0.94782
0.94887
0.96047
0.94658
0.94737
0.9868
0.96928
0.98448
0.98737
0.96891
0.98476
0.94771
0.9668
0.96974
0.97059
0.97086
0.98496
0.98662
0.94849
0.94873
0.94668
0.98474
0.95494
0.9671
0.97092
0.98656
0.96864
0.94637
0.98642
0.98636
0.97414
0.98883
0.9685
0.9875
0.94707
0.94864
0.94916
0.97081
0.98609
0.94632
0.96929
0.94813
0.96686
0.96769
0.96861
0.98666
0.98513
0.94604
0.98645
0.96728
0.98788
0.98749
0.98527
0.98645
0.98823
0.96665
0.98696
0.98574
0.94772
0.98563
0.94615
0.94533
0.97053
0.97073
0.96679
0.98391
0.9667
0.99102
0.9681
0.97023
0.9454
0.98649
0.98406
0.98528
0.98674
0.96752
0.96844
0.98703
0.987
0.98567
0.98495
0.94766
0.94531
0.94623
0.97872
0.9672
0.98802
0.94916
0.97029
0.97197
0.97513
0.98626
0.94669
0.98024
0.98531
0.98568
0.98702
0.98738
0.98596
0.98446
0.98545
0.94737
0.94706
0.96629
0.94536
0.96943
0.98643
0.96713
0.96889
0.9707
0.96823
0.96693
0.96024
0.94678
0.94818
0.98594
0.98515
0.98479
0.94557
0.94771
0.98611
0.96658
0.96996
0.96703
0.98649
0.96741
0.97006
0.94552
0.94934
0.96769
0.94906
0.96785
0.98601
0.98839
0.98578
0.98476
0.9864
0.98502
0.98742
0.98685
0.98866
0.98658
0.98799
0.98554
0.96665
0.94668
0.97061
0.96747
0.98395
0.96753
0.98596
0.96802
0.98634
0.96767
0.98607
0.97115
0.98625
0.98766
0.9841
0.94755
0.9486
0.96639
0.94822
0.94876
0.96801
0.94833
0.96804
0.95537
0.9688
0.96895
0.96808
0.98616
0.98731
0.98133
0.97109
0.97096
0.98512
0.96747
0.98843
0.94785
0.96801
0.94752
0.96653
0.96878
0.94753
0.94608
0.98568
0.96977
0.96953
0.94624
0.9681
0.98586
0.98369
0.98668
0.98654
0.99335
0.9674
0.98687
0.96673
0.98726
0.98618
0.96852
0.987
0.98379
0.98835
0.94466
0.95066
0.94988
0.94851
0.94506
0.94526
0.94935
0.98513
0.94795
0.96865
0.96695
0.98712
0.94583
0.96892
0.96765
0.94938
0.96921
0.9867
0.98613
0.98653
0.98624
0.98631
0.98633
0.97128
0.98622
0.98839
0.96774
0.98439
0.94436
0.94454
0.968
0.96773
0.94498
0.94402
0.98703
0.97882
0.9714
0.98769
0.96961
0.96774
0.96852
0.98767
0.98059
0.96103
0.9866
0.99283
0.98633
0.96591
0.98336
0.98667
0.98844
0.98672
0.96693
0.98767
0.98551
0.94591
0.94436
0.94546
0.94569
0.94363
0.94865
0.96912
0.94592
0.98669
0.96811
0.96754
0.94914
0.98676
0.98633
0.96629
0.975
0.96118
0.98653
0.99275
0.98682
0.98743
0.98751
0.98684
0.98716
0.98567
0.98363
0.94596
0.94369
0.94523
0.94559
0.98708
0.96765
0.98715
0.98722
0.96775
0.96792
0.98743
0.98803
0.96745
0.96637
0.96732
0.98691
0.97001
0.98651
0.96848
0.9875
0.96638
0.96634
0.96829
0.98739
0.98379
0.98627
0.98569
0.98382
0.94482
0.96183
0.94481
0.9443
0.94968
0.96897
0.94739
0.9468
0.96856
0.95329
0.98553
0.94777
0.96681
0.96818
0.96948
0.98612
0.96965
0.97116
0.98606
0.98644
0.96875
0.98648
0.98758
0.97536
0.98391
0.96713
0.9871
0.96813
0.98733
0.98682
0.98779
0.96958
0.98353
0.94475
0.94502
0.97039
0.98537
0.96929
0.98693
0.96921
0.96703
0.98469
0.98711
0.98812
0.96852
0.98322
0.97563
0.97022
0.97482
0.98711
0.98773
0.96823
0.98691
0.98611
0.98627
0.98497
0.98707
0.96993
0.98627
0.98661
0.98457
0.98653
0.98737
0.98543
0.98738
0.94516
0.94429
0.94734
0.94735
0.94807
0.94729
0.94819
0.96738
0.94673
0.98612
0.98844
0.96824
0.98858
0.9712
0.97731
0.96913
0.96795
0.98026
0.98745
0.97007
0.96945
0.98384
0.96697
0.98437
0.96756
0.97008
0.98584
0.98618
0.98676
0.98685
0.98682
0.98436
0.94926
0.94628
0.94976
0.9469
0.9874
0.94746
0.97022
0.94772
0.9711
0.97001
0.98838
0.96789
0.98815
0.98674
0.98787
0.94669
0.97029
0.97119
0.98759
0.96754
0.98777
0.9875
0.98767
0.98587
0.98443
0.98732
0.98689
0.94382
0.94561
0.94588
0.94602
0.94739
0.96825
0.94846
0.97015
0.94906
0.97286
0.96986
0.98541
0.96934
0.98814
0.96903
0.96819
0.96911
0.96758
0.9878
0.9878
0.97143
0.98795
0.98786
0.96657
0.98616
0.98753
0.98705
0.98537
0.98473
0.94525
0.94724
0.94587
0.9465
0.98761
0.98813
0.98774
0.98677
0.96854
0.98442
0.98587
0.98722
0.97091
0.96769
0.9881
0.98783
0.98742
0.94827
0.98794
0.97046
0.97059
0.96737
0.94814
0.98461
0.95448
0.98771
0.98757
0.96867
0.98632
0.98866
0.98515
0.95045
0.94807
0.94459
0.94718
0.94491
0.94593
0.94996
0.97056
0.95006
0.98835
0.98727
0.98756
0.98811
0.96771
0.98819
0.97142
0.98805
0.98773
0.98784
0.98875
0.98825
0.98631
0.9856
0.98429
0.98868
0.98597
0.98823
0.94738
0.9481
0.94533
0.97466
0.95024
0.94864
0.96899
0.94843
0.94644
0.98767
0.98499
0.9866
0.98467
0.98687
0.98886
0.98798
0.98607
0.98649
0.98652
0.98747
0.96951
0.97589
0.98757
0.9698
0.98586
0.96888
0.98558
0.95482
0.96719
0.9874
0.98794
0.98386
0.98772
0.98531
0.98812
0.98535
0.98723
0.98602
0.98564
0.98558
0.98622
0.94653
0.98686
0.96981
0.97097
0.97144
0.97054
0.9873
0.98796
0.98449
0.9865
0.96062
0.96757
0.98806
0.98766
0.98789
0.98758
0.94859
0.98735
0.98554
0.98877
0.98853
0.96964
0.98562
0.98652
0.98756
0.98679
0.94679
0.9448
0.94734
0.94626
0.97128
0.98753
0.96966
0.98733
0.96809
0.98801
0.98692
0.98743
0.98612
0.98444
0.98523
0.98775
0.96823
0.98536
0.96818
0.9822
0.97077
0.99418
0.96839
0.96899
0.96668
0.98827
0.98565
0.98508
0.9883
0.98771
0.96909
0.98516
0.98666
0.98632
0.96836
0.94588
0.94487
0.94804
0.94477
0.94809
0.94822
0.97166
0.94842
0.94619
0.98747
0.98739
0.94813
0.96878
0.95005
0.98832
0.98649
0.97044
0.98765
0.97941
0.98725
0.9714
0.98647
0.98737
0.98786
0.97084
0.96989
0.96119
0.98498
0.98771
0.94863
0.98821
0.98834
0.96753
0.9885
0.96975
0.98833
0.9884
0.98826
0.98802
0.989
0.96925
0.98897
0.98861
0.98797
0.98764
0.98382
0.98693
0.98712
0.98695
0.98647
0.94481
0.94512
0.98824
0.97213
0.98773
0.94937
0.98765
0.9873
0.98749
0.96866
0.96869
0.9492
0.96918
0.98843
0.98838
0.98853
0.96745
0.98541
0.96843
0.98724
0.96707
0.9942
0.98572
0.98751
0.98817
0.9877
0.98706
0.98383
0.94425
0.98816
0.98786
0.98817
0.94928
0.94998
0.96902
0.97193
0.98824
0.98851
0.98864
0.98708
0.98782
0.98742
0.98742
0.98499
0.98753
0.98818
0.98843
0.98875
0.99438
0.98499
0.96784
0.98545
0.98836
0.98803
0.98584
0.98803
0.98584
0.98771
0.94386
0.94841
0.94442
0.94791
0.94988
0.94884
0.96815
0.96762
0.96757
0.98639
0.98844
0.98627
0.99344
0.98827
0.98879
0.98739
0.98785
0.98482
0.98659
0.98613
0.98837
0.98858
0.98879
0.99432
0.98554
0.98852
0.98875
0.9886
0.98788
0.98888
0.98699
0.98783
0.98765
0.98682
0.98371
0.98713
0.97181
0.96833
0.97224
0.98801
0.94461
0.94526
0.94875
0.94907
0.96738
0.94898
0.98214
0.96853
0.97035
0.98797
0.98871
0.98846
0.98857
0.98848
0.98729
0.98637
0.98822
0.96836
0.98724
0.98851
0.98868
0.96798
0.97125
0.99413
0.98812
0.98833
0.9861
0.98817
0.98812
0.98588
0.98635
0.98756
0.98335
0.94582
0.94796
0.94754
0.98786
0.94417
0.94399
0.97018
0.98729
0.98801
0.96917
0.98763
0.94796
0.95045
0.98793
0.94926
0.96871
0.95049
0.9471
0.98743
0.96857
0.97227
0.98709
0.98871
0.98624
0.98711
0.9884
0.98875
0.98852
0.98795
0.98737
0.98752
0.98791
0.98811
0.98686
0.96803
0.98459
0.9855
0.98863
0.98866
0.98863
0.96764
0.9888
0.98854
0.98856
0.9883
0.98874
0.98901
0.989
0.9888
0.98893
0.98784
0.94951
0.94375
0.98808
0.96999
0.94951
0.94838
0.9494
0.97216
0.94769
0.9716
0.96995
0.96912
0.94578
0.94688
0.96813
0.98722
0.97202
0.9871
0.97226
0.97209
0.97225
0.97827
0.98253
0.9775
0.98749
0.98815
0.9713
0.96972
0.98838
0.96811
0.98899
0.98909
0.98902
0.98758
0.9882
0.98759
0.98788
0.91126
0.9845
0.98811
0.9881
0.94467
0.944
0.96787
0.94621
0.94639
0.96786
0.96981
0.97141
0.97045
0.96777
0.96798
0.97146
0.96819
0.97081
0.96803
0.97206
0.98704
0.97177
0.98643
0.99345
0.96811
0.99328
0.9876
0.97746
0.98731
0.98639
0.97267
0.98733
0.9886
0.98588
0.9875
0.98448
0.9873
0.99417
0.98878
0.98865
0.98867
0.98882
0.98813
0.98868
0.98813
0.98875
0.9888
0.98903
0.98876
0.98879
0.98851
0.9881
0.98515
0.98853
0.98845
0.98848
0.98797
0.98377
0.94573
0.97153
0.9459
0.94472
0.94795
0.94927
0.94429
0.95044
0.98726
0.98754
0.94849
0.94636
0.96808
0.94829
0.97151
0.98719
0.94772
0.94766
0.96846
0.98605
0.98641
0.98751
0.96863
0.98803
0.98845
0.98814
0.32756
0.98841
0.99344
0.98744
0.98872
0.98858
0.98797
0.97723
0.98701
0.98862
0.98879
0.98777
0.98888
0.98797
0.98882
0.9888
0.98415
0.98732
0.98798
0.98839
0.98324
0.98744
0.94514
0.94603
0.98817
0.96169
0.96852
0.97244
0.97198
0.97163
0.98744
0.94631
0.98669
0.98731
0.98685
0.98858
0.98862
0.98865
0.98869
0.9889
0.98878
0.9886
0.98681
0.98736
0.98814
0.98876
0.98872
0.98893
0.98889
0.98811
0.9887
0.98778
0.98855
0.98687
0.98859
0.98807
0.98869
0.98852
0.98892
0.98679
0.9874
0.94877
0.96852
0.94851
0.94905
0.94969
0.96715
0.94958
0.97263
0.97202
0.94707
0.97215
0.97075
0.98678
0.98715
0.99365
0.98831
0.98732
0.97212
0.97006
0.9775
0.97229
0.98877
0.98871
0.98741
0.98817
0.98813
0.98816
0.98849
0.98739
0.98893
0.98908
0.98863
0.9889
0.98894
0.98788
0.98768
0.98728
0.98721
0.98784
0.94824
0.94835
0.96868
0.9561
0.97236
0.94795
0.98751
0.94766
0.97256
0.96735
0.97054
0.96844
0.94797
0.96788
0.94698
0.96946
0.97262
0.94908
0.94892
0.94946
0.98652
0.94578
0.98736
0.98827
0.97243
0.98801
0.98827
0.98822
0.97148
0.9882
0.98858
0.98845
0.98884
0.98605
0.98885
0.98877
0.98743
0.98909
0.98781
0.98852
0.98766
0.9889
0.98679
0.98735
0.98897
0.98809
0.98817
0.98586
0.98602
0.97221
0.98692
0.98893
0.98884
0.98886
0.98902
0.98841
0.98899
0.98821
0.98773
0.31271
0.96972
0.94529
0.96898
0.96986
0.94818
0.94498
0.94946
0.95563
0.94694
0.94614
0.94617
0.96812
0.97156
0.98792
0.96993
0.98797
0.97259
0.94565
0.97153
0.98825
0.98832
0.98713
0.9884
0.98791
0.98743
0.98841
0.97123
0.98859
0.98911
0.98535
0.98911
0.98806
0.9886
0.98892
0.98911
0.98911
0.98877
0.98868
0.98668
0.98892
0.98892
0.78599
0.98881
0.98893
0.98887
0.98888
0.98885
0.98889
0.97056
0.94481
0.96125
0.9496
0.95572
0.94755
0.94798
0.94533
0.98776
0.96923
0.98836
0.96961
0.98708
0.98789
0.97131
0.98825
0.98821
0.97128
0.98648
0.98765
0.98719
0.98232
0.98814
0.98688
0.98539
0.98568
0.98893
0.96818
0.98893
0.98909
0.98688
0.98856
0.98874
0.98713
0.9878
0.98347
0.98902
0.989
0.98722
0.98742
0.98882
0.30192
0.98855
0.94952
0.94655
0.94894
0.94765
0.97499
0.98771
0.98737
0.98809
0.98832
0.98908
0.98746
0.98915
0.98865
0.98894
0.99418
0.9885
0.98819
0.98894
0.98896
0.98891
0.98901
0.98781
0.98894
0.98905
0.98899
0.98593
0.9885
0.98796
0.98872
0.98831
0.98643
0.94863
0.98749
0.94713
0.94437
0.94421
0.94612
0.97191
0.94755
0.97329
0.96986
0.94856
0.9685
0.94604
0.94817
0.95002
0.96854
0.9875
0.98727
0.98728
0.98866
0.9877
0.97243
0.98713
0.98774
0.9877
0.98914
0.98879
0.98872
0.98809
0.98735
0.98734
0.98907
0.98782
0.98724
0.98782
0.98874
0.97776
0.98703
0.9884
0.98795
0.98889
0.98908
0.9863
0.98798
0.98779
0.98738
0.9872
0.98802
0.98815
0.98836
0.31271
0.98874
0.98898
0.94642
0.97198
0.9674
0.96751
0.94791
0.9488
0.97033
0.94681
0.96862
0.98756
0.96852
0.96961
0.98634
0.97756
0.97169
0.98739
0.97021
0.98808
0.98899
0.98894
0.98809
0.98746
0.98691
0.98841
0.98743
0.98852
0.98904
0.98795
0.98903
0.98912
0.9891
0.98878
0.98884
0.98709
0.98901
0.98681
0.98883
0.98721
0.98496
0.9883
0.98876
0.98327
0.98657
0.98828
0.98837
0.98895
0.9879
0.9468
0.9876
0.98817
0.95042
0.94884
0.94879
0.94773
0.96764
0.97016
0.97112
0.96871
0.97037
0.9472
0.98867
0.98768
0.98728
0.98631
0.99369
0.98896
0.9872
0.98581
0.98696
0.98915
0.99306
0.9931
0.98795
0.98885
0.98909
0.98789
0.98763
0.77486
0.98836
0.98907
0.98783
0.98846
0.98805
0.98907
0.94579
0.94685
0.94817
0.96618
0.9545
0.97213
0.96764
0.96816
0.94692
0.96908
0.9692
0.98638
0.96804
0.98863
0.98705
0.98749
0.98726
0.98901
0.97251
0.989
0.97057
0.9889
0.98792
0.9854
0.96887
0.97116
0.98795
0.98913
0.98901
0.98907
0.98758
0.98794
0.98899
0.98842
0.97219
0.96822
0.98905
0.98902
0.98865
0.85025
0.98885
0.98891
0.98843
0.97178
0.76606
0.9878
0.98888
0.98678
0.98904
0.98892
0.97068
0.98757
0.94841
0.94503
0.94841
0.96062
0.96848
0.94997
0.98737
0.96959
0.97142
0.98696
0.98718
0.96978
0.97053
0.98891
0.97081
0.98894
0.98739
0.98888
0.97635
0.98765
0.98859
0.98889
0.989
0.98832
0.98826
0.98902
0.98913
0.98871
0.98837
0.98872
0.98846
0.97359
0.98432
0.98878
0.98325
0.98868
0.9886
0.98882
0.98879
0.9883
0.98879
0.98781
0.97746
0.94512
0.94503
0.97125
0.97093
0.97011
0.9688
0.96897
0.988
0.96915
0.98799
0.94964
0.96898
0.9873
0.97048
0.98749
0.9878
0.98772
0.94718
0.97195
0.98759
0.95037
0.98729
0.98783
0.98912
0.98911
0.98904
0.9888
0.98675
0.98902
0.98888
0.98907
0.98761
0.98854
0.98906
0.97163
0.98889
0.98602
0.74567
0.98902
0.98689
0.98871
0.97167
0.9884
0.95511
0.97163
0.94661
0.94366
0.94606
0.94798
0.94954
0.94922
0.94827
0.94733
0.96059
0.96664
0.97103
0.96841
0.94405
0.96985
0.97738
0.98677
0.98776
0.94809
0.94734
0.98765
0.95531
0.99329
0.98724
0.98897
0.97121
0.98808
0.98892
0.98832
0.98906
0.98861
0.9891
0.98893
0.98725
0.98911
0.98884
0.96923
0.98907
0.9885
0.98837
0.9775
0.97174
0.98866
0.97164
0.98891
0.96607
0.97159
0.96847
0.98715
0.94664
0.9885
0.96986
0.98784
0.96985
0.9722
0.94787
0.97144
0.95026
0.98892
0.98726
0.977
0.97095
0.98874
0.98862
0.98896
0.98739
0.98739
0.98672
0.98883
0.98904
0.98829
0.9891
0.98873
0.98908
0.98899
0.98829
0.97194
0.98725
0.98849
0.98741
0.9885
0.98636
0.86709
0.85609
0.98873
0.98877
0.98895
0.98877
0.97173
0.97113
0.94881
0.94899
0.94707
0.96656
0.94545
0.95572
0.97094
0.97021
0.9691
0.98855
0.98864
0.96836
0.9693
0.98788
0.98777
0.98891
0.9461
0.99316
0.94757
0.98708
0.98839
0.98904
0.98903
0.98912
0.98867
0.98707
0.9891
0.98908
0.98855
0.98908
0.9889
0.98827
0.75613
0.98866
0.98641
0.98781
0.98889
0.96668
0.97182
0.98809
0.9722
0.95531
0.95544
0.95509
0.94474
0.94649
0.94921
0.97106
0.9467
0.94937
0.96732
0.98747
0.96692
0.98739
0.98671
0.98617
0.96982
0.97085
0.96932
0.98785
0.98705
0.98223
0.98775
0.98214
0.98893
0.9692
0.94624
0.96179
0.94702
0.98492
0.98895
0.96982
0.98855
0.98858
0.98912
0.99302
0.98686
0.98881
0.9887
0.96644
0.98834
0.96906
0.81075
0.9872
0.98901
0.95531
0.98868
0.98478
0.98865
0.76606
0.77057
0.98797
0.98876
0.97155
0.49501
0.97197
0.95502
0.95538
0.9721
0.94602
0.94863
0.96655
0.97126
0.949
0.94949
0.94934
0.96716
0.96913
0.94898
0.98673
0.98784
0.98778
0.98779
0.97163
0.9771
0.98737
0.96938
0.9889
0.96937
0.98898
0.97091
0.98812
0.98766
0.98896
0.98902
0.98669
0.98886
0.98885
0.9889
0.98908
0.98902
0.98904
0.98904
0.9872
0.98732
0.98897
0.98866
0.9886
0.98884
0.88574
0.96076
0.97699
0.95519
0.95511
0.9663
0.94906
0.96059
0.96796
0.98767
0.94764
0.97013
0.96856
0.98717
0.96909
0.94648
0.97032
0.98589
0.97155
0.98579
0.98714
0.98648
0.94607
0.94641
0.9718
0.9487
0.98888
0.98905
0.98694
0.98883
0.97006
0.98903
0.98855
0.98683
0.98909
0.98893
0.98903
0.98821
0.98881
0.98908
0.98901
0.98911
0.98695
0.98911
0.98864
0.87482
0.98835
0.94425
0.98882
0.95525
0.95533
0.92831
0.89073
0.977
0.9714
0.94788
0.95541
0.98858
0.96785
0.96896
0.97645
0.9859
0.97084
0.97148
0.97179
0.95608
0.97076
0.98887
0.98892
0.98701
0.98905
0.9874
0.98743
0.98907
0.98905
0.98856
0.98898
0.98682
0.9888
0.98873
0.98795
0.98911
0.9891
0.98913
0.98894
0.98886
0.98908
0.9891
0.95539
0.98879
0.98459
0.98909
0.89073
0.98868
0.98872
0.51624
0.98887
0.98318
0.74893
0.98803
0.96668
0.95563
0.95522
0.95536
0.93299
0.91142
0.29653
0.76921
0.96931
0.94931
0.94896
0.98895
0.96126
0.98682
0.94522
0.98884
0.96819
0.96916
0.9875
0.97105
0.96806
0.97191
0.98817
0.98618
0.97081
0.98903
0.98726
0.98631
0.98692
0.98588
0.9885
0.98913
0.98785
0.98884
0.98894
0.9879
0.989
0.98416
0.76933
0.72379
0.98814
0.98891
0.95534
0.9889
0.70816
0.59146
0.98882
0.94973
0.98828
0.41321
0.87597
0.8515
0.95528
0.94937
0.94892
0.94923
0.94627
0.94822
0.98906
0.96879
0.98853
0.96822
0.96996
0.97029
0.97008
0.96986
0.94638
0.98888
0.96856
0.98727
0.98769
0.98594
0.98835
0.98822
0.98765
0.98712
0.98577
0.98723
0.98866
0.9849
0.98552
0.98895
0.98826
0.98896
0.98897
0.98421
0.98858
0.98881
0.98861
0.9879
0.9554
0.97213
0.98852
0.9888
0.98901
0.7561
0.98833
0.97159
0.988
0.80575
0.98882
0.98882
0.95559
0.9715
0.95559
0.59699
0.94449
0.95555
0.85155
0.97079
0.9699
0.94868
0.98786
0.96841
0.97088
0.96727
0.97042
0.96926
0.97105
0.97064
0.98565
0.94649
0.98695
0.98763
0.98735
0.98578
0.98647
0.98668
0.98804
0.74597
0.98905
0.45965
0.98886
0.8771
0.98877
0.98789
0.52571
0.98797
0.98883
0.36536
0.92449
0.59147
0.87572
0.95546
0.28566
0.60637
0.91737
0.79929
0.96689
0.94892
0.97031
0.94717
0.96772
0.98762
0.98826
0.96816
0.9677
0.98878
0.96977
0.96983
0.96975
0.97021
0.96911
0.98621
0.98645
0.96798
0.98684
0.98784
0.98723
0.98863
0.98826
0.98488
0.98597
0.98619
0.98882
0.98891
0.98894
0.98882
0.98885
0.64297
0.98897
0.71889
0.98908
0.9889
0.98907
0.91354
0.98878
0.98868
0.97216
0.97226
0.97222
0.87001
0.98799
0.51483
0.89702
0.5805
0.95556
0.9554
0.97203
0.27102
0.76432
0.7692
0.97101
0.97087
0.95581
0.96971
0.96163
0.96946
0.95496
0.96771
0.96898
0.96697
0.98511
0.98541
0.96798
0.98648
0.98891
0.98718
0.96783
0.9874
0.98725
0.9889
0.98887
0.98885
0.98892
0.98882
0.98893
0.98773
0.9877
0.9889
0.98888
0.98822
0.98895
0.989
0.9889
0.86497
0.84055
0.98827
0.94456
0.98811
0.98903
0.83526
0.9722
0.27614
0.74871
0.97045
0.96729
0.96953
0.96627
0.9696
0.96922
0.97037
0.96863
0.97574
0.96947
0.96963
0.96756
0.98774
0.98785
0.95028
0.98685
0.98757
0.98849
0.98826
0.98823
0.98738
0.98726
0.98527
0.98857
0.98846
0.98899
0.97197
0.98787
0.98893
0.98901
0.98912
0.98894
0.98914
0.98862
0.98899
0.95554
0.98818
0.97224
0.98791
0.95563
0.97196
0.89706
0.98892
0.29741
0.91897
0.9722
0.76916
0.93886
0.75933
0.92448
0.73304
0.44882
0.94471
0.96716
0.97463
0.98472
0.97964
0.98553
0.97058
0.96984
0.96994
0.98712
0.9878
0.988
0.98821
0.98899
0.97205
0.98901
0.98795
0.98893
0.98883
0.98881
0.98833
0.98826
0.65391
0.98882
0.97172
0.97185
0.53682
0.91903
0.91353
0.97186
0.98865
0.97214
0.97195
0.45378
0.65941
0.6814
0.66494
0.96974
0.96879
0.9682
0.96804
0.9669
0.96625
0.97208
0.96971
0.96918
0.97966
0.98537
0.96775
0.96882
0.94983
0.97163
0.98649
0.98549
0.9887
0.98546
0.97133
0.98813
0.9887
0.98449
0.98688
0.98744
0.98858
0.98638
0.98875
0.98855
0.98803
0.98914
0.86512
0.98875
0.98895
0.98896
0.98896
0.98899
0.98377
0.98915
0.98891
0.98788
0.98889
0.72361
0.95507
0.95563
0.98866
0.9888
0.40771
0.97226
0.72726
0.98882
0.98889
0.46364
0.59539
0.6594
0.96861
0.96661
0.94672
0.96938
0.96784
0.94944
0.96753
0.9688
0.96633
0.97089
0.97201
0.96654
0.96648
0.98702
0.97013
0.96817
0.98665
0.98541
0.98562
0.98839
0.98838
0.98841
0.98843
0.98465
0.98787
0.98742
0.96958
0.9718
0.98454
0.98888
0.97246
0.9888
0.8305
0.84642
0.98496
0.9885
0.98886
0.98901
0.97217
0.96107
0.94525
0.92936
0.74573
0.98869
0.47955
0.7544
0.6701
0.75611
0.97214
0.98313
0.70744
0.97207
0.50548
0.62284
0.40768
0.60633
0.61188
0.5217
0.58443
0.59531
0.96727
0.96736
0.9488
0.96897
0.96751
0.96907
0.96976
0.97141
0.96871
0.97057
0.97715
0.96865
0.96902
0.97094
0.96829
0.96942
0.96905
0.98608
0.97002
0.98605
0.98681
0.97038
0.98607
0.98673
0.98742
0.98873
0.98876
0.98854
0.98879
0.98907
0.98902
0.98897
0.9889
0.98841
0.98869
0.98882
0.62223
0.95563
0.93488
0.85038
0.98883
0.45866
0.92449
0.09316
0.56261
0.47408
0.98861
0.09314
0.45872
0.53214
0.50992
0.54233
0.57947
0.94899
0.9491
0.94868
0.96753
0.98559
0.98697
0.97007
0.98584
0.98887
0.9882
0.98813
0.98903
0.98729
0.98905
0.9889
0.98886
0.93536
0.95547
0.98887
0.98825
0.98895
0.97223
0.97224
0.91352
0.95554
0.98883
0.56261
0.52584
0.50497
0.52583
0.98665
0.96662
0.97151
0.97064
0.96818
0.96826
0.96928
0.96994
0.9846
0.97068
0.96793
0.94963
0.96975
0.96755
0.98859
0.96785
0.97152
0.98879
0.98454
0.98873
0.98855
0.98844
0.98905
0.98893
0.98777
0.98847
0.98843
0.98899
0.98875
0.98324
0.98802
0.98873
0.97209
0.98817
0.98891
0.96113
0.82062
0.95561
0.89707
0.95546
0.95557
0.67653
0.98866
0.65393
0.76441
0.49999
0.54233
0.19173
0.51484
0.76934
0.96652
0.96935
0.96617
0.9676
0.94873
0.97104
0.94934
0.96638
0.96916
0.96673
0.96803
0.9876
0.97054
0.98739
0.98873
0.98903
0.98894
0.98866
0.98794
0.98776
0.98837
0.98882
0.98902
0.98875
0.98881
0.98874
0.7914
0.96111
0.93489
0.97224
0.76556
0.97219
0.95559
0.96113
0.95558
0.9886
0.69744
0.9722
0.95559
0.96111
0.22239
0.48356
0.85031
0.46864
0.22286
0.19158
0.46364
0.97003
0.96613
0.9683
0.94976
0.96806
0.96656
0.9685
0.98612
0.96778
0.94924
0.97627
0.97008
0.97021
0.94931
0.96679
0.98515
0.98667
0.98727
0.98814
0.98849
0.9882
0.9882
0.98831
0.98834
0.98845
0.98673
0.98899
0.98726
0.98894
0.98823
0.98906
0.98756
0.98738
0.98747
0.98866
0.98777
0.98865
0.84542
0.56539
0.97218
0.80576
0.67614
0.60634
0.70251
0.54215
0.5478
0.77102
0.39186
0.4287
0.05702
0.42382
0.22831
0.45365
0.37097
0.33383
0.43367
0.36053
0.94658
0.94889
0.94892
0.94877
0.96769
0.9689
0.9702
0.98539
0.96861
0.98815
0.98554
0.98799
0.98797
0.98843
0.98837
0.98883
0.9888
0.96938
0.98835
0.98883
0.98817
0.98883
0.98893
0.98769
0.98802
0.97195
0.98862
0.9939
0.98866
0.98899
0.98873
0.97217
0.97213
0.96665
0.93545
0.9245
0.92449
0.98783
0.82057
0.71369
0.97216
0.46364
0.97168
0.69149
0.64406
0.63367
0.56264
0.2327
0.09311
0.91444
0.4387
0.09316
0.2966
0.09316
0.31768
0.96727
0.96934
0.96624
0.96795
0.94907
0.97028
0.98663
0.96814
0.98647
0.96975
0.97219
0.98819
0.98725
0.98813
0.98802
0.98884
0.98837
0.98899
0.98792
0.97197
0.98736
0.98796
0.98889
0.98872
0.98837
0.98901
0.98841
0.92996
0.95562
0.72971
0.98882
0.71379
0.78597
0.79577
0.95556
0.97163
0.80081
0.38131
0.63261
0.67521
0.38132
0.29176
0.33925
0.41889
0.09314
0.17652
0.31274
0.97164
0.96796
0.96724
0.98606
0.9709
0.96951
0.98671
0.97208
0.98824
0.98736
0.98853
0.98805
0.98853
0.98858
0.98871
0.98859
0.98865
0.98453
0.98875
0.98732
0.98763
0.9889
0.9874
0.9884
0.80247
0.98609
0.98861
0.9883
0.80873
0.98916
0.9889
0.92432
0.98797
0.92434
0.97151
0.97205
0.95554
0.97225
0.4904
0.73525
0.97222
0.97214
0.62815
0.54171
0.56264
0.5324
0.5417
0.3981
0.10884
0.42878
0.09315
0.32317
0.94822
0.96685
0.94896
0.98908
0.98907
0.96647
0.96952
0.9691
0.96826
0.98581
0.98646
0.98704
0.9887
0.97214
0.98893
0.98893
0.98876
0.98898
0.98883
0.98879
0.98895
0.98873
0.90674
0.98861
0.98868
0.98735
0.98734
0.98732
0.98754
0.98843
0.98779
0.98824
0.98822
0.92424
0.92441
0.94084
0.96653
0.96659
0.96107
0.80576
0.74373
0.47907
0.4686
0.37096
0.33384
0.9556
0.31796
0.37639
0.09309
0.58047
0.06709
0.96981
0.96924
0.9668
0.96975
0.96693
0.97044
0.97079
0.96763
0.98848
0.98821
0.98848
0.98804
0.98694
0.98841
0.98715
0.98887
0.98849
0.99308
0.98855
0.97192
0.98848
0.98845
0.68051
0.98856
0.98891
0.31796
0.92184
0.4736
0.82556
0.6756
0.786
0.66405
0.32842
0.31766
0.33797
0.25402
0.24469
0.23274
0.9685
0.96135
0.96945
0.96704
0.98596
0.98533
0.97126
0.98793
0.98694
0.98802
0.98775
0.98713
0.98729
0.9871
0.98797
0.98849
0.98842
0.98867
0.98905
0.98903
0.98903
0.98875
0.98793
0.98858
0.98901
0.98906
0.98728
0.98551
0.98893
0.98897
0.98872
0.98597
0.98038
0.98758
0.97733
0.56811
0.98858
0.98845
0.92443
0.98886
0.98874
0.98868
0.97203
0.97151
0.98884
0.92441
0.91941
0.80935
0.97158
0.97151
0.76933
0.97151
0.98324
0.72479
0.91643
0.72481
0.98877
0.82538
0.26443
0.58999
0.98871
0.57354
0.75007
0.72335
0.166
0.85608
0.31227
0.86107
0.29657
0.36496
0.08305
0.07798
0.4791
0.23277
0.23815
0.23277
0.25399
0.96785
0.96766
0.96942
0.94936
0.96917
0.98511
0.96828
0.98858
0.98774
0.98885
0.98826
0.98768
0.98792
0.98746
0.98874
0.987
0.98658
0.98731
0.98895
0.98905
0.98815
0.98902
0.9877
0.98849
0.98853
0.98786
0.98832
0.98898
0.98894
0.98875
0.98838
0.98841
0.71521
0.98876
0.98854
0.97221
0.8943
0.98833
0.97775
0.84105
0.89434
0.31275
0.61721
0.92422
0.98853
0.73472
0.8908
0.49589
0.53261
0.31781
0.81552
0.75569
0.67036
0.6328
0.76556
0.52626
0.73948
0.57437
0.17653
0.31228
0.32319
0.24365
0.23819
0.06206
0.28046
0.33925
0.94697
0.96809
0.96944
0.98522
0.96712
0.986
0.98627
0.98765
0.9883
0.98754
0.98828
0.9692
0.98808
0.98691
0.98775
0.98859
0.98863
0.9879
0.98738
0.98867
0.98903
0.98905
0.98772
0.98834
0.98855
0.98834
0.98851
0.98844
0.98894
0.98887
0.98863
0.98812
0.98817
0.98845
0.97253
0.98798
0.98854
0.98915
0.95179
0.92438
0.89442
0.83553
0.98882
0.62862
0.81425
0.98817
0.97221
0.71372
0.47999
0.97212
0.73953
0.53807
0.53675
0.52624
0.53185
0.47955
0.1714
0.44874
0.31228
0.67052
0.92447
0.26999
0.07798
0.20708
0.21203
0.1714
0.04658
0.96911
0.96803
0.96943
0.96811
0.98607
0.98656
0.98692
0.96724
0.98651
0.9863
0.96771
0.98653
0.98688
0.98681
0.98835
0.98665
0.9873
0.98689
0.98838
0.9883
0.98714
0.97122
0.98806
0.97
0.97678
0.65842
0.98838
0.98839
0.98843
0.98848
0.98851
0.62293
0.98809
0.98868
0.98828
0.48487
0.98849
0.98905
0.98899
0.98877
0.98897
0.94081
0.61189
0.68619
0.85006
0.36042
0.65288
0.28128
0.50087
0.98852
0.50493
0.53125
0.17141
0.28089
0.24018
0.28579
0.44367
0.2966
0.1714
0.1714
0.09314
0.34966
0.04658
0.09309
0.04657
0.41816
0.06164
0.04656
0.98649
0.98627
0.98633
0.96865
0.9862
0.96846
0.98523
0.98622
0.96716
0.98019
0.98701
0.96851
0.98627
0.96684
0.98604
0.96853
0.98576
0.98746
0.9868
0.98841
0.98864
0.73375
0.98868
0.98787
0.98839
0.98867
0.63915
0.98879
0.98829
0.8943
0.9884
0.75453
0.98862
0.96662
0.98854
0.97193
0.61179
0.73474
0.66971
0.98854
0.83526
0.63668
0.52713
0.61724
0.98875
0.46912
0.45378
0.50585
0.25954
0.30721
0.42391
0.4239
0.4239
0.31797
0.31271
0.22934
0.82537
0.22336
0.03129
0.06164
0.08304
0.03129
0.09308
0.06165
0.98622
0.98583
0.98508
0.96733
0.98687
0.97588
0.93485
0.76074
0.98881
0.89442
0.98864
0.9879
0.88353
0.98851
0.95066
0.76805
0.66834
0.57042
0.51077
0.9721
0.57903
0.64467
0.29657
0.46367
0.2491
0.44384
0.41891
0.42318
0.33796
0.28046
0.09312
0.09309
0.03127
0.0931
0.15568
0.68381
0.59646
0.76921
0.98874
0.98817
0.98862
0.98844
0.97208
0.98904
0.988
0.97221
0.98868
0.60635
0.80375
0.67514
0.61511
0.33277
0.28639
0.9243
0.56542
0.58537
0.98898
0.74946
0.23274
0.51624
0.52624
0.4894
0.53675
0.49543
0.50528
0.30705
0.09311
0.09309
0.0931
0.27594
0.09311
0.43869
0.06793
0.12911
0.09308
0.09317
0.09312
0.97187
0.73117
0.73946
0.97214
0.98857
0.97216
0.98898
0.92238
0.972
0.5952
0.75946
0.70159
0.38181
0.55994
0.53804
0.53251
0.52125
0.42388
0.38127
0.3501
0.03639
0.23274
0.76608
0.23919
0.10384
0.31797
0.85144
0.03128
0.10918
0.06166
0.09312
0.09316
0.09315
0.03129
0.06168
0.09314
0.97205
0.58991
0.98831
0.95178
0.98847
0.94954
0.9552
0.31274
0.97197
0.69169
0.71145
0.98295
0.5752
0.98897
0.49588
0.51769
0.32887
0.50032
0.48491
0.48003
0.68688
0.63377
0.48905
0.67509
0.69168
0.09314
0.33384
0.42879
0.24518
0.23458
0.10383
0.09312
0.09317
0.2546
0.04661
0.03129
0.62291
0.97211
0.86841
0.9143
0.9887
0.97215
0.96663
0.97189
0.97217
0.57527
0.55993
0.6587
0.2912
0.48493
0.44378
0.44877
0.03128
0.46366
0.2278
0.04656
0.53254
0.17141
0.89082
0.09318
0.08811
0.06166
0.04655
0.24414
0.03129
0.08305
0.09315
0.09314
0.09316
0.04658
0.88937
0.97772
0.87951
0.98855
0.95529
0.95502
0.95512
0.9719
0.09311
0.97204
0.98898
0.55445
0.48483
0.23272
0.59528
0.51766
0.43382
0.42885
0.33925
0.19218
0.4388
0.35011
0.70236
0.08304
0.14446
0.03129
0.28583
0.09314
0.09318
0.09311
0.03129
0.28046
0.06169
0.06793
0.04657
0.98866
0.9408
0.98873
0.91442
0.9408
0.97195
0.92443
0.98762
0.98851
0.96652
0.52756
0.98848
0.36578
0.43415
0.63675
0.59036
0.44371
0.19761
0.49028
0.38684
0.03128
0.56534
0.20869
0.03128
0.72727
0.14984
0.07798
0.35505
0.39737
0.851
0.09313
0.09314
0.04659
0.09318
0.09315
0.04658
0.09316
0.04658
0.09316
0.04661
0.89433
0.97186
0.80793
0.97208
0.91925
0.81905
0.83568
0.86706
0.94399
0.9888
0.95557
0.93361
0.41326
0.98903
0.4238
0.51766
0.42386
0.37585
0.03128
0.2974
0.37094
0.37642
0.36096
0.32842
0.4189
0.03128
0.56543
0.03128
0.57405
0.17141
0.09311
0.03129
0.09318
0.09311
0.05662
0.03639
0.0415
0.04658
0.04658
0.06165
0.06165
0.97199
0.85712
0.88258
0.8858
0.92424
0.89558
0.92981
0.98851
0.62503
0.93904
0.56492
0.42871
0.41279
0.41334
0.8087
0.03128
0.36538
0.31273
0.40784
0.26591
0.27083
0.03128
0.03128
0.11418
0.22967
0.70739
0.23272
0.04656
0.04655
0.06166
0.09316
0.04659
0.0466
0.04657
0.0466
0.04659
0.09311
0.77421
0.85754
0.89433
0.9885
0.98886
0.08301
0.52709
0.48487
0.98839
0.91927
0.98897
0.03128
0.2764
0.42387
0.25552
0.03129
0.56534
0.13409
0.54779
0.09312
0.09313
0.09313
0.166
0.04657
0.31795
0.07799
0.04659
0.04657
0.0466
0.07295
0.29654
0.03128
0.9885
0.98789
0.95001
0.98857
0.47943
0.98885
0.74448
0.46928
0.70044
0.51761
0.42374
0.34465
0.28129
0.27606
0.03128
0.1877
0.03128
0.2236
0.16062
0.12413
0.8806
0.18227
0.04655
0.03128
0.04655
0.08304
0.04658
0.0466
0.04657
0.06291
0.0466
0.0466
0.11914
0.06709
0.03128
0.04659
0.03129
0.84646
0.9774
0.84646
0.781
0.57523
0.10916
0.51756
0.88937
0.43362
0.98853
0.98893
0.33947
0.09313
0.48483
0.31316
0.25515
0.27606
0.26048
0.27616
0.03129
0.14982
0.2029
0.17141
0.09848
0.24504
0.48954
0.04658
0.04659
0.03129
0.54506
0.84648
0.97191
0.92435
0.66957
0.11382
0.98854
0.4899
0.6006
0.48475
0.31316
0.25546
0.29203
0.1553
0.13903
0.10918
0.13905
0.03129
0.03129
0.18678
0.03128
0.46866
0.29115
0.09316
0.03128
0.04656
0.04658
0.03128
0.03129
0.06703
0.03128
0.0466
0.03128
0.03129
0.9775
0.98861
0.92442
0.67513
0.10914
0.97203
0.89443
0.10914
0.87802
0.46387
0.38738
0.26592
0.30195
0.30168
0.1878
0.1553
0.19778
0.13905
0.16604
0.35409
0.07253
0.85635
0.15522
0.08811
0.09315
0.03127
0.16641
0.03639
0.06164
0.06164
0.04656
0.09312
0.0466
0.03129
0.03128
0.07799
0.03129
0.03128
0.03129
0.03129
0.89435
0.53961
0.42375
0.97752
0.88902
0.58016
0.19732
0.03128
0.17141
0.13408
0.13409
0.13409
0.78538
0.23818
0.04656
0.04657
0.07254
0.07799
0.06168
0.03129
0.03127
0.04658
0.03128
0.03129
0.06166
0.06161
0.03129
0.06162
0.03128
0.03129
0.03129
0.90448
0.89442
0.98849
0.52864
0.58015
0.52313
0.06164
0.79818
0.23274
0.28028
0.27104
0.97216
0.97213
0.14987
0.03128
0.13905
0.12911
0.2656
0.09313
0.0466
0.06793
0.09315
0.03127
0.04656
0.03128
0.03128
0.07794
0.03128
0.06162
0.0616
0.03129
0.89437
0.98846
0.97202
0.30285
0.97186
0.96708
0.86308
0.03128
0.97213
0.14987
0.33924
0.09312
0.09312
0.17141
0.12414
0.09312
0.10918
0.09311
0.10918
0.09317
0.18692
0.04658
0.06166
0.04658
0.0466
0.14533
0.03128
0.03129
0.0415
0.03128
0.03128
0.48474
0.9885
0.47459
0.98848
0.48486
0.03129
0.97183
0.03128
0.09313
0.09315
0.0881
0.45866
0.08304
0.06164
0.03128
0.04659
0.0466
0.0931
0.03128
0.03126
0.03128
0.03129
0.09317
0.05662
0.03129
0.03128
0.03128
0.03128
0.4751
0.06161
0.66834
0.52313
0.91661
0.66336
0.84103
0.92226
0.17142
0.03126
0.70594
0.77235
0.73178
0.09312
0.08303
0.06165
0.03126
0.04657
0.03126
0.06164
0.03128
0.03129
0.06167
0.04655
0.03128
0.05159
0.03128
0.03128
0.03128
0.03128
0.03126
0.03128
0.03128
0.03126
0.03128
0.03128
0.03128
0.52864
0.51762
0.46384
0.44389
0.38686
0.51626
0.7706
0.53252
0.25101
0.09314
0.07797
0.07797
0.0931
0.06167
0.07253
0.07793
0.03128
0.0466
0.04657
0.01564
0.03128
0.03128
0.03128
0.03128
0.01563
0.03128
0.03128
0.03128
0.24907
0.37087
0.05665
0.05161
0.36635
0.57536
0.07796
0.11416
0.25053
0.10918
0.25053
0.13407
0.05663
0.07251
0.07247
0.04658
0.06165
0.03126
0.03128
0.0415
0.04661
0.09316
0.04658
0.03128
0.01564
0.03128
0.03127
0.03128
0.03128
0.38742
0.73671
0.41874
0.21311
0.06161
0.06167
0.15528
0.06163
0.09315
0.06166
0.03126
0.07798
0.07797
0.03126
0.03128
0.03128
0.03127
0.03128
0.03128
0.03128
0.03128
0.03127
0.03126
0.03128
0.03126
0.03128
0.3659
0.06161
0.48501
0.95518
0.56534
0.03126
0.04659
0.06159
0.23474
0.64772
0.06163
0.06168
0.05665
0.06165
0.06709
0.04657
0.07254
0.03126
0.03129
0.03128
0.09311
0.03128
0.04658
0.07798
0.03128
0.11915
0.03128
0.03128
0.03128
0.03128
0.01561
0.03126
0.50681
0.69169
0.48474
0.42869
0.58019
0.09309
0.9775
0.35536
0.36631
0.14441
0.13409
0.14534
0.59538
0.07793
0.06164
0.04657
0.0466
0.06167
0.06163
0.06165
0.04658
0.03128
0.03128
0.03128
0.04659
0.03126
0.03129
0.03128
0.03128
0.03128
0.03128
0.03128
0.03128
0.03128
0.03128
0.01561
0.03128
0.03128
0.4587
0.36661
0.61176
0.41889
0.06159
0.98836
0.97205
0.15026
0.15528
0.25016
0.06161
0.06162
0.04658
0.03639
0.04659
0.0466
0.03638
0.03129
0.09318
0.03126
0.03126
0.03128
0.11378
0.03128
0.03128
0.03128
0.03128
0.03128
0.39235
0.40334
0.27103
0.42387
0.09311
0.30277
0.38737
0.97202
0.06162
0.06159
0.09315
0.08805
0.17141
0.04657
0.06167
0.03126
0.03126
0.03128
0.08811
0.09313
0.03128
0.0157
0.01571
0.09318
0.03128
0.03128
0.03127
0.03128
0.0157
0.03128
0.03128
0.03128
0.03128
0.03128
0.0156
0.03128
0.26095
0.47989
0.06164
0.06704
0.4848
0.10379
0.09311
0.29738
0.66985
0.04657
0.05161
0.04659
0.03126
0.03127
0.09316
0.03128
0.13448
0.03128
0.01564
0.04657
0.09318
0.03128
0.03128
0.03126
0.03128
0.03128
0.0156
0.01574
0.01568
0.03128
0.03128
0.03128
0.38687
0.23473
0.42389
0.13904
0.03126
0.09314
0.10916
0.0725
0.17665
0.09312
0.06163
0.17139
0.03127
0.04149
0.03127
0.03128
0.07794
0.0466
0.03128
0.03127
0.03127
0.03128
0.03128
0.03128
0.01565
0.03128
0.01569
0.07795
0.07793
0.0931
0.10917
0.06169
0.74371
0.06166
0.23529
0.0466
0.03128
0.03127
0.03127
0.03128
0.03128
0.06168
0.09844
0.0157
0.09313
0.0157
0.0157
0.09313
0.03127
0.0157
0.03128
0.03128
0.03128
0.03128
0.03128
0.01573
0.03128
0.03128
0.03128
0.03128
0.083
0.17688
0.10913
0.08804
0.48478
0.37734
0.06167
0.08808
0.09313
0.03126
0.18233
0.03126
0.03126
0.03127
0.15528
0.03127
0.09316
0.09316
0.08811
0.0931
0.02084
0.03128
0.03128
0.03127
0.03127
0.03128
0.03128
0.02083
0.06168
0.39239
0.27661
0.08298
0.07796
0.09313
0.63915
0.06166
0.16607
0.03637
0.052
0.03126
0.09318
0.42384
0.38128
0.03127
0.03127
0.09843
0.03128
0.04658
0.03128
0.0931
0.01571
0.04659
0.03128
0.03128
0.03128
0.03128
0.03128
0.03128
0.03127
0.03126
0.06163
0.03126
0.07249
0.03126
0.08807
0.31853
0.07796
0.1038
0.09845
0.03126
0.03127
0.03128
0.03128
0.03127
0.03128
0.03128
0.03127
0.03127
0.03128
0.03128
0.03128
0.03128
0.03128
0.01561
0.03128
0.03128
0.03127
0.03127
0.02606
0.03128
0.03127
0.03128
0.03128
0.20769
0.06161
0.12909
0.27662
0.10918
0.38734
0.42885
0.09315
0.03126
0.06709
0.03128
0.03127
0.03128
0.03128
0.03128
0.03126
0.03128
0.03128
0.03128
0.03128
0.03128
0.03126
0.03128
0.01571
0.03127
0.01598
0.03128
0.02083
0.03128
0.01564
0.01562
0.0156
0.01561
0.01562
0.01561
0.0931
0.07793
0.17142
0.07796
0.07793
0.10914
0.31348
0.04658
0.17141
0.10915
0.03126
0.03126
0.03127
0.03127
0.03127
0.03127
0.03128
0.03128
0.03128
0.03129
0.03128
0.03126
0.03127
0.03128
0.03128
0.03128
0.01565
0.00532
0.03127
0.03128
0.01619
0.06707
0.10916
0.10914
0.06162
0.10915
0.10917
0.06164
0.14488
0.06163
0.07797
0.06164
0.05666
0.03128
0.09313
0.03128
0.03127
0.03127
0.03127
0.03128
0.03128
0.03129
0.03128
0.02084
0.03128
0.03128
0.03128
0.01567
0.01567
0.016
0.01567
0.03128
0.01619
0.01561
0.01568
0.11911
0.03128
0.03128
0.34464
0.28712
0.03126
0.03128
0.04659
0.26092
0.59038
0.04149
0.03126
0.03127
0.03127
0.03128
0.03127
0.03127
0.01566
0.03128
0.03129
0.03128
0.03127
0.03127
0.03128
0.03128
0.01605
0.01568
0.016
0.03128
0.01618
0.01564
0.03128
0.01565
0.01571
0.01569
0.03128
0.14987
0.09312
0.03128
0.20769
0.1038
0.03126
0.11914
0.04659
0.03127
0.03127
0.01563
0.03127
0.03127
0.03127
0.03127
0.03128
0.03127
0.03127
0.03128
0.03127
0.03127
0.03127
0.03128
0.01566
0.01563
0.01561
0.01565
0.01565
0.03127
0.03127
0.10914
0.06168
0.26589
0.06162
0.10915
0.06169
0.03127
0.03127
0.03127
0.03126
0.03128
0.03126
0.03126
0.03126
0.01563
0.03128
0.03127
0.03127
0.03128
0.01569
0.03128
0.03128
0.03127
0.03126
0.03127
0.01565
0.01564
0.01563
0.0157
0.01562
0.03126
0.09313
0.15528
0.03128
0.03126
0.09315
0.03127
0.11417
0.06166
0.10382
0.03128
0.03128
0.1553
0.03127
0.03126
0.18229
0.03127
0.03126
0.04659
0.03126
0.03128
0.03126
0.03127
0.03127
0.03128
0.03127
0.03128
0.03127
0.03128
0.03128
0.01564
0.01569
0.01567
0.01573
0.01566
0.01567
0.01567
0.04657
0.06163
0.09311
0.52167
0.14441
0.03128
0.09846
0.03128
0.03127
0.13902
0.04655
0.03126
0.03126
0.03127
0.03127
0.03128
0.03127
0.03127
0.03127
0.03127
0.03128
0.03126
0.03128
0.02083
0.0157
0.016
0.01565
0.01568
0.00525
0.01574
0.52712
0.03128
0.03128
0.03127
0.03127
0.03127
0.14986
0.04656
0.04657
0.03127
0.03126
0.03127
0.03127
0.03127
0.03126
0.03127
0.03127
0.03127
0.03128
0.03127
0.03128
0.03128
0.03128
0.03128
0.02083
0.01563
0.0156
0.01563
0.01566
0.01568
0.01565
0.01567
0.01573
0.01568
0.01573
0.01569
0.01627
0.01565
0.01574
0.01572
0.03126
0.04658
0.03128
0.03128
0.51626
0.03127
0.03128
0.01565
0.01565
0.03127
0.03128
0.03126
0.02083
0.03127
0.01568
0.01572
0.01571
0.02134
0.01573
0.03147
0.01568
0.01569
0.0157
0.01571
0.03127
0.03126
0.12409
0.03126
0.03126
0.03126
0.03126
0.04657
0.03127
0.03128
0.03126
0.03127
0.03128
0.03128
0.03128
0.03128
0.03128
0.01565
0.01567
0.03128
0.01564
0.01572
0.01566
0.0157
0.01569
0.01573
0.01573
0.03126
0.03127
0.03126
0.03127
0.03127
0.03126
0.05161
0.14986
0.01572
0.03126
0.03126
0.03127
0.03126
0.03127
0.03127
0.03127
0.03128
0.03127
0.02605
0.03127
0.03128
0.03128
0.02084
0.03128
0.0157
0.01571
0.01575
0.01571
0.00525
0.00525
0
0.01064
0.03126
0.03127
0.03128
0.03126
0.03127
0.03127
0.03128
0.03127
0.03127
0.03128
0.03127
0.03127
0.01562
0.01564
0.01564
0.01565
0.03128
0.01565
0.01566
0.01565
0.01569
0.0157
0.01569
0.01567
0.01567
0.01572
0
0.01598
0.01574
0.01573
0.01626
0.01563
0.01561
0.03126
0.03636
0.03126
0.03126
0.24054
0.03126
0.03126
0.03126
0.03126
0.01562
0.03126
0.03127
0.03126
0.03127
0.03127
0.03127
0.01563
0.03127
0.03129
0.01573
0.03128
0.03128
0.03127
0.01568
0.0161
0.01567
0.03128
0.03128
0.01607
0.01573
0.01575
0.01598
0.06169
0.03126
0.03126
0.03127
0.03126
0.03127
0.03128
0.03127
0.03126
0.03128
0.03128
0.03127
0.03127
0.03127
0.01566
0.03126
0.03127
0.01567
0.01567
0.01612
0.01568
0.0157
0.01569
0.01568
0.01563
0.01563
0.01051
0.01562
0.01602
0.01571
0.01572
0.00532
0.01566
0.01602
0.02605
0.0157
0.01563
0.03127
0.07797
0.03127
0.09316
0.04659
0.03126
0.06166
0.03126
0.01564
0.03126
0.03126
0.03127
0.03129
0.01573
0.03128
0.01565
0.03128
0.01567
0.03128
0.01569
0.01571
0.01572
0
0.00525
0.01563
0.0105
0.01601
0.01596
0.10916
0.03126
0.04657
0.03126
0.03127
0.03127
0.03126
0.03126
0.03126
0.03128
0.03126
0.03128
0.01563
0.03127
0.01563
0.01567
0.01562
0.01563
0.01565
0.01563
0.01573
0.01568
0.01618
0.01612
0.01567
0.01567
0.01574
0.01598
0.01602
0.01597
0.01575
0.01064
0.01602
0.01603
0.03128
0.06169
0.0157
0.03126
0.06168
0.03128
0.03128
0.03127
0.03127
0.03128
0.03126
0.03128
0.02083
0.01565
0.03126
0.01566
0.01565
0.03126
0.01565
0.01573
0.01567
0.01571
0.01604
0.01571
0.01576
0.01576
0.01571
0.01575
0.01603
0.01063
0.01599
0
0.04659
0.03126
0.03126
0.03126
0.03126
0.03127
0.03128
0.03128
0.03128
0.03128
0.01565
0.01569
0.01564
0.01567
0.01565
0.01565
0.01567
0.01567
0.01568
0.01612
0.01565
0.0157
0.01595
0.01574
0.01596
0.01561
0.01604
0.01575
0.01572
0.01601
0.01599
0.01602
0.01613
0.016
0.01599
0.03126
0.03126
0.03128
0.03128
0.03128
0.03128
0.03128
0.03126
0.03128
0.03126
0.03128
0.04658
0.03128
0.03128
0.01569
0.03128
0.03127
0.01564
0.0157
0.01609
0.01612
0.01614
0.01565
0.01571
0.01606
0.01575
0.01064
0.01602
0.01604
0.016
0.03128
0.07252
0.03126
0.03128
0.03126
0.03126
0.03128
0.03126
0.03126
0.03126
0.01567
0.03128
0.01567
0.01569
0.01568
0.03128
0.01564
0.01607
0.01567
0.01571
0.01598
0.016
0.01614
0.01573
0.01602
0.01607
0.01596
0.01599
0.01601
0.01601
0.016
0.01605
0.01605
0.01603
0.03127
0.03128
0.03127
0.03128
0.03126
0.03126
0.03127
0.03127
0.03126
0.03126
0.03128
0.0157
0.01564
0.01569
0.01569
0.01605
0.01599
0.01572
0.03128
0.016
0.01601
0.01574
0.01576
0.01599
0.01597
0.01602
0.01602
0.03147
0.01603
0.01612
0.03147
0.01611
0.01611
0.01607
0.06168
0.06165
0.03126
0.03126
0.03128
0.03126
0.03126
0.03126
0.03126
0.01566
0.01564
0.01567
0.03128
0.0157
0.0157
0.01572
0.01572
0.01569
0.01599
0.01609
0.01607
0.01606
0.01609
0.01606
0.03126
0.03126
0.03128
0.03126
0.03126
0.02083
0.03127
0.03126
0.01568
0.03126
0.03126
0.01575
0.01573
0.01572
0.01575
0.01576
0.01576
0.01582
0.01611
0.016
0.016
0.016
0.01608
0.01603
0.01605
0.01606
0.03147
0.01612
0.01617
0.01606
0.01607
0.03126
0.03127
0.03127
0.01572
0.03127
0.01566
0.03126
0.01567
0.01564
0.01571
0.03128
0.01572
0.016
0.01572
0.01574
0.0161
0.01575
0.01569
0.01574
0.01596
0.01612
0.01598
0.01613
0.01598
0.01598
0.01598
0.01606
0.01608
0.01609
0.01617
0.03127
0.03126
0.03128
0.03128
0.03128
0.03128
0.03128
0.03128
0.03127
0.03126
0.01574
0.03126
0.03127
0.01577
0.01572
0.01569
0.01574
0.01574
0.01598
0.01567
0.01572
0.01576
0.02114
0.01627
0.01626
0.01606
0.01607
0.01606
0.01618
0.04677
0.0161
0.01608
0.01607
0.01603
0.01611
0.01611
0.01614
0.01562
0.03127
0.01572
0.03128
0.02605
0.01602
0.01564
0.03127
0.01562
0.01597
0.01574
0.01577
0.01577
0.01575
0.01574
0.01596
0.0212
0.02083
0.016
0.016
0.01602
0.01604
0.01612
0.01605
0.0161
0.01608
0.03658
0.01613
0.01611
0.016
0.01613
0.01564
0.01562
0.01566
0.01572
0.03127
0.03126
0.03126
0.01561
0.03127
0.01561
0.01568
0.01574
0.01575
0.01575
0.01577
0.02108
0.0161
0.02109
0.01575
0.01596
0.01572
0.01608
0.01602
0.0157
0.0161
0.01611
0.01602
0.01604
0.0161
0.01622
0.01605
0.01613
0.01615
0.01614
0.01618
0.01618
0.01562
0.03127
0.03126
0.03126
0.01569
0.02082
0.01596
0.01571
0.01572
0.01599
0.016
0.01597
0.01608
0.016
0.01606
0.01612
0.01603
0.01608
0.01609
0.01612
0.01621
0.0161
0.01616
0.01619
0.01616
0.01615
0.01617
0.01564
0.03126
0.03126
0.03127
0.03126
0.03126
0.02119
0.01572
0.01594
0.02108
0.02119
0.01595
0.01608
0.01607
0.01599
0.01609
0.01602
0.01604
0.01603
0.01604
0.01607
0.01607
0.01607
0.0162
0.03147
0.01605
0.01622
0.01617
0.01615
0.01618
0.0162
0.03126
0.03126
0.03128
0.01567
0.03126
0.03126
0.01594
0.0156
0.0156
0.01567
0.01593
0.01594
0.01596
0.01594
0.01594
0.01597
0.01573
0.01598
0.01602
0.01613
0.01607
0.01613
0.03147
0.01612
0.01612
0.01614
0.01618
0.01619
0.01619
0.03126
0.03128
0.03127
0.01564
0.01573
0.01562
0.01574
0.01597
0.01566
0.0157
0.01597
0.01572
0.01602
0.01606
0.03148
0.03148
0.01604
0.01605
0.01602
0.03148
0.01613
0.03147
0.0161
0.01615
0.01617
0.01621
0.03128
0.03126
0.03126
0.01575
0.02119
0.01573
0.01568
0.01569
0.01596
0.01594
0.016
0.01596
0.01598
0.016
0.01573
0.01606
0.01602
0.01588
0.0264
0.01617
0.04677
0.01614
0.01622
0.01593
0.01593
0.01567
0.01565
0.03126
0.01565
0.016
0.01603
0.01593
0.01595
0.01592
0.01597
0.01571
0.01603
0.01604
0.01603
0.01607
0.01607
0.01603
0.01604
0.01613
0.01605
0.04677
0.01613
0.0162
0.01618
0.01617
0.01621
0.01619
0.01623
0.01621
0.01625
0.01623
0.03147
0.01563
0.01567
0.01565
0.01566
0.01569
0.01568
0.01595
0.01595
0.03127
0.01622
0.01566
0.01568
0.0157
0.01596
0.016
0.0162
0.01622
0.01575
0.0157
0.01599
0.01601
0.01602
0.01599
0.01605
0.01608
0.01609
0.01608
0.0161
0.01613
0.04167
0.0162
0.01613
0.0162
0.01615
0.01618
0.01616
0.01624
0.01624
0.03126
0.01565
0.0157
0.01604
0.01604
0.01575
0.02134
0.01599
0.01605
0.01604
0.01576
0.01587
0.01607
0.01621
0.01601
0.01605
0.0161
0.01624
0.0161
0.01609
0.01614
0.0161
0.03148
0.01619
0.01618
0.01623
0.01622
0.01618
0.01626
0.01625
0.01626
0.01626
0.01565
0.02084
0.01601
0.01571
0.02606
0.03128
0.03126
0.01594
0.01593
0.01565
0.03128
0.01622
0.01602
0.01594
0.01594
0.02119
0.01603
0.01608
0.01614
0.01619
0.01609
0.01615
0.04676
0.01618
0.01626
0.01614
0.01628
0.01627
0.03127
0.03127
0.03127
0.02108
0.03128
0.01575
0.02083
0.01568
0.01597
0.03126
0.01595
0.01605
0.01607
0.01621
0.01622
0.01609
0.01601
0.01601
0.01622
0.01616
0.01622
0.01613
0.03147
0.03147
0.01626
0.01614
0.01615
0.01627
0.01625
0.03127
0.03127
0.03126
0.01565
0.01603
0.01577
0.01606
0.01597
0.03126
0.01604
0
0.02117
0.01607
0.01606
0.01608
0.0162
0.0161
0.01587
0.01612
0.01625
0.01618
0.0162
0.01619
0.01623
0.01617
0.01625
0.03147
0.03147
0.03147
0.01619
0.03126
0.01574
0.03126
0.01576
0
0.01597
0.01607
0.01626
0.01602
0.01595
0.01604
0.01602
0.01609
0.0161
0.03148
0.01611
0.01621
0.01604
0.0161
0.01607
0.0162
0.01627
0.01622
0.01622
0.05748
0.03147
0.01627
0.05748
0.03147
0.03147
0.03147
0.01625
0.01574
0.01575
0.03127
0.01604
0.01572
0.01598
0.01582
0.00525
0.01625
0.01572
0.0161
0.01605
0.01603
0.01604
0.01602
0.01597
0.01597
0.01604
0.01626
0.01611
0.016
0.01615
0.01604
0.01615
0.0264
0.04673
0.01618
0.01612
0.02134
0.03147
0.04674
0.12435
0.0162
0.01622
0.01624
0.01575
0.01574
0.01594
0.01603
0.01604
0.01616
0.016
0.016
0.01594
0.01574
0.01574
0.01613
0.01613
0.01614
0.01612
0.01607
0.01612
0.03148
0.01615
0.03148
0.01626
0.04674
0.03147
0.03147
0.03147
0.03147
0.03148
0.03148
0.04674
0.01575
0.01575
0.01606
0.01606
0.03126
0.01603
0.01615
0.01607
0.01575
0.01595
0.01601
0.01594
0.0161
0.01602
0.01612
0.01597
0.01608
0.01616
0.03148
0.0264
0.01626
0.01628
0.04673
0.03147
0.0264
0.12437
0.03148
0.03148
0.01595
0.01601
0.01599
0.03126
0.03126
0.01577
0.01599
0.01575
0.01605
0.01597
0.01602
0.01603
0.01611
0.01611
0.01614
0.01626
0.01619
0.01621
0.06286
0.01628
0.01622
0.04674
0.01616
0.03147
0.01626
0.03148
0.03148
0.88528
0.74673
0.10948
0.04675
0.89033
0.04673
0.12968
0.016
0.03126
0.01606
0.01605
0.01603
0.01596
0.01593
0.01569
0.01607
0.01603
0.01615
0.01616
0.01613
0.01616
0.01616
0.01611
0.01622
0.01597
0.01612
0.01611
0.01624
0.04673
0.03147
0.03148
0.03148
0.04168
0.89024
0.12434
0.04676
0.07913
0.01597
0.03127
0.01601
0.01606
0.01605
0.01598
0.01603
0.03148
0.01614
0.01618
0.01624
0.01627
0.03148
0.01628
0.01623
0.02134
0.01628
0.03148
0.11445
0.12434
0.03148
0.09426
0.12968
0.04676
0.0161
0.02113
0.01574
0.01569
0.03126
0.01595
0.01613
0.01573
0.01618
0.01614
0.01607
0.01605
0.0161
0.01599
0.01614
0.01616
0.01615
0.01616
0.0162
0.0162
0.03147
0.01626
0.01626
0.01627
0.01626
0.01626
0.03148
0.01626
0.83392
0.12431
0.12435
0.07295
0.05211
0.04676
0.03148
0.04675
0.12436
0.10441
0.01608
0.02108
0.01598
0.01609
0.01608
0.01596
0.01598
0.01606
0.01575
0.01598
0.01605
0.01624
0.01615
0.01618
0.0162
0.01576
0.01623
0.01623
0.04673
0.01624
0.03657
0.01627
0.01617
0.04676
0.03147
0.04674
0.1243
0.04675
0.12435
0.04676
0.04675
0.01598
0.01603
0.01575
0.01627
0.01616
0.01617
0.01615
0.01604
0.01622
0.01623
0.04676
0.05748
0.03147
0.01627
0.01624
0.01626
0.01624
0.04677
0.03148
0.03148
0.04673
0.04677
0.03148
0.04676
0.09933
0.01627
0.01601
0.01574
0.01619
0.01599
0.01613
0.01599
0.0157
0.03148
0.01621
0.01616
0.01624
0.01619
0.01626
0.01618
0.03148
0.03147
0.04168
0.01622
0.02134
0.03146
0.03147
0.02134
0.03147
0.01627
0.2962
0.04675
0.08884
0.09426
0.04675
0.01599
0.0161
0.01577
0.01607
0.01596
0.01616
0.01601
0.01609
0.0161
0.01607
0.01597
0.03148
0.01612
0.016
0.01613
0.02639
0.01623
0.01616
0.04673
0.01624
0.01627
0.01623
0.01627
0.03148
0.01626
0.01624
0.06286
0.03148
0.08417
0.10441
0.12437
0.04676
0.01625
0.09934
0.07912
0.07912
0.01623
0.07913
0.04673
0.01582
0.01615
0.01613
0.016
0.0161
0.01602
0.01626
0.01599
0.01612
0.01615
0.01603
0.01617
0.0162
0.01623
0.04677
0.01622
0.01622
0.01616
0.04674
0.01627
0.03147
0.1194
0.03148
0.01624
0.03147
0.03148
0.04677
0.04677
0.04675
0.12435
0.25945
0.09426
0.08379
0.04673
0.09425
0.01605
0.01593
0.01608
0.01575
0.01612
0.01606
0.01571
0.01627
0.016
0.01612
0.03148
0.01618
0.01595
0.01619
0.01625
0.03148
0.0162
0.01619
0.01618
0.03148
0.01623
0.03148
0.01627
0.0264
0.03148
0.06286
0.30685
0.06286
0.71923
0.12437
0.01599
0.0157
0.01606
0.01572
0.01616
0.01612
0.04675
0.03147
0.0264
0.03147
0.03147
0.0264
0.03147
0.03148
0.01622
0.01624
0.29618
0.07913
0.04675
0.03148
0.04675
0.09934
0.07913
0.12434
0.03149
0.08921
0.12437
0.09426
0.04677
0.12435
0.01577
0.00532
0.01572
0.01573
0.01611
0.01615
0.01625
0.0162
0.03148
0.01618
0.04675
0.01611
0.01622
0.04674
0.01621
0.04673
0.01618
0.03147
0.03147
0.03147
0.03148
0.03148
0.04674
0.04676
0.04675
0.12435
0.09425
0.05748
0.06828
0.01624
0.01623
0.04674
0.12434
0.01621
0.0162
0.01599
0.01621
0.01624
0.01613
0.01618
0.04675
0.01613
0.01613
0.04675
0.04676
0.01627
0.03147
0.03147
0.03148
0.03148
0.03147
0.04167
0.03148
0.12435
0.03147
0.89029
0.09425
0.06286
0.32263
0.01624
0.04677
0.12434
0.71921
0.10441
0.29079
0.12432
0.2648
0.01599
0.01573
0.01623
0.01615
0.01614
0.01609
0.0162
0.04674
0.03146
0.03147
0.01618
0.01627
0.03147
0.03148
0.01615
0.01622
0.01622
0.03147
0.27986
0.89028
0.12435
0.08921
0.26484
0.04676
0.28529
0.1243
0.67446
0.25398
0.01576
0.01602
0.01574
0.01624
0.01625
0.01616
0.01617
0.01626
0.18908
0.06719
0.01596
0.03146
0.13049
0.04676
0.03147
0.03147
0.04167
0.01606
0.03148
0.01624
0.03148
0.12437
0.04677
0.12436
0.04674
0.04676
0.05211
0.04674
0.04674
0.09426
0.12436
0.64941
0.04674
0.24862
0.01575
0.0161
0.01576
0.01624
0.03147
0.01614
0.01614
0.01613
0.01608
0.01617
0.01626
0.01615
0.03148
0.03148
0.03148
0.03148
0.89031
0.03658
0.04168
0.89034
0.03659
0.04673
0.07874
0.11941
0.10938
0.07912
0.323
0.04674
0.12431
0.04677
0.12431
0.13464
0.19999
0.02108
0.01576
0.01577
0.01603
0.01609
0.01617
0.01619
0.01618
0.03148
0.01615
0.09418
0.0161
0.02134
0.04676
0.03147
0.01601
0.49219
0.12437
0.08921
0.10441
0.12434
0.04675
0.20313
0.04677
0.1243
0.05177
0.3126
0.0264
0.01602
0.01609
0.01611
0.01607
0.01622
0.01599
0.0161
0.03149
0.01628
0.04168
0.03147
0.03147
0.8903
0.03146
0.03148
0.03657
0.04675
0.04167
0.11941
0.09421
0.09419
0.04675
0.53563
0.06828
0.19096
0.8903
0.12434
0.43342
0.22152
0.20315
0.29071
0.28523
0.01617
0.07798
0.07797
0.01617
0.0161
0.01619
0.01622
0.03659
0.12433
0.03147
0.04675
0.04675
0.04675
0.59648
0.04673
0.18911
0.08883
0.06286
0.09425
0.09425
0.09425
0.1043
0.05211
0.09425
0.72458
0.12434
0.12435
0.12431
0.24371
0.13504
0.1243
0.26977
0.26475
0.29619
0.29621
0.01622
0.01612
0.01616
0.01622
0.07796
0.04672
0.04675
0.03147
0.04674
0.20582
0.09934
0.12435
0.12432
0.27533
0.14953
0.29623
0.29616
0.25941
0.01604
0.06187
0.01619
0.01618
0.01607
0.01612
0.01611
0.01624
0.04675
0.04673
0.05681
0.0993
0.04673
0.45461
0.45459
0.12433
0.04674
0.41697
0.04673
0.29617
0.30672
0.3118
0.36529
0.43328
0.01616
0.01618
0.01615
0.03148
0.04674
0.01612
0.0161
0.01617
0.01622
0.01619
0.89031
0.04676
0.04674
0.04674
0.01627
0.04674
0.04672
0.2001
0.03658
0.73457
0.72448
0.03147
0.12433
0.09425
0.59045
0.37519
0.12435
0.16208
0.12432
0.04673
0.29094
0.41792
0.32235
0.37581
0.01619
0.01627
0.01609
0.03148
0.01619
0.01607
0.01615
0.01613
0.03148
0.04678
0.03148
0.01611
0.03148
0.14052
0.01621
0.04673
0.03148
0.04673
0.72458
0.07798
0.70946
0.06756
0.08883
0.06286
0.12434
0.12433
0.81609
0.03147
0.79773
0.11445
0.09425
0.10441
0.12434
0.15119
0.33849
0.3169
0.05748
0.25408
0.03659
0.12433
0.16396
0.3279
0.29616
0.36984
0.40156
0.44931
0.3758
0.27488
0.01621
0.01626
0.01594
0.01602
0.39059
0.04673
0.04673
0.01623
0.19465
0.01628
0.81041
0.15662
0.08881
0.10441
0.03146
0.02134
0.04677
0.12433
0.09422
0.25392
0.412
0.31182
0.4546
0.45455
0.32795
0.8903
0.44911
0.08921
0.32261
0.0162
0.01607
0.01622
0.03148
0.07256
0.0161
0.04674
0.23876
0.04674
0.01622
0.04677
0.03148
0.03146
0.71457
0.12432
0.03659
0.12433
0.1243
0.09933
0.04672
0.1243
0.12926
0.89006
0.40708
0.412
0.24048
0.0162
0.04673
0.04165
0.03148
0.22574
0.07797
0.86871
0.03148
0.73476
0.11443
0.04675
0.04675
0.1044
0.65602
0.23787
0.03149
0.44922
0.45465
0.37583
0.0888
0.40684
0.32778
0.44372
0.39609
0.45464
0.77544
0.50224
0.48679
0.69956
0.73955
0.08879
0.04672
0.09423
0.53462
0.25951
0.65454
0.03148
0.03147
0.06756
0.18913
0.18916
0.06721
0.11437
0.12433
0.12434
0.03147
0.12433
0.03147
0.31694
0.09423
0.04675
0.09423
0.31693
0.3906
0.40708
0.84823
0.50774
0.87458
0.69431
0.10492
0.18916
0.01604
0.03148
0.69435
0.04674
0.18917
0.40686
0.03146
0.04671
0.04674
0.04674
0.12968
0.18909
0.12435
0.12434
0.12433
0.03146
0.12434
0.16745
0.12433
0.37584
0.51887
0.51876
0.51882
0.6893
0.51882
0.12647
0.03147
0.04673
0.05211
0.01625
0.03148
0.03148
0.01617
0.01619
0.19912
0.70928
0.46557
0.12437
0.76125
0.37508
0.08335
0.18916
0.18917
0.37528
0.09426
0.12433
0.32239
0.48129
0.16167
0.89003
0.04678
0.07796
0.10931
0.32779
0.51362
0.51878
0.51886
0.51877
0.57996
0.84896
0.51872
0.03148
0.04674
0.47104
0.05714
0.01623
0.03146
0.26448
0.84381
0.42339
0.0942
0.42789
0.3906
0.30133
0.59052
0.88997
0.64547
0.50773
0.51884
0.03148
0.03146
0.04675
0.01621
0.03147
0.01623
0.05178
0.0264
0.03146
0.01626
0.01619
0.07799
0.10495
0.03147
0.03147
0.18916
0.88974
0.30129
0.09423
0.1892
0.1621
0.24873
0.17382
0.1243
0.33331
0.4542
0.85888
0.40707
0.88924
0.48605
0.89026
0.69939
0.62052
0.89024
0.65152
0.45464
0.45468
0.03146
0.09955
0.17116
0.5027
0.13424
0.07794
0.03147
0.09929
0.11036
0.09419
0.18914
0.18913
0.12432
0.12433
0.04676
0.42743
0.48605
0.48605
0.89024
0.61076
0.88996
0.81048
0.64202
0.66429
0.53436
0.88999
0.508
0.80553
0.70463
0.04674
0.09419
0.01621
0.04673
0.07794
0.03147
0.04674
0.20514
0.01616
0.18907
0.01627
0.20897
0.19908
0.20897
0.24874
0.09424
0.3175
0.40706
0.39572
0.37581
0.41251
0.72948
0.84332
0.84328
0.88846
0.51342
0.69433
0.81862
0.68921
0.49223
0.89017
0.09419
0.04674
0.03148
0.04675
0.12431
0.01621
0.09424
0.03148
0.03147
0.03147
0.09424
0.52427
0.03146
0.88982
0.49714
0.28569
0.21898
0.09424
0.11936
0.41793
0.75517
0.73465
0.47103
0.49222
0.74446
0.89004
0.45465
0.06185
0.09421
0.03658
0.03148
0.04676
0.01621
0.01614
0.03148
0.06183
0.03146
0.01627
0.02134
0.18917
0.18913
0.18914
0.39118
0.39665
0.89013
0.88998
0.09424
0.4546
0.35446
0.74019
0.40147
0.84401
0.52942
0.5026
0.50258
0.5188
0.88516
0.52446
0.88999
0.89012
0.77604
0.53568
0.54053
0.7648
0.03148
0.09419
0.09421
0.03147
0.03147
0.03146
0.2487
0.04674
0.01627
0.03148
0.41701
0.31178
0.09423
0.12434
0.07258
0.45471
0.56898
0.41203
0.834
0.88935
0.66356
0.54487
0.7692
0.72949
0.88978
0.67921
0.89008
0.02134
0.03148
0.08878
0.05176
0.03146
0.03147
0.18917
0.37526
0.04674
0.1891
0.01623
0.88975
0.26535
0.24051
0.39056
0.39059
0.11442
0.3906
0.12431
0.40157
0.12431
0.89018
0.89017
0.88991
0.48102
0.6333
0.51854
0.3278
0.50259
0.41202
0.63888
0.73462
0.88988
0.86843
0.41208
0.57571
0.65596
0.84865
0.45465
0.8436
0.88983
0.89001
0.89008
0.06184
0.01617
0.03148
0.03147
0.88998
0.03148
0.88979
0.31176
0.39057
0.18914
0.43278
0.89025
0.75133
0.40708
0.47141
0.41795
0.43336
0.54971
0.61134
0.68417
0.88747
0.88989
0.79092
0.869
0.89017
0.88983
0.75576
0.89003
0.88997
0.86891
0.89012
0.88996
0.8688
0.04671
0.10949
0.09421
0.06183
0.03146
0.09418
0.87435
0.04672
0.88982
0.24376
0.65917
0.37006
0.40679
0.51855
0.53497
0.38025
0.5554
0.60143
0.70428
0.48614
0.5189
0.89014
0.63887
0.35485
0.40701
0.69912
0.66427
0.57571
0.68926
0.77105
0.8901
0.88985
0.8899
0.88976
0.88977
0.26981
0.04672
0.01628
0.10949
0.06185
0.01616
0.06828
0.38083
0.09419
0.01624
0.04675
0.42179
0.05175
0.88986
0.32254
0.45471
0.35911
0.43835
0.49709
0.50256
0.3906
0.62227
0.6168
0.49728
0.64555
0.88994
0.88874
0.88981
0.86859
0.89011
0.88978
0.03146
0.05211
0.2338
0.88991
0.01624
0.64437
0.08877
0.03148
0.18916
0.39053
0.55047
0.45483
0.61676
0.45434
0.51306
0.6993
0.88977
0.67916
0.41253
0.4071
0.50222
0.69418
0.74019
0.82242
0.88857
0.86918
0.40709
0.71461
0.73462
0.70464
0.86875
0.82726
0.89006
0.86378
0.88995
0.88999
0.89001
0.88976
0.89011
0.85352
0.89009
0.27485
0.03148
0.03146
0.30644
0.34396
0.18918
0.09426
0.0942
0.27523
0.03148
0.01628
0.1392
0.27697
0.48067
0.43839
0.52361
0.51346
0.63886
0.62673
0.73464
0.21565
0.64945
0.88969
0.4071
0.89008
0.89031
0.88942
0.89023
0.88992
0.88988
0.88978
0.88985
0.05748
0.07794
0.12968
0.34896
0.09425
0.18914
0.04676
0.0672
0.08341
0.41177
0.49623
0.28594
0.35945
0.30719
0.46516
0.53413
0.59644
0.60635
0.54605
0.5189
0.5188
0.7457
0.89013
0.89016
0.81752
0.89018
0.88985
0.89012
0.8901
0.88878
0.01625
0.25412
0.03147
0.18912
0.4547
0.29079
0.88971
0.03147
0.03148
0.43828
0.3917
0.35946
0.54493
0.58059
0.6009
0.6444
0.64441
0.67918
0.53565
0.83415
0.4234
0.82798
0.41207
0.89008
0.65148
0.51885
0.89012
0.89018
0.85365
0.89029
0.88996
0.88986
0.88975
0.88972
0.8899
0.01624
0.03146
0.24873
0.31196
0.29628
0.88956
0.50818
0.28033
0.89
0.02135
0.21059
0.65917
0.45487
0.04673
0.44929
0.40677
0.48079
0.59592
0.63872
0.61683
0.63336
0.63322
0.64438
0.70937
0.51877
0.89012
0.7957
0.89015
0.52445
0.89019
0.89016
0.61614
0.68936
0.88606
0.88945
0.88974
0.8898
0.88995
0.88977
0.88965
0.88972
0.88973
0.28528
0.28524
0.01625
0.88964
0.88568
0.8896
0.39634
0.22386
0.03148
0.46546
0.64425
0.49235
0.62763
0.65435
0.65934
0.88907
0.31756
0.47606
0.89
0.52448
0.79789
0.89006
0.75435
0.89015
0.89014
0.89008
0.88997
0.88828
0.88983
0.88986
0.88978
0.88636
0.88971
0.89545
0.31746
0.23386
0.39062
0.06719
0.12432
0.03148
0.14589
0.89008
0.73957
0.61136
0.46011
0.5188
0.65936
0.64437
0.11439
0.70418
0.72461
0.71913
0.70913
0.47606
0.8902
0.89013
0.84889
0.89004
0.60626
0.89026
0.89021
0.89033
0.89025
0.88975
0.10441
0.29077
0.29625
0.1891
0.03147
0.01627
0.34348
0.16205
0.03148
0.27476
0.39169
0.40708
0.45489
0.51882
0.34828
0.67425
0.46595
0.74568
0.81315
0.8902
0.89008
0.89011
0.89001
0.88995
0.40678
0.89007
0.88981
0.88967
0.89
0.89002
0.89026
0.88946
0.89029
0.88983
0.88971
0.88973
0.88968
0.15656
0.18912
0.38066
0.41678
0.22886
0.2541
0.89021
0.89003
0.04675
0.89006
0.12432
0.09425
0.4863
0.18907
0.64446
0.60078
0.64444
0.64943
0.79749
0.67429
0.88977
0.70478
0.76556
0.88857
0.84333
0.83783
0.76621
0.7861
0.88983
0.88978
0.88977
0.89
0.70459
0.89012
0.88937
0.8898
0.89025
0.88976
0.88985
0.89029
0.88963
0.18913
0.18914
0.18921
0.08883
0.15124
0.15124
0.25412
0.38131
0.4334
0.65922
0.38008
0.79258
0.76227
0.8131
0.82306
0.8902
0.89018
0.81195
0.86367
0.88911
0.88937
0.8692
0.89014
0.89013
0.89011
0.55041
0.89013
0.89007
0.89015
0.89002
0.8902
0.88985
0.89003
0.88973
0.89033
0.88982
0.8897
0.88959
0.88962
0.25949
0.1892
0.39612
0.19414
0.21568
0.88977
0.30604
0.34287
0.18915
0.83259
0.42334
0.35946
0.38025
0.44923
0.79752
0.70421
0.77242
0.75639
0.67415
0.79751
0.81294
0.87418
0.89018
0.89018
0.89009
0.89016
0.88864
0.89013
0.8901
0.89023
0.86822
0.89011
0.8895
0.89004
0.8897
0.89033
0.88963
0.57127
0.17829
0.58546
0.6064
0.15748
0.59598
0.36987
0.39134
0.88993
0.49726
0.40707
0.37588
0.32798
0.45487
0.22388
0.39056
0.58545
0.6692
0.89013
0.88978
0.89017
0.8902
0.89012
0.89002
0.88923
0.53563
0.89004
0.88999
0.88675
0.88999
0.89008
0.89032
0.89031
0.88953
0.89007
0.67423
0.89006
0.89033
0.88992
0.88996
0.89022
0.88955
0.88949
0.39064
0.60692
0.38626
0.27984
0.67425
0.89
0.6442
0.89015
0.69442
0.77675
0.34829
0.71951
0.84898
0.40686
0.89016
0.89033
0.8901
0.88978
0.89014
0.89002
0.89031
0.89004
0.88996
0.89
0.88988
0.89033
0.88995
0.88961
0.88948
0.42333
0.25939
0.88998
0.63331
0.19418
0.89012
0.79589
0.78725
0.80788
0.71923
0.89033
0.89033
0.89034
0.89012
0.64602
0.81043
0.88992
0.89012
0.89012
0.88993
0.89018
0.89015
0.88963
0.88981
0.89014
0.89006
0.88989
0.88708
0.88996
0.88997
0.88939
0.88865
0.88944
0.88952
0.88864
0.8894
0.8893
0.8899
0.49624
0.80576
0.73468
0.75711
0.82864
0.89034
0.89006
0.89008
0.89013
0.6742
0.88999
0.75075
0.89007
0.89017
0.66432
0.89031
0.88965
0.88942
0.88998
0.89008
0.89004
0.88963
0.88958
0.88959
0.8903
0.86832
0.88962
0.88928
0.88917
0.88917
0.2907
0.88997
0.88997
0.30717
0.84324
0.37586
0.36419
0.24929
0.21401
0.67419
0.88981
0.73966
0.40705
0.6223
0.88974
0.64952
0.89012
0.89001
0.75222
0.89006
0.78112
0.89019
0.88981
0.8901
0.88961
0.88947
0.88555
0.88998
0.89008
0.88991
0.81327
0.89004
0.88885
0.88967
0.89006
0.88968
0.8897
0.88997
0.89034
0.89034
0.8898
0.8893
0.88917
0.8891
0.89416
0.88911
0.88841
0.5188
0.82815
0.89005
0.23877
0.65448
0.88505
0.18367
0.88996
0.58112
0.89001
0.89004
0.88961
0.89029
0.82802
0.88984
0.88955
0.89001
0.88996
0.8848
0.88981
0.88958
0.88941
0.89411
0.88891
0.8891
0.88883
0.88711
0.88772
0.88939
0.88822
0.88926
0.88825
0.88854
0.8886
0.88857
0.88757
0.88911
0.88893
0.8873
0.33792
0.53385
0.18913
0.8897
0.89012
0.31183
0.33291
0.39054
0.89009
0.1891
0.88995
0.89008
0.88479
0.89032
0.89002
0.88999
0.66931
0.4659
0.8898
0.88972
0.88976
0.89007
0.89022
0.56414
0.86375
0.8903
0.88929
0.88937
0.8899
0.88982
0.8897
0.88905
0.89467
0.88878
0.88878
0.88833
0.88686
0.88696
0.88685
0.88745
0.88889
0.88661
0.88907
0.89374
0.88823
0.88812
0.88817
0.88839
0.88779
0.88868
0.88794
0.88771
0.88757
0.8686
0.88725
0.88718
0.88884
0.88869
0.8861
0.88675
0.8668
0.89015
0.64428
0.27583
0.42338
0.70936
0.42746
0.25162
0.09422
0.64418
0.34292
0.6387
0.16746
0.88995
0.89
0.89004
0.88982
0.88967
0.88961
0.89
0.88946
0.89002
0.57619
0.89028
0.89017
0.88988
0.88981
0.88938
0.89004
0.88913
0.88935
0.88889
0.89483
0.88889
0.88865
0.88893
0.88939
0.88847
0.8878
0.86456
0.8861
0.88824
0.88595
0.88875
0.88845
0.88721
0.50338
0.38578
0.65433
0.51874
0.4818
0.88981
0.35368
0.09422
0.68441
0.64924
0.4016
0.18914
0.64931
0.07796
0.88985
0.88996
0.88989
0.73477
0.25429
0.4548
0.89002
0.81606
0.89005
0.88989
0.45487
0.8899
0.88973
0.89033
0.88973
0.88974
0.88946
0.88962
0.88998
0.88931
0.88927
0.89001
0.88877
0.88897
0.88807
0.88831
0.88795
0.88931
0.88686
0.88629
0.88936
0.86596
0.886
0.89034
0.18917
0.09424
0.88996
0.88966
0.88999
0.85839
0.88958
0.89001
0.88945
0.88993
0.88924
0.88948
0.61734
0.6445
0.89
0.88798
0.88913
0.88919
0.88875
0.88889
0.88793
0.88926
0.88923
0.88891
0.86573
0.88894
0.31179
0.88993
0.43277
0.29629
0.47575
0.8895
0.89015
0.39599
0.79502
0.09422
0.09421
0.89001
0.89031
0.89033
0.67419
0.88966
0.45479
0.88995
0.89025
0.89
0.88998
0.88941
0.88987
0.88988
0.88933
0.88933
0.88924
0.88913
0.86559
0.88878
0.86829
0.88778
0.88631
0.88984
0.41781
0.88985
0.89022
0.61677
0.89028
0.65921
0.66418
0.55097
0.88988
0.89002
0.88999
0.89031
0.89027
0.88952
0.89012
0.63892
0.88968
0.88962
0.89031
0.88801
0.88946
0.88916
0.88852
0.88867
0.88982
0.86729
0.86606
0.88808
0.88786
0.86836
0.86617
0.88772
0.88922
0.88923
0.86421
0.88629
0.86634
0.86736
0.88672
0.88666
0.86739
0.86775
0.88997
0.88995
0.88978
0.39058
0.88987
0.89024
0.89032
0.89022
0.89001
0.89024
0.8901
0.88622
0.89
0.88989
0.88988
0.88981
0.88951
0.88479
0.88889
0.88871
0.88951
0.88874
0.88914
0.88704
0.88973
0.88979
0.86578
0.86479
0.89031
0.17289
0.88981
0.89021
0.89026
0.89008
0.89016
0.57991
0.88988
0.89033
0.74608
0.89017
0.8898
0.88611
0.88999
0.89
0.88984
0.63332
0.88849
0.40682
0.88944
0.8896
0.88941
0.889
0.89019
0.8883
0.88782
0.88865
0.88876
0.88805
0.88679
0.86656
0.88707
0.88724
0.88933
0.86832
0.86848
0.88702
0.88712
0.88759
0.88941
0.89008
0.89002
0.1891
0.89027
0.18915
0.89028
0.88982
0.89034
0.88989
0.8898
0.80816
0.88601
0.89014
0.8897
0.88848
0.8857
0.88971
0.88932
0.88914
0.88916
0.88848
0.88836
0.88896
0.88858
0.89307
0.88887
0.88612
0.88891
0.86807
0.868
0.88733
0.86693
0.1891
0.2055
0.89
0.88976
0.21566
0.88999
0.89012
0.88985
0.89034
0.88994
0.88984
0.89021
0.88985
0.88996
0.88995
0.88973
0.88981
0.8897
0.88999
0.88996
0.88986
0.88985
0.8898
0.89017
0.89034
0.88946
0.88947
0.88942
0.89031
0.88915
0.89033
0.89022
0.88895
0.88847
0.88983
0.88731
0.88994
0.88733
0.86724
0.88773
0.87474
0.88923
0.86792
0.88969
0.88561
0.66426
0.89023
0.89005
0.88971
0.88976
0.88978
0.6644
0.88984
0.88994
0.88986
0.89022
0.88934
0.88932
0.88032
0.88855
0.88838
0.88849
0.8887
0.88824
0.88715
0.88731
0.86715
0.88855
0.88781
0.88836
0.88836
0.86553
0.86882
0.86514
0.88989
0.89021
0.88988
0.88981
0.89006
0.88986
0.8899
0.88983
0.50262
0.88979
0.88664
0.8897
0.53564
0.86843
0.63889
0.64451
0.89
0.8896
0.88855
0.88963
0.89012
0.89034
0.89018
0.88964
0.88896
0.88805
0.88814
0.88839
0.88987
0.88888
0.88838
0.88778
0.88837
0.8884
0.88913
0.88841
0.88952
0.88908
0.88759
0.88812
0.888
0.88822
0.88918
0.88849
0.86753
0.88623
0.8883
0.88669
0.86357
0.86783
0.88627
0.86792
0.89015
0.89033
0.89028
0.2106
0.88971
0.88974
0.8899
0.88963
0.88965
0.88952
0.88957
0.88962
0.88759
0.88918
0.4328
0.44926
0.88697
0.88838
0.88841
0.8889
0.88666
0.88905
0.88566
0.88943
0.88947
0.88977
0.88614
0.88844
0.88909
0.88992
0.84364
0.88889
0.88993
0.88996
0.89013
0.89011
0.89006
0.88965
0.87522
0.50259
0.88989
0.88959
0.89014
0.8885
0.8878
0.8876
0.88856
0.88902
0.44377
0.88902
0.88924
0.88701
0.88576
0.88677
0.88863
0.88768
0.8875
0.88938
0.86495
0.8656
0.86652
0.8902
0.89008
0.89008
0.88985
0.88511
0.89002
0.89004
0.61122
0.88952
0.86813
0.88809
0.76706
0.8881
0.88833
0.8895
0.88849
0.88871
0.88908
0.88788
0.86452
0.88765
0.88727
0.88699
0.88812
0.88721
0.88799
0.86772
0.86717
0.88743
0.86639
0.86733
0.86563
0.62218
0.89001
0.85433
0.88964
0.88998
0.42734
0.80781
0.88977
0.88983
0.88955
0.88928
0.72442
0.88985
0.88896
0.88808
0.88997
0.88832
0.88858
0.88809
0.88926
0.88853
0.88848
0.88788
0.88818
0.88872
0.8867
0.88996
0.88789
0.86558
0.88874
0.87307
0.86666
0.86658
0.88795
0.88756
0.86771
0.8649
0.89003
0.89008
0.88998
0.889
0.89016
0.8897
0.88977
0.89023
0.88974
0.88988
0.86783
0.88948
0.88929
0.89024
0.88966
0.89026
0.88824
0.88824
0.89034
0.8891
0.88866
0.88916
0.88887
0.88904
0.88964
0.8655
0.88965
0.88915
0.86369
0.86719
0.88652
0.86681
0.88641
0.86661
0.86388
0.86408
0.89001
0.68932
0.88973
0.89007
0.88994
0.89012
0.89005
0.88961
0.69523
0.89027
0.88611
0.88925
0.87034
0.88887
0.88769
0.88982
0.8886
0.88946
0.88878
0.88923
0.88861
0.88835
0.88913
0.88853
0.88831
0.89192
0.88815
0.88832
0.88668
0.86825
0.88982
0.8891
0.86795
0.86642
0.86611
0.86568
0.8899
0.88977
0.89005
0.89028
0.88976
0.8888
0.88884
0.8903
0.88924
0.88923
0.74527
0.889
0.88945
0.88651
0.88852
0.88717
0.88829
0.8886
0.88861
0.88844
0.88904
0.86475
0.88727
0.86588
0.86659
0.88734
0.8672
0.86763
0.866
0.8799
0.86883
0.86407
0.86521
0.88984
0.88991
0.88991
0.88989
0.88967
0.89002
0.88981
0.88975
0.88861
0.89024
0.89031
0.89
0.8891
0.88833
0.88914
0.89033
0.88894
0.88878
0.88858
0.88798
0.88908
0.88909
0.88841
0.86683
0.88653
0.88695
0.86662
0.88833
0.86763
0.86832
0.86696
0.86675
0.89006
0.88986
0.88951
0.77201
0.88981
0.88895
0.8885
0.89034
0.88999
0.88802
0.88865
0.88846
0.88761
0.88969
0.88889
0.86792
0.88863
0.88866
0.86397
0.86822
0.88844
0.86358
0.86796
0.88952
0.86522
0.88953
0.88985
0.88974
0.88983
0.89014
0.89013
0.88876
0.88921
0.89004
0.89017
0.89007
0.88717
0.86694
0.88844
0.88679
0.88715
0.86545
0.88819
0.86773
0.8647
0.88776
0.86628
0.86805
0.86764
0.86518
0.86575
0.88988
0.88991
0.51921
0.88983
0.88987
0.88969
0.89004
0.88984
0.88949
0.88975
0.86792
0.88711
0.88958
0.88991
0.88961
0.8889
0.88889
0.88789
0.88962
0.88818
0.88836
0.88836
0.88835
0.88923
0.88854
0.88999
0.88793
0.88988
0.88745
0.88989
0.88796
0.88827
0.888
0.86668
0.86802
0.86888
0.86544
0.86588
0.87019
0.88989
0.88989
0.88997
0.88996
0.88987
0.8902
0.89015
0.89019
0.8895
0.88943
0.88991
0.86772
0.88965
0.88926
0.88989
0.88788
0.8883
0.88901
0.88936
0.88579
0.88787
0.88743
0.8896
0.88914
0.88794
0.8886
0.88811
0.86644
0.865
0.88907
0.89013
0.8895
0.88969
0.88942
0.88987
0.88874
0.89015
0.88965
0.88974
0.8897
0.86742
0.88975
0.89001
0.88921
0.88931
0.88955
0.88955
0.88841
0.8889
0.88916
0.89022
0.88892
0.88935
0.88955
0.88796
0.88855
0.88861
0.88934
0.88928
0.88815
0.88783
0.88717
0.89003
0.88953
0.88867
0.86756
0.8874
0.86654
0.88788
0.8648
0.86662
0.88857
0.86355
0.87063
0.8656
0.86563
0.86567
0.86586
0.88948
0.88981
0.88915
0.88931
0.88986
0.8897
0.88871
0.889
0.89001
0.88902
0.88956
0.88962
0.8876
0.88805
0.88784
0.88905
0.88711
0.86796
0.86607
0.88758
0.88746
0.86459
0.86531
0.86475
0.8898
0.88951
0.88995
0.88822
0.88845
0.889
0.88969
0.88945
0.88832
0.88925
0.88934
0.88933
0.8892
0.8892
0.88931
0.89012
0.88863
0.88963
0.88975
0.88903
0.88912
0.88863
0.88704
0.88754
0.86827
0.88861
0.86612
0.88931
0.86694
0.88672
0.86511
0.86871
0.86479
0.86802
0.86474
0.86443
0.88949
0.88935
0.88971
0.88978
0.88993
0.88759
0.88667
0.88784
0.88917
0.88733
0.88674
0.8895
0.88923
0.88943
0.88949
0.88897
0.88581
0.88992
0.88953
0.88905
0.88913
0.89016
0.88987
0.88948
0.8686
0.88853
0.88946
0.88998
0.88883
0.89003
0.8864
0.88808
0.88881
0.88983
0.88905
0.88817
0.8885
0.88673
0.8675
0.88619
0.86721
0.86653
0.88673
0.88808
0.86617
0.86337
0.87452
0.86355
0.86823
0.8702
0.88985
0.8896
0.88969
0.88995
0.88967
0.88819
0.89003
0.89019
0.88969
0.88721
0.88948
0.8864
0.88641
0.88868
0.8881
0.88925
0.88901
0.88944
0.88974
0.88774
0.88979
0.86816
0.88721
0.86729
0.88758
0.88781
0.88578
0.88868
0.88931
0.88973
0.88764
0.88901
0.86615
0.88612
0.86362
0.87413
0.86359
0.86506
0.8648
0.86796
0.89011
0.88994
0.89007
0.8899
0.89001
0.88982
0.88785
0.88692
0.88974
0.88881
0.8661
0.88973
0.86353
0.88939
0.88944
0.88992
0.88945
0.88894
0.88801
0.88975
0.88938
0.88815
0.88753
0.88667
0.8896
0.88759
0.88704
0.86806
0.86497
0.86348
0.86533
0.88999
0.88987
0.8889
0.88721
0.88993
0.88845
0.88942
0.88925
0.88802
0.88756
0.88932
0.88029
0.86818
0.86738
0.86702
0.88914
0.86759
0.8637
0.86616
0.86575
0.868
0.86755
0.86527
0.86451
0.86416
0.88973
0.88986
0.88929
0.88965
0.8872
0.88817
0.88856
0.88924
0.88987
0.88979
0.86661
0.88555
0.89
0.88919
0.88963
0.86827
0.87973
0.86358
0.86837
0.86647
0.86549
0.86717
0.86641
0.89272
0.86462
0.88921
0.88957
0.8901
0.88982
0.8901
0.88993
0.89024
0.88571
0.88726
0.88718
0.88979
0.8879
0.88735
0.88828
0.88923
0.88626
0.88639
0.86433
0.88674
0.86577
0.86381
0.86717
0.88957
0.88944
0.88908
0.88799
0.89008
0.89022
0.88862
0.88867
0.88836
0.88774
0.88801
0.86628
0.88755
0.86687
0.88728
0.87996
0.88654
0.87449
0.88021
0.86754
0.86753
0.86497
0.88601
0.86615
0.8685
0.86306
0.86608
0.86732
0.88857
0.88849
0.88958
0.88948
0.88967
0.88947
0.88825
0.88994
0.88736
0.88719
0.86552
0.86643
0.88947
0.86686
0.89029
0.88758
0.88692
0.88693
0.87424
0.86829
0.86768
0.86359
0.86745
0.8664
0.86518
0.86408
0.88636
0.86345
0.86401
0.86508
0.86663
0.86519
0.86695
0.86446
0.88951
0.88804
0.89003
0.89033
0.88689
0.88789
0.89026
0.86551
0.88816
0.88506
0.88784
0.88889
0.88828
0.86518
0.86517
0.8863
0.87987
0.86623
0.86559
0.86382
0.88779
0.86262
0.86654
0.86427
0.88615
0.86499
0.86645
0.86666
0.88892
0.8889
0.89026
0.88682
0.79261
0.88912
0.86549
0.88701
0.87355
0.88657
0.89007
0.8902
0.88963
0.88918
0.89018
0.88775
0.88831
0.8872
0.88698
0.86771
0.86798
0.88805
0.86566
0.86757
0.86332
0.86658
0.86781
0.86686
0.86633
0.86524
0.8628
0.86349
0.86376
0.86378
0.88866
0.88967
0.89024
0.88623
0.88772
0.89018
0.88781
0.88833
0.88688
0.88882
0.89008
0.8878
0.88906
0.89024
0.88674
0.88647
0.86421
0.86719
0.88622
0.86643
0.86625
0.88632
0.86657
0.8674
0.88928
0.88971
0.8897
0.88948
0.88758
0.88496
0.88965
0.88762
0.89025
0.88941
0.88886
0.8865
0.8676
0.88666
0.86524
0.86655
0.86765
0.86354
0.86547
0.8654
0.86574
0.89003
0.88928
0.88966
0.88885
0.89034
0.88772
0.88703
0.88461
0.88689
0.8889
0.89027
0.89017
0.88649
0.88687
0.8656
0.89324
0.88692
0.88601
0.86519
0.86527
0.86526
0.8663
0.88626
0.88676
0.86632
0.86704
0.86311
0.86932
0.86459
0.8649
0.86378
0.88909
0.89023
0.89032
0.88889
0.88835
0.88944
0.88646
0.88867
0.88883
0.88606
0.88732
0.88723
0.88617
0.86709
0.8683
0.86834
0.86522
0.86828
0.8637
0.86865
0.86455
0.86506
0.86503
0.86315
0.86559
0.88821
0.8885
0.88819
0.86583
0.88892
0.89005
0.88581
0.88731
0.88626
0.88604
0.86369
0.86825
0.8663
0.86358
0.86407
0.8641
0.86685
0.86567
0.86341
0.88898
0.8878
0.89025
0.86623
0.88858
0.88865
0.86832
0.86799
0.88547
0.88908
0.8865
0.88554
0.86821
0.86725
0.88649
0.88609
0.86863
0.86628
0.86855
0.86436
0.86589
0.86377
0.86595
0.86412
0.86379
0.86288
0.88891
0.88799
0.88794
0.89031
0.86608
0.89005
0.88922
0.88618
0.88869
0.88467
0.88744
0.88861
0.86615
0.86478
0.86589
0.86526
0.8643
0.86287
0.86384
0.8627
0.88851
0.8903
0.89026
0.87355
0.88836
0.88751
0.88576
0.89016
0.88876
0.88644
0.88683
0.88624
0.88759
0.88501
0.886
0.88739
0.86524
0.88553
0.86509
0.86299
0.86504
0.86403
0.86291
0.86349
0.88888
0.88874
0.88839
0.88581
0.89031
0.88844
0.88641
0.88704
0.88838
0.88623
0.87442
0.88464
0.88518
0.86577
0.86629
0.86857
0.8657
0.86348
0.86643
0.86361
0.8643
0.86512
0.86355
0.86399
0.86347
0.8629
0.86321
0.86314
0.86283
0.88865
0.88643
0.89032
0.8903
0.88825
0.88736
0.88474
0.88827
0.89026
0.8661
0.88892
0.8889
0.88718
0.86491
0.86607
0.88683
0.88637
0.88668
0.8669
0.88865
0.87313
0.86488
0.86483
0.86458
0.8637
0.86492
0.86467
0.86362
0.86282
0.88634
0.88898
0.88704
0.88705
0.86503
0.88714
0.86606
0.88862
0.88597
0.86616
0.86631
0.86696
0.8665
0.86613
0.86523
0.86322
0.86353
0.86538
0.86593
0.86261
0.86457
0.88952
0.8872
0.88622
0.8872
0.88736
0.86435
0.88631
0.88513
0.88765
0.88523
0.88682
0.88855
0.8684
0.86629
0.88891
0.88545
0.8876
0.88737
0.8643
0.86731
0.86469
0.86361
0.86461
0.86536
0.86469
0.86521
0.86315
0.86278
0.86284
0.88811
0.89032
0.88734
0.88793
0.88514
0.88659
0.87327
0.8881
0.88741
0.88602
0.88505
0.86626
0.86652
0.8638
0.86354
0.86322
0.86361
0.86543
0.86542
0.86438
0.86264
0.86487
0.86254
0.86282
0.88924
0.88854
0.8872
0.89026
0.88912
0.88763
0.88807
0.88785
0.88887
0.88902
0.88614
0.86479
0.86872
0.86538
0.86424
0.86452
0.86514
0.88539
0.86502
0.86327
0.86302
0.86613
0.86529
0.8651
0.86266
0.88623
0.86331
0.86257
0.86274
0.88823
0.89015
0.88909
0.88763
0.8848
0.88489
0.88825
0.88654
0.86846
0.88561
0.86723
0.86287
0.86513
0.88478
0.86294
0.86303
0.86308
0.89032
0.88959
0.88815
0.89029
0.88784
0.88997
0.86511
0.89352
0.88805
0.88544
0.86508
0.8658
0.86536
0.86602
0.86506
0.86388
0.86495
0.8638
0.86609
0.86312
0.86382
0.89028
0.88944
0.88551
0.86781
0.86748
0.86717
0.88619
0.8642
0.86596
0.86746
0.87332
0.86397
0.8657
0.86429
0.86489
0.86267
0.86446
0.86341
0.86467
0.86545
0.86661
0.86399
0.86624
0.86249
0.86319
0.86292
0.89012
0.86718
0.86551
0.88777
0.86566
0.86703
0.86747
0.86679
0.86755
0.86751
0.86562
0.86483
0.86465
0.86412
0.86653
0.86516
0.87442
0.86269
0.86637
0.86271
0.86254
0.88987
0.86647
0.8852
0.86337
0.86589
0.86628
0.86254
0.86638
0.86456
0.86321
0.86326
0.86311
0.86292
0.86301
0.8626
0.86294
0.86308
0.88723
0.88596
0.86388
0.86267
0.86803
0.86504
0.86579
0.86436
0.86457
0.86398
0.86587
0.86244
0.86438
0.86493
0.86408
0.86559
0.86392
0.86519
0.8634
0.86469
0.86254
0.86291
0.88899
0.8737
0.86866
0.86819
0.86645
0.86475
0.86769
0.88616
0.86467
0.88673
0.86745
0.86699
0.86714
0.86547
0.86515
0.86332
0.86642
0.8642
0.86717
0.87384
0.8635
0.86469
0.86472
0.86478
0.86376
0.86554
0.86677
0.86375
0.86446
0.86403
0.87023
0.86676
0.86403
0.86264
0.89008
0.88758
0.88844
0.88842
0.88605
0.86608
0.86432
0.865
0.86619
0.86809
0.86604
0.86423
0.86631
0.8668
0.86483
0.86458
0.86384
0.86541
0.86563
0.86567
0.88683
0.86489
0.86422
0.86742
0.86478
0.86479
0.86549
0.86541
0.86603
0.8853
0.8651
0.86271
0.86528
0.86308
0.86331
0.86314
0.8869
0.88532
0.86592
0.8854
0.86649
0.88713
0.86662
0.86651
0.86576
0.86655
0.88642
0.88713
0.86505
0.86739
0.88485
0.8649
0.86527
0.8666
0.89299
0.86351
0.86467
0.86512
0.86313
0.86307
0.86297
0.86697
0.87907
0.86513
0.86337
0.86251
0.86343
0.86248
0.86524
0.86283
0.86578
0.86276
0.88877
0.88619
0.86469
0.86383
0.88611
0.86723
0.86851
0.86769
0.86475
0.86463
0.86599
0.86642
0.86326
0.86506
0.86483
0.86522
0.86289
0.86663
0.86532
0.86313
0.86264
0.8681
0.86307
0.86294
0.86857
0.86802
0.8855
0.86718
0.86652
0.86308
0.86458
0.88734
0.8659
0.86252
0.86672
0.86749
0.86676
0.86475
0.86273
0.86726
0.86261
0.86336
0.86287
0.88972
0.88947
0.87419
0.86812
0.8685
0.86693
0.88507
0.88889
0.86686
0.86738
0.86691
0.886
0.8663
0.86488
0.86278
0.86522
0.86648
0.86419
0.86732
0.86505
0.86273
0.8666
0.86281
0.86244
0.86454
0.86263
0.86275
0.86277
0.86307
0.86292
0.86858
0.88509
0.88629
0.87939
0.86789
0.86614
0.86356
0.86498
0.86712
0.86674
0.86712
0.86342
0.86752
0.86485
0.86794
0.86738
0.86424
0.86509
0.86766
0.86626
0.86705
0.86316
0.86248
0.88801
0.87336
0.86477
0.86274
0.86545
0.86302
0.86573
0.86539
0.86485
0.86373
0.86575
0.863
0.8641
0.86678
0.8634
0.86448
0.86389
0.86276
0.88826
0.88854
0.88868
0.86771
0.86687
0.86523
0.86574
0.86562
0.86544
0.86551
0.86708
0.86631
0.86469
0.86385
0.8637
0.86762
0.86702
0.8643
0.86514
0.86278
0.86273
0.87046
0.86255
0.86285
0.863
0.89003
0.88815
0.86727
0.88881
0.8666
0.86561
0.86765
0.86513
0.86598
0.86336
0.8671
0.86292
0.86308
0.86303
0.86526
0.86278
0.86634
0.88684
0.88586
0.88581
0.86603
0.86716
0.86373
0.86484
0.86817
0.88799
0.86323
0.86709
0.86487
0.86457
0.86448
0.86262
0.8648
0.8659
0.88788
0.8876
0.88745
0.86808
0.88707
0.89239
0.86408
0.88571
0.86748
0.86417
0.86704
0.86657
0.86698
0.86283
0.86553
0.86248
0.86303
0.88535
0.86732
0.88606
0.88884
0.86598
0.86259
0.86282
0.86667
0.86369
0.86342
0.86502
0.86285
0.86365
0.86438
0.8626
0.86493
0.86253
0.88776
0.86479
0.89539
0.88988
0.88635
0.888
0.88713
0.86299
0.86594
0.8651
0.86515
0.86716
0.86633
0.88758
0.86448
0.86614
0.86505
0.86597
0.86353
0.86244
0.86254
0.86618
0.86552
0.88725
0.88679
0.88537
0.86734
0.88608
0.86522
0.86631
0.86457
0.8641
0.88644
0.8683
0.86401
0.86274
0.86375
0.86322
0.86498
0.86295
0.86255
0.88808
0.88545
0.88946
0.88989
0.86662
0.88635
0.86523
0.86838
0.88647
0.86532
0.86408
0.86421
0.86374
0.86439
0.86512
0.86512
0.8635
0.86465
0.886
0.86482
0.86678
0.86339
0.86312
0.8643
0.86275
0.88763
0.88755
0.88662
0.86537
0.8859
0.88649
0.86578
0.86778
0.86679
0.86542
0.86494
0.86763
0.86814
0.86487
0.88651
0.88771
0.88611
0.86507
0.88582
0.86279
0.86316
0.8629
0.88544
0.88779
0.88838
0.88983
0.88611
0.8898
0.88616
0.88796
0.86554
0.86624
0.88587
0.87374
0.86503
0.86778
0.86511
0.86762
0.88701
0.86424
0.86553
0.86518
0.86452
0.86285
0.86427
0.86309
0.86299
0.86409
0.88886
0.88842
0.88849
0.86645
0.8655
0.88558
0.8647
0.86486
0.86538
0.86552
0.86401
0.86793
0.8631
0.86356
0.86453
0.88763
0.86486
0.86619
0.86772
0.86536
0.88727
0.86464
0.88863
0.87332
0.86384
0.86319
0.865
0.86496
0.8641
0.88008
0.86567
0.86806
0.86467
0.86392
0.86516
0.88724
0.8651
0.86601
0.8863
0.88761
0.86858
0.86536
0.86448
0.88591
0.86449
0.86539
0.86793
0.86514
0.86745
0.86397
0.86511
0.86556
0.86524
0.86293
0.8638
0.88762
0.86588
0.88698
0.88706
0.86436
0.86604
0.86358
0.86484
0.86546
0.86579
0.8684
0.8652
0.86296
0.86724
0.86701
0.865
0.8685
0.86767
0.86324
0.86468
0.86677
0.88521
0.88649
0.86411
0.86442
0.86532
0.86552
0.86488
0.86337
0.86629
0.86838
0.86653
0.86398
0.86487
0.86671
0.86649
0.88752
0.86339
0.86549
0.86471
0.86597
0.86491
0.86518
0.86369
0.86315
0.86656
0.86604
0.86618
0.86501
0.86337
0.88632
0.86579
0.86493
0.86475
0.86603
0.864
0.86589
0.86476
0.86406
0.88761
0.8644
0.88757
0.86438
0.86534
0.86653
0.8725
0.86605
0.86346
0.86361
0.86356
0.86374
0.86695
0.89135
0.86372
0.86489
0.86351
0.86672
0.86327
0.88604
0.86444
0.86369
0.86774
0.88717
0.88538
0.8681
0.86526
0.86439
0.86431
0.86663
0.86655
0.86357
0.86561
0.01619
0.86661
0.04673
0.09425
0.03128
